4.668869999999999965e-01 2.390730000000000077e-01 -6.622000000000016762e-03 0.000000000000000000e+00 -4.999999999866222566e-07 0.000000000000000000e+00 0.000000000000000000e+00
4.602649999999999797e-01 2.390730000000000077e-01 -6.622500000000003384e-03 0.000000000000000000e+00 -2.499999999933111283e-07 0.000000000000000000e+00 0.000000000000000000e+00
4.536419999999999897e-01 2.390730000000000077e-01 -6.622500000000003384e-03 0.000000000000000000e+00 -1.655499999999990313e-03 0.000000000000000000e+00 0.000000000000000000e+00
4.470199999999999729e-01 2.390730000000000077e-01 -9.933499999999984009e-03 0.000000000000000000e+00 -3.311249999999987814e-03 0.000000000000000000e+00 0.000000000000000000e+00
4.337750000000000217e-01 2.390730000000000077e-01 -1.324499999999997901e-02 0.000000000000000000e+00 -1.655750000000011379e-03 -3.311250000000001692e-03 1.887504718761804057e+01
4.205300000000000149e-01 2.390730000000000077e-01 -1.324500000000000677e-02 -6.622500000000003384e-03 1.655499999999990313e-03 -6.622500000000003384e-03 3.038798486061717341e+01
4.072850000000000081e-01 2.258280000000000010e-01 -9.933999999999998387e-03 -1.324500000000000677e-02 3.311250000000001692e-03 -3.311250000000001692e-03 1.691176501822895872e+01
4.006620000000000181e-01 2.125829999999999942e-01 -6.622500000000003384e-03 -1.324500000000000677e-02 1.655749999999997502e-03 6.938893903907228378e-18 6.753452022813556610e+00
3.940400000000000014e-01 1.993379999999999874e-01 -6.622500000000003384e-03 -1.324499999999999289e-02 1.655500000000004190e-03 6.938893903907228378e-18 6.752432325996017504e+00
3.874170000000000114e-01 1.860930000000000084e-01 -3.311499999999995003e-03 -1.324499999999999289e-02 4.966999999999999194e-03 1.655499999999997252e-03 2.369755135102008836e+01
3.874170000000000114e-01 1.728480000000000016e-01 3.311499999999995003e-03 -9.933999999999998387e-03 4.966999999999999194e-03 1.655499999999997252e-03 4.774834899021409740e+01
3.940400000000000014e-01 1.662250000000000116e-01 6.622500000000003384e-03 -9.933999999999998387e-03 3.311000000000008381e-03 -1.655500000000004190e-03 1.288498447198228192e+01
4.006620000000000181e-01 1.529800000000000049e-01 9.933500000000011765e-03 -1.324500000000000677e-02 3.311249999999987814e-03 1.655749999999997502e-03 1.328857680034841948e+01
4.139070000000000249e-01 1.397349999999999981e-01 1.324499999999997901e-02 -6.622500000000003384e-03 2.499999999933111283e-07 6.622500000000003384e-03 2.701227854602804612e+01
4.271519999999999762e-01 1.397349999999999981e-01 9.933999999999998387e-03 0.000000000000000000e+00 -3.311249999999987814e-03 3.311250000000001692e-03 3.355395053700308239e+01
4.337750000000000217e-01 1.397349999999999981e-01 6.622500000000003384e-03 0.000000000000000000e+00 -1.655750000000011379e-03 1.655749999999997502e-03 3.775294451448651500e+01
4.403969999999999829e-01 1.397349999999999981e-01 6.622499999999975628e-03 3.311499999999995003e-03 0.000000000000000000e+00 3.311250000000001692e-03 5.402109012288029533e+01
4.470199999999999729e-01 1.463579999999999881e-01 6.622500000000003384e-03 6.622500000000003384e-03 1.387778780781445676e-17 1.655500000000004190e-03 1.334566618518490522e+01
4.536419999999999897e-01 1.529800000000000049e-01 6.622500000000003384e-03 6.622500000000003384e-03 -1.655500000000004190e-03 0.000000000000000000e+00 1.334566618518501713e+01
4.602649999999999797e-01 1.596029999999999949e-01 3.311499999999995003e-03 6.622500000000003384e-03 -1.655749999999997502e-03 0.000000000000000000e+00 2.701258436269032259e+01
4.602649999999999797e-01 1.662250000000000116e-01 3.311000000000008381e-03 6.622500000000003384e-03 -2.499999999933111283e-07 -6.938893903907228378e-18 4.078972039667916674e-03
4.668869999999999965e-01 1.728480000000000016e-01 3.311000000000008381e-03 6.622499999999989506e-03 2.499999999933111283e-07 -3.311250000000001692e-03 -2.701503181981838964e+01
4.668869999999999965e-01 1.794699999999999906e-01 3.311499999999995003e-03 0.000000000000000000e+00 1.655749999999997502e-03 -6.622499999999989506e-03 -6.039103158756449830e+02
4.735099999999999865e-01 1.728480000000000016e-01 6.622500000000003384e-03 -6.622499999999989506e-03 1.655500000000004190e-03 -3.311250000000001692e-03 -1.334768153797651635e+01
4.801320000000000032e-01 1.662250000000000116e-01 6.622500000000003384e-03 -6.622500000000003384e-03 0.000000000000000000e+00 1.655749999999990563e-03 1.334768153797638846e+01
4.867549999999999932e-01 1.596029999999999949e-01 6.622500000000003384e-03 -3.311000000000008381e-03 1.655750000000011379e-03 1.655500000000004190e-03 4.051744893768704969e+01
4.933770000000000100e-01 1.596029999999999949e-01 9.934000000000026143e-03 -3.311499999999995003e-03 1.655749999999983624e-03 -2.499999999933111283e-07 4.773176642616502541e+00
5.066230000000000455e-01 1.529800000000000049e-01 9.933999999999970631e-03 -3.311499999999995003e-03 -2.500000000210667039e-07 1.655749999999997502e-03 1.432457676676879466e+01
5.132449999999999513e-01 1.529800000000000049e-01 9.933499999999984009e-03 0.000000000000000000e+00 1.387778780781445676e-17 3.311499999999995003e-03 3.355986206445719233e+01
5.264900000000000135e-01 1.529800000000000049e-01 9.933999999999998387e-03 3.311499999999995003e-03 -3.311000000000008381e-03 3.311250000000001692e-03 3.819766978084083320e+01
5.331129999999999480e-01 1.596029999999999949e-01 3.311499999999967248e-03 6.622500000000003384e-03 -4.966999999999999194e-03 1.655500000000004190e-03 9.453894693930686799e+01
5.331129999999999480e-01 1.662250000000000116e-01 0.000000000000000000e+00 6.622500000000003384e-03 -3.311499999999967248e-03 3.311249999999994753e-03 7.550588902897240473e+01
5.331129999999999480e-01 1.728480000000000016e-01 -3.311499999999967248e-03 1.324499999999999289e-02 -3.311249999999987814e-03 4.966749999999998944e-03 1.077099324013591719e+01
5.264900000000000135e-01 1.927149999999999974e-01 -6.622499999999975628e-03 1.655600000000000127e-02 -3.311000000000008381e-03 -1.655499999999997252e-03 1.160221707701410132e+01
5.198679999999999968e-01 2.059600000000000042e-01 -9.933499999999984009e-03 9.933999999999998387e-03 -3.311500000000008881e-03 -3.311000000000001442e-03 2.372742022090798741e+01
5.066230000000000455e-01 2.125829999999999942e-01 -1.324549999999999339e-02 9.933999999999998387e-03 -1.656000000000018568e-03 -2.500000000002500222e-07 3.625289478979193625e+00
4.933770000000000100e-01 2.258280000000000010e-01 -1.324550000000002115e-02 9.933499999999997887e-03 -4.966500000000012571e-03 -2.500000000002500222e-07 1.087116992290786932e+01
4.801320000000000032e-01 2.324499999999999900e-01 -2.317850000000001853e-02 9.933499999999997887e-03 -4.966499999999984816e-03 2.500000000002500222e-07 3.076102329295572702e+00
4.470199999999999729e-01 2.456949999999999967e-01 -2.317849999999999078e-02 9.933999999999998387e-03 4.966750000000019760e-03 -1.655499999999997252e-03 -6.839178790313668044e-01
4.337750000000000217e-01 2.523179999999999867e-01 -1.324499999999997901e-02 6.622500000000003384e-03 4.966749999999992005e-03 -3.311499999999995003e-03 3.377745708224354715e+00
4.205300000000000149e-01 2.589400000000000035e-01 -1.324500000000000677e-02 3.311000000000008381e-03 -1.387778780781445676e-17 -3.311250000000001692e-03 1.723456888158172262e+01
4.072850000000000081e-01 2.589400000000000035e-01 -1.324500000000000677e-02 0.000000000000000000e+00 0.000000000000000000e+00 -1.655500000000004190e-03 9.436811058996328327e+00
3.940400000000000014e-01 2.589400000000000035e-01 -1.324500000000000677e-02 0.000000000000000000e+00 1.655500000000004190e-03 0.000000000000000000e+00 -0.000000000000000000e+00
3.807949999999999946e-01 2.589400000000000035e-01 -9.933999999999998387e-03 0.000000000000000000e+00 8.278000000000007574e-03 0.000000000000000000e+00 -0.000000000000000000e+00
3.741720000000000046e-01 2.589400000000000035e-01 3.311000000000008381e-03 0.000000000000000000e+00 1.324525000000000008e-02 0.000000000000000000e+00 0.000000000000000000e+00
3.874170000000000114e-01 2.589400000000000035e-01 1.655650000000000177e-02 0.000000000000000000e+00 8.278249999999987008e-03 0.000000000000000000e+00 0.000000000000000000e+00
4.072850000000000081e-01 2.589400000000000035e-01 1.986749999999998240e-02 0.000000000000000000e+00 3.310999999999994503e-03 0.000000000000000000e+00 0.000000000000000000e+00
4.271519999999999762e-01 2.589400000000000035e-01 2.317849999999999078e-02 0.000000000000000000e+00 1.655750000000011379e-03 0.000000000000000000e+00 0.000000000000000000e+00
4.536419999999999897e-01 2.589400000000000035e-01 2.317900000000000515e-02 0.000000000000000000e+00 2.500000000071889161e-07 0.000000000000000000e+00 0.000000000000000000e+00
4.735099999999999865e-01 2.589400000000000035e-01 2.317900000000000515e-02 0.000000000000000000e+00 1.655500000000004190e-03 1.655749999999997502e-03 3.081806542096332979e+00
5.000000000000000000e-01 2.589400000000000035e-01 2.649000000000001354e-02 3.311499999999995003e-03 4.966749999999992005e-03 3.311250000000001692e-03 3.745801787976758224e+00
5.264900000000000135e-01 2.655629999999999935e-01 3.311249999999998916e-02 6.622500000000003384e-03 0.000000000000000000e+00 -2.499999999933111283e-07 -2.149839593975925642e-04
5.662249999999999783e-01 2.721850000000000103e-01 2.649000000000001354e-02 3.311000000000008381e-03 -9.933749999999991198e-03 -1.655500000000004190e-03 -5.762443981070066723e-01
5.794700000000000406e-01 2.721850000000000103e-01 1.324500000000000677e-02 3.311499999999995003e-03 -4.966750000000019760e-03 2.499999999933111283e-07 6.464417574376310149e+00
5.927149999999999919e-01 2.788080000000000003e-01 1.655649999999997402e-02 3.311499999999995003e-03 0.000000000000000000e+00 -2.499999999933111283e-07 -8.599038750703879739e-04
6.125829999999999886e-01 2.788080000000000003e-01 1.324500000000000677e-02 3.311000000000008381e-03 -4.966999999999971438e-03 -2.499999999933111283e-07 6.461336801808425179e+00
6.192050000000000054e-01 2.854300000000000170e-01 6.622500000000031140e-03 3.311000000000008381e-03 -1.655500000000004190e-03 -3.311000000000008381e-03 -4.051744893768675126e+01
6.258280000000000509e-01 2.854300000000000170e-01 9.933999999999998387e-03 -3.311000000000008381e-03 1.655499999999976435e-03 -4.966750000000005882e-03 -3.819940010041386103e+01
6.390730000000000022e-01 2.788080000000000003e-01 9.933499999999984009e-03 -6.622500000000003384e-03 -1.655750000000011379e-03 -1.655749999999997502e-03 -1.610949548575202428e+01
6.456950000000000189e-01 2.721850000000000103e-01 6.622499999999975628e-03 -6.622500000000003384e-03 -1.655500000000004190e-03 -1.655500000000004190e-03 -2.669133237037014794e+01
6.523179999999999534e-01 2.655629999999999935e-01 6.622499999999975628e-03 -9.933500000000011765e-03 -1.655749999999983624e-03 -1.655749999999997502e-03 -1.610949548575186085e+01
6.589399999999999702e-01 2.523179999999999867e-01 3.311000000000008381e-03 -9.933999999999998387e-03 -3.311249999999987814e-03 -2.499999999933111283e-07 -2.865045131404064094e+01
6.589399999999999702e-01 2.456949999999999967e-01 0.000000000000000000e+00 -9.933999999999998387e-03 -1.655500000000004190e-03 -1.655499999999997252e-03 -1.677570860370213879e+01
6.589399999999999702e-01 2.324499999999999900e-01 0.000000000000000000e+00 -1.324499999999999289e-02 -1.655500000000004190e-03 1.655750000000004440e-03 -9.436811058996349644e+00
6.589399999999999702e-01 2.192050000000000110e-01 -3.311000000000008381e-03 -6.622499999999989506e-03 -6.622500000000003384e-03 4.966999999999992255e-03 -1.485694182728809665e+02
6.523179999999999534e-01 2.192050000000000110e-01 -1.324500000000000677e-02 -3.311000000000008381e-03 -6.622749999999982817e-03 1.655749999999990563e-03 -1.723489416032207799e+01
6.324499999999999567e-01 2.125829999999999942e-01 -1.655649999999997402e-02 -3.311000000000008381e-03 1.655750000000011379e-03 3.311000000000008381e-03 -1.024982002059348751e+01
6.192050000000000054e-01 2.125829999999999942e-01 -9.933499999999984009e-03 3.311000000000008381e-03 6.622749999999982817e-03 4.966750000000005882e-03 -6.207840561943827140e+01
6.125829999999999886e-01 2.192050000000000110e-01 -3.311000000000008381e-03 6.622500000000003384e-03 4.966749999999992005e-03 3.311499999999995003e-03 -1.080499296951918922e+02
6.125829999999999886e-01 2.258280000000000010e-01 0.000000000000000000e+00 9.933999999999998387e-03 4.966750000000019760e-03 0.000000000000000000e+00 -5.032965914070535973e+01
6.125829999999999886e-01 2.390730000000000077e-01 6.622500000000031140e-03 6.622500000000003384e-03 9.933749999999991198e-03 -3.311500000000001942e-03 -1.067754062454366561e+02
6.258280000000000509e-01 2.390730000000000077e-01 1.986749999999998240e-02 3.310999999999994503e-03 9.933749999999935687e-03 -2.500000000071889161e-07 -4.025892219863800747e+00
6.523179999999999534e-01 2.456949999999999967e-01 2.648999999999990251e-02 6.621999999999989006e-03 6.622499999999920117e-03 3.310999999999994503e-03 2.154158458547295485e+00
