4.337750000000000217e-01 3.847679999999999989e-01 -6.623000000000045517e-03 0.000000000000000000e+00 5.000000000421334079e-07 3.311499999999995003e-03 -7.549448890230897291e+01
4.271519999999999762e-01 3.847679999999999989e-01 -6.622500000000003384e-03 3.311499999999995003e-03 2.500000000349444917e-07 1.655749999999997502e-03 -2.701462381790862821e+01
4.205300000000000149e-01 3.913909999999999889e-01 -6.622499999999975628e-03 3.311499999999995003e-03 -1.655749999999997502e-03 -1.655749999999997502e-03 4.051989627164476815e+01
4.139070000000000249e-01 3.913909999999999889e-01 -9.933999999999998387e-03 0.000000000000000000e+00 -3.311250000000015570e-03 -4.966999999999999194e-03 5.033219247030401533e+01
4.006620000000000181e-01 3.913909999999999889e-01 -1.324500000000000677e-02 -6.622500000000003384e-03 -1.655500000000004190e-03 -6.622500000000003384e-03 2.363555253462117633e+01
3.874170000000000114e-01 3.781459999999999821e-01 -1.324500000000000677e-02 -1.324500000000000677e-02 1.655749999999997502e-03 -3.311249999999987814e-03 1.001025731528444851e+01
3.741720000000000046e-01 3.649009999999999754e-01 -9.933500000000011765e-03 -1.324499999999997901e-02 1.655749999999997502e-03 -3.311249999999987814e-03 1.208054095329237398e+01
3.675499999999999878e-01 3.516560000000000241e-01 -9.933500000000011765e-03 -1.986749999999998240e-02 1.655500000000004190e-03 -9.934000000000012265e-03 1.200518520329215200e+01
3.543049999999999811e-01 3.251660000000000106e-01 -6.622500000000003384e-03 -3.311300000000000354e-02 6.622250000000010073e-03 -4.967000000000013071e-03 6.548771097763754767e+00
3.543049999999999811e-01 2.854300000000000170e-01 3.311000000000008381e-03 -2.980150000000000854e-02 8.278000000000007574e-03 6.622749999999996695e-03 9.964137739875958744e+00
3.609269999999999978e-01 2.655629999999999935e-01 9.933500000000011765e-03 -1.986750000000001015e-02 8.278250000000000886e-03 6.622500000000003384e-03 2.100954620472959178e+01
3.741720000000000046e-01 2.456949999999999967e-01 1.986750000000001015e-02 -1.655650000000000177e-02 4.966999999999999194e-03 6.622500000000003384e-03 1.236079917717414034e+01
4.006620000000000181e-01 2.324499999999999900e-01 1.986750000000001015e-02 -6.622500000000003384e-03 -3.311250000000015570e-03 8.278250000000000886e-03 1.551918680251775484e+01
4.139070000000000249e-01 2.324499999999999900e-01 1.324499999999997901e-02 0.000000000000000000e+00 -4.966750000000005882e-03 4.967000000000006132e-03 2.831328331623975103e+01
4.271519999999999762e-01 2.324499999999999900e-01 9.933999999999998387e-03 3.311500000000008881e-03 -3.311249999999987814e-03 4.966999999999999194e-03 5.252368859490068331e+01
4.337750000000000217e-01 2.390730000000000077e-01 6.622500000000003384e-03 9.933999999999998387e-03 -1.655750000000011379e-03 1.655499999999990313e-03 1.610732511667109890e+01
4.403969999999999829e-01 2.523179999999999867e-01 6.622499999999975628e-03 6.622499999999989506e-03 0.000000000000000000e+00 -3.311499999999995003e-03 -2.669536307595303626e+01
4.470199999999999729e-01 2.523179999999999867e-01 6.622500000000003384e-03 3.311000000000008381e-03 -1.655749999999983624e-03 6.938893903907228378e-18 1.350649608990840456e+01
4.536419999999999897e-01 2.589400000000000035e-01 3.311000000000008381e-03 6.622500000000003384e-03 -1.655500000000004190e-03 2.499999999933111283e-07 2.701299217981680911e+01
4.536419999999999897e-01 2.655629999999999935e-01 3.311499999999995003e-03 3.311499999999995003e-03 1.655749999999997502e-03 -4.966999999999999194e-03 -2.135225999861170862e+02
4.602649999999999797e-01 2.655629999999999935e-01 6.622500000000003384e-03 -3.311499999999995003e-03 1.655500000000004190e-03 -4.966999999999999194e-03 -6.752840203183411916e+01
4.668869999999999965e-01 2.589400000000000035e-01 6.622500000000003384e-03 -6.622500000000003384e-03 1.655749999999997502e-03 -3.311000000000001442e-03 -1.334365083239353744e+01
4.735099999999999865e-01 2.523179999999999867e-01 9.933999999999998387e-03 -9.933499999999997887e-03 3.311250000000001692e-03 -1.655749999999997502e-03 5.930959320333924367e+00
4.867549999999999932e-01 2.390730000000000077e-01 1.324500000000000677e-02 -9.933999999999998387e-03 1.655499999999990313e-03 1.655499999999997252e-03 8.455244088388955248e+00
5.000000000000000000e-01 2.324499999999999900e-01 1.324499999999997901e-02 -6.622500000000003384e-03 3.311249999999987814e-03 4.966999999999999194e-03 2.701227854602803191e+01
5.132449999999999513e-01 2.258280000000000010e-01 1.986749999999998240e-02 0.000000000000000000e+00 1.655750000000025257e-03 8.278000000000000635e-03 2.097195797076993173e+01
5.397349999999999648e-01 2.324499999999999900e-01 1.655650000000002953e-02 9.933499999999997887e-03 -8.277999999999979819e-03 8.278250000000000886e-03 3.046600449599121418e+01
5.463580000000000103e-01 2.456949999999999967e-01 3.311500000000022759e-03 1.655650000000000177e-02 -9.934000000000026143e-03 4.967000000000006132e-03 3.758626079778976248e+01
5.463580000000000103e-01 2.655629999999999935e-01 -3.311500000000022759e-03 1.986750000000001015e-02 -1.324525000000001396e-02 6.622500000000003384e-03 2.952102458008061348e+01
5.397349999999999648e-01 2.854300000000000170e-01 -2.317900000000000515e-02 2.980150000000000854e-02 -1.490049999999998320e-02 3.311499999999995003e-03 6.825239099470010729e+00
5.000000000000000000e-01 3.251660000000000106e-01 -3.311249999999998916e-02 2.649050000000000016e-02 -3.311250000000001692e-03 -8.278250000000000886e-03 4.745189435795213129e+00
4.735099999999999865e-01 3.384110000000000174e-01 -2.980150000000000854e-02 1.324500000000000677e-02 0.000000000000000000e+00 -6.622750000000010573e-03 5.690282698626634605e+00
4.403969999999999829e-01 3.516560000000000241e-01 -3.311249999999998916e-02 1.324499999999997901e-02 -9.933499999999997887e-03 1.655499999999990313e-03 1.692091208487847664e+00
4.072850000000000081e-01 3.649009999999999754e-01 -4.966850000000000431e-02 1.655599999999998739e-02 -6.622500000000003384e-03 1.387778780781445676e-17 7.640104999754058213e-01
3.410599999999999743e-01 3.847679999999999989e-01 -4.635749999999999593e-02 1.324500000000000677e-02 1.490050000000001096e-02 -6.622249999999996195e-03 9.782838597012935011e-01
3.145700000000000163e-01 3.913909999999999889e-01 -1.986749999999998240e-02 3.311499999999995003e-03 1.655599999999998739e-02 -4.966999999999999194e-03 5.367284032811041605e+00
3.013250000000000095e-01 3.913909999999999889e-01 -1.324550000000002115e-02 3.311000000000008381e-03 8.277999999999993697e-03 -2.499999999933111283e-07 -1.076818057455790623e+01
2.880789999999999740e-01 3.980130000000000057e-01 -3.311499999999995003e-03 3.311000000000008381e-03 2.152350000000001484e-02 -1.655500000000004190e-03 -6.406000322140110939e+02
2.947020000000000195e-01 3.980130000000000057e-01 2.980150000000000854e-02 0.000000000000000000e+00 2.317899999999999128e-02 -1.655500000000004190e-03 -1.864030169259046410e+00
3.476819999999999911e-01 3.980130000000000057e-01 4.304649999999998755e-02 0.000000000000000000e+00 3.311250000000001692e-03 0.000000000000000000e+00 0.000000000000000000e+00
3.807949999999999946e-01 3.980130000000000057e-01 3.642400000000001192e-02 0.000000000000000000e+00 -3.311499999999995003e-03 0.000000000000000000e+00 0.000000000000000000e+00
4.205300000000000149e-01 3.980130000000000057e-01 3.642349999999999755e-02 0.000000000000000000e+00 6.622499999999989506e-03 0.000000000000000000e+00 0.000000000000000000e+00
4.536419999999999897e-01 3.980130000000000057e-01 4.966899999999999094e-02 0.000000000000000000e+00 4.967250000000006382e-03 1.655749999999997502e-03 6.711567016906255789e-01
5.198679999999999968e-01 3.980130000000000057e-01 4.635800000000001031e-02 3.311499999999995003e-03 -1.158949999999998870e-02 1.655749999999997502e-03 1.146887924925308999e+00
5.463580000000000103e-01 4.046359999999999957e-01 2.649000000000001354e-02 3.311499999999995003e-03 -8.278499999999994197e-03 -1.655749999999997502e-03 -8.644258325825765477e-01
5.728480000000000238e-01 4.046359999999999957e-01 2.980100000000002192e-02 0.000000000000000000e+00 -1.655750000000011379e-03 -3.311499999999995003e-03 -3.728748437980651698e+00
6.059600000000000541e-01 4.046359999999999957e-01 2.317849999999999078e-02 -3.311499999999995003e-03 -6.622250000000023951e-03 -4.966999999999999194e-03 -1.067782277481082609e+01
6.192050000000000054e-01 3.980130000000000057e-01 1.655649999999997402e-02 -9.933999999999998387e-03 -4.966749999999992005e-03 -3.311000000000008381e-03 -1.447025906815250273e+01
6.390730000000000022e-01 3.847679999999999989e-01 1.324500000000000677e-02 -9.933500000000011765e-03 -4.966999999999999194e-03 2.499999999933111283e-07 -1.087159302311411047e+01
6.456950000000000189e-01 3.781459999999999821e-01 6.622499999999975628e-03 -9.933500000000011765e-03 -3.311250000000015570e-03 -6.622749999999982817e-03 -4.510434960997967835e+01
6.523179999999999534e-01 3.649009999999999754e-01 6.622499999999975628e-03 -2.317899999999997740e-02 2.775557561562891351e-17 -8.278249999999987008e-03 -3.913432023536571602e+00
6.589399999999999702e-01 3.317880000000000273e-01 6.622500000000031140e-03 -2.648999999999998578e-02 -3.311249999999987814e-03 3.311249999999987814e-03 -3.231438612168832325e+00
6.655630000000000157e-01 3.119210000000000038e-01 0.000000000000000000e+00 -1.655650000000000177e-02 -8.278250000000014763e-03 8.277999999999993697e-03 -3.019961948479453895e+01
6.589399999999999702e-01 2.986750000000000238e-01 -9.933999999999998387e-03 -9.933999999999998387e-03 -1.158924999999999539e-02 4.966999999999999194e-03 -5.931556490078213528e+01
6.456950000000000189e-01 2.920530000000000070e-01 -2.317849999999999078e-02 -6.622500000000003384e-03 -6.622249999999996195e-03 6.622500000000003384e-03 -1.408874909433939671e+01
6.125829999999999886e-01 2.854300000000000170e-01 -2.317849999999999078e-02 3.311000000000008381e-03 4.966749999999992005e-03 1.324525000000000008e-02 -2.519949795747378474e+01
5.993380000000000374e-01 2.986750000000000238e-01 -1.324500000000000677e-02 1.986799999999999677e-02 8.277999999999979819e-03 8.278499999999994197e-03 -2.013403476135878023e+01
5.860929999999999751e-01 3.251660000000000106e-01 -6.622500000000031140e-03 1.986799999999999677e-02 1.490050000000001096e-02 -1.656000000000004690e-03 -3.103599425877734319e+01
5.860929999999999751e-01 3.384110000000000174e-01 1.655600000000001515e-02 1.655599999999998739e-02 1.655625000000002234e-02 -4.967250000000006382e-03 -2.776240373711670628e+01
6.192050000000000054e-01 3.582779999999999854e-01 2.649000000000001354e-02 9.933499999999984009e-03 1.655999999999990813e-03 -8.277999999999993697e-03 -1.041037180935288831e+01
6.390730000000000022e-01 3.582779999999999854e-01 1.986799999999999677e-02 0.000000000000000000e+00 -6.622000000000016762e-03 -9.933499999999984009e-03 -2.516482957035253776e+01
