4.006620000000000181e-01 3.913909999999999889e-01 -1.324500000000000677e-02 0.000000000000000000e+00 -9.933500000000011765e-03 -6.622500000000003384e-03 3.775009437523591771e+01
3.874170000000000114e-01 3.913909999999999889e-01 -2.317850000000001853e-02 -6.622500000000003384e-03 -6.622500000000003384e-03 -6.622500000000003384e-03 7.827095962547337749e+00
3.543049999999999811e-01 3.781459999999999821e-01 -2.649000000000001354e-02 -1.324500000000000677e-02 -2.499999999794333405e-07 -1.158949999999998870e-02 1.181764880520838723e+01
3.344369999999999843e-01 3.649009999999999754e-01 -2.317899999999997740e-02 -2.980149999999998078e-02 6.622500000000017262e-03 -1.655649999999998789e-02 1.079854952355616682e+01
3.079470000000000263e-01 3.185430000000000206e-01 -1.324499999999997901e-02 -4.635799999999998255e-02 1.324524999999998620e-02 -1.655500000000018068e-03 5.674538481926417965e+00
3.079470000000000263e-01 2.721850000000000103e-01 3.311499999999995003e-03 -3.311250000000001692e-02 1.158949999999998870e-02 1.490099999999999064e-02 1.175252600606227738e+01
3.145700000000000163e-01 2.523179999999999867e-01 9.933999999999998387e-03 -1.655600000000000127e-02 8.277999999999993697e-03 8.278000000000014513e-03 3.046624126914269937e+01
3.278150000000000230e-01 2.390730000000000077e-01 1.986749999999998240e-02 -1.655649999999998789e-02 8.277999999999993697e-03 4.966749999999998944e-03 1.362821880896356497e+01
3.543049999999999811e-01 2.192050000000000110e-01 2.648999999999998578e-02 -6.622500000000003384e-03 1.387778780781445676e-17 1.324524999999999314e-02 1.723466456386741186e+01
3.807949999999999946e-01 2.258280000000000010e-01 1.986750000000001015e-02 9.933999999999998387e-03 -4.966999999999985316e-03 1.158925000000000233e-02 2.551072966513842388e+01
3.940400000000000014e-01 2.390730000000000077e-01 1.655600000000001515e-02 1.655600000000000127e-02 -1.655750000000011379e-03 1.655499999999997252e-03 4.271064621206019041e+00
4.139070000000000249e-01 2.589400000000000035e-01 1.655599999999998739e-02 1.324499999999999289e-02 -3.311000000000008381e-03 -9.933500000000004826e-03 -1.265391758462098792e+01
4.271519999999999762e-01 2.655629999999999935e-01 9.933999999999998387e-03 -3.311000000000008381e-03 -4.966749999999992005e-03 -1.324499999999999289e-02 -1.289219841722616593e+02
4.337750000000000217e-01 2.523179999999999867e-01 6.622500000000003384e-03 -1.324499999999999289e-02 6.622249999999996195e-03 -6.622749999999989756e-03 1.350435480358322948e+01
4.403969999999999829e-01 2.390730000000000077e-01 2.317849999999999078e-02 -1.655649999999998789e-02 1.324525000000001396e-02 -1.655750000000004440e-03 7.828147051286324043e+00
4.801320000000000032e-01 2.192050000000000110e-01 3.311300000000003130e-02 -1.655650000000000177e-02 3.311499999999995003e-03 4.966999999999992255e-03 4.321915619946397946e+00
5.066230000000000455e-01 2.059600000000000042e-01 2.980149999999998078e-02 -6.622500000000003384e-03 -6.622750000000024451e-03 1.655650000000000177e-02 1.580020341846055487e+01
5.397349999999999648e-01 2.059600000000000042e-01 1.986749999999998240e-02 1.655650000000000177e-02 -1.655624999999999458e-02 1.821199999999999902e-02 3.676526743457229429e+01
5.463580000000000103e-01 2.390730000000000077e-01 -3.311000000000008381e-03 2.980149999999999466e-02 -2.483449999999999547e-02 9.933749999999998137e-03 2.623282084235414757e+01
5.331129999999999480e-01 2.655629999999999935e-01 -2.980150000000000854e-02 3.642399999999999805e-02 -2.649024999999997909e-02 6.622500000000010323e-03 7.363380418461935584e+00
4.867549999999999932e-01 3.119210000000000038e-01 -5.629149999999996656e-02 4.304650000000001531e-02 -9.933749999999991198e-03 -4.967000000000006132e-03 1.987328641633973492e+00
4.205300000000000149e-01 3.516560000000000241e-01 -4.966899999999999094e-02 2.648999999999998578e-02 3.311249999999973936e-03 -1.324525000000001396e-02 3.196476259153334887e+00
3.874170000000000114e-01 3.649009999999999754e-01 -4.966900000000001869e-02 1.655599999999998739e-02 -3.311250000000001692e-03 -6.622499999999989506e-03 2.674010215973721571e+00
3.211919999999999775e-01 3.847679999999999989e-01 -5.629149999999999432e-02 1.324500000000000677e-02 1.158950000000001646e-02 -4.966749999999992005e-03 6.519660259457056295e-01
2.748340000000000227e-01 3.913909999999999889e-01 -2.648999999999998578e-02 6.622500000000003384e-03 2.980149999999999466e-02 -3.311250000000001692e-03 -5.385812345023144765e+00
2.682120000000000060e-01 3.980130000000000057e-01 3.311499999999995003e-03 6.622500000000003384e-03 3.145699999999998497e-02 -1.655500000000004190e-03 -5.267076679223457631e+02
2.814570000000000127e-01 4.046359999999999957e-01 3.642399999999998417e-02 3.311499999999995003e-03 3.476799999999999335e-02 -3.311250000000001692e-03 -4.818521960404860138e+00
3.410599999999999743e-01 4.046359999999999957e-01 7.284749999999998171e-02 0.000000000000000000e+00 1.158925000000000927e-02 -2.499999999933111283e-07 -4.710973967937495292e-05
4.271519999999999762e-01 4.046359999999999957e-01 5.960250000000000270e-02 3.311000000000008381e-03 -1.158924999999998151e-02 1.655500000000004190e-03 6.442570813056003320e-01
4.602649999999999797e-01 4.112580000000000124e-01 4.966900000000001869e-02 3.311000000000008381e-03 -3.311250000000001692e-03 -1.655500000000004190e-03 -5.777266009235522137e-01
5.264900000000000135e-01 4.112580000000000124e-01 5.297999999999999932e-02 0.000000000000000000e+00 -9.933750000000018954e-03 -1.655500000000004190e-03 -5.898006911872711866e-01
5.662249999999999783e-01 4.112580000000000124e-01 2.980149999999998078e-02 0.000000000000000000e+00 -1.324499999999999289e-02 -3.311250000000001692e-03 -3.728341829029910404e+00
5.860929999999999751e-01 4.112580000000000124e-01 2.649000000000001354e-02 -6.622500000000003384e-03 -2.499999999794333405e-07 -8.278000000000007574e-03 -1.077138071582110435e+01
6.192050000000000054e-01 3.980130000000000057e-01 2.980100000000002192e-02 -1.655600000000001515e-02 -3.311250000000015570e-03 -4.966750000000005882e-03 -5.119429237093971352e+00
6.456950000000000189e-01 3.781459999999999821e-01 1.986749999999998240e-02 -1.655600000000001515e-02 -8.278000000000007574e-03 -3.311499999999981125e-03 -1.172721372130752115e+01
6.589399999999999702e-01 3.649009999999999754e-01 1.324500000000000677e-02 -2.317899999999997740e-02 -9.933749999999991198e-03 -4.966999999999985316e-03 -1.555955730726603825e+01
6.721850000000000325e-01 3.317880000000000273e-01 0.000000000000000000e+00 -2.648999999999998578e-02 -1.324500000000000677e-02 4.966999999999985316e-03 -1.887504718761800149e+01
6.589399999999999702e-01 3.119210000000000038e-01 -1.324500000000000677e-02 -1.324500000000000677e-02 -1.324499999999997901e-02 1.324499999999999289e-02 -5.338669544632284669e+01
6.456950000000000189e-01 3.052980000000000138e-01 -2.648999999999995802e-02 0.000000000000000000e+00 -6.622500000000003384e-03 1.324500000000000677e-02 -1.887504718761804057e+01
6.059600000000000541e-01 3.119210000000000038e-01 -2.649000000000001354e-02 1.324500000000000677e-02 1.324499999999997901e-02 9.933750000000005076e-03 -1.688235543601197719e+01
5.927149999999999919e-01 3.317880000000000273e-01 0.000000000000000000e+00 1.986750000000001015e-02 2.152325000000002153e-02 -1.387778780781445676e-17 -5.452823077970198540e+01
6.059600000000000541e-01 3.516560000000000241e-01 1.655650000000002953e-02 1.324499999999997901e-02 9.933999999999998387e-03 -6.622750000000024451e-03 -2.530808723838705276e+01
6.258280000000000509e-01 3.582779999999999854e-01 1.986799999999999677e-02 6.621999999999961251e-03 3.311499999999967248e-03 -6.623000000000017762e-03 -1.671336414677990234e+01
