4.139070000000000249e-01 3.450329999999999786e-01 -6.622000000000016762e-03 0.000000000000000000e+00 -4.999999999866222566e-07 0.000000000000000000e+00 0.000000000000000000e+00
4.072850000000000081e-01 3.450329999999999786e-01 -6.622500000000003384e-03 0.000000000000000000e+00 -2.499999999933111283e-07 0.000000000000000000e+00 0.000000000000000000e+00
4.006620000000000181e-01 3.450329999999999786e-01 -6.622500000000003384e-03 0.000000000000000000e+00 -1.655500000000004190e-03 -1.655499999999990313e-03 3.774724423598500067e+01
3.940400000000000014e-01 3.450329999999999786e-01 -9.933500000000011765e-03 -3.310999999999980625e-03 -4.966999999999999194e-03 -6.622499999999989506e-03 4.297863357466852108e+01
3.807949999999999946e-01 3.384110000000000174e-01 -1.655650000000000177e-02 -1.324499999999997901e-02 -1.655749999999997502e-03 -8.278500000000008074e-03 1.207909866168158608e+01
3.609269999999999978e-01 3.185430000000000206e-01 -1.324500000000000677e-02 -1.986799999999999677e-02 3.311499999999995003e-03 -1.655750000000011379e-03 6.443343512087031932e+00
3.543049999999999811e-01 2.986750000000000238e-01 -9.933500000000011765e-03 -1.655650000000000177e-02 1.655500000000004190e-03 1.655999999999990813e-03 1.522604428475793137e+00
3.410599999999999743e-01 2.854300000000000170e-01 -9.933999999999998387e-03 -1.655600000000001515e-02 3.311000000000008381e-03 -1.655500000000004190e-03 9.900872847928587461e+00
3.344369999999999843e-01 2.655629999999999935e-01 -3.311499999999995003e-03 -1.986750000000001015e-02 4.966999999999999194e-03 -1.655749999999990563e-03 1.274794541261259262e+01
3.344369999999999843e-01 2.456949999999999967e-01 0.000000000000000000e+00 -1.986749999999999627e-02 3.311499999999995003e-03 1.655750000000004440e-03 8.389543225441460805e+00
3.344369999999999843e-01 2.258280000000000010e-01 3.311499999999995003e-03 -1.655600000000000127e-02 4.966999999999999194e-03 4.966749999999998944e-03 2.050278869337137166e+01
3.410599999999999743e-01 2.125829999999999942e-01 9.933999999999998387e-03 -9.933999999999998387e-03 4.966750000000005882e-03 4.966749999999998944e-03 3.558844327320013434e+01
3.543049999999999811e-01 2.059600000000000042e-01 1.324500000000000677e-02 -6.622500000000003384e-03 -2.499999999933111283e-07 3.311499999999995003e-03 1.350639419721836809e+01
3.675499999999999878e-01 1.993379999999999874e-01 9.933500000000011765e-03 -3.311000000000008381e-03 0.000000000000000000e+00 3.311250000000001692e-03 2.865218199834319890e+01
3.741720000000000046e-01 1.993379999999999874e-01 1.324500000000000677e-02 0.000000000000000000e+00 1.655749999999997502e-03 3.311000000000008381e-03 1.887362211799265665e+01
3.940400000000000014e-01 1.993379999999999874e-01 1.324500000000000677e-02 3.311000000000008381e-03 -1.655749999999997502e-03 3.311250000000001692e-03 1.938888997949918647e+01
4.006620000000000181e-01 2.059600000000000042e-01 9.933500000000011765e-03 6.622500000000003384e-03 -1.655500000000004190e-03 1.655749999999997502e-03 1.610852252855769962e+01
4.139070000000000249e-01 2.125829999999999942e-01 9.933999999999998387e-03 6.622500000000003384e-03 -3.311000000000008381e-03 0.000000000000000000e+00 1.288449808096376081e+01
4.205300000000000149e-01 2.192050000000000110e-01 3.311499999999995003e-03 6.622500000000003384e-03 -3.311500000000008881e-03 -1.655500000000004190e-03 4.051989627164468999e+01
4.205300000000000149e-01 2.258280000000000010e-01 3.310999999999980625e-03 3.311499999999995003e-03 -2.500000000071889161e-07 -1.655750000000004440e-03 -5.337863266579049792e+01
4.271519999999999762e-01 2.258280000000000010e-01 3.310999999999980625e-03 3.310999999999994503e-03 -1.655499999999990313e-03 -1.655749999999997502e-03 -8.062628579932356113e-03
4.271519999999999762e-01 2.324499999999999900e-01 0.000000000000000000e+00 0.000000000000000000e+00 -1.655499999999990313e-03 -4.966749999999992005e-03 0.000000000000000000e+00
4.271519999999999762e-01 2.258280000000000010e-01 0.000000000000000000e+00 -6.622499999999989506e-03 4.966999999999999194e-03 -4.966999999999999194e-03 1.132531332649588478e+02
4.271519999999999762e-01 2.192050000000000110e-01 9.933999999999998387e-03 -9.933999999999998387e-03 6.622500000000003384e-03 -1.655500000000011129e-03 1.779511730386920476e+01
4.470199999999999729e-01 2.059600000000000042e-01 1.324500000000000677e-02 -9.933500000000011765e-03 -2.499999999933111283e-07 1.655749999999997502e-03 4.831961015671262238e+00
4.536419999999999897e-01 1.993379999999999874e-01 9.933500000000011765e-03 -6.622500000000003384e-03 0.000000000000000000e+00 3.311000000000008381e-03 1.932828117864759676e+01
4.668869999999999965e-01 1.927149999999999974e-01 1.324500000000000677e-02 -3.311499999999995003e-03 1.655749999999997502e-03 3.311250000000001692e-03 1.938869864739199045e+01
4.801320000000000032e-01 1.927149999999999974e-01 1.324500000000000677e-02 0.000000000000000000e+00 -1.655500000000004190e-03 1.655749999999997502e-03 9.438236128621628751e+00
4.933770000000000100e-01 1.927149999999999974e-01 9.933999999999998387e-03 0.000000000000000000e+00 -3.310999999999994503e-03 3.311250000000001692e-03 3.355395053700308239e+01
5.000000000000000000e-01 1.927149999999999974e-01 6.623000000000017762e-03 6.622500000000003384e-03 -3.311249999999987814e-03 6.622500000000003384e-03 8.007500484458033441e+01
5.066230000000000455e-01 2.059600000000000042e-01 3.311500000000022759e-03 1.324500000000000677e-02 -3.311500000000008881e-03 3.311249999999994753e-03 2.154426351814029772e+01
5.066230000000000455e-01 2.192050000000000110e-01 0.000000000000000000e+00 1.324499999999999289e-02 -4.967250000000020260e-03 1.655749999999990563e-03 2.831470838586510652e+01
5.066230000000000455e-01 2.324499999999999900e-01 -6.623000000000017762e-03 1.655649999999998789e-02 -6.622750000000010573e-03 1.655750000000004440e-03 1.740368560722705382e+01
4.933770000000000100e-01 2.523179999999999867e-01 -1.324550000000002115e-02 1.655650000000000177e-02 -8.277750000000000385e-03 3.311000000000015320e-03 9.777062852359158285e+00
4.801320000000000032e-01 2.655629999999999935e-01 -2.317850000000001853e-02 2.317850000000001853e-02 -4.966499999999984816e-03 3.311250000000001692e-03 1.089301116684141979e+00
4.470199999999999729e-01 2.986750000000000238e-01 -2.317849999999999078e-02 2.317900000000000515e-02 4.966750000000019760e-03 -4.966500000000012571e-03 -2.350230156598187949e-04
4.337750000000000217e-01 3.119210000000000038e-01 -1.324499999999997901e-02 1.324549999999999339e-02 3.310999999999994503e-03 -6.622749999999996695e-03 6.673714796362593127e+00
4.205300000000000149e-01 3.251660000000000106e-01 -1.655650000000000177e-02 9.933500000000011765e-03 -1.655750000000011379e-03 -3.311499999999995003e-03 9.902219147927258547e+00
4.006620000000000181e-01 3.317880000000000273e-01 -1.655650000000000177e-02 6.622500000000003384e-03 -1.655500000000004190e-03 -3.311000000000008381e-03 1.160160290770329361e+01
3.874170000000000114e-01 3.384110000000000174e-01 -1.986750000000001015e-02 3.311499999999995003e-03 -1.655500000000004190e-03 -1.655750000000011379e-03 4.696766093091876648e+00
3.609269999999999978e-01 3.384110000000000174e-01 -1.986750000000001015e-02 3.310999999999980625e-03 4.966999999999999194e-03 -2.500000000071889161e-07 -2.012084963526750148e+00
3.476819999999999911e-01 3.450329999999999786e-01 -9.933500000000011765e-03 3.310999999999980625e-03 6.622500000000003384e-03 -1.655499999999990313e-03 -4.775483822479589691e+00
3.410599999999999743e-01 3.450329999999999786e-01 -6.622500000000003384e-03 0.000000000000000000e+00 6.622250000000010073e-03 2.500000000210667039e-07 -5.700278501837218077e-03
3.344369999999999843e-01 3.450329999999999786e-01 3.311000000000008381e-03 3.311500000000022759e-03 8.278250000000000886e-03 1.655750000000011379e-03 -2.135709648013050526e+02
3.476819999999999911e-01 3.516560000000000241e-01 9.933999999999998387e-03 3.311500000000022759e-03 4.966999999999999194e-03 -2.500000000210667039e-07 -1.432746075248475570e+01
3.543049999999999811e-01 3.516560000000000241e-01 1.324500000000000677e-02 3.310999999999980625e-03 9.933500000000011765e-03 -2.500000000210667039e-07 -1.292592668574679493e+01
3.741720000000000046e-01 3.582779999999999854e-01 2.980100000000002192e-02 3.310999999999980625e-03 8.278250000000000886e-03 -1.655499999999990313e-03 -2.846849415527631599e+00
4.139070000000000249e-01 3.582779999999999854e-01 2.980150000000000854e-02 0.000000000000000000e+00 -6.622250000000023951e-03 -1.655499999999990313e-03 -1.864030169259030645e+00
4.337750000000000217e-01 3.582779999999999854e-01 1.655649999999997402e-02 0.000000000000000000e+00 -6.622750000000010573e-03 0.000000000000000000e+00 0.000000000000000000e+00
4.470199999999999729e-01 3.582779999999999854e-01 1.655599999999998739e-02 0.000000000000000000e+00 6.622500000000031140e-03 0.000000000000000000e+00 0.000000000000000000e+00
4.668869999999999965e-01 3.582779999999999854e-01 2.980150000000003629e-02 0.000000000000000000e+00 6.622750000000010573e-03 0.000000000000000000e+00 0.000000000000000000e+00
5.066230000000000455e-01 3.582779999999999854e-01 2.980150000000000854e-02 0.000000000000000000e+00 -6.622750000000038328e-03 0.000000000000000000e+00 0.000000000000000000e+00
5.264900000000000135e-01 3.582779999999999854e-01 1.655599999999995964e-02 0.000000000000000000e+00 -4.967000000000013071e-03 -1.655499999999990313e-03 -6.039741477029115124e+00
5.397349999999999648e-01 3.582779999999999854e-01 1.986749999999998240e-02 -3.310999999999980625e-03 1.655750000000039135e-03 -3.311250000000001692e-03 -7.380245197003033830e+00
5.662249999999999783e-01 3.516560000000000241e-01 1.986750000000003791e-02 -6.622500000000003384e-03 -3.311249999999987814e-03 -1.655750000000011379e-03 -5.969084393553245604e+00
5.794700000000000406e-01 3.450329999999999786e-01 1.324500000000000677e-02 -6.622500000000003384e-03 -3.311250000000015570e-03 -3.311249999999987814e-03 -2.025882652321436339e+01
5.927149999999999919e-01 3.384110000000000174e-01 1.324500000000000677e-02 -1.324499999999997901e-02 -1.655500000000004190e-03 -4.966999999999999194e-03 -1.334667386158076852e+01
6.059600000000000541e-01 3.185430000000000206e-01 9.933999999999998387e-03 -1.655650000000000177e-02 -4.966750000000019760e-03 -1.387778780781445676e-17 -1.142413691139626053e+01
6.125829999999999886e-01 3.052980000000000138e-01 3.311499999999967248e-03 -1.324500000000000677e-02 -4.966999999999999194e-03 0.000000000000000000e+00 -2.585181504323789170e+01
6.125829999999999886e-01 2.920530000000000070e-01 0.000000000000000000e+00 -1.655650000000000177e-02 -3.311499999999967248e-03 -1.655749999999997502e-03 -1.208057740753129572e+01
6.125829999999999886e-01 2.721850000000000103e-01 -3.311499999999967248e-03 -1.655650000000000177e-02 -4.966999999999999194e-03 4.966999999999999194e-03 -2.050169060743413851e+01
6.059600000000000541e-01 2.589400000000000035e-01 -9.933999999999998387e-03 -6.622500000000003384e-03 -4.966750000000019760e-03 6.622749999999996695e-03 -5.798656496173315844e+01
5.927149999999999919e-01 2.589400000000000035e-01 -1.324500000000000677e-02 -3.311000000000008381e-03 -3.311000000000008381e-03 1.655749999999997502e-03 -1.292592668574673809e+01
5.794700000000000406e-01 2.523179999999999867e-01 -1.655600000000001515e-02 -3.311000000000008381e-03 0.000000000000000000e+00 4.966750000000005882e-03 -1.708498031360079850e+01
5.596029999999999616e-01 2.523179999999999867e-01 -1.324500000000000677e-02 6.622500000000003384e-03 9.933500000000011765e-03 9.933500000000011765e-03 -6.077495002441684591e+01
5.529800000000000271e-01 2.655629999999999935e-01 3.311000000000008381e-03 1.655600000000001515e-02 1.158950000000000258e-02 4.966750000000005882e-03 -3.644959767221224922e+01
5.662249999999999783e-01 2.854300000000000170e-01 9.933999999999998387e-03 1.655600000000001515e-02 4.966999999999999194e-03 -1.655250000000010879e-03 -1.370967053924533907e+01
5.728480000000000238e-01 2.986750000000000238e-01 1.324500000000000677e-02 1.324549999999999339e-02 4.966499999999984816e-03 -1.655000000000017568e-03 -1.334428071572934726e+01
5.927149999999999919e-01 3.119210000000000038e-01 1.986699999999996802e-02 1.324599999999998001e-02 6.621999999999961251e-03 4.999999999866222566e-07 -6.442230269681414434e+00
