4.006620000000000181e-01 3.847679999999999989e-01 -6.622000000000016762e-03 0.000000000000000000e+00 -4.999999999866222566e-07 0.000000000000000000e+00 0.000000000000000000e+00
3.940400000000000014e-01 3.847679999999999989e-01 -6.622500000000003384e-03 0.000000000000000000e+00 -1.655999999999990813e-03 0.000000000000000000e+00 0.000000000000000000e+00
3.874170000000000114e-01 3.847679999999999989e-01 -9.933999999999998387e-03 0.000000000000000000e+00 -1.655500000000004190e-03 -1.655500000000004190e-03 1.677570860370213879e+01
3.741720000000000046e-01 3.847679999999999989e-01 -9.933500000000011765e-03 -3.311000000000008381e-03 2.499999999933111283e-07 -6.622500000000003384e-03 5.730508504210725818e+01
3.675499999999999878e-01 3.781459999999999821e-01 -9.933500000000011765e-03 -1.324500000000000677e-02 -1.655749999999997502e-03 -6.622749999999996695e-03 9.664104403895652950e+00
3.543049999999999811e-01 3.582779999999999854e-01 -1.324500000000000677e-02 -1.655650000000000177e-02 -1.655749999999983624e-03 -3.311249999999987814e-03 1.725225712544930845e+00
3.410599999999999743e-01 3.450329999999999786e-01 -1.324499999999997901e-02 -1.986749999999998240e-02 1.655500000000004190e-03 -3.311249999999987814e-03 5.637505783994051889e+00
3.278150000000000230e-01 3.185430000000000206e-01 -9.933999999999998387e-03 -2.317899999999997740e-02 4.966749999999978127e-03 -1.387778780781445676e-17 7.178474000702962599e+00
3.211919999999999775e-01 2.986750000000000238e-01 -3.311500000000022759e-03 -1.986750000000001015e-02 4.966999999999999194e-03 3.311499999999981125e-03 1.073487197162974205e+01
3.211919999999999775e-01 2.788080000000000003e-01 0.000000000000000000e+00 -1.655600000000001515e-02 3.311500000000022759e-03 1.655500000000004190e-03 1.208130709826761517e+01
3.211919999999999775e-01 2.655629999999999935e-01 3.311500000000022759e-03 -1.655650000000000177e-02 3.311250000000001692e-03 -2.499999999933111283e-07 1.138925483444945819e+01
3.278150000000000230e-01 2.456949999999999967e-01 6.622500000000003384e-03 -1.655650000000000177e-02 3.310999999999980625e-03 3.311500000000001942e-03 1.353576304697562271e+01
3.344369999999999843e-01 2.324499999999999900e-01 9.933499999999984009e-03 -9.933499999999997887e-03 1.655749999999997502e-03 4.967000000000006132e-03 2.372951028402508555e+01
3.476819999999999911e-01 2.258280000000000010e-01 9.933999999999998387e-03 -6.622499999999989506e-03 -1.655499999999990313e-03 1.655499999999997252e-03 3.221367715750235394e+00
3.543049999999999811e-01 2.192050000000000110e-01 6.622500000000003384e-03 -6.622500000000003384e-03 -1.655749999999997502e-03 -6.938893903907228378e-18 -1.334768153797650037e+01
3.609269999999999978e-01 2.125829999999999942e-01 6.622500000000003384e-03 -6.622500000000003384e-03 0.000000000000000000e+00 1.655500000000004190e-03 1.334566618518501713e+01
3.675499999999999878e-01 2.059600000000000042e-01 6.622500000000003384e-03 -3.311499999999995003e-03 0.000000000000000000e+00 3.311250000000001692e-03 5.402109012287997558e+01
3.741720000000000046e-01 2.059600000000000042e-01 6.622500000000003384e-03 0.000000000000000000e+00 0.000000000000000000e+00 3.311499999999995003e-03 7.550588902897303001e+01
3.807949999999999946e-01 2.059600000000000042e-01 6.622500000000003384e-03 3.311499999999995003e-03 0.000000000000000000e+00 3.311250000000001692e-03 5.402109012287997558e+01
3.874170000000000114e-01 2.125829999999999942e-01 6.622500000000003384e-03 6.622500000000003384e-03 -1.655500000000004190e-03 1.655500000000004190e-03 2.669133237037003425e+01
3.940400000000000014e-01 2.192050000000000110e-01 3.311499999999995003e-03 6.622500000000003384e-03 -1.655749999999997502e-03 1.655749999999997502e-03 4.051989627164446972e+01
3.940400000000000014e-01 2.258280000000000010e-01 3.311000000000008381e-03 9.933999999999998387e-03 -2.499999999933111283e-07 1.655499999999997252e-03 4.776276979518899068e+00
4.006620000000000181e-01 2.390730000000000077e-01 3.311000000000008381e-03 9.933499999999997887e-03 -1.655500000000004190e-03 -1.655750000000004440e-03 9.549525554117510140e+00
4.006620000000000181e-01 2.456949999999999967e-01 0.000000000000000000e+00 6.622499999999989506e-03 -1.655500000000004190e-03 -1.655499999999997252e-03 3.774724423598548384e+01
4.006620000000000181e-01 2.523179999999999867e-01 0.000000000000000000e+00 6.622500000000003384e-03 1.655749999999997502e-03 -1.655749999999990563e-03 -3.775294451448651500e+01
4.006620000000000181e-01 2.589400000000000035e-01 3.311499999999995003e-03 3.311000000000008381e-03 1.655749999999997502e-03 -4.966750000000005882e-03 -2.135548407618362319e+02
4.072850000000000081e-01 2.589400000000000035e-01 3.311499999999995003e-03 -3.311000000000008381e-03 -2.499999999933111283e-07 -4.966750000000005882e-03 -1.601762068787695910e+02
4.072850000000000081e-01 2.523179999999999867e-01 3.311000000000008381e-03 -6.622500000000003384e-03 1.655500000000004190e-03 -1.655749999999990563e-03 1.350445675787017841e+01
4.139070000000000249e-01 2.456949999999999967e-01 6.622500000000003384e-03 -6.622499999999989506e-03 1.655749999999983624e-03 0.000000000000000000e+00 1.334768153797634760e+01
4.205300000000000149e-01 2.390730000000000077e-01 6.622499999999975628e-03 -6.622500000000003384e-03 0.000000000000000000e+00 -6.938893903907228378e-18 -5.593727679611061660e-14
4.271519999999999762e-01 2.324499999999999900e-01 6.622500000000003384e-03 -6.622500000000003384e-03 1.387778780781445676e-17 1.655750000000004440e-03 1.334768153797661050e+01
4.337750000000000217e-01 2.258280000000000010e-01 6.622500000000003384e-03 -3.310999999999994503e-03 -1.387778780781445676e-17 1.655500000000004190e-03 2.701095284777847993e+01
4.403969999999999829e-01 2.258280000000000010e-01 6.622499999999975628e-03 -3.311499999999995003e-03 1.655749999999997502e-03 1.655499999999997252e-03 4.051581766914398486e+01
4.470199999999999729e-01 2.192050000000000110e-01 9.933999999999998387e-03 0.000000000000000000e+00 1.655500000000018068e-03 4.966999999999992255e-03 5.033219247030394428e+01
4.602649999999999797e-01 2.258280000000000010e-01 9.933500000000011765e-03 6.622499999999989506e-03 -3.311499999999995003e-03 3.311250000000001692e-03 3.221753157244177856e+01
4.668869999999999965e-01 2.324499999999999900e-01 3.311000000000008381e-03 6.622500000000003384e-03 -3.311000000000008381e-03 1.655750000000004440e-03 6.752840178546551897e+01
4.668869999999999965e-01 2.390730000000000077e-01 3.311499999999995003e-03 9.933999999999998387e-03 2.499999999933111283e-07 3.311249999999994753e-03 9.547795223657640662e+00
4.735099999999999865e-01 2.523179999999999867e-01 3.311499999999995003e-03 1.324499999999999289e-02 -1.655749999999997502e-03 1.655500000000004190e-03 1.077196909947393344e+01
4.735099999999999865e-01 2.655629999999999935e-01 0.000000000000000000e+00 1.324500000000000677e-02 -1.655749999999997502e-03 6.938893903907228378e-18 9.438236128621628751e+00
4.735099999999999865e-01 2.788080000000000003e-01 0.000000000000000000e+00 1.324500000000000677e-02 0.000000000000000000e+00 3.311250000000001692e-03 0.000000000000000000e+00
4.735099999999999865e-01 2.920530000000000070e-01 0.000000000000000000e+00 1.986750000000001015e-02 -1.655749999999997502e-03 3.311250000000001692e-03 4.194771612720724185e+00
4.735099999999999865e-01 3.185430000000000206e-01 -3.311499999999995003e-03 1.986750000000001015e-02 -3.311250000000001692e-03 -3.311250000000015570e-03 9.393025645575258764e+00
4.668869999999999965e-01 3.317880000000000273e-01 -6.622500000000003384e-03 1.324499999999997901e-02 -3.311000000000008381e-03 -1.655500000000018068e-03 1.688108081499014546e+01
4.602649999999999797e-01 3.450329999999999786e-01 -9.933500000000011765e-03 1.655649999999997402e-02 -1.655749999999997502e-03 1.387778780781445676e-17 3.808581216188466012e+00
4.470199999999999729e-01 3.649009999999999754e-01 -9.933999999999998387e-03 1.324500000000000677e-02 1.655500000000018068e-03 -4.966999999999985316e-03 6.040762960326261144e+00
4.403969999999999829e-01 3.715229999999999921e-01 -6.622499999999975628e-03 6.622500000000003384e-03 2.500000000071889161e-07 -3.311250000000001692e-03 2.669133237036998096e+01
4.337750000000000217e-01 3.781459999999999821e-01 -9.933499999999984009e-03 6.622500000000003384e-03 -6.622500000000017262e-03 0.000000000000000000e+00 2.577363607507590970e+01
4.205300000000000149e-01 3.847679999999999989e-01 -1.986750000000001015e-02 6.622500000000003384e-03 -3.311500000000008881e-03 -1.655500000000004190e-03 5.968723876286031071e+00
3.940400000000000014e-01 3.913909999999999889e-01 -1.655650000000000177e-02 3.311499999999995003e-03 4.966750000000005882e-03 -3.311250000000001692e-03 7.972478399695889451e+00
3.874170000000000114e-01 3.913909999999999889e-01 -9.933999999999998387e-03 0.000000000000000000e+00 2.499999999933111283e-07 -1.655749999999997502e-03 1.677824193330093649e+01
3.741720000000000046e-01 3.913909999999999889e-01 -1.655600000000001515e-02 0.000000000000000000e+00 -1.655500000000004190e-03 0.000000000000000000e+00 0.000000000000000000e+00
3.543049999999999811e-01 3.913909999999999889e-01 -1.324500000000000677e-02 0.000000000000000000e+00 4.966750000000005882e-03 0.000000000000000000e+00 -0.000000000000000000e+00
3.476819999999999911e-01 3.913909999999999889e-01 -6.622500000000003384e-03 0.000000000000000000e+00 3.311250000000001692e-03 0.000000000000000000e+00 -0.000000000000000000e+00
3.410599999999999743e-01 3.913909999999999889e-01 -6.622500000000003384e-03 0.000000000000000000e+00 -1.655749999999997502e-03 0.000000000000000000e+00 0.000000000000000000e+00
3.344369999999999843e-01 3.913909999999999889e-01 -9.933999999999998387e-03 0.000000000000000000e+00 0.000000000000000000e+00 -1.655749999999997502e-03 1.677824193330093649e+01
3.211919999999999775e-01 3.913909999999999889e-01 -6.622500000000003384e-03 -3.311499999999995003e-03 6.622750000000010573e-03 -1.655749999999997502e-03 8.103979254328905313e+01
3.211919999999999775e-01 3.847679999999999989e-01 3.311500000000022759e-03 -3.311499999999995003e-03 8.278250000000000886e-03 1.655749999999997502e-03 3.202798698821583798e+02
3.278150000000000230e-01 3.847679999999999989e-01 9.933999999999998387e-03 0.000000000000000000e+00 9.933499999999984009e-03 3.311499999999995003e-03 3.355648386660187299e+01
3.410599999999999743e-01 3.847679999999999989e-01 2.317849999999999078e-02 3.311499999999995003e-03 8.278000000000007574e-03 3.311250000000001692e-03 3.843753072383637281e+00
3.741720000000000046e-01 3.913909999999999889e-01 2.649000000000001354e-02 6.622500000000003384e-03 -3.310999999999994503e-03 -2.499999999933111283e-07 1.076739580347698233e+00
3.940400000000000014e-01 3.980130000000000057e-01 1.655650000000000177e-02 3.311000000000008381e-03 -4.967000000000013071e-03 -3.311250000000001692e-03 -7.972961264672977499e+00
4.072850000000000081e-01 3.980130000000000057e-01 1.655599999999998739e-02 0.000000000000000000e+00 -2.500000000071889161e-07 2.499999999933111283e-07 9.120721046311589799e-04
4.271519999999999762e-01 3.980130000000000057e-01 1.655599999999998739e-02 3.311499999999995003e-03 3.311500000000008881e-03 3.311250000000001692e-03 9.111681660881549405e+00
4.403969999999999829e-01 4.046359999999999957e-01 2.317900000000000515e-02 6.622500000000003384e-03 3.311500000000008881e-03 -2.499999999933111283e-07 -1.565881005755464184e+00
4.735099999999999865e-01 4.112580000000000124e-01 2.317900000000000515e-02 3.311000000000008381e-03 -1.655750000000011379e-03 -3.311250000000001692e-03 -5.552129910290685366e+00
4.867549999999999932e-01 4.112580000000000124e-01 1.986749999999998240e-02 0.000000000000000000e+00 -1.655749999999997502e-03 -1.655500000000004190e-03 -4.194138248442825123e+00
5.132449999999999513e-01 4.112580000000000124e-01 1.986750000000001015e-02 0.000000000000000000e+00 -1.655499999999976435e-03 0.000000000000000000e+00 0.000000000000000000e+00
5.264900000000000135e-01 4.112580000000000124e-01 1.655650000000002953e-02 0.000000000000000000e+00 -3.311250000000001692e-03 0.000000000000000000e+00 0.000000000000000000e+00
5.463580000000000103e-01 4.112580000000000124e-01 1.324500000000000677e-02 0.000000000000000000e+00 -4.967000000000026949e-03 0.000000000000000000e+00 0.000000000000000000e+00
5.529800000000000271e-01 4.112580000000000124e-01 6.622499999999975628e-03 0.000000000000000000e+00 0.000000000000000000e+00 -1.655500000000004190e-03 -3.774724423598564016e+01
5.596029999999999616e-01 4.112580000000000124e-01 1.324500000000000677e-02 -3.311000000000008381e-03 3.311250000000015570e-03 -3.311250000000001692e-03 -1.292625196448714853e+01
5.794700000000000406e-01 4.046359999999999957e-01 1.324500000000000677e-02 -6.622500000000003384e-03 -3.311250000000015570e-03 -3.311499999999995003e-03 -2.025984622003196733e+01
5.860929999999999751e-01 3.980130000000000057e-01 6.622499999999975628e-03 -9.933999999999998387e-03 -3.311249999999987814e-03 -3.311250000000001692e-03 -3.221416376887283661e+01
5.927149999999999919e-01 3.847679999999999989e-01 6.622500000000031140e-03 -1.324500000000000677e-02 -1.655499999999976435e-03 -4.966750000000005882e-03 -1.688159066339871472e+01
5.993380000000000374e-01 3.715229999999999921e-01 3.311500000000022759e-03 -1.986750000000001015e-02 -3.311250000000015570e-03 -3.311249999999987814e-03 -9.393025645575287186e+00
5.993380000000000374e-01 3.450329999999999786e-01 0.000000000000000000e+00 -1.986749999999998240e-02 -1.655750000000011379e-03 3.311250000000015570e-03 -4.194771612720772147e+00
5.993380000000000374e-01 3.317880000000000273e-01 0.000000000000000000e+00 -1.324499999999997901e-02 -3.311250000000015570e-03 3.311249999999987814e-03 -1.887504718761812228e+01
5.993380000000000374e-01 3.185430000000000206e-01 -6.622500000000031140e-03 -1.324500000000000677e-02 -8.278250000000014763e-03 3.311249999999987814e-03 -4.051816289483750921e+01
5.860929999999999751e-01 3.052980000000000138e-01 -1.655650000000002953e-02 -6.622500000000003384e-03 -4.966999999999971438e-03 8.278250000000000886e-03 -2.997356931054702400e+01
5.662249999999999783e-01 3.052980000000000138e-01 -1.655649999999997402e-02 3.311499999999995003e-03 1.655750000000011379e-03 8.278250000000000886e-03 -2.961309448538132827e+01
5.529800000000000271e-01 3.119210000000000038e-01 -1.324500000000000677e-02 9.933999999999998387e-03 4.966999999999971438e-03 4.966750000000005882e-03 -2.536755633225204321e+01
5.397349999999999648e-01 3.251660000000000106e-01 -6.622500000000031140e-03 1.324500000000000677e-02 6.622500000000003384e-03 3.310999999999994503e-03 -3.376420102361512221e+01
5.397349999999999648e-01 3.384110000000000174e-01 0.000000000000000000e+00 1.655599999999998739e-02 9.933750000000018954e-03 -1.387778780781445676e-17 -3.624118507848881876e+01
5.397349999999999648e-01 3.582779999999999854e-01 1.324500000000000677e-02 1.324499999999997901e-02 8.278250000000014763e-03 -4.966749999999992005e-03 -2.669334772316151216e+01
5.662249999999999783e-01 3.649009999999999754e-01 1.655650000000002953e-02 6.622500000000003384e-03 1.655750000000011379e-03 -6.622499999999989506e-03 -2.127138164037673462e+01
5.728480000000000238e-01 3.715229999999999921e-01 1.655650000000002953e-02 0.000000000000000000e+00 4.966749999999992005e-03 -6.622250000000010073e-03 -2.415841876401170651e+01
5.993380000000000374e-01 3.649009999999999754e-01 2.649000000000001354e-02 -6.622000000000016762e-03 9.933499999999984009e-03 -6.622000000000016762e-03 -5.385477466053286477e+00
