4.337750000000000217e-01 3.185430000000000206e-01 -6.623000000000045517e-03 0.000000000000000000e+00 3.311500000000022759e-03 3.311499999999995003e-03 -7.549448890230897291e+01
4.271519999999999762e-01 3.185430000000000206e-01 -3.311500000000022759e-03 3.311499999999995003e-03 2.500000000349444917e-07 3.311250000000001692e-03 -1.067653300900731494e+02
4.271519999999999762e-01 3.251660000000000106e-01 -6.622499999999975628e-03 6.622500000000003384e-03 -4.966749999999978127e-03 -2.499999999933111283e-07 4.004102926113794325e+01
4.139070000000000249e-01 3.317880000000000273e-01 -1.324499999999997901e-02 3.311000000000008381e-03 -3.311250000000015570e-03 -4.966750000000005882e-03 3.015951963286546444e+01
4.006620000000000181e-01 3.317880000000000273e-01 -1.324500000000000677e-02 -3.311000000000008381e-03 -1.387778780781445676e-17 -6.622250000000010073e-03 3.446783654995983426e+01
3.874170000000000114e-01 3.251660000000000106e-01 -1.324500000000000677e-02 -9.933500000000011765e-03 0.000000000000000000e+00 -6.622749999999996695e-03 1.932930331855571993e+01
3.741720000000000046e-01 3.119210000000000038e-01 -1.324500000000000677e-02 -1.655650000000000177e-02 0.000000000000000000e+00 -3.311499999999995003e-03 4.601644105172157495e+00
3.609269999999999978e-01 2.920530000000000070e-01 -1.324500000000000677e-02 -1.655650000000000177e-02 1.655749999999997502e-03 0.000000000000000000e+00 2.876070993857410496e+00
3.476819999999999911e-01 2.788080000000000003e-01 -9.933500000000011765e-03 -1.655650000000000177e-02 3.311250000000001692e-03 -3.311250000000001692e-03 1.218635579131512436e+01
3.410599999999999743e-01 2.589400000000000035e-01 -6.622500000000003384e-03 -2.317900000000000515e-02 3.311000000000008381e-03 -1.655499999999997252e-03 6.260983041317786046e+00
3.344369999999999843e-01 2.324499999999999900e-01 -3.311499999999995003e-03 -1.986749999999999627e-02 6.622500000000003384e-03 2.500000000071889161e-07 1.610205468714043064e+01
3.344369999999999843e-01 2.192050000000000110e-01 6.622500000000003384e-03 -2.317849999999999078e-02 8.278250000000000886e-03 -6.938893903907228378e-18 1.369768386249269732e+01
3.476819999999999911e-01 1.860930000000000084e-01 1.324500000000000677e-02 -1.986750000000001015e-02 3.311250000000001692e-03 9.933499999999990948e-03 1.449666929781347058e+01
3.609269999999999978e-01 1.794699999999999906e-01 1.324500000000000677e-02 -3.311500000000008881e-03 0.000000000000000000e+00 9.933750000000005076e-03 5.170232890794522973e+01
3.741720000000000046e-01 1.794699999999999906e-01 1.324500000000000677e-02 0.000000000000000000e+00 1.655749999999997502e-03 4.967000000000006132e-03 2.831328331623962313e+01
3.874170000000000114e-01 1.794699999999999906e-01 1.655650000000000177e-02 6.622500000000003384e-03 1.655749999999997502e-03 4.966999999999999194e-03 1.256963197039120850e+01
4.072850000000000081e-01 1.927149999999999974e-01 1.655650000000000177e-02 9.933999999999998387e-03 -3.311500000000008881e-03 0.000000000000000000e+00 4.570160794441349594e+00
4.205300000000000149e-01 1.993379999999999874e-01 9.933499999999984009e-03 6.622500000000003384e-03 -6.622750000000010573e-03 -1.655749999999997502e-03 1.610900904388420685e+01
4.271519999999999762e-01 2.059600000000000042e-01 3.310999999999980625e-03 6.622500000000003384e-03 -3.310999999999980625e-03 -1.655500000000004190e-03 4.051744893768680100e+01
4.271519999999999762e-01 2.125829999999999942e-01 3.311500000000022759e-03 3.311499999999995003e-03 1.655750000000011379e-03 -3.311250000000001692e-03 -1.601399349410802984e+02
4.337750000000000217e-01 2.125829999999999942e-01 6.622500000000003384e-03 0.000000000000000000e+00 1.655499999999976435e-03 -3.311499999999995003e-03 -7.550588902897303001e+01
4.403969999999999829e-01 2.125829999999999942e-01 6.622499999999975628e-03 -3.311499999999995003e-03 0.000000000000000000e+00 -4.966999999999999194e-03 -8.103367448557078490e+01
4.470199999999999729e-01 2.059600000000000042e-01 6.622500000000003384e-03 -9.933999999999998387e-03 1.655500000000018068e-03 -3.311000000000001442e-03 -3.220881324731571738e+00
4.536419999999999897e-01 1.927149999999999974e-01 9.933500000000011765e-03 -9.933499999999997887e-03 4.966999999999999194e-03 1.655749999999997502e-03 2.372951028402499318e+01
4.668869999999999965e-01 1.860930000000000084e-01 1.655650000000000177e-02 -6.622500000000003384e-03 3.311499999999995003e-03 3.310999999999994503e-03 1.353576304697565647e+01
4.867549999999999932e-01 1.794699999999999906e-01 1.655650000000000177e-02 -3.311500000000008881e-03 -3.311249999999987814e-03 3.311250000000001692e-03 9.111403877947079621e+00
5.000000000000000000e-01 1.794699999999999906e-01 9.934000000000026143e-03 0.000000000000000000e+00 -4.967000000000013071e-03 4.967000000000006132e-03 5.033219247030380217e+01
5.066230000000000455e-01 1.794699999999999906e-01 6.622499999999975628e-03 6.622500000000003384e-03 -3.311500000000036636e-03 8.278250000000000886e-03 9.342974006025291089e+01
5.132449999999999513e-01 1.927149999999999974e-01 3.310999999999952870e-03 1.655650000000000177e-02 -6.622499999999975628e-03 1.158949999999999564e-02 3.075135186768403273e+01
5.132449999999999513e-01 2.125829999999999942e-01 -6.622499999999975628e-03 2.980149999999999466e-02 -8.277999999999965941e-03 6.622250000000003134e-03 7.129202538590247329e+00
5.000000000000000000e-01 2.523179999999999867e-01 -1.324499999999997901e-02 2.980100000000000804e-02 -3.311250000000015570e-03 -6.622749999999989756e-03 5.374205411830499379e+00
4.867549999999999932e-01 2.721850000000000103e-01 -1.324500000000000677e-02 1.655600000000001515e-02 -6.622500000000003384e-03 -4.966500000000005632e-03 1.840550879465840950e+01
4.735099999999999865e-01 2.854300000000000170e-01 -2.648999999999998578e-02 1.986799999999999677e-02 -8.278249999999987008e-03 2.499999999933111283e-07 4.529888201973609974e+00
4.337750000000000217e-01 3.119210000000000038e-01 -2.980149999999998078e-02 1.655650000000000177e-02 3.311249999999987814e-03 -6.622749999999996695e-03 3.597533221915467205e+00
4.139070000000000249e-01 3.185430000000000206e-01 -1.986750000000001015e-02 6.622500000000003384e-03 3.311499999999981125e-03 -4.966999999999999194e-03 8.356429737160771865e+00
3.940400000000000014e-01 3.251660000000000106e-01 -2.317850000000001853e-02 6.622500000000003384e-03 -4.966999999999999194e-03 0.000000000000000000e+00 2.348223341747559534e+00
3.675499999999999878e-01 3.317880000000000273e-01 -2.980150000000000854e-02 6.622500000000003384e-03 -2.499999999933111283e-07 -1.655500000000004190e-03 1.734072156540798826e+00
3.344369999999999843e-01 3.384110000000000174e-01 -2.317900000000000515e-02 3.311499999999995003e-03 9.934000000000012265e-03 -3.311250000000001692e-03 3.416431216134470983e+00
3.211919999999999775e-01 3.384110000000000174e-01 -9.933499999999984009e-03 0.000000000000000000e+00 9.934000000000012265e-03 -2.500000000071889161e-07 2.533584634261080906e-03
3.145700000000000163e-01 3.384110000000000174e-01 -3.310999999999980625e-03 3.310999999999980625e-03 9.933499999999984009e-03 1.655499999999990313e-03 -3.737512104508989523e+02
3.145700000000000163e-01 3.450329999999999786e-01 9.933499999999984009e-03 3.310999999999980625e-03 1.158924999999998151e-02 2.500000000210667039e-07 -3.342333933052469774e+01
3.344369999999999843e-01 3.450329999999999786e-01 1.986749999999998240e-02 3.311500000000022759e-03 8.278250000000014763e-03 2.500000000210667039e-07 -3.354311909128524061e+00
3.543049999999999811e-01 3.516560000000000241e-01 2.649000000000001354e-02 3.311500000000022759e-03 4.966750000000019760e-03 -1.655750000000011379e-03 -3.169778950274005247e+00
3.874170000000000114e-01 3.516560000000000241e-01 2.980100000000002192e-02 0.000000000000000000e+00 8.278249999999987008e-03 -1.655750000000011379e-03 -1.864374218990341392e+00
4.139070000000000249e-01 3.516560000000000241e-01 4.304649999999998755e-02 0.000000000000000000e+00 4.966999999999985316e-03 0.000000000000000000e+00 0.000000000000000000e+00
4.735099999999999865e-01 3.516560000000000241e-01 3.973499999999999255e-02 0.000000000000000000e+00 -1.158950000000000258e-02 0.000000000000000000e+00 0.000000000000000000e+00
4.933770000000000100e-01 3.516560000000000241e-01 1.986749999999998240e-02 0.000000000000000000e+00 -8.278000000000007574e-03 -1.655750000000011379e-03 -4.194771612720772147e+00
5.132449999999999513e-01 3.516560000000000241e-01 2.317899999999997740e-02 -3.311500000000022759e-03 2.775557561562891351e-17 -1.655750000000011379e-03 -2.989804560120815857e+00
5.397349999999999648e-01 3.450329999999999786e-01 1.986750000000003791e-02 -3.311500000000022759e-03 -3.311249999999973936e-03 -1.655499999999976435e-03 -5.367182715510574020e+00
5.529800000000000271e-01 3.450329999999999786e-01 1.655650000000002953e-02 -6.622499999999975628e-03 -3.311250000000015570e-03 -3.310999999999980625e-03 -1.353547105420095598e+01
5.728480000000000238e-01 3.317880000000000273e-01 1.324500000000000677e-02 -9.933499999999984009e-03 -2.500000000071889161e-07 -4.967000000000013071e-03 -1.449734230288457226e+01
5.794700000000000406e-01 3.251660000000000106e-01 1.655600000000001515e-02 -1.655650000000000177e-02 1.655749999999983624e-03 -4.967250000000006382e-03 -4.271129098374840893e+00
6.059600000000000541e-01 2.986750000000000238e-01 1.655649999999997402e-02 -1.986799999999999677e-02 -4.966750000000019760e-03 1.655749999999997502e-03 -4.119875429617970930e+00
6.125829999999999886e-01 2.854300000000000170e-01 6.622499999999975628e-03 -1.324500000000000677e-02 -4.966999999999971438e-03 3.311499999999995003e-03 -1.350588434880954125e+01
6.192050000000000054e-01 2.721850000000000103e-01 6.622500000000031140e-03 -1.324500000000000677e-02 -3.311249999999987814e-03 -1.655499999999997252e-03 -1.688210051180750426e+01
6.258280000000000509e-01 2.589400000000000035e-01 0.000000000000000000e+00 -1.655600000000000127e-02 -6.622500000000031140e-03 0.000000000000000000e+00 -2.416079005232590404e+01
6.192050000000000054e-01 2.390730000000000077e-01 -6.622500000000031140e-03 -1.324500000000000677e-02 -8.278000000000007574e-03 6.622249999999996195e-03 -4.726957552401593432e+01
6.125829999999999886e-01 2.324499999999999900e-01 -1.655600000000001515e-02 -3.311500000000008881e-03 -3.311249999999987814e-03 8.278250000000007824e-03 -3.075383906672117007e+01
5.860929999999999751e-01 2.324499999999999900e-01 -1.324500000000000677e-02 3.311500000000008881e-03 9.933500000000011765e-03 1.324525000000000702e-02 -8.186397251414921072e+01
5.860929999999999751e-01 2.390730000000000077e-01 3.311000000000008381e-03 2.317900000000000515e-02 1.324500000000000677e-02 1.158924999999999539e-02 -2.092753172137009443e+01
5.927149999999999919e-01 2.788080000000000003e-01 1.324500000000000677e-02 2.648999999999999966e-02 6.622750000000010573e-03 -4.966999999999999194e-03 -9.285614145062103475e+00
6.125829999999999886e-01 2.920530000000000070e-01 1.655650000000002953e-02 1.324500000000000677e-02 2.775557561562891351e-17 -6.622499999999996445e-03 -1.150341546539076276e+01
6.258280000000000509e-01 3.052980000000000138e-01 1.324500000000006228e-02 1.324500000000000677e-02 -3.311499999999967248e-03 0.000000000000000000e+00 6.673840768988124061e+00
