3.874170000000000114e-01 2.721850000000000103e-01 -6.622000000000016762e-03 0.000000000000000000e+00 -3.311499999999995003e-03 0.000000000000000000e+00 0.000000000000000000e+00
3.807949999999999946e-01 2.721850000000000103e-01 -9.933500000000011765e-03 0.000000000000000000e+00 -3.311499999999995003e-03 0.000000000000000000e+00 0.000000000000000000e+00
3.675499999999999878e-01 2.721850000000000103e-01 -1.324500000000000677e-02 0.000000000000000000e+00 -6.622749999999996695e-03 -4.966750000000005882e-03 2.831185824661428541e+01
3.543049999999999811e-01 2.721850000000000103e-01 -2.317900000000000515e-02 -9.933500000000011765e-03 -4.966999999999985316e-03 -8.278000000000000635e-03 8.887918924181956726e+00
3.211919999999999775e-01 2.523179999999999867e-01 -2.317899999999997740e-02 -1.655600000000000127e-02 3.311250000000001692e-03 -4.966999999999992255e-03 7.353565249343102295e+00
3.079470000000000263e-01 2.390730000000000077e-01 -1.655650000000000177e-02 -1.986749999999999627e-02 6.622499999999975628e-03 -6.622750000000003634e-03 1.394563605305762266e+01
2.880789999999999740e-01 2.125829999999999942e-01 -9.934000000000026143e-03 -2.980150000000000854e-02 9.934000000000012265e-03 -3.311250000000001692e-03 1.061125160141280688e+01
2.880789999999999740e-01 1.794699999999999906e-01 3.311500000000022759e-03 -2.648999999999999966e-02 1.158975000000002364e-02 4.967000000000006132e-03 1.700098393960307419e+01
2.947020000000000195e-01 1.596029999999999949e-01 1.324550000000002115e-02 -1.986749999999999627e-02 1.158924999999998151e-02 6.622500000000003384e-03 2.335538378409094662e+01
3.145700000000000163e-01 1.397349999999999981e-01 2.648999999999998578e-02 -1.324499999999999289e-02 9.933499999999984009e-03 1.158949999999999564e-02 1.688235543601200916e+01
3.476819999999999911e-01 1.331130000000000091e-01 3.311249999999998916e-02 3.311499999999995003e-03 -1.655499999999990313e-03 1.158924999999999539e-02 1.056206239713914741e+01
3.807949999999999946e-01 1.463579999999999881e-01 2.317900000000000515e-02 9.933499999999997887e-03 -9.933749999999991198e-03 3.311000000000008381e-03 1.093857609575386647e+01
3.940400000000000014e-01 1.529800000000000049e-01 1.324500000000000677e-02 9.933500000000011765e-03 -4.966999999999999194e-03 2.500000000002500222e-07 1.087305233407393068e+01
4.072850000000000081e-01 1.662250000000000116e-01 1.324500000000000677e-02 9.933999999999998387e-03 -1.655750000000011379e-03 -3.311000000000008381e-03 -6.038756503058547942e+00
4.205300000000000149e-01 1.728480000000000016e-01 9.933499999999984009e-03 3.311499999999995003e-03 -3.311250000000001692e-03 -6.622749999999996695e-03 -4.775267509398215537e+01
4.271519999999999762e-01 1.728480000000000016e-01 6.622500000000003384e-03 -3.311499999999995003e-03 3.311500000000008881e-03 -6.622749999999996695e-03 -8.103163503035220572e+01
4.337750000000000217e-01 1.662250000000000116e-01 1.655650000000000177e-02 -9.933999999999998387e-03 6.622499999999989506e-03 -4.966750000000005882e-03 -2.284505366420307659e+00
4.602649999999999797e-01 1.529800000000000049e-01 1.986749999999998240e-02 -1.324500000000000677e-02 -2.499999999933111283e-07 2.500000000002500222e-07 1.216132924392228647e-04
4.735099999999999865e-01 1.397349999999999981e-01 1.655600000000001515e-02 -9.933499999999997887e-03 -1.655499999999976435e-03 6.622500000000003384e-03 1.294886563180780392e+01
4.933770000000000100e-01 1.331130000000000091e-01 1.655650000000002953e-02 0.000000000000000000e+00 -3.311000000000022259e-03 1.324474999999999958e-02 4.831774954504036401e+01
5.066230000000000455e-01 1.397349999999999981e-01 9.933999999999970631e-03 1.655600000000000127e-02 -8.278250000000014763e-03 9.933749999999998137e-03 3.275204894820726764e+01
5.132449999999999513e-01 1.662250000000000116e-01 0.000000000000000000e+00 1.986749999999999627e-02 -8.278249999999973130e-03 4.966999999999999194e-03 2.097259133504775974e+01
5.066230000000000455e-01 1.794699999999999906e-01 -6.622499999999975628e-03 2.648999999999999966e-02 -6.622750000000010573e-03 9.933750000000005076e-03 5.386056319248313962e+00
5.000000000000000000e-01 2.192050000000000110e-01 -1.324550000000002115e-02 3.973500000000000643e-02 -6.622500000000017262e-03 0.000000000000000000e+00 3.581247844786383805e+00
4.801320000000000032e-01 2.589400000000000035e-01 -1.986750000000001015e-02 2.648999999999999966e-02 -9.933499999999984009e-03 -9.933749999999998137e-03 1.268384930116721421e+01
4.602649999999999797e-01 2.721850000000000103e-01 -3.311249999999998916e-02 1.986750000000001015e-02 -1.490074999999999039e-02 -3.311000000000001442e-03 7.045230179028699524e+00
4.139070000000000249e-01 2.986750000000000238e-01 -4.966899999999999094e-02 1.986799999999999677e-02 -3.311250000000015570e-03 -6.622250000000010073e-03 2.578276993479296397e+00
3.609269999999999978e-01 3.119210000000000038e-01 -3.973500000000002030e-02 6.622999999999990006e-03 4.966999999999999194e-03 -8.278499999999994197e-03 4.528908667182922620e+00
3.344369999999999843e-01 3.119210000000000038e-01 -3.973499999999999255e-02 3.311000000000008381e-03 -1.655749999999983624e-03 -1.655999999999990813e-03 1.124503604478006791e+00
2.814570000000000127e-01 3.185430000000000206e-01 -4.304649999999998755e-02 3.311000000000008381e-03 8.277999999999993697e-03 -1.655500000000004190e-03 5.449580860873195487e-01
2.483440000000000092e-01 3.185430000000000206e-01 -2.317900000000000515e-02 0.000000000000000000e+00 1.655649999999999483e-02 -1.655500000000004190e-03 3.081341223276762520e+00
2.350990000000000024e-01 3.185430000000000206e-01 -9.933499999999997887e-03 0.000000000000000000e+00 1.986775000000000346e-02 -1.655500000000004190e-03 1.677739744759442431e+01
2.284770000000000134e-01 3.185430000000000206e-01 1.655650000000000177e-02 -3.311000000000008381e-03 2.980125000000000135e-02 -1.655500000000004190e-03 1.480508540195849854e+01
2.682120000000000060e-01 3.119210000000000038e-01 4.966900000000000481e-02 -3.311000000000008381e-03 2.152300000000000046e-02 1.655500000000004190e-03 1.244326990687446566e+00
3.278150000000000230e-01 3.119210000000000038e-01 5.960250000000000270e-02 0.000000000000000000e+00 -3.311500000000001942e-03 1.655500000000004190e-03 4.660153609380907613e-01
3.874170000000000114e-01 3.119210000000000038e-01 4.304600000000000093e-02 0.000000000000000000e+00 -9.933750000000005076e-03 1.655500000000004190e-03 8.934362766783683352e-01
4.139070000000000249e-01 3.119210000000000038e-01 3.973499999999999255e-02 3.311000000000008381e-03 3.311499999999981125e-03 1.655500000000004190e-03 8.647436062091639064e-01
4.668869999999999965e-01 3.185430000000000206e-01 4.966899999999996318e-02 3.311000000000008381e-03 -4.966749999999992005e-03 -1.655500000000004190e-03 -5.332897065033825879e-01
5.132449999999999513e-01 3.185430000000000206e-01 2.980150000000000854e-02 0.000000000000000000e+00 -9.933749999999963443e-03 -3.311000000000008381e-03 -3.728060338518092820e+00
5.264900000000000135e-01 3.185430000000000206e-01 2.980150000000003629e-02 -3.311000000000008381e-03 -1.655749999999997502e-03 -1.655500000000004190e-03 -2.033393471331431002e+00
5.728480000000000238e-01 3.119210000000000038e-01 2.649000000000001354e-02 -3.311000000000008381e-03 -8.278250000000014763e-03 -4.967249999999992505e-03 -8.356609762131748553e+00
5.794700000000000406e-01 3.119210000000000038e-01 1.324500000000000677e-02 -1.324549999999999339e-02 -4.966750000000019760e-03 -1.158974999999999589e-02 -3.336567697161380153e+01
5.993380000000000374e-01 2.854300000000000170e-01 1.655649999999997402e-02 -2.649050000000000016e-02 -1.655750000000011379e-03 -6.622250000000010073e-03 -5.035383220505313950e+00
6.125829999999999886e-01 2.589400000000000035e-01 9.933499999999984009e-03 -2.649000000000001354e-02 -6.622749999999982817e-03 3.311500000000001942e-03 -6.294862769533603242e+00
6.192050000000000054e-01 2.324499999999999900e-01 3.311000000000008381e-03 -1.986749999999999627e-02 -8.277999999999979819e-03 6.622500000000010323e-03 -1.744411460025736460e+01
6.192050000000000054e-01 2.192050000000000110e-01 -6.622499999999975628e-03 -1.324499999999999289e-02 -8.278000000000007574e-03 6.622499999999996445e-03 -4.727008537242493702e+01
6.059600000000000541e-01 2.059600000000000042e-01 -1.324500000000000677e-02 -6.622500000000003384e-03 -3.311250000000015570e-03 8.278249999999993947e-03 -4.051816289483755185e+01
5.927149999999999919e-01 2.059600000000000042e-01 -1.324500000000000677e-02 3.311499999999995003e-03 1.655750000000011379e-03 8.278250000000000886e-03 -4.524051369062986083e+01
5.794700000000000406e-01 2.125829999999999942e-01 -9.933499999999984009e-03 9.933999999999998387e-03 8.278249999999987008e-03 4.966750000000005882e-03 -4.745513894497307206e+01
5.728480000000000238e-01 2.258280000000000010e-01 3.311499999999967248e-03 1.324500000000000677e-02 1.158924999999999539e-02 -2.500000000002500222e-07 -6.031905845586337023e+01
5.860929999999999751e-01 2.390730000000000077e-01 1.324500000000000677e-02 9.933499999999997887e-03 4.966750000000019760e-03 -4.967000000000006132e-03 -2.536857052580325700e+01
5.993380000000000374e-01 2.456949999999999967e-01 1.324500000000000677e-02 3.310999999999994503e-03 -2.775557561562891351e-17 -4.966749999999998944e-03 -2.585120271577072160e+01
6.125829999999999886e-01 2.456949999999999967e-01 1.324499999999995126e-02 0.000000000000000000e+00 -5.551115123125782702e-17 -3.310999999999994503e-03 -1.887362211799273837e+01
