4.668869999999999965e-01 3.847679999999999989e-01 -6.622000000000016762e-03 0.000000000000000000e+00 -4.999999999866222566e-07 0.000000000000000000e+00 0.000000000000000000e+00
4.602649999999999797e-01 3.847679999999999989e-01 -6.622500000000003384e-03 0.000000000000000000e+00 -2.499999999933111283e-07 0.000000000000000000e+00 0.000000000000000000e+00
4.536419999999999897e-01 3.847679999999999989e-01 -6.622500000000003384e-03 0.000000000000000000e+00 0.000000000000000000e+00 0.000000000000000000e+00 -0.000000000000000000e+00
4.470199999999999729e-01 3.847679999999999989e-01 -6.622500000000003384e-03 0.000000000000000000e+00 1.387778780781445676e-17 -3.311250000000001692e-03 7.550018875047183542e+01
4.403969999999999829e-01 3.847679999999999989e-01 -6.622499999999975628e-03 -6.622500000000003384e-03 -1.655499999999990313e-03 -6.622500000000003384e-03 4.004102926113804273e+01
4.337750000000000217e-01 3.715229999999999921e-01 -9.933499999999984009e-03 -1.324500000000000677e-02 -3.311250000000015570e-03 -4.966749999999992005e-03 1.207488619218356041e+00
4.205300000000000149e-01 3.582779999999999854e-01 -1.324500000000000677e-02 -1.655599999999998739e-02 -2.500000000071889161e-07 -4.966749999999992005e-03 6.901718386592354371e+00
4.072850000000000081e-01 3.384110000000000174e-01 -9.933999999999998387e-03 -2.317849999999999078e-02 4.966750000000005882e-03 -1.656000000000004690e-03 8.204536826625318469e+00
4.006620000000000181e-01 3.119210000000000038e-01 -3.311499999999995003e-03 -1.986799999999999677e-02 3.311499999999995003e-03 1.655249999999997002e-03 7.380524467062158145e+00
4.006620000000000181e-01 2.986750000000000238e-01 -3.311000000000008381e-03 -1.986799999999999677e-02 2.499999999933111283e-07 -1.655250000000010879e-03 6.712873375830946676e-01
3.940400000000000014e-01 2.721850000000000103e-01 -3.311000000000008381e-03 -2.317850000000001853e-02 3.311000000000008381e-03 2.499999999933111283e-07 5.978946152319078777e+00
3.940400000000000014e-01 2.523179999999999867e-01 3.311000000000008381e-03 -1.986750000000001015e-02 3.311000000000008381e-03 4.966750000000012821e-03 1.006316023466053267e+01
4.006620000000000181e-01 2.324499999999999900e-01 3.311000000000008381e-03 -1.324499999999999289e-02 1.655749999999997502e-03 6.622500000000010323e-03 1.723456888158175460e+01
4.006620000000000181e-01 2.258280000000000010e-01 6.622500000000003384e-03 -6.622499999999989506e-03 4.966999999999985316e-03 4.966749999999998944e-03 8.008004316948438372e+01
4.139070000000000249e-01 2.192050000000000110e-01 1.324499999999997901e-02 -3.311499999999995003e-03 3.311249999999987814e-03 3.311249999999994753e-03 2.154296233960984353e+01
4.271519999999999762e-01 2.192050000000000110e-01 1.324499999999997901e-02 0.000000000000000000e+00 -1.655499999999990313e-03 4.966999999999992255e-03 2.831328331623967642e+01
4.403969999999999829e-01 2.192050000000000110e-01 9.933999999999998387e-03 6.622499999999989506e-03 -3.311249999999987814e-03 3.311249999999994753e-03 3.221416376887278687e+01
4.470199999999999729e-01 2.324499999999999900e-01 6.622500000000003384e-03 6.622499999999989506e-03 -3.311499999999995003e-03 6.938893903907228378e-18 2.669536307595297941e+01
4.536419999999999897e-01 2.324499999999999900e-01 3.311000000000008381e-03 6.622500000000003384e-03 -3.311250000000001692e-03 1.655750000000004440e-03 6.753248075750525459e+01
4.536419999999999897e-01 2.456949999999999967e-01 0.000000000000000000e+00 9.933999999999998387e-03 -1.655500000000004190e-03 0.000000000000000000e+00 1.677570860370213879e+01
4.536419999999999897e-01 2.523179999999999867e-01 0.000000000000000000e+00 6.622500000000003384e-03 0.000000000000000000e+00 -1.655749999999997502e-03 -0.000000000000000000e+00
4.536419999999999897e-01 2.589400000000000035e-01 0.000000000000000000e+00 6.622500000000003384e-03 0.000000000000000000e+00 -3.311250000000001692e-03 -0.000000000000000000e+00
4.536419999999999897e-01 2.655629999999999935e-01 0.000000000000000000e+00 0.000000000000000000e+00 1.655749999999997502e-03 -4.966999999999999194e-03 0.000000000000000000e+00
4.536419999999999897e-01 2.589400000000000035e-01 3.311499999999995003e-03 -3.311499999999995003e-03 1.655749999999997502e-03 -1.655500000000004190e-03 8.060194027426774085e-03
4.602649999999999797e-01 2.589400000000000035e-01 3.311499999999995003e-03 -3.311000000000008381e-03 -1.655749999999997502e-03 -1.655500000000004190e-03 -1.067733893710506976e+02
4.602649999999999797e-01 2.523179999999999867e-01 0.000000000000000000e+00 -6.622500000000003384e-03 -2.499999999933111283e-07 -3.311499999999995003e-03 -5.700278501204359728e-03
4.602649999999999797e-01 2.456949999999999967e-01 3.311000000000008381e-03 -9.933999999999998387e-03 3.311250000000001692e-03 -1.655499999999997252e-03 2.387561644713641584e+01
4.668869999999999965e-01 2.324499999999999900e-01 6.622500000000003384e-03 -9.933499999999997887e-03 3.311499999999995003e-03 1.655750000000004440e-03 2.577509547413784929e+01
4.735099999999999865e-01 2.258280000000000010e-01 9.933999999999998387e-03 -6.622499999999989506e-03 1.655500000000004190e-03 3.311000000000001442e-03 2.576948255294604095e+01
4.867549999999999932e-01 2.192050000000000110e-01 9.933500000000011765e-03 -3.311499999999995003e-03 1.387778780781445676e-17 3.311249999999994753e-03 2.865088402185618932e+01
4.933770000000000100e-01 2.192050000000000110e-01 9.934000000000026143e-03 0.000000000000000000e+00 3.311499999999995003e-03 3.311499999999995003e-03 3.355648386660168825e+01
5.066230000000000455e-01 2.192050000000000110e-01 1.655650000000000177e-02 3.311499999999995003e-03 1.655499999999962557e-03 3.311249999999994753e-03 1.025050134736079954e+01
5.264900000000000135e-01 2.258280000000000010e-01 1.324499999999995126e-02 6.622499999999989506e-03 -4.967000000000013071e-03 1.655500000000004190e-03 1.688210051180777782e+01
5.331129999999999480e-01 2.324499999999999900e-01 6.622499999999975628e-03 6.622500000000003384e-03 -3.311249999999960059e-03 1.655750000000004440e-03 4.004102926113782956e+01
5.397349999999999648e-01 2.390730000000000077e-01 6.622500000000031140e-03 9.933999999999998387e-03 2.775557561562891351e-17 3.311249999999994753e-03 1.288547093645138908e+01
5.463580000000000103e-01 2.523179999999999867e-01 6.622500000000031140e-03 1.324499999999999289e-02 -1.655750000000011379e-03 -2.499999999933111283e-07 6.752942174404847009e+00
5.529800000000000271e-01 2.655629999999999935e-01 3.311000000000008381e-03 9.933500000000011765e-03 -1.655500000000031946e-03 -1.655749999999990563e-03 9.549525554117778370e+00
5.529800000000000271e-01 2.721850000000000103e-01 3.311499999999967248e-03 9.933500000000011765e-03 2.499999999794333405e-07 3.311499999999995003e-03 9.549814071368624369e+00
5.596029999999999616e-01 2.854300000000000170e-01 3.311499999999967248e-03 1.655650000000000177e-02 -3.311499999999967248e-03 3.311499999999995003e-03 1.366848166831438860e+01
5.596029999999999616e-01 3.052980000000000138e-01 -3.311499999999967248e-03 1.655650000000000177e-02 -3.311499999999967248e-03 -1.655749999999997502e-03 1.252938419890068467e+01
5.529800000000000271e-01 3.185430000000000206e-01 -3.311499999999967248e-03 1.324500000000000677e-02 2.499999999794333405e-07 -1.655750000000011379e-03 2.153287832879877239e+00
5.529800000000000271e-01 3.317880000000000273e-01 -3.311000000000008381e-03 1.324499999999997901e-02 -1.655500000000031946e-03 -3.311250000000015570e-03 1.292495075128383242e+01
5.463580000000000103e-01 3.450329999999999786e-01 -6.622500000000031140e-03 6.622499999999975628e-03 -1.655750000000011379e-03 -3.311249999999987814e-03 4.004102926113796457e+01
5.397349999999999648e-01 3.450329999999999786e-01 -6.622500000000031140e-03 6.622500000000003384e-03 -1.655499999999976435e-03 1.655750000000011379e-03 -2.015352791816511866e-03
5.331129999999999480e-01 3.582779999999999854e-01 -9.933499999999984009e-03 9.933999999999998387e-03 2.775557561562891351e-17 0.000000000000000000e+00 -9.944655022450687071e-14
5.198679999999999968e-01 3.649009999999999754e-01 -6.622499999999975628e-03 6.622500000000003384e-03 3.310999999999980625e-03 -3.311499999999995003e-03 4.030705582964940088e-03
5.198679999999999968e-01 3.715229999999999921e-01 -3.311500000000022759e-03 3.311000000000008381e-03 0.000000000000000000e+00 -1.655500000000004190e-03 5.338669468552513564e+01
5.132449999999999513e-01 3.715229999999999921e-01 -6.622499999999975628e-03 3.311499999999995003e-03 -1.655499999999976435e-03 1.655749999999997502e-03 -1.350731190895439582e+01
5.066230000000000455e-01 3.781459999999999821e-01 -6.622499999999975628e-03 6.622500000000003384e-03 -2.500000000210667039e-07 -2.499999999933111283e-07 4.030705583077259097e-03
5.000000000000000000e-01 3.847679999999999989e-01 -6.623000000000017762e-03 3.311000000000008381e-03 -1.387778780781445676e-17 -3.311250000000001692e-03 5.402027418069713605e+01
4.933770000000000100e-01 3.847679999999999989e-01 -6.622500000000003384e-03 0.000000000000000000e+00 2.500000000071889161e-07 -1.655500000000004190e-03 3.774724423598531331e+01
4.867549999999999932e-01 3.847679999999999989e-01 -6.622500000000003384e-03 0.000000000000000000e+00 0.000000000000000000e+00 0.000000000000000000e+00 -0.000000000000000000e+00
4.801320000000000032e-01 3.847679999999999989e-01 -6.622500000000003384e-03 0.000000000000000000e+00 0.000000000000000000e+00 1.655749999999997502e-03 -3.775294451448651500e+01
4.735099999999999865e-01 3.847679999999999989e-01 -6.622500000000003384e-03 3.311499999999995003e-03 0.000000000000000000e+00 1.655749999999997502e-03 -2.701258436269032259e+01
4.668869999999999965e-01 3.913909999999999889e-01 -6.622500000000003384e-03 3.311499999999995003e-03 0.000000000000000000e+00 -1.655749999999997502e-03 2.701258436269032259e+01
4.602649999999999797e-01 3.913909999999999889e-01 -6.622500000000003384e-03 0.000000000000000000e+00 3.311250000000001692e-03 -1.655749999999997502e-03 3.775294451448651500e+01
4.536419999999999897e-01 3.913909999999999889e-01 0.000000000000000000e+00 0.000000000000000000e+00 8.278250000000000886e-03 0.000000000000000000e+00 0.000000000000000000e+00
4.602649999999999797e-01 3.913909999999999889e-01 9.933999999999998387e-03 0.000000000000000000e+00 9.933750000000005076e-03 0.000000000000000000e+00 0.000000000000000000e+00
4.735099999999999865e-01 3.913909999999999889e-01 1.986750000000001015e-02 0.000000000000000000e+00 8.278000000000007574e-03 0.000000000000000000e+00 0.000000000000000000e+00
5.000000000000000000e-01 3.913909999999999889e-01 2.649000000000001354e-02 0.000000000000000000e+00 3.311250000000001692e-03 0.000000000000000000e+00 0.000000000000000000e+00
5.264900000000000135e-01 3.913909999999999889e-01 2.649000000000001354e-02 0.000000000000000000e+00 0.000000000000000000e+00 0.000000000000000000e+00 0.000000000000000000e+00
5.529800000000000271e-01 3.913909999999999889e-01 2.649000000000001354e-02 0.000000000000000000e+00 0.000000000000000000e+00 0.000000000000000000e+00 0.000000000000000000e+00
5.794700000000000406e-01 3.913909999999999889e-01 2.649000000000001354e-02 0.000000000000000000e+00 -1.655500000000004190e-03 0.000000000000000000e+00 0.000000000000000000e+00
6.059600000000000541e-01 3.913909999999999889e-01 2.317900000000000515e-02 0.000000000000000000e+00 -4.966750000000019760e-03 0.000000000000000000e+00 0.000000000000000000e+00
6.258280000000000509e-01 3.913909999999999889e-01 1.655649999999997402e-02 0.000000000000000000e+00 -4.967000000000026949e-03 0.000000000000000000e+00 0.000000000000000000e+00
6.390730000000000022e-01 3.913909999999999889e-01 1.324499999999995126e-02 0.000000000000000000e+00 -1.655749999999983624e-03 0.000000000000000000e+00 0.000000000000000000e+00
6.523179999999999534e-01 3.913909999999999889e-01 1.324500000000000677e-02 0.000000000000000000e+00 -3.311249999999960059e-03 -1.655749999999997502e-03 -9.438236128621628751e+00
6.655630000000000157e-01 3.913909999999999889e-01 6.622500000000031140e-03 -3.311499999999995003e-03 -3.311250000000015570e-03 -4.966999999999999194e-03 -1.080462588482599813e+02
6.655630000000000157e-01 3.847679999999999989e-01 6.622499999999975628e-03 -9.933999999999998387e-03 -2.775557561562891351e-17 -3.311000000000008381e-03 -1.288449808096391891e+01
6.788079999999999670e-01 3.715229999999999921e-01 6.622499999999975628e-03 -9.933500000000011765e-03 -4.966999999999971438e-03 2.500000000071889161e-07 -2.899436760890125342e+01
6.788079999999999670e-01 3.649009999999999754e-01 -3.311499999999967248e-03 -9.933499999999984009e-03 -6.622499999999975628e-03 -2.499999999933111283e-07 -5.730104692207449801e+01
6.721850000000000325e-01 3.516560000000000241e-01 -6.622499999999975628e-03 -9.933999999999998387e-03 -3.311000000000036136e-03 1.655499999999990313e-03 -2.576948255294622925e+01
6.655630000000000157e-01 3.450329999999999786e-01 -9.933500000000039520e-03 -6.622500000000003384e-03 -1.655750000000011379e-03 3.311500000000008881e-03 -2.577509547413781732e+01
6.523179999999999534e-01 3.384110000000000174e-01 -9.933999999999998387e-03 -3.310999999999980625e-03 1.655500000000031946e-03 6.622500000000003384e-03 -5.252534681374152825e+01
6.456950000000000189e-01 3.384110000000000174e-01 -6.622499999999975628e-03 6.622500000000003384e-03 3.311499999999995003e-03 8.277999999999979819e-03 -9.342772470746093916e+01
6.390730000000000022e-01 3.516560000000000241e-01 -3.311000000000008381e-03 1.324499999999997901e-02 4.966749999999992005e-03 1.655499999999990313e-03 -2.800519853494785494e+01
6.390730000000000022e-01 3.649009999999999754e-01 3.311000000000008381e-03 9.933499999999984009e-03 4.966749999999992005e-03 -1.655749999999983624e-03 -4.775267519742003941e+01
6.456950000000000189e-01 3.715229999999999921e-01 6.622499999999975628e-03 9.933500000000011765e-03 1.655749999999983624e-03 -1.655499999999990313e-03 -1.610852252855760369e+01
6.523179999999999534e-01 3.847679999999999989e-01 6.622499999999975628e-03 6.622500000000003384e-03 -2.499999999794333405e-07 -4.966750000000005882e-03 -4.003699855555525033e+01
6.589399999999999702e-01 3.847679999999999989e-01 6.622000000000016762e-03 0.000000000000000000e+00 -4.999999999588666810e-07 -6.622500000000003384e-03 -1.510231811974410618e+02
