4.470199999999999729e-01 3.516560000000000241e-01 -6.622999999999990006e-03 0.000000000000000000e+00 5.000000000143778323e-07 0.000000000000000000e+00 -0.000000000000000000e+00
4.403969999999999829e-01 3.516560000000000241e-01 -6.622499999999975628e-03 0.000000000000000000e+00 2.499999999933111283e-07 0.000000000000000000e+00 -0.000000000000000000e+00
4.337750000000000217e-01 3.516560000000000241e-01 -6.622500000000003384e-03 0.000000000000000000e+00 -1.655750000000011379e-03 0.000000000000000000e+00 0.000000000000000000e+00
4.271519999999999762e-01 3.516560000000000241e-01 -9.933999999999998387e-03 0.000000000000000000e+00 -6.622499999999989506e-03 -4.966999999999999194e-03 5.033219247030401533e+01
4.139070000000000249e-01 3.516560000000000241e-01 -1.986749999999998240e-02 -9.933999999999998387e-03 -6.622250000000010073e-03 -1.490075000000000427e-02 2.100913832600262765e+01
3.874170000000000114e-01 3.317880000000000273e-01 -2.317850000000001853e-02 -2.980150000000000854e-02 3.311249999999987814e-03 -1.490050000000001096e-02 8.251650835695427233e+00
3.675499999999999878e-01 2.920530000000000070e-01 -1.324500000000000677e-02 -3.973500000000002030e-02 9.933500000000011765e-03 0.000000000000000000e+00 5.371797411067335659e+00
3.609269999999999978e-01 2.523179999999999867e-01 -3.311499999999995003e-03 -2.980150000000000854e-02 9.933750000000005076e-03 9.933750000000012015e-03 9.760824310045254748e+00
3.609269999999999978e-01 2.324499999999999900e-01 6.622500000000003384e-03 -1.986749999999999627e-02 1.158950000000000258e-02 6.622750000000003634e-03 2.984452067459820768e+01
3.741720000000000046e-01 2.125829999999999942e-01 1.986750000000001015e-02 -1.655600000000000127e-02 4.966999999999999194e-03 6.622499999999996445e-03 1.236111457498418353e+01
4.006620000000000181e-01 1.993379999999999874e-01 1.655650000000000177e-02 -6.622500000000003384e-03 -4.966750000000005882e-03 9.933500000000004826e-03 2.320451979391520325e+01
4.072850000000000081e-01 1.993379999999999874e-01 9.933999999999998387e-03 3.311000000000008381e-03 -3.311500000000008881e-03 6.622500000000003384e-03 6.684913046701886685e+01
4.205300000000000149e-01 2.059600000000000042e-01 9.933499999999984009e-03 6.622500000000003384e-03 -1.655749999999997502e-03 3.311499999999995003e-03 2.577509547413788127e+01
4.271519999999999762e-01 2.125829999999999942e-01 6.622500000000003384e-03 9.933999999999998387e-03 -1.655499999999990313e-03 0.000000000000000000e+00 9.663616756231999005e+00
4.337750000000000217e-01 2.258280000000000010e-01 6.622500000000003384e-03 6.622500000000003384e-03 -1.387778780781445676e-17 -4.966999999999999194e-03 -4.004102926113779404e+01
4.403969999999999829e-01 2.258280000000000010e-01 6.622499999999975628e-03 0.000000000000000000e+00 1.655749999999997502e-03 -6.622500000000003384e-03 -1.510003775009449498e+02
4.470199999999999729e-01 2.258280000000000010e-01 9.933999999999998387e-03 -6.622500000000003384e-03 3.311250000000015570e-03 -4.966999999999999194e-03 -1.610829797215883019e+01
4.602649999999999797e-01 2.125829999999999942e-01 1.324500000000000677e-02 -9.933999999999998387e-03 -2.499999999933111283e-07 0.000000000000000000e+00 -5.472256341384478407e-04
4.735099999999999865e-01 2.059600000000000042e-01 9.933500000000011765e-03 -6.622500000000003384e-03 1.655750000000011379e-03 3.311499999999995003e-03 2.577509547413782798e+01
4.801320000000000032e-01 1.993379999999999874e-01 1.655650000000002953e-02 -3.311000000000008381e-03 4.967249999999992505e-03 9.933750000000005076e-03 3.758571174725313568e+01
5.066230000000000455e-01 1.993379999999999874e-01 1.986799999999999677e-02 1.324500000000000677e-02 -3.311500000000022759e-03 1.821175000000000571e-02 2.979838117756947113e+01
5.198679999999999968e-01 2.258280000000000010e-01 9.933499999999984009e-03 3.311250000000000304e-02 -9.933999999999998387e-03 1.324499999999999983e-02 1.114615206311134088e+01
5.264900000000000135e-01 2.655629999999999935e-01 0.000000000000000000e+00 3.973500000000000643e-02 -1.324499999999999289e-02 1.655750000000004440e-03 8.388909861163535098e+00
5.198679999999999968e-01 3.052980000000000138e-01 -1.655650000000000177e-02 3.642400000000001192e-02 -9.933999999999998387e-03 -9.933750000000012015e-03 8.217142437129558274e+00
4.933770000000000100e-01 3.384110000000000174e-01 -1.986799999999999677e-02 1.986749999999998240e-02 -4.966750000000005882e-03 -1.324525000000001396e-02 1.631239612072365119e+01
4.801320000000000032e-01 3.450329999999999786e-01 -2.649000000000001354e-02 9.933499999999984009e-03 -9.933499999999997887e-03 -4.966749999999992005e-03 1.016790457173612339e+01
4.403969999999999829e-01 3.582779999999999854e-01 -3.973499999999999255e-02 9.933999999999998387e-03 -1.655499999999990313e-03 -3.310999999999994503e-03 2.154126215223206575e+00
4.006620000000000181e-01 3.649009999999999754e-01 -2.980099999999999416e-02 3.311499999999995003e-03 8.278249999999987008e-03 -3.311499999999995003e-03 2.643841557840684864e+00
3.807949999999999946e-01 3.649009999999999754e-01 -2.317850000000001853e-02 3.311000000000008381e-03 4.966749999999992005e-03 -2.499999999933111283e-07 -1.280746690069179294e+00
3.543049999999999811e-01 3.715229999999999921e-01 -1.986750000000001015e-02 3.311000000000008381e-03 9.933500000000011765e-03 -1.655500000000004190e-03 1.013032428441037558e-04
3.410599999999999743e-01 3.715229999999999921e-01 -3.311499999999995003e-03 0.000000000000000000e+00 1.986750000000001015e-02 -3.311000000000008381e-03 3.019323602664052260e+02
3.476819999999999911e-01 3.715229999999999921e-01 1.986750000000001015e-02 -3.311000000000008381e-03 2.317900000000000515e-02 -3.311250000000001692e-03 1.341254889396091166e+00
3.807949999999999946e-01 3.649009999999999754e-01 4.304650000000001531e-02 -6.622500000000003384e-03 9.933749999999991198e-03 -2.499999999933111283e-07 7.961807680012943367e-01
4.337750000000000217e-01 3.582779999999999854e-01 3.973499999999999255e-02 -3.311499999999995003e-03 -1.387778780781445676e-17 3.311250000000001692e-03 2.075566215510963541e+00
4.602649999999999797e-01 3.582779999999999854e-01 4.304649999999998755e-02 0.000000000000000000e+00 6.622500000000003384e-03 1.655749999999997502e-03 8.935504379228288441e-01
5.198679999999999968e-01 3.582779999999999854e-01 5.297999999999999932e-02 0.000000000000000000e+00 -1.655749999999983624e-03 1.655749999999997502e-03 5.898897580388525741e-01
5.662249999999999783e-01 3.582779999999999854e-01 3.973500000000002030e-02 3.311499999999995003e-03 -9.933750000000005076e-03 -1.655499999999990313e-03 -5.187740246469584315e-01
5.993380000000000374e-01 3.649009999999999754e-01 3.311249999999998916e-02 -3.310999999999980625e-03 -6.622500000000031140e-03 -9.933999999999984509e-03 -9.521055954874013239e+00
6.324499999999999567e-01 3.516560000000000241e-01 2.648999999999995802e-02 -1.655649999999997402e-02 -9.933749999999991198e-03 -8.278250000000014763e-03 -1.258902495917522835e+01
6.523179999999999534e-01 3.317880000000000273e-01 1.324500000000000677e-02 -1.986750000000001015e-02 -9.933749999999963443e-03 -3.311250000000015570e-03 -1.771844864093126759e+01
6.589399999999999702e-01 3.119210000000000038e-01 6.622500000000031140e-03 -2.317900000000000515e-02 -4.966749999999992005e-03 -1.655749999999997502e-03 -9.000698648042797956e+00
6.655630000000000157e-01 2.854300000000000170e-01 3.311500000000022759e-03 -2.317900000000000515e-02 -8.278250000000014763e-03 4.966999999999999194e-03 -1.366675670724887937e+01
6.655630000000000157e-01 2.655629999999999935e-01 -9.933999999999998387e-03 -1.324500000000000677e-02 -1.158950000000000258e-02 1.324500000000000677e-02 -6.281554413388859359e+01
6.456950000000000189e-01 2.589400000000000035e-01 -1.986749999999998240e-02 3.311000000000008381e-03 2.500000000071889161e-07 1.324500000000000677e-02 -3.220480760074924120e+01
6.258280000000000509e-01 2.721850000000000103e-01 -9.933499999999984009e-03 1.324500000000000677e-02 1.324499999999997901e-02 8.278499999999994197e-03 -5.677804994236679192e+01
6.258280000000000509e-01 2.854300000000000170e-01 6.622499999999975628e-03 1.986799999999999677e-02 1.158924999999996763e-02 2.499999999933111283e-07 -2.506749569404545497e+01
6.390730000000000022e-01 3.119210000000000038e-01 1.324499999999995126e-02 1.324549999999999339e-02 3.311249999999987814e-03 -9.933999999999998387e-03 -2.669259196586549976e+01
6.523179999999999534e-01 3.119210000000000038e-01 1.324499999999995126e-02 0.000000000000000000e+00 0.000000000000000000e+00 -1.324549999999999339e-02 -7.550303888972307220e+01
