4.271519999999999762e-01 2.390730000000000077e-01 -6.621999999999961251e-03 0.000000000000000000e+00 -5.000000000143778323e-07 0.000000000000000000e+00 0.000000000000000000e+00
4.205300000000000149e-01 2.390730000000000077e-01 -6.622499999999975628e-03 0.000000000000000000e+00 -2.500000000210667039e-07 0.000000000000000000e+00 0.000000000000000000e+00
4.139070000000000249e-01 2.390730000000000077e-01 -6.622500000000003384e-03 0.000000000000000000e+00 -1.387778780781445676e-17 0.000000000000000000e+00 0.000000000000000000e+00
4.072850000000000081e-01 2.390730000000000077e-01 -6.622500000000003384e-03 0.000000000000000000e+00 0.000000000000000000e+00 0.000000000000000000e+00 -0.000000000000000000e+00
4.006620000000000181e-01 2.390730000000000077e-01 -6.622500000000003384e-03 0.000000000000000000e+00 -1.655500000000004190e-03 0.000000000000000000e+00 0.000000000000000000e+00
3.940400000000000014e-01 2.390730000000000077e-01 -9.933500000000011765e-03 0.000000000000000000e+00 -1.655749999999997502e-03 0.000000000000000000e+00 0.000000000000000000e+00
3.807949999999999946e-01 2.390730000000000077e-01 -9.933999999999998387e-03 0.000000000000000000e+00 1.655500000000004190e-03 0.000000000000000000e+00 -0.000000000000000000e+00
3.741720000000000046e-01 2.390730000000000077e-01 -6.622500000000003384e-03 0.000000000000000000e+00 2.499999999933111283e-07 -6.622500000000003384e-03 1.510003775009436708e+02
3.675499999999999878e-01 2.390730000000000077e-01 -9.933500000000011765e-03 -1.324500000000000677e-02 -1.655749999999997502e-03 -8.278250000000000886e-03 1.328784714486856089e+01
3.543049999999999811e-01 2.125829999999999942e-01 -9.933999999999998387e-03 -1.655650000000000177e-02 -2.499999999933111283e-07 -1.655749999999997502e-03 2.284505366420287675e+00
3.476819999999999911e-01 2.059600000000000042e-01 -9.933999999999998387e-03 -1.655650000000000177e-02 1.655749999999997502e-03 2.500000000002500222e-07 3.808083969045610306e+00
3.344369999999999843e-01 1.794699999999999906e-01 -6.622500000000003384e-03 -1.655600000000000127e-02 4.966999999999999194e-03 3.311500000000001942e-03 1.063615651384528960e+01
3.344369999999999843e-01 1.728480000000000016e-01 0.000000000000000000e+00 -9.933499999999997887e-03 3.311250000000001692e-03 -1.655749999999997502e-03 3.355732847982297073e+01
3.344369999999999843e-01 1.596029999999999949e-01 0.000000000000000000e+00 -1.986749999999999627e-02 0.000000000000000000e+00 -6.622750000000000165e-03 0.000000000000000000e+00
3.344369999999999843e-01 1.331130000000000091e-01 0.000000000000000000e+00 -2.317899999999999822e-02 3.311250000000001692e-03 3.311249999999994753e-03 6.163147765373099496e+00
3.344369999999999843e-01 1.132449999999999984e-01 6.622500000000003384e-03 -1.324500000000000677e-02 8.278250000000000886e-03 6.622499999999999915e-03 4.727110506924234556e+01
3.476819999999999911e-01 1.066229999999999956e-01 1.655650000000000177e-02 -9.933999999999998387e-03 3.311250000000001692e-03 3.311000000000004911e-03 1.218552369288517490e+01
3.675499999999999878e-01 9.337700000000000167e-02 1.324500000000000677e-02 -6.622999999999996945e-03 -1.655749999999997502e-03 4.966999999999999194e-03 1.688159064415402710e+01
3.741720000000000046e-01 9.337700000000000167e-02 1.324500000000000677e-02 0.000000000000000000e+00 0.000000000000000000e+00 3.311499999999998473e-03 1.887647225724327882e+01
3.940400000000000014e-01 9.337700000000000167e-02 1.324500000000000677e-02 0.000000000000000000e+00 -3.311250000000001692e-03 1.655750000000000971e-03 9.438236128621650067e+00
4.006620000000000181e-01 9.337700000000000167e-02 6.622500000000003384e-03 3.311500000000001942e-03 -1.655500000000004190e-03 4.966999999999999194e-03 9.453894693930641324e+01
4.072850000000000081e-01 1.000000000000000056e-01 9.933999999999998387e-03 9.933999999999998387e-03 0.000000000000000000e+00 4.966749999999995474e-03 1.779422163660004230e+01
4.205300000000000149e-01 1.132449999999999984e-01 6.622500000000003384e-03 1.324499999999999289e-02 -4.966999999999999194e-03 3.469446951953614189e-18 2.025933637162320267e+01
4.205300000000000149e-01 1.264899999999999913e-01 0.000000000000000000e+00 9.934000000000005326e-03 -3.311250000000001692e-03 -9.933749999999994668e-03 3.355395053700303265e+01
4.205300000000000149e-01 1.331130000000000091e-01 0.000000000000000000e+00 -6.622499999999996445e-03 1.655499999999990313e-03 -9.934000000000005326e-03 3.774724423598507883e+01
4.205300000000000149e-01 1.132449999999999984e-01 3.310999999999980625e-03 -9.934000000000005326e-03 3.311250000000001692e-03 0.000000000000000000e+00 2.864973036660508043e+01
4.271519999999999762e-01 1.132449999999999984e-01 6.622500000000003384e-03 -6.622499999999996445e-03 3.311500000000008881e-03 3.469446951953614189e-18 2.669536307595303981e+01
4.337750000000000217e-01 1.000000000000000056e-01 9.933999999999998387e-03 -9.933999999999998387e-03 6.622499999999989506e-03 -3.469446951953614189e-18 2.372622596031280651e+01
4.470199999999999729e-01 9.337700000000000167e-02 1.986749999999998240e-02 -6.622500000000003384e-03 8.278000000000007574e-03 3.311499999999998473e-03 1.313184145891029431e+01
4.735099999999999865e-01 8.675499999999999878e-02 2.649000000000001354e-02 -3.311000000000001442e-03 -1.655499999999976435e-03 3.311250000000001692e-03 4.322202817849539969e+00
5.000000000000000000e-01 8.675499999999999878e-02 1.655650000000002953e-02 0.000000000000000000e+00 -4.966750000000019760e-03 3.311000000000001442e-03 1.207875337349732803e+01
5.066230000000000455e-01 8.675499999999999878e-02 1.655649999999997402e-02 3.311000000000001442e-03 -1.655750000000039135e-03 6.622499999999999915e-03 2.391819584335194904e+01
5.331129999999999480e-01 9.337700000000000167e-02 1.324499999999995126e-02 1.324499999999999983e-02 -8.278249999999987008e-03 1.158974999999999589e-02 4.004102926113805694e+01
5.331129999999999480e-01 1.132449999999999984e-01 0.000000000000000000e+00 2.649049999999999322e-02 -6.622499999999975628e-03 4.966999999999999194e-03 9.437167336489212133e+00
5.331129999999999480e-01 1.463579999999999881e-01 0.000000000000000000e+00 2.317899999999999822e-02 -3.311249999999987814e-03 -1.655999999999994282e-03 6.163147765373073739e+00
5.331129999999999480e-01 1.596029999999999949e-01 -6.622499999999975628e-03 2.317850000000000465e-02 -6.622499999999975628e-03 6.622249999999999664e-03 7.827214153776520966e+00
5.198679999999999968e-01 1.927149999999999974e-01 -1.324499999999995126e-02 3.642349999999999755e-02 -8.278250000000014763e-03 4.966999999999999194e-03 4.049254384156538933e+00
5.066230000000000455e-01 2.324499999999999900e-01 -2.317900000000000515e-02 3.311250000000000304e-02 -8.278250000000042519e-03 -1.158924999999999539e-02 8.219256157980881383e+00
4.735099999999999865e-01 2.589400000000000035e-01 -2.980150000000003629e-02 1.324500000000000677e-02 -1.655499999999990313e-03 -1.655625000000000152e-02 1.485734647477324799e+01
4.470199999999999729e-01 2.589400000000000035e-01 -2.648999999999998578e-02 0.000000000000000000e+00 4.967000000000026949e-03 -6.622500000000003384e-03 9.437523593809000744e+00
4.205300000000000149e-01 2.589400000000000035e-01 -1.986749999999998240e-02 0.000000000000000000e+00 6.622499999999989506e-03 0.000000000000000000e+00 -0.000000000000000000e+00
4.072850000000000081e-01 2.589400000000000035e-01 -1.324500000000000677e-02 0.000000000000000000e+00 4.966749999999992005e-03 0.000000000000000000e+00 -0.000000000000000000e+00
3.940400000000000014e-01 2.589400000000000035e-01 -9.933999999999998387e-03 0.000000000000000000e+00 3.311250000000001692e-03 0.000000000000000000e+00 -0.000000000000000000e+00
3.874170000000000114e-01 2.589400000000000035e-01 -6.622500000000003384e-03 0.000000000000000000e+00 6.622749999999996695e-03 0.000000000000000000e+00 -0.000000000000000000e+00
3.807949999999999946e-01 2.589400000000000035e-01 3.311499999999995003e-03 0.000000000000000000e+00 1.158925000000000927e-02 0.000000000000000000e+00 0.000000000000000000e+00
3.940400000000000014e-01 2.589400000000000035e-01 1.655600000000001515e-02 0.000000000000000000e+00 6.622249999999996195e-03 0.000000000000000000e+00 0.000000000000000000e+00
4.139070000000000249e-01 2.589400000000000035e-01 1.655599999999998739e-02 0.000000000000000000e+00 4.966999999999985316e-03 0.000000000000000000e+00 0.000000000000000000e+00
4.271519999999999762e-01 2.589400000000000035e-01 2.648999999999998578e-02 0.000000000000000000e+00 8.278250000000014763e-03 0.000000000000000000e+00 0.000000000000000000e+00
4.668869999999999965e-01 2.589400000000000035e-01 3.311250000000001692e-02 0.000000000000000000e+00 4.966999999999999194e-03 3.311250000000001692e-03 3.020007550018873221e+00
4.933770000000000100e-01 2.589400000000000035e-01 3.642399999999998417e-02 6.622500000000003384e-03 3.311499999999995003e-03 3.311250000000001692e-03 1.944792267121322249e+00
5.397349999999999648e-01 2.721850000000000103e-01 3.973550000000000693e-02 6.622500000000003384e-03 -3.311249999999973936e-03 -8.278000000000007574e-03 -4.696305757759018817e+00
5.728480000000000238e-01 2.721850000000000103e-01 2.980150000000003629e-02 -9.933500000000011765e-03 -1.158974999999999589e-02 -1.324500000000000677e-02 -1.644728375675030208e+01
5.993380000000000374e-01 2.523179999999999867e-01 1.655600000000001515e-02 -1.986750000000001015e-02 -1.158950000000003033e-02 -4.966999999999992255e-03 -1.806636586949802492e+01
6.059600000000000541e-01 2.324499999999999900e-01 6.622499999999975628e-03 -1.986749999999999627e-02 -6.622250000000023951e-03 3.311250000000008631e-03 -1.193708723530488491e+01
6.125829999999999886e-01 2.125829999999999942e-01 3.311499999999967248e-03 -1.324499999999999289e-02 -9.933749999999991198e-03 8.278000000000000635e-03 -4.093035980847152189e+01
6.125829999999999886e-01 2.059600000000000042e-01 -1.324500000000000677e-02 -3.311499999999995003e-03 -1.158949999999997482e-02 6.622499999999996445e-03 -4.954936639425781664e+01
5.860929999999999751e-01 2.059600000000000042e-01 -1.986749999999998240e-02 0.000000000000000000e+00 -1.655749999999983624e-03 9.933999999999998387e-03 -2.516736294776859850e+01
5.728480000000000238e-01 2.059600000000000042e-01 -1.655649999999997402e-02 1.655650000000000177e-02 4.966749999999992005e-03 1.158949999999999564e-02 -2.135403328024294112e+01
5.529800000000000271e-01 2.390730000000000077e-01 -9.933999999999998387e-03 2.317899999999999128e-02 8.278249999999987008e-03 -3.311500000000001942e-03 -9.913376561321419089e+00
5.529800000000000271e-01 2.523179999999999867e-01 0.000000000000000000e+00 9.933499999999997887e-03 6.622749999999982817e-03 -9.933999999999991448e-03 -6.711719054427992148e+01
5.529800000000000271e-01 2.589400000000000035e-01 3.311499999999967248e-03 3.311000000000008381e-03 3.311499999999967248e-03 -4.966749999999998944e-03 -2.669415354473624689e+02
5.596029999999999616e-01 2.589400000000000035e-01 6.622999999999934495e-03 0.000000000000000000e+00 3.311499999999967248e-03 -3.311000000000008381e-03 -7.548309006660257126e+01
