4.933770000000000100e-01 2.920530000000000070e-01 -6.622000000000016762e-03 0.000000000000000000e+00 -4.999999999866222566e-07 0.000000000000000000e+00 0.000000000000000000e+00
4.867549999999999932e-01 2.920530000000000070e-01 -6.622500000000003384e-03 0.000000000000000000e+00 -1.655999999999990813e-03 -3.311250000000001692e-03 7.550018875047183542e+01
4.801320000000000032e-01 2.920530000000000070e-01 -9.933999999999998387e-03 -6.622500000000003384e-03 -1.655500000000004190e-03 -4.966999999999999194e-03 2.255151986812857956e+01
4.668869999999999965e-01 2.788080000000000003e-01 -9.933500000000011765e-03 -9.933999999999998387e-03 2.499999999933111283e-07 0.000000000000000000e+00 8.957348930447712977e-04
4.602649999999999797e-01 2.721850000000000103e-01 -9.933500000000011765e-03 -6.622500000000003384e-03 -2.499999999933111283e-07 1.655749999999997502e-03 -9.666572945580075071e+00
4.470199999999999729e-01 2.655629999999999935e-01 -9.933999999999998387e-03 -6.622500000000003384e-03 1.655500000000018068e-03 -1.655749999999997502e-03 1.610732511667112377e+01
4.403969999999999829e-01 2.589400000000000035e-01 -6.622499999999975628e-03 -9.933999999999998387e-03 1.655749999999997502e-03 -3.311250000000001692e-03 2.255054701264080208e+01
4.337750000000000217e-01 2.456949999999999967e-01 -6.622500000000003384e-03 -1.324500000000000677e-02 -1.387778780781445676e-17 -1.655499999999997252e-03 3.376216162997939918e+00
4.271519999999999762e-01 2.324499999999999900e-01 -6.622500000000003384e-03 -1.324499999999999289e-02 1.655750000000011379e-03 6.938893903907228378e-18 6.753452022813625000e+00
4.205300000000000149e-01 2.192050000000000110e-01 -3.310999999999980625e-03 -1.324499999999999289e-02 3.311250000000001692e-03 -1.655500000000004190e-03 1.938856470075880623e+01
4.205300000000000149e-01 2.059600000000000042e-01 0.000000000000000000e+00 -1.655600000000000127e-02 4.966749999999992005e-03 -6.938893903907228378e-18 1.812013650319198632e+01
4.205300000000000149e-01 1.860930000000000084e-01 6.622500000000003384e-03 -1.324500000000000677e-02 4.966749999999992005e-03 3.311000000000001442e-03 2.701074900080156738e+01
4.337750000000000217e-01 1.794699999999999906e-01 9.933499999999984009e-03 -9.933999999999998387e-03 1.655499999999990313e-03 1.655750000000004440e-03 1.186371006536965389e+01
4.403969999999999829e-01 1.662250000000000116e-01 9.933499999999984009e-03 -9.933499999999997887e-03 3.311500000000008881e-03 3.311499999999995003e-03 2.373040604146287080e+01
4.536419999999999897e-01 1.596029999999999949e-01 1.655650000000000177e-02 -3.311000000000008381e-03 1.655750000000011379e-03 4.966749999999998944e-03 1.822295325345629990e+01
4.735099999999999865e-01 1.596029999999999949e-01 1.324500000000000677e-02 0.000000000000000000e+00 -3.311499999999995003e-03 1.655500000000004190e-03 9.436811058996328327e+00
4.801320000000000032e-01 1.596029999999999949e-01 9.933500000000011765e-03 0.000000000000000000e+00 -1.655500000000004190e-03 1.655500000000004190e-03 1.677739744759438167e+01
4.933770000000000100e-01 1.596029999999999949e-01 9.933999999999998387e-03 3.311000000000008381e-03 -1.655249999999997002e-03 3.311250000000001692e-03 3.342312333863792873e+01
5.000000000000000000e-01 1.662250000000000116e-01 6.623000000000017762e-03 6.622500000000003384e-03 -3.311249999999987814e-03 1.655749999999990563e-03 4.003750249836114250e+01
5.066230000000000455e-01 1.728480000000000016e-01 3.311500000000022759e-03 6.622499999999989506e-03 -1.656000000000032446e-03 0.000000000000000000e+00 2.701666296519162458e+01
5.066230000000000455e-01 1.794699999999999906e-01 3.310999999999952870e-03 6.622500000000003384e-03 1.655499999999976435e-03 -1.655499999999990313e-03 -4.051540960564826577e+01
5.132449999999999513e-01 1.860930000000000084e-01 6.622499999999975628e-03 3.311500000000008881e-03 1.655750000000039135e-03 -3.311250000000001692e-03 -6.752840203183481549e+01
5.198679999999999968e-01 1.860930000000000084e-01 6.622500000000031140e-03 0.000000000000000000e+00 1.655500000000004190e-03 -1.655750000000004440e-03 -3.775294451448635868e+01
5.264900000000000135e-01 1.860930000000000084e-01 9.933499999999984009e-03 0.000000000000000000e+00 1.655749999999983624e-03 -1.655750000000004440e-03 -1.677993103222866722e+01
5.397349999999999648e-01 1.860930000000000084e-01 9.933999999999998387e-03 -3.311500000000008881e-03 2.500000000071889161e-07 -1.655750000000004440e-03 -1.432457676676880531e+01
5.463580000000000103e-01 1.794699999999999906e-01 9.933999999999998387e-03 -3.311500000000008881e-03 -2.500000000071889161e-07 2.500000000071889161e-07 1.441938424581355781e-03
5.596029999999999616e-01 1.794699999999999906e-01 9.933499999999984009e-03 -3.310999999999994503e-03 -2.499999999794333405e-07 2.500000000071889161e-07 1.442199728230616996e-03
5.662249999999999783e-01 1.728480000000000016e-01 9.933500000000039520e-03 -3.310999999999994503e-03 2.500000000071889161e-07 1.655499999999997252e-03 1.432573042201792290e+01
5.794700000000000406e-01 1.728480000000000016e-01 9.933999999999998387e-03 0.000000000000000000e+00 -1.655500000000031946e-03 3.310999999999994503e-03 3.355141720740414257e+01
5.860929999999999751e-01 1.728480000000000016e-01 6.622499999999975628e-03 3.310999999999994503e-03 -3.311499999999995003e-03 3.311250000000001692e-03 8.103897684741426133e+01
5.927149999999999919e-01 1.794699999999999906e-01 3.311000000000008381e-03 6.622500000000003384e-03 -3.311249999999987814e-03 3.311500000000001942e-03 8.103897684741340868e+01
5.927149999999999919e-01 1.860930000000000084e-01 0.000000000000000000e+00 9.933999999999998387e-03 -1.655500000000004190e-03 3.311249999999994753e-03 1.677570860370213879e+01
5.927149999999999919e-01 1.993379999999999874e-01 0.000000000000000000e+00 1.324499999999999289e-02 -3.311249999999987814e-03 4.966750000000005882e-03 1.887504718761792333e+01
5.927149999999999919e-01 2.125829999999999942e-01 -6.622499999999975628e-03 1.986750000000001015e-02 -4.966749999999992005e-03 3.311250000000001692e-03 8.356069219893532463e+00
5.794700000000000406e-01 2.390730000000000077e-01 -9.933499999999984009e-03 1.986749999999999627e-02 -1.655500000000031946e-03 -4.967000000000006132e-03 7.503155776752568507e+00
5.728480000000000238e-01 2.523179999999999867e-01 -9.933500000000039520e-03 9.933499999999997887e-03 -1.655750000000011379e-03 -4.966999999999992255e-03 2.372951028402498252e+01
5.596029999999999616e-01 2.589400000000000035e-01 -1.324500000000000677e-02 9.933500000000011765e-03 -1.655749999999983624e-03 2.500000000002500222e-07 3.623560313330600025e+00
5.463580000000000103e-01 2.721850000000000103e-01 -1.324500000000000677e-02 9.933999999999998387e-03 0.000000000000000000e+00 -3.311000000000008381e-03 9.663031878054482604e+00
5.331129999999999480e-01 2.788080000000000003e-01 -1.324500000000000677e-02 3.311499999999995003e-03 -4.966999999999985316e-03 -3.311499999999995003e-03 2.369885252955044663e+01
5.198679999999999968e-01 2.788080000000000003e-01 -2.317899999999997740e-02 3.311000000000008381e-03 -6.622749999999996695e-03 -2.499999999933111283e-07 1.708714758240257536e+00
4.867549999999999932e-01 2.854300000000000170e-01 -2.649050000000000016e-02 3.311000000000008381e-03 3.311249999999987814e-03 -1.655500000000004190e-03 1.728680318035278551e+00
4.668869999999999965e-01 2.854300000000000170e-01 -1.655650000000000177e-02 0.000000000000000000e+00 6.622749999999996695e-03 -1.655500000000004190e-03 6.039376686748696876e+00
4.536419999999999897e-01 2.854300000000000170e-01 -1.324500000000000677e-02 0.000000000000000000e+00 1.655749999999997502e-03 0.000000000000000000e+00 -0.000000000000000000e+00
4.403969999999999829e-01 2.854300000000000170e-01 -1.324500000000000677e-02 0.000000000000000000e+00 1.387778780781445676e-17 0.000000000000000000e+00 -0.000000000000000000e+00
4.271519999999999762e-01 2.854300000000000170e-01 -1.324499999999997901e-02 0.000000000000000000e+00 1.387778780781445676e-17 -1.655500000000004190e-03 9.436811058996370960e+00
4.139070000000000249e-01 2.854300000000000170e-01 -1.324499999999997901e-02 -3.311000000000008381e-03 1.655749999999983624e-03 -1.655500000000004190e-03 1.077095493210658539e+01
4.006620000000000181e-01 2.788080000000000003e-01 -9.933500000000011765e-03 -3.311000000000008381e-03 3.311249999999987814e-03 -2.499999999933111283e-07 9.552409844687264950e+00
3.940400000000000014e-01 2.788080000000000003e-01 -6.622500000000003384e-03 -3.311499999999995003e-03 4.966750000000005882e-03 -2.499999999933111283e-07 4.052193541892717121e+01
3.874170000000000114e-01 2.721850000000000103e-01 0.000000000000000000e+00 -3.311499999999995003e-03 8.278250000000000886e-03 1.655749999999997502e-03 7.548992936802667373e+02
3.940400000000000014e-01 2.721850000000000103e-01 9.933999999999998387e-03 0.000000000000000000e+00 1.158924999999999539e-02 3.311499999999995003e-03 3.355648386660187299e+01
4.072850000000000081e-01 2.721850000000000103e-01 2.317849999999999078e-02 3.311499999999995003e-03 9.933499999999997887e-03 3.311250000000001692e-03 3.416647902698738193e+00
4.403969999999999829e-01 2.788080000000000003e-01 2.980099999999999416e-02 6.622500000000003384e-03 1.655750000000011379e-03 1.655500000000004190e-03 1.348658166192108654e+00
4.668869999999999965e-01 2.854300000000000170e-01 2.649000000000001354e-02 6.622500000000003384e-03 -1.655249999999997002e-03 0.000000000000000000e+00 5.384511149155628562e-01
4.933770000000000100e-01 2.920530000000000070e-01 2.649050000000000016e-02 6.622500000000003384e-03 2.499999999933111283e-07 0.000000000000000000e+00 -8.132040772631927397e-05
5.198679999999999968e-01 2.986750000000000238e-01 2.649050000000000016e-02 6.622500000000003384e-03 -1.656000000000004690e-03 -1.655500000000004190e-03 -1.615389236252839700e+00
5.463580000000000103e-01 3.052980000000000138e-01 2.317849999999999078e-02 3.311499999999995003e-03 -2.499999999933111283e-07 0.000000000000000000e+00 6.449791145778830217e-05
5.662249999999999783e-01 3.052980000000000138e-01 2.649000000000001354e-02 6.622500000000003384e-03 2.500000000071889161e-07 1.655500000000004190e-03 2.154048433887412628e+00
5.993380000000000374e-01 3.185430000000000206e-01 2.317900000000000515e-02 6.622500000000003384e-03 -4.967000000000026949e-03 -3.311250000000001692e-03 -3.130698345166091023e+00
6.125829999999999886e-01 3.185430000000000206e-01 1.655599999999995964e-02 0.000000000000000000e+00 -3.311499999999995003e-03 -3.311250000000001692e-03 -1.208039502616296268e+01
6.324499999999999567e-01 3.185430000000000206e-01 1.655600000000001515e-02 0.000000000000000000e+00 -3.310999999999980625e-03 0.000000000000000000e+00 0.000000000000000000e+00
6.456950000000000189e-01 3.185430000000000206e-01 9.933999999999998387e-03 0.000000000000000000e+00 -1.655500000000004190e-03 -1.655500000000004190e-03 -1.677570860370213879e+01
6.523179999999999534e-01 3.185430000000000206e-01 1.324500000000000677e-02 -3.311000000000008381e-03 3.311000000000008381e-03 -6.622500000000003384e-03 -3.016114612480929935e+01
6.721850000000000325e-01 3.119210000000000038e-01 1.655600000000001515e-02 -1.324500000000000677e-02 -1.655500000000004190e-03 -6.622749999999996695e-03 -1.380473957086989678e+01
6.854299999999999837e-01 2.920530000000000070e-01 9.933999999999998387e-03 -1.655650000000000177e-02 -4.966749999999992005e-03 -3.311250000000001692e-03 -1.599395268388414060e+01
6.920530000000000292e-01 2.788080000000000003e-01 6.622500000000031140e-03 -1.986750000000001015e-02 -3.311499999999995003e-03 0.000000000000000000e+00 -7.163117582624215274e+00
6.986750000000000460e-01 2.523179999999999867e-01 3.311000000000008381e-03 -1.655650000000000177e-02 -4.966750000000019760e-03 6.622500000000010323e-03 -1.252857058241779598e+01
6.986750000000000460e-01 2.456949999999999967e-01 -3.311000000000008381e-03 -6.622499999999989506e-03 -8.278000000000007574e-03 3.311500000000001942e-03 -1.620759143627895185e+02
6.920530000000000292e-01 2.390730000000000077e-01 -1.324500000000000677e-02 -9.933499999999997887e-03 -6.622750000000010573e-03 -6.938893903907228378e-18 -1.449661264740456978e+01
6.721850000000000325e-01 2.258280000000000010e-01 -1.655650000000002953e-02 -6.622500000000003384e-03 0.000000000000000000e+00 4.966749999999998944e-03 -1.450277012392955633e+01
6.589399999999999702e-01 2.258280000000000010e-01 -1.324500000000000677e-02 0.000000000000000000e+00 1.655750000000011379e-03 4.966749999999998944e-03 -2.831185824661424633e+01
6.456950000000000189e-01 2.258280000000000010e-01 -1.324500000000000677e-02 3.310999999999994503e-03 1.655750000000011379e-03 3.311250000000001692e-03 -1.938888997949921134e+01
6.324499999999999567e-01 2.324499999999999900e-01 -9.933499999999984009e-03 6.622500000000003384e-03 8.278250000000014763e-03 4.967000000000006132e-03 -6.121287213853765508e+01
6.258280000000000509e-01 2.390730000000000077e-01 3.311500000000022759e-03 1.324500000000000677e-02 1.158924999999996763e-02 3.311249999999994753e-03 -5.600988043304256081e+01
6.390730000000000022e-01 2.589400000000000035e-01 1.324499999999995126e-02 1.324499999999999289e-02 4.966749999999992005e-03 -3.311250000000001692e-03 -1.668309040787704944e+01
6.523179999999999534e-01 2.655629999999999935e-01 1.324500000000000677e-02 6.622500000000003384e-03 5.551115123125782702e-17 -3.311499999999988064e-03 -1.350690404562722868e+01
6.655630000000000157e-01 2.721850000000000103e-01 1.324500000000006228e-02 6.622000000000016762e-03 5.551115123125782702e-17 -4.999999999866222566e-07 -2.039486019975453659e-03
