2.284770000000000134e-01 2.059600000000000042e-01 0.000000000000000000e+00 6.622999999999990006e-03 -3.311500000000008881e-03 -4.999999999866222566e-07 7.549448890231056453e+01
2.284770000000000134e-01 2.125829999999999942e-01 -3.311500000000008881e-03 6.622500000000003384e-03 -3.311250000000001692e-03 -1.655999999999990813e-03 6.753044148705197358e+01
2.218539999999999957e-01 2.192050000000000110e-01 -6.622500000000003384e-03 3.311000000000008381e-03 -1.655499999999997252e-03 -3.311250000000001692e-03 6.753044142546684725e+01
2.152320000000000066e-01 2.192050000000000110e-01 -6.622500000000003384e-03 0.000000000000000000e+00 0.000000000000000000e+00 -3.311000000000008381e-03 7.549448847197062662e+01
2.086089999999999889e-01 2.192050000000000110e-01 -6.622500000000003384e-03 -3.311000000000008381e-03 6.938893903907228378e-18 -1.655500000000004190e-03 2.701095284777858652e+01
2.019869999999999999e-01 2.125829999999999942e-01 -6.622499999999989506e-03 -3.311000000000008381e-03 -1.655749999999997502e-03 -2.499999999933111283e-07 -1.350241711786874887e+01
1.953640000000000099e-01 2.125829999999999942e-01 -9.933999999999998387e-03 -3.311499999999995003e-03 -3.311250000000008631e-03 -1.655749999999997502e-03 4.775339604686622330e+00
1.821190000000000031e-01 2.059600000000000042e-01 -1.324500000000000677e-02 -6.622500000000003384e-03 -1.655500000000004190e-03 -1.655500000000004190e-03 3.376216162998010972e+00
1.688739999999999963e-01 1.993379999999999874e-01 -1.324500000000000677e-02 -6.622500000000003384e-03 1.655750000000004440e-03 -1.655749999999997502e-03 1.013017803422037133e+01
1.556289999999999896e-01 1.927149999999999974e-01 -9.933499999999997887e-03 -9.933999999999998387e-03 1.655750000000004440e-03 -1.655499999999997252e-03 1.186371011045396173e+01
1.490070000000000006e-01 1.794699999999999906e-01 -9.933499999999997887e-03 -9.933499999999997887e-03 -2.500000000002500222e-07 1.655750000000004440e-03 -5.933497267803494069e+00
1.357619999999999938e-01 1.728480000000000016e-01 -9.933999999999998387e-03 -6.622499999999989506e-03 1.655500000000000721e-03 -2.500000000002500222e-07 6.443708360439015514e+00
1.291390000000000038e-01 1.662250000000000116e-01 -6.622499999999996445e-03 -9.933999999999998387e-03 3.311499999999998473e-03 -1.655500000000011129e-03 2.577240119286032893e+01
1.225170000000000009e-01 1.529800000000000049e-01 -3.311000000000001442e-03 -9.933500000000011765e-03 3.311249999999998223e-03 2.500000000002500222e-07 2.865146095292231010e+01
1.225170000000000009e-01 1.463579999999999881e-01 0.000000000000000000e+00 -9.933499999999997887e-03 1.655500000000000721e-03 -2.499999999933111283e-07 1.677739744759439233e+01
1.225170000000000009e-01 1.331130000000000091e-01 0.000000000000000000e+00 -9.933999999999998387e-03 0.000000000000000000e+00 1.655499999999997252e-03 0.000000000000000000e+00
1.225170000000000009e-01 1.264899999999999913e-01 0.000000000000000000e+00 -6.622500000000003384e-03 1.655500000000000721e-03 1.655750000000000971e-03 3.774724423598523515e+01
1.225170000000000009e-01 1.198680000000000023e-01 3.311000000000001442e-03 -6.622499999999996445e-03 3.311249999999998223e-03 0.000000000000000000e+00 5.402598466759686602e+01
1.291390000000000038e-01 1.132449999999999984e-01 6.622499999999996445e-03 -6.622500000000003384e-03 1.655750000000000971e-03 0.000000000000000000e+00 1.334768153797649326e+01
1.357619999999999938e-01 1.066229999999999956e-01 6.622500000000003384e-03 -6.622499999999996445e-03 3.469446951953614189e-18 -2.499999999967805753e-07 -2.015352791426749425e-03
1.423840000000000106e-01 1.000000000000000056e-01 6.622500000000003384e-03 -6.622999999999996945e-03 -6.938893903907228378e-18 1.655499999999997252e-03 1.334415487029242264e+01
1.490070000000000006e-01 9.337700000000000167e-02 6.622499999999989506e-03 -3.311500000000001942e-03 0.000000000000000000e+00 3.311499999999998473e-03 5.402516872538080861e+01
1.556289999999999896e-01 9.337700000000000167e-02 6.622500000000003384e-03 0.000000000000000000e+00 6.938893903907228378e-18 1.655750000000000971e-03 3.775294451448660027e+01
1.622520000000000073e-01 9.337700000000000167e-02 6.622500000000003384e-03 0.000000000000000000e+00 -6.938893903907228378e-18 0.000000000000000000e+00 0.000000000000000000e+00
1.688739999999999963e-01 9.337700000000000167e-02 6.622499999999989506e-03 0.000000000000000000e+00 0.000000000000000000e+00 1.655750000000000971e-03 3.775294451448676369e+01
1.754969999999999863e-01 9.337700000000000167e-02 6.622500000000003384e-03 3.311500000000001942e-03 -1.655749999999990563e-03 3.311499999999998473e-03 6.753248063433474613e+01
1.821190000000000031e-01 1.000000000000000056e-01 3.311000000000008381e-03 6.622999999999996945e-03 -1.655500000000004190e-03 -3.469446951953614189e-18 2.700809781990015424e+01
1.821190000000000031e-01 1.066229999999999956e-01 3.311499999999995003e-03 3.311499999999995003e-03 2.499999999933111283e-07 -1.655999999999997752e-03 -5.339878543309119152e+01
1.887419999999999931e-01 1.066229999999999956e-01 3.311499999999995003e-03 3.311000000000001442e-03 1.655500000000004190e-03 -1.655749999999997502e-03 -1.067733905883270467e+02
1.887419999999999931e-01 1.132449999999999984e-01 6.622500000000003384e-03 0.000000000000000000e+00 3.311000000000001442e-03 -4.966749999999998944e-03 -1.132474329864569853e+02
2.019869999999999999e-01 1.066229999999999956e-01 9.933499999999997887e-03 -6.622499999999996445e-03 0.000000000000000000e+00 -3.311499999999998473e-03 -1.933119997677182411e+01
2.086089999999999889e-01 1.000000000000000056e-01 6.622500000000003384e-03 -6.622999999999996945e-03 -1.655499999999997252e-03 1.655499999999997252e-03 -1.007486211409377346e-03
2.152320000000000066e-01 9.337700000000000167e-02 6.622500000000003384e-03 -3.311500000000001942e-03 0.000000000000000000e+00 1.655999999999997752e-03 2.701666296519108101e+01
2.218539999999999957e-01 9.337700000000000167e-02 6.622500000000003384e-03 -3.311000000000001442e-03 1.655749999999997502e-03 2.500000000002500222e-07 1.351057506194822899e+01
2.284770000000000134e-01 8.675499999999999878e-02 9.933999999999998387e-03 -3.311000000000001442e-03 3.311249999999994753e-03 1.655500000000000721e-03 2.387273243965034553e+01
2.417219999999999924e-01 8.675499999999999878e-02 1.324499999999999289e-02 0.000000000000000000e+00 -2.499999999933111283e-07 1.655500000000000721e-03 9.436811058996330104e+00
2.549669999999999992e-01 8.675499999999999878e-02 9.933500000000011765e-03 0.000000000000000000e+00 -1.655749999999990563e-03 0.000000000000000000e+00 0.000000000000000000e+00
2.615890000000000160e-01 8.675499999999999878e-02 9.933500000000011765e-03 0.000000000000000000e+00 2.499999999933111283e-07 0.000000000000000000e+00 0.000000000000000000e+00
2.748340000000000227e-01 8.675499999999999878e-02 9.933999999999998387e-03 0.000000000000000000e+00 2.499999999933111283e-07 1.655500000000000721e-03 1.677570860370210326e+01
2.814570000000000127e-01 8.675499999999999878e-02 9.933999999999998387e-03 3.311000000000001442e-03 -1.655749999999997502e-03 3.311250000000001692e-03 3.342456523350941922e+01
2.947020000000000195e-01 9.337700000000000167e-02 6.622500000000003384e-03 6.622500000000003384e-03 -3.311250000000001692e-03 1.655999999999997752e-03 4.004304461392938919e+01
2.947020000000000195e-01 1.000000000000000056e-01 3.311499999999995003e-03 6.622999999999996945e-03 0.000000000000000000e+00 -3.469446951953614189e-18 -2.829799895544801749e-14
3.013250000000000095e-01 1.066229999999999956e-01 6.622500000000003384e-03 6.622499999999996445e-03 -2.499999999933111283e-07 1.655250000000000471e-03 1.334566618518495318e+01
3.079470000000000263e-01 1.132449999999999984e-01 3.311000000000008381e-03 9.933499999999997887e-03 -3.311250000000001692e-03 1.655750000000004440e-03 3.342766582082291649e+01
3.079470000000000263e-01 1.264899999999999913e-01 0.000000000000000000e+00 9.934000000000005326e-03 -1.655500000000004190e-03 2.500000000002500222e-07 1.677570860370211747e+01
3.079470000000000263e-01 1.331130000000000091e-01 0.000000000000000000e+00 9.933999999999998387e-03 -3.311250000000001692e-03 1.655499999999993782e-03 3.355395053700308239e+01
3.079470000000000263e-01 1.463579999999999881e-01 -6.622500000000003384e-03 1.324499999999999289e-02 -4.967000000000013071e-03 -2.499999999933111283e-07 2.025984622003202773e+01
2.947020000000000195e-01 1.596029999999999949e-01 -9.934000000000026143e-03 9.933500000000011765e-03 -1.655749999999997502e-03 -3.311249999999994753e-03 1.779616226216381492e+01
2.880789999999999740e-01 1.662250000000000116e-01 -9.933999999999998387e-03 6.622500000000003384e-03 2.500000000210667039e-07 2.499999999933111283e-07 -2.432175445031445685e-03
2.748340000000000227e-01 1.728480000000000016e-01 -9.933499999999984009e-03 9.933999999999998387e-03 2.499999999933111283e-07 0.000000000000000000e+00 -8.957348930447750924e-04
2.682120000000000060e-01 1.860930000000000084e-01 -9.933500000000011765e-03 6.622500000000003384e-03 -3.311500000000008881e-03 -3.311500000000001942e-03 3.221899097150389935e+01
2.549669999999999992e-01 1.860930000000000084e-01 -1.655650000000000177e-02 3.310999999999994503e-03 -3.311499999999995003e-03 -6.938893903907228378e-18 2.277890642967328905e+00
2.350990000000000024e-01 1.927149999999999974e-01 -1.655650000000000177e-02 6.622499999999989506e-03 1.655749999999997502e-03 1.655750000000004440e-03 -6.768611516447226251e+00
2.218539999999999957e-01 1.993379999999999874e-01 -1.324500000000000677e-02 6.622500000000003384e-03 -3.311000000000001442e-03 6.938893903907228378e-18 6.752432325995980200e+00
2.086089999999999889e-01 2.059600000000000042e-01 -2.317850000000000465e-02 6.622500000000003384e-03 -4.966749999999992005e-03 -1.655500000000004190e-03 5.087393724112621030e+00
1.754969999999999863e-01 2.125829999999999942e-01 -2.317849999999999078e-02 3.311499999999995003e-03 3.311000000000008381e-03 -3.311250000000001692e-03 5.125197577261261017e+00
1.622520000000000073e-01 2.125829999999999942e-01 -1.655649999999998789e-02 0.000000000000000000e+00 3.310999999999994503e-03 -1.655749999999997502e-03 6.040288703765708256e+00
1.423840000000000106e-01 2.125829999999999942e-01 -1.655650000000000177e-02 0.000000000000000000e+00 -3.311250000000008631e-03 0.000000000000000000e+00 0.000000000000000000e+00
1.291390000000000038e-01 2.125829999999999942e-01 -2.317900000000000515e-02 0.000000000000000000e+00 -1.655500000000000721e-03 0.000000000000000000e+00 0.000000000000000000e+00
9.602600000000000025e-02 2.125829999999999942e-01 -1.986750000000000321e-02 0.000000000000000000e+00 6.622750000000003634e-03 -1.655749999999997502e-03 4.194771612720727738e+00
8.940399999999999736e-02 2.125829999999999942e-01 -9.933499999999997887e-03 -3.311499999999995003e-03 3.311250000000001692e-03 -3.311250000000001692e-03 3.820214011873822813e+01
7.615900000000000447e-02 2.059600000000000042e-01 -1.324499999999999983e-02 -6.622500000000003384e-03 1.655499999999997252e-03 -1.655500000000004190e-03 1.012864848899402936e+01
6.291399999999999770e-02 1.993379999999999874e-01 -6.622500000000003384e-03 -6.622500000000003384e-03 1.158924999999999886e-02 1.655500000000004190e-03 8.008004316948429846e+01
6.291399999999999770e-02 1.927149999999999974e-01 9.933499999999997887e-03 -3.311499999999995003e-03 9.933750000000001606e-03 3.311250000000001692e-03 5.730465231250212810e+01
8.278099999999999348e-02 1.927149999999999974e-01 1.324499999999999983e-02 0.000000000000000000e+00 2.500000000037194692e-07 1.655749999999997502e-03 9.438236128621641186e+00
8.940399999999999736e-02 1.927149999999999974e-01 9.934000000000005326e-03 0.000000000000000000e+00 4.966999999999999194e-03 0.000000000000000000e+00 0.000000000000000000e+00
1.026490000000000041e-01 1.927149999999999974e-01 2.317899999999999822e-02 0.000000000000000000e+00 8.277999999999993697e-03 0.000000000000000000e+00 0.000000000000000000e+00
1.357619999999999938e-01 1.927149999999999974e-01 2.648999999999999272e-02 0.000000000000000000e+00 -1.655750000000000971e-03 1.655749999999997502e-03 2.359559032155411629e+00
1.556289999999999896e-01 1.927149999999999974e-01 1.986749999999999627e-02 3.311499999999995003e-03 -3.311249999999991284e-03 1.655749999999997502e-03 5.367790573419462419e+00
1.754969999999999863e-01 1.993379999999999874e-01 1.986750000000001015e-02 3.311499999999995003e-03 8.278000000000007574e-03 -2.499999999933111283e-07 -3.355426307645774209e+00
1.953640000000000099e-01 1.993379999999999874e-01 3.642350000000001142e-02 3.311000000000008381e-03 8.278249999999993947e-03 1.655500000000004190e-03 6.722882060370329871e-01
2.483440000000000092e-01 2.059600000000000042e-01 3.642399999999999805e-02 6.622500000000003384e-03 -6.622250000000003134e-03 2.499999999933111283e-07 8.645062044002159718e-01
2.682120000000000060e-01 2.125829999999999942e-01 2.317900000000000515e-02 3.311499999999995003e-03 -1.655750000000004440e-03 -1.655749999999997502e-03 -2.562661982751621270e+00
2.947020000000000195e-01 2.125829999999999942e-01 3.311249999999998916e-02 3.311000000000008381e-03 1.655499999999990313e-03 1.655500000000004190e-03 1.338783368016696063e+00
3.344369999999999843e-01 2.192050000000000110e-01 2.648999999999998578e-02 6.622500000000003384e-03 -8.277999999999993697e-03 2.499999999933111283e-07 2.693150146736715378e+00
3.476819999999999911e-01 2.258280000000000010e-01 1.655650000000000177e-02 3.311499999999995003e-03 -4.966749999999992005e-03 -1.655750000000004440e-03 -2.278194938827462934e+00
3.675499999999999878e-01 2.258280000000000010e-01 1.655650000000000177e-02 3.310999999999994503e-03 -2.499999999933111283e-07 -2.500000000002500222e-07 -6.879506671369562450e-04
3.807949999999999946e-01 2.324499999999999900e-01 1.655600000000001515e-02 3.310999999999994503e-03 1.655500000000004190e-03 -1.655499999999997252e-03 -6.833579345050992515e+00
4.006620000000000181e-01 2.324499999999999900e-01 1.986750000000001015e-02 0.000000000000000000e+00 -1.655500000000018068e-03 -1.655499999999997252e-03 -4.194138248442795813e+00
4.205300000000000149e-01 2.324499999999999900e-01 1.324499999999997901e-02 0.000000000000000000e+00 -6.622500000000003384e-03 0.000000000000000000e+00 0.000000000000000000e+00
4.271519999999999762e-01 2.324499999999999900e-01 6.622500000000003384e-03 0.000000000000000000e+00 -6.622499999999989506e-03 0.000000000000000000e+00 0.000000000000000000e+00
4.337750000000000217e-01 2.324499999999999900e-01 0.000000000000000000e+00 0.000000000000000000e+00 -6.622500000000003384e-03 -1.655499999999997252e-03 0.000000000000000000e+00
4.271519999999999762e-01 2.324499999999999900e-01 -6.622500000000003384e-03 -3.310999999999994503e-03 -3.311249999999987814e-03 -1.655499999999997252e-03 1.126893350052592761e-13
4.205300000000000149e-01 2.258280000000000010e-01 -6.622499999999975628e-03 -3.310999999999994503e-03 0.000000000000000000e+00 -2.500000000002500222e-07 4.078972039837767787e-03
4.139070000000000249e-01 2.258280000000000010e-01 -6.622500000000003384e-03 -3.311499999999995003e-03 -1.387778780781445676e-17 -1.655750000000004440e-03 2.701258436269032259e+01
4.072850000000000081e-01 2.192050000000000110e-01 -6.622500000000003384e-03 -6.622500000000003384e-03 0.000000000000000000e+00 -1.655500000000004190e-03 1.334566618518501713e+01
4.006620000000000181e-01 2.125829999999999942e-01 -6.622500000000003384e-03 -6.622500000000003384e-03 1.655749999999997502e-03 0.000000000000000000e+00 1.334768153797644352e+01
3.940400000000000014e-01 2.059600000000000042e-01 -3.311000000000008381e-03 -6.622500000000003384e-03 3.311250000000001692e-03 0.000000000000000000e+00 5.402598466759678075e+01
3.940400000000000014e-01 1.993379999999999874e-01 0.000000000000000000e+00 -6.622500000000003384e-03 3.311000000000008381e-03 -1.655749999999997502e-03 7.549448847197062662e+01
3.940400000000000014e-01 1.927149999999999974e-01 3.311000000000008381e-03 -9.933999999999998387e-03 4.966750000000005882e-03 -1.655499999999997252e-03 3.819940010041380418e+01
4.006620000000000181e-01 1.794699999999999906e-01 9.933500000000011765e-03 -9.933499999999997887e-03 3.311499999999995003e-03 1.655750000000004440e-03 1.779780453109708560e+01
4.139070000000000249e-01 1.728480000000000016e-01 9.933999999999998387e-03 -6.622499999999989506e-03 1.655749999999983624e-03 3.311000000000001442e-03 2.577045540843380422e+01
4.205300000000000149e-01 1.662250000000000116e-01 1.324499999999997901e-02 -3.311499999999995003e-03 3.310999999999994503e-03 3.311249999999994753e-03 2.154263702041743045e+01
4.403969999999999829e-01 1.662250000000000116e-01 1.655599999999998739e-02 0.000000000000000000e+00 1.655750000000011379e-03 1.655749999999997502e-03 6.040653549133776501e+00
4.536419999999999897e-01 1.662250000000000116e-01 1.655650000000000177e-02 0.000000000000000000e+00 -1.655499999999990313e-03 1.655749999999997502e-03 6.040288703765698486e+00
4.735099999999999865e-01 1.662250000000000116e-01 1.324500000000000677e-02 3.311499999999995003e-03 -4.966999999999999194e-03 1.655749999999997502e-03 1.508114712229437160e+01
4.801320000000000032e-01 1.728480000000000016e-01 6.622500000000003384e-03 3.311499999999995003e-03 -4.966750000000005882e-03 1.655500000000004190e-03 6.752636257661615105e+01
4.867549999999999932e-01 1.728480000000000016e-01 3.311499999999995003e-03 6.622500000000003384e-03 -3.311250000000001692e-03 4.966749999999998944e-03 9.453894693930644166e+01
4.867549999999999932e-01 1.860930000000000084e-01 0.000000000000000000e+00 1.324499999999999289e-02 -3.311499999999995003e-03 1.655499999999997252e-03 1.887647225724330013e+01
4.867549999999999932e-01 1.993379999999999874e-01 -3.311499999999995003e-03 9.933499999999997887e-03 -4.966999999999999194e-03 -1.655749999999990563e-03 4.775339621562014258e+01
4.801320000000000032e-01 2.059600000000000042e-01 -9.933999999999998387e-03 9.933500000000011765e-03 -6.622250000000010073e-03 2.500000000002500222e-07 2.372503160955452017e+01
4.668869999999999965e-01 2.192050000000000110e-01 -1.655600000000001515e-02 9.933999999999998387e-03 -3.310999999999994503e-03 -3.311000000000008381e-03 1.218576043031305112e+01
4.470199999999999729e-01 2.258280000000000010e-01 -1.655599999999998739e-02 3.311499999999995003e-03 1.655500000000018068e-03 -4.966999999999999194e-03 1.594651788652166324e+01
4.337750000000000217e-01 2.258280000000000010e-01 -1.324499999999997901e-02 0.000000000000000000e+00 1.655499999999990313e-03 -3.311499999999995003e-03 1.887647225724334277e+01
4.205300000000000149e-01 2.258280000000000010e-01 -1.324500000000000677e-02 -3.311499999999995003e-03 -1.387778780781445676e-17 -3.311499999999995003e-03 1.723541081451217138e+01
4.072850000000000081e-01 2.192050000000000110e-01 -1.324500000000000677e-02 -6.622999999999990006e-03 0.000000000000000000e+00 -3.311499999999995003e-03 1.350629218134516130e+01
