4.602649999999999797e-01 3.781459999999999821e-01 -6.622999999999990006e-03 0.000000000000000000e+00 4.999999999866222566e-07 0.000000000000000000e+00 -0.000000000000000000e+00
4.536419999999999897e-01 3.781459999999999821e-01 -6.622500000000003384e-03 0.000000000000000000e+00 2.499999999933111283e-07 0.000000000000000000e+00 -0.000000000000000000e+00
4.470199999999999729e-01 3.781459999999999821e-01 -6.622500000000003384e-03 0.000000000000000000e+00 -1.655749999999997502e-03 0.000000000000000000e+00 0.000000000000000000e+00
4.403969999999999829e-01 3.781459999999999821e-01 -9.933999999999998387e-03 0.000000000000000000e+00 -1.655499999999990313e-03 0.000000000000000000e+00 0.000000000000000000e+00
4.271519999999999762e-01 3.781459999999999821e-01 -9.933499999999984009e-03 0.000000000000000000e+00 -6.622249999999996195e-03 -1.655749999999997502e-03 1.677993103222859617e+01
4.205300000000000149e-01 3.781459999999999821e-01 -2.317849999999999078e-02 -3.311499999999995003e-03 -8.278250000000014763e-03 -3.311250000000001692e-03 3.843688574472176267e+00
3.807949999999999946e-01 3.715229999999999921e-01 -2.649000000000001354e-02 -6.622500000000003384e-03 4.966749999999992005e-03 -3.310999999999994503e-03 5.923938160971808919e+00
3.675499999999999878e-01 3.649009999999999754e-01 -1.324500000000000677e-02 -9.933499999999984009e-03 3.311250000000015570e-03 -9.933749999999991198e-03 3.624089320439726691e+01
3.543049999999999811e-01 3.516560000000000241e-01 -1.986749999999998240e-02 -2.648999999999998578e-02 -1.655749999999997502e-03 -9.934000000000012265e-03 4.228056172254448519e+00
3.278150000000000230e-01 3.119210000000000038e-01 -1.655650000000000177e-02 -2.980150000000000854e-02 6.622499999999989506e-03 3.310999999999994503e-03 3.597449653095913025e+00
3.211919999999999775e-01 2.920530000000000070e-01 -6.622500000000003384e-03 -1.986799999999999677e-02 6.622750000000010573e-03 4.966999999999999194e-03 1.074394631711402859e+01
3.145700000000000163e-01 2.721850000000000103e-01 -3.310999999999980625e-03 -1.986750000000001015e-02 4.966749999999992005e-03 1.655999999999997752e-03 1.140542824827293344e+01
3.145700000000000163e-01 2.523179999999999867e-01 3.310999999999980625e-03 -1.655600000000000127e-02 8.277999999999979819e-03 1.655500000000011129e-03 2.961412640838640797e+01
3.211919999999999775e-01 2.390730000000000077e-01 1.324499999999997901e-02 -1.655649999999998789e-02 6.622750000000010573e-03 1.655499999999997252e-03 1.380432437422650871e+01
3.410599999999999743e-01 2.192050000000000110e-01 1.655650000000000177e-02 -1.324500000000000677e-02 1.387778780781445676e-17 6.622749999999989756e-03 1.150384972041020504e+01
3.543049999999999811e-01 2.125829999999999942e-01 1.324500000000000677e-02 -3.311000000000008381e-03 -1.655749999999997502e-03 8.278000000000007574e-03 4.093145049943499458e+01
3.675499999999999878e-01 2.125829999999999942e-01 1.324500000000000677e-02 3.311000000000008381e-03 -1.655749999999997502e-03 4.966750000000005882e-03 2.800552381368826005e+01
3.807949999999999946e-01 2.192050000000000110e-01 9.933500000000011765e-03 6.622500000000003384e-03 -3.311250000000001692e-03 1.655749999999990563e-03 2.255241802592368217e+01
3.874170000000000114e-01 2.258280000000000010e-01 6.622500000000003384e-03 6.622499999999989506e-03 -1.655500000000004190e-03 1.655499999999997252e-03 2.669133237037003781e+01
3.940400000000000014e-01 2.324499999999999900e-01 6.622500000000003384e-03 9.933499999999997887e-03 0.000000000000000000e+00 1.655750000000004440e-03 6.443895497366070479e+00
4.006620000000000181e-01 2.456949999999999967e-01 6.622500000000003384e-03 9.933999999999998387e-03 -1.655500000000004190e-03 -4.966749999999998944e-03 -9.664103220701347752e+00
4.072850000000000081e-01 2.523179999999999867e-01 3.311499999999995003e-03 0.000000000000000000e+00 -3.311250000000001692e-03 -8.278249999999993947e-03 -7.548992936802660552e+02
4.072850000000000081e-01 2.456949999999999967e-01 0.000000000000000000e+00 -6.622499999999989506e-03 -2.499999999933111283e-07 -3.311250000000001692e-03 -5.700278501204385749e-03
4.072850000000000081e-01 2.390730000000000077e-01 3.311000000000008381e-03 -6.622500000000003384e-03 3.311250000000001692e-03 -6.938893903907228378e-18 5.402598466759672391e+01
4.139070000000000249e-01 2.324499999999999900e-01 6.622500000000003384e-03 -6.622500000000003384e-03 3.311499999999995003e-03 1.655750000000004440e-03 4.004304461392938919e+01
4.205300000000000149e-01 2.258280000000000010e-01 9.933999999999998387e-03 -3.310999999999994503e-03 3.311249999999987814e-03 1.655500000000004190e-03 2.387273243965035263e+01
4.337750000000000217e-01 2.258280000000000010e-01 1.324499999999997901e-02 -3.311499999999995003e-03 1.655499999999990313e-03 -2.500000000002500222e-07 2.152962513687347812e+00
4.470199999999999729e-01 2.192050000000000110e-01 1.324499999999997901e-02 -3.311499999999995003e-03 1.387778780781445676e-17 1.655749999999997502e-03 8.617705407256147865e+00
4.602649999999999797e-01 2.192050000000000110e-01 1.324500000000000677e-02 0.000000000000000000e+00 3.311250000000015570e-03 3.311499999999995003e-03 1.887647225724325750e+01
4.735099999999999865e-01 2.192050000000000110e-01 1.986750000000001015e-02 3.311499999999995003e-03 1.655750000000011379e-03 4.966999999999999194e-03 1.140589645195736068e+01
5.000000000000000000e-01 2.258280000000000010e-01 1.655650000000002953e-02 9.933999999999998387e-03 -6.622500000000017262e-03 8.278000000000000635e-03 2.818005140756966043e+01
5.066230000000000455e-01 2.390730000000000077e-01 6.622499999999975628e-03 1.986749999999999627e-02 -6.622750000000038328e-03 6.622250000000003134e-03 1.910056533519638577e+01
5.132449999999999513e-01 2.655629999999999935e-01 3.310999999999952870e-03 2.317850000000000465e-02 -3.311249999999987814e-03 -1.655749999999990563e-03 5.552353052226121299e+00
5.132449999999999513e-01 2.854300000000000170e-01 0.000000000000000000e+00 1.655600000000001515e-02 -3.310999999999952870e-03 -4.966500000000005632e-03 1.207948295405804906e+01
5.132449999999999513e-01 2.986750000000000238e-01 -3.310999999999952870e-03 1.324549999999999339e-02 -3.311249999999987814e-03 -1.655250000000010879e-03 1.938682352207790061e+01
5.066230000000000455e-01 3.119210000000000038e-01 -6.622499999999975628e-03 1.324549999999999339e-02 -4.967250000000034138e-03 1.655249999999997002e-03 1.688388484844216109e+01
5.000000000000000000e-01 3.251660000000000106e-01 -1.324550000000002115e-02 1.655599999999998739e-02 -3.311250000000015570e-03 -2.499999999933111283e-07 5.751944991245709460e+00
4.801320000000000032e-01 3.450329999999999786e-01 -1.324500000000000677e-02 1.324500000000000677e-02 -1.655249999999997002e-03 -3.310999999999994503e-03 1.000874580069084985e+01
4.735099999999999865e-01 3.516560000000000241e-01 -1.655600000000001515e-02 9.933999999999998387e-03 -3.311249999999987814e-03 -1.655750000000011379e-03 8.378687894221037880e+00
4.470199999999999729e-01 3.649009999999999754e-01 -1.986749999999998240e-02 9.933499999999984009e-03 1.655500000000018068e-03 -3.311499999999995003e-03 4.502633700444796716e+00
4.337750000000000217e-01 3.715229999999999921e-01 -1.324499999999997901e-02 3.311000000000008381e-03 3.311249999999987814e-03 -3.310999999999994503e-03 1.292495075128359794e+01
4.205300000000000149e-01 3.715229999999999921e-01 -1.324500000000000677e-02 3.311499999999995003e-03 -1.655750000000011379e-03 1.655749999999997502e-03 -6.463116395845846185e+00
4.072850000000000081e-01 3.781459999999999821e-01 -1.655650000000000177e-02 6.622500000000003384e-03 0.000000000000000000e+00 1.655500000000004190e-03 -4.834013376990085931e+00
3.874170000000000114e-01 3.847679999999999989e-01 -1.324500000000000677e-02 6.622500000000003384e-03 4.966999999999999194e-03 -1.655500000000004190e-03 -3.377235859815561625e+00
3.807949999999999946e-01 3.913909999999999889e-01 -6.622500000000003384e-03 3.311499999999995003e-03 3.311250000000001692e-03 -3.311250000000001692e-03 2.700850576018965299e+01
3.741720000000000046e-01 3.913909999999999889e-01 -6.622500000000003384e-03 0.000000000000000000e+00 0.000000000000000000e+00 -1.655749999999997502e-03 3.775294451448651500e+01
3.675499999999999878e-01 3.913909999999999889e-01 -6.622500000000003384e-03 0.000000000000000000e+00 1.655500000000004190e-03 1.655500000000004190e-03 -3.774724423598531331e+01
3.609269999999999978e-01 3.913909999999999889e-01 -3.311499999999995003e-03 3.311000000000008381e-03 1.655749999999997502e-03 1.655500000000004190e-03 -1.067733893710506976e+02
3.609269999999999978e-01 3.980130000000000057e-01 -3.311000000000008381e-03 3.311000000000008381e-03 -1.655500000000004190e-03 -1.655500000000004190e-03 1.067814529124955811e+02
3.543049999999999811e-01 3.980130000000000057e-01 -6.622500000000003384e-03 0.000000000000000000e+00 1.655500000000004190e-03 -1.655500000000004190e-03 3.774724423598531331e+01
3.476819999999999911e-01 3.980130000000000057e-01 0.000000000000000000e+00 0.000000000000000000e+00 8.278250000000000886e-03 0.000000000000000000e+00 0.000000000000000000e+00
3.543049999999999811e-01 3.980130000000000057e-01 9.933999999999998387e-03 0.000000000000000000e+00 4.966750000000005882e-03 1.655749999999997502e-03 1.677824193330093649e+01
3.675499999999999878e-01 3.980130000000000057e-01 9.933500000000011765e-03 3.311499999999995003e-03 4.966750000000005882e-03 1.655749999999997502e-03 0.000000000000000000e+00
3.741720000000000046e-01 4.046359999999999957e-01 1.986750000000001015e-02 3.311499999999995003e-03 8.278249999999987008e-03 -1.655749999999997502e-03 -7.380762697101928893e+00
4.072850000000000081e-01 4.046359999999999957e-01 2.648999999999998578e-02 0.000000000000000000e+00 -1.387778780781445676e-17 -2.499999999933111283e-07 -3.562674063252732962e-04
4.271519999999999762e-01 4.046359999999999957e-01 1.986749999999998240e-02 3.311000000000008381e-03 -1.655499999999990313e-03 1.655500000000004190e-03 4.696114428643497263e+00
4.470199999999999729e-01 4.112580000000000124e-01 2.317900000000000515e-02 3.311000000000008381e-03 8.278250000000014763e-03 2.499999999933111283e-07 -2.134829363145176018e+00
4.735099999999999865e-01 4.112580000000000124e-01 3.642400000000001192e-02 3.311499999999995003e-03 4.966749999999992005e-03 1.655749999999997502e-03 8.965191770786561376e-01
5.198679999999999968e-01 4.178810000000000024e-01 3.311249999999998916e-02 6.622500000000003384e-03 -1.655750000000011379e-03 -2.499999999933111283e-07 2.845527686662747691e-01
5.397349999999999648e-01 4.245030000000000192e-01 3.311249999999998916e-02 3.311000000000008381e-03 6.622500000000003384e-03 -3.311250000000001692e-03 -3.570283666209983942e+00
5.860929999999999751e-01 4.245030000000000192e-01 4.635749999999999593e-02 0.000000000000000000e+00 0.000000000000000000e+00 -1.655500000000004190e-03 -7.703519231833747538e-01
6.324499999999999567e-01 4.245030000000000192e-01 3.311249999999998916e-02 0.000000000000000000e+00 -9.933749999999991198e-03 0.000000000000000000e+00 0.000000000000000000e+00
6.523179999999999534e-01 4.245030000000000192e-01 2.649000000000001354e-02 0.000000000000000000e+00 -1.655499999999976435e-03 0.000000000000000000e+00 0.000000000000000000e+00
6.854299999999999837e-01 4.245030000000000192e-01 2.980150000000003629e-02 0.000000000000000000e+00 -4.966749999999992005e-03 -1.655500000000004190e-03 -1.864030169259043079e+00
7.119210000000000260e-01 4.245030000000000192e-01 1.655650000000002953e-02 -3.311000000000008381e-03 -8.278250000000014763e-03 -3.311250000000001692e-03 -1.708400793197260370e+01
7.185430000000000428e-01 4.178810000000000024e-01 1.324500000000000677e-02 -6.622500000000003384e-03 -2.775557561562891351e-17 -1.655749999999997502e-03 -6.753452022813627664e+00
7.384110000000000396e-01 4.112580000000000124e-01 1.655649999999997402e-02 -6.622500000000003384e-03 -1.655750000000011379e-03 0.000000000000000000e+00 -1.933868146497786489e+00
7.516559999999999908e-01 4.046359999999999957e-01 9.933499999999984009e-03 -6.622500000000003384e-03 -6.622749999999982817e-03 -3.311250000000001692e-03 -4.510434960997973519e+01
7.582780000000000076e-01 3.980130000000000057e-01 3.311000000000008381e-03 -1.324500000000000677e-02 -6.622249999999996195e-03 -6.622500000000003384e-03 -4.308447038414884389e+01
7.582780000000000076e-01 3.781459999999999821e-01 -3.311000000000008381e-03 -1.986750000000001015e-02 -4.966750000000019760e-03 1.387778780781445676e-17 -1.207646092888939471e+01
7.516559999999999908e-01 3.582779999999999854e-01 -6.622500000000031140e-03 -1.324499999999997901e-02 -4.966999999999999194e-03 4.967000000000013071e-03 -3.038900455743485196e+01
7.450329999999999453e-01 3.516560000000000241e-01 -1.324500000000000677e-02 -9.933499999999984009e-03 -6.622499999999975628e-03 -1.387778780781445676e-17 -1.449606541956681660e+01
7.251659999999999773e-01 3.384110000000000174e-01 -1.986749999999998240e-02 -1.324500000000000677e-02 -1.655749999999983624e-03 1.655499999999990313e-03 -4.026859339019967621e+00
7.052979999999999805e-01 3.251660000000000106e-01 -1.655649999999997402e-02 -6.622500000000003384e-03 1.655500000000004190e-03 8.278000000000007574e-03 -2.223795071714607730e+01
6.920530000000000292e-01 3.251660000000000106e-01 -1.655649999999997402e-02 3.311000000000008381e-03 -2.775557561562891351e-17 8.277999999999993697e-03 -2.847363319290678163e+01
6.721850000000000325e-01 3.317880000000000273e-01 -1.655650000000002953e-02 9.933499999999984009e-03 4.966999999999971438e-03 3.311499999999995003e-03 -1.447198756065004410e+01
6.589399999999999702e-01 3.450329999999999786e-01 -6.622500000000031140e-03 9.933999999999998387e-03 8.278250000000014763e-03 -1.655499999999990313e-03 -4.188021270054979794e+01
6.589399999999999702e-01 3.516560000000000241e-01 0.000000000000000000e+00 6.622500000000003384e-03 3.311250000000015570e-03 -2.500000000071889161e-07 -7.550018875047214806e+01
6.589399999999999702e-01 3.582779999999999854e-01 0.000000000000000000e+00 9.933499999999984009e-03 0.000000000000000000e+00 3.311250000000001692e-03 0.000000000000000000e+00
6.589399999999999702e-01 3.715229999999999921e-01 0.000000000000000000e+00 1.324500000000000677e-02 1.655750000000011379e-03 2.500000000071889161e-07 -9.438236128621708687e+00
6.589399999999999702e-01 3.847679999999999989e-01 3.311500000000022759e-03 9.933999999999998387e-03 1.655750000000011379e-03 -3.311250000000001692e-03 -2.387525597614222761e+01
6.655630000000000157e-01 3.913909999999999889e-01 3.311500000000022759e-03 6.622500000000003384e-03 -1.655750000000011379e-03 -1.655749999999997502e-03 1.350527245373622165e+01
6.655630000000000157e-01 3.980130000000000057e-01 0.000000000000000000e+00 6.622500000000003384e-03 -2.500000000071889161e-07 0.000000000000000000e+00 5.700278501520788903e-03
6.655630000000000157e-01 4.046359999999999957e-01 3.311000000000008381e-03 6.622500000000003384e-03 3.311000000000008381e-03 -2.499999999933111283e-07 -5.402394502759533879e+01
6.721850000000000325e-01 4.112580000000000124e-01 6.622000000000016762e-03 6.622000000000016762e-03 3.311000000000008381e-03 -4.999999999866222566e-07 -2.669939454241374932e+01
