4.205300000000000149e-01 3.715229999999999921e-01 6.621999999999961251e-03 6.622999999999990006e-03 -3.310999999999980625e-03 -1.324549999999999339e-02 -8.007601162705900322e+01
4.271519999999999762e-01 3.781459999999999821e-01 3.310999999999980625e-03 -6.622500000000003384e-03 -3.310999999999980625e-03 -1.324524999999998620e-02 -1.620677564187087967e+02
4.271519999999999762e-01 3.582779999999999854e-01 0.000000000000000000e+00 -1.986749999999998240e-02 -1.655499999999990313e-03 -4.966749999999992005e-03 -4.194138248442790484e+00
4.271519999999999762e-01 3.384110000000000174e-01 0.000000000000000000e+00 -1.655599999999998739e-02 0.000000000000000000e+00 -2.500000000071889161e-07 0.000000000000000000e+00
4.271519999999999762e-01 3.251660000000000106e-01 0.000000000000000000e+00 -1.986799999999999677e-02 1.655750000000011379e-03 -3.311500000000008881e-03 4.194560483325269651e+00
4.271519999999999762e-01 2.986750000000000238e-01 3.311500000000022759e-03 -2.317900000000000515e-02 3.311250000000001692e-03 4.967249999999992505e-03 7.260585424814745004e+00
4.337750000000000217e-01 2.788080000000000003e-01 6.622500000000003384e-03 -9.933500000000011765e-03 3.310999999999980625e-03 9.933750000000005076e-03 5.798873529126099413e+01
4.403969999999999829e-01 2.788080000000000003e-01 9.933499999999984009e-03 -3.311499999999995003e-03 3.311250000000001692e-03 3.311000000000008381e-03 3.819997697158687799e+01
4.536419999999999897e-01 2.721850000000000103e-01 1.324500000000000677e-02 -3.311499999999995003e-03 4.967000000000013071e-03 2.499999999933111283e-07 6.464742893568724114e+00
4.668869999999999965e-01 2.721850000000000103e-01 1.986750000000001015e-02 -3.311000000000008381e-03 3.311500000000008881e-03 2.499999999933111283e-07 1.342470620098122458e+00
4.933770000000000100e-01 2.655629999999999935e-01 1.986800000000002453e-02 -3.311000000000008381e-03 2.499999999794333405e-07 1.655500000000004190e-03 4.025191263337045022e+00
5.066230000000000455e-01 2.655629999999999935e-01 1.986799999999996902e-02 0.000000000000000000e+00 -2.500000000210667039e-07 8.278000000000007574e-03 2.097090241942713007e+01
5.331129999999999480e-01 2.655629999999999935e-01 1.986749999999998240e-02 1.324500000000000677e-02 -4.967249999999964749e-03 9.933750000000005076e-03 1.932958153907508958e+01
5.463580000000000103e-01 2.920530000000000070e-01 9.933500000000039520e-03 1.986750000000001015e-02 -9.933749999999991198e-03 3.311250000000001692e-03 2.100939513625323940e+01
5.529800000000000271e-01 3.052980000000000138e-01 0.000000000000000000e+00 1.986750000000001015e-02 -8.278000000000035330e-03 -1.387778780781445676e-17 2.097195797076995660e+01
5.463580000000000103e-01 3.317880000000000273e-01 -6.622500000000031140e-03 1.986749999999998240e-02 -4.966999999999999194e-03 -1.387778780781445676e-17 1.074413559803552687e+01
5.397349999999999648e-01 3.450329999999999786e-01 -9.933999999999998387e-03 1.986749999999998240e-02 -4.966749999999964249e-03 1.387778780781445676e-17 9.003560343759545503e+00
5.264900000000000135e-01 3.715229999999999921e-01 -1.655599999999995964e-02 1.986750000000001015e-02 -6.622500000000003384e-03 -6.622499999999989506e-03 1.394572314111298361e+01
5.066230000000000455e-01 3.847679999999999989e-01 -2.317900000000000515e-02 6.622500000000003384e-03 -2.500000000349444917e-07 -9.933750000000005076e-03 1.643646177251703477e+01
4.801320000000000032e-01 3.847679999999999989e-01 -1.655650000000002953e-02 0.000000000000000000e+00 4.966999999999999194e-03 -3.311250000000001692e-03 1.207966539051435362e+01
4.735099999999999865e-01 3.847679999999999989e-01 -1.324500000000000677e-02 0.000000000000000000e+00 -1.655499999999976435e-03 -1.655500000000004190e-03 9.436811058996328327e+00
4.536419999999999897e-01 3.847679999999999989e-01 -1.986749999999998240e-02 -3.311000000000008381e-03 0.000000000000000000e+00 -3.311250000000001692e-03 8.051176574376597728e+00
4.337750000000000217e-01 3.781459999999999821e-01 -1.324500000000000677e-02 -6.622500000000003384e-03 6.622499999999989506e-03 -2.499999999933111283e-07 1.350690404562711322e+01
4.271519999999999762e-01 3.715229999999999921e-01 -6.622500000000003384e-03 -3.311499999999995003e-03 3.311250000000015570e-03 1.655749999999997502e-03 1.126791257884777766e-13
4.205300000000000149e-01 3.715229999999999921e-01 -6.622499999999975628e-03 -3.311000000000008381e-03 -1.655749999999997502e-03 2.499999999933111283e-07 -1.351057506194826630e+01
4.139070000000000249e-01 3.649009999999999754e-01 -9.933999999999998387e-03 -3.311000000000008381e-03 -1.655500000000018068e-03 1.655500000000004190e-03 -1.909789757274607425e+01
4.006620000000000181e-01 3.649009999999999754e-01 -9.933500000000011765e-03 0.000000000000000000e+00 1.655749999999997502e-03 1.655500000000004190e-03 -1.677739744759438167e+01
3.940400000000000014e-01 3.649009999999999754e-01 -6.622500000000003384e-03 0.000000000000000000e+00 4.966750000000005882e-03 0.000000000000000000e+00 -0.000000000000000000e+00
3.874170000000000114e-01 3.649009999999999754e-01 0.000000000000000000e+00 0.000000000000000000e+00 8.278250000000000886e-03 0.000000000000000000e+00 0.000000000000000000e+00
3.940400000000000014e-01 3.649009999999999754e-01 9.933999999999998387e-03 0.000000000000000000e+00 9.933750000000005076e-03 0.000000000000000000e+00 0.000000000000000000e+00
4.072850000000000081e-01 3.649009999999999754e-01 1.986750000000001015e-02 0.000000000000000000e+00 6.622249999999996195e-03 0.000000000000000000e+00 0.000000000000000000e+00
4.337750000000000217e-01 3.649009999999999754e-01 2.317849999999999078e-02 0.000000000000000000e+00 3.311249999999987814e-03 1.655500000000004190e-03 3.081474164341036825e+00
4.536419999999999897e-01 3.649009999999999754e-01 2.648999999999998578e-02 3.311000000000008381e-03 4.967250000000006382e-03 3.311250000000001692e-03 3.745871406620890465e+00
4.867549999999999932e-01 3.715229999999999921e-01 3.311300000000000354e-02 6.622500000000003384e-03 0.000000000000000000e+00 2.499999999933111283e-07 2.149778415627315688e-04
5.198679999999999968e-01 3.781459999999999821e-01 2.648999999999998578e-02 3.311499999999995003e-03 -3.311499999999995003e-03 -3.311250000000001692e-03 -4.033900219343383498e+00
5.397349999999999648e-01 3.781459999999999821e-01 2.649000000000001354e-02 0.000000000000000000e+00 3.311250000000029448e-03 -1.655749999999997502e-03 -2.359559032155407188e+00
5.728480000000000238e-01 3.781459999999999821e-01 3.311250000000004468e-02 0.000000000000000000e+00 1.655499999999976435e-03 -1.655749999999997502e-03 -1.510117780579458335e+00
6.059600000000000541e-01 3.781459999999999821e-01 2.980099999999996641e-02 -3.311499999999995003e-03 -8.278000000000035330e-03 -3.311250000000001692e-03 -4.677324902091942960e+00
6.324499999999999567e-01 3.715229999999999921e-01 1.655649999999997402e-02 -6.622500000000003384e-03 -8.277999999999979819e-03 -3.310999999999994503e-03 -1.933649150814505546e+01
6.390730000000000022e-01 3.649009999999999754e-01 1.324500000000000677e-02 -9.933499999999984009e-03 -1.655749999999983624e-03 -3.311249999999987814e-03 -1.328857680034841948e+01
6.589399999999999702e-01 3.516560000000000241e-01 1.324500000000000677e-02 -1.324499999999997901e-02 -4.966749999999992005e-03 -1.655750000000011379e-03 -1.334667386158075253e+01
6.655630000000000157e-01 3.384110000000000174e-01 3.311500000000022759e-03 -1.324500000000000677e-02 -8.278250000000014763e-03 -1.655750000000011379e-03 -4.524051369062987504e+01
6.655630000000000157e-01 3.251660000000000106e-01 -3.311500000000022759e-03 -1.655650000000000177e-02 -4.967000000000026949e-03 -2.499999999933111283e-07 -1.708439819919308178e+01
6.589399999999999702e-01 3.052980000000000138e-01 -6.622500000000031140e-03 -1.324549999999999339e-02 -4.966749999999992005e-03 4.966999999999999194e-03 -3.038599654228053382e+01
6.523179999999999534e-01 2.986750000000000238e-01 -1.324500000000000677e-02 -6.622500000000003384e-03 -6.622499999999975628e-03 4.967249999999992505e-03 -3.376624041725025194e+01
6.324499999999999567e-01 2.920530000000000070e-01 -1.986749999999998240e-02 -3.311000000000008381e-03 2.775557561562891351e-17 6.622500000000003384e-03 -1.610235314875318480e+01
6.125829999999999886e-01 2.920530000000000070e-01 -1.324499999999995126e-02 6.622500000000003384e-03 6.622500000000003384e-03 9.933750000000005076e-03 -5.402353739523875475e+01
6.059600000000000541e-01 3.052980000000000138e-01 -6.622499999999975628e-03 1.655650000000000177e-02 6.622499999999975628e-03 4.966999999999999194e-03 -2.513882594059764131e+01
5.993380000000000374e-01 3.251660000000000106e-01 0.000000000000000000e+00 1.655650000000000177e-02 4.966749999999992005e-03 -3.311500000000008881e-03 -1.811904207726303895e+01
6.059600000000000541e-01 3.384110000000000174e-01 3.311000000000008381e-03 9.933499999999984009e-03 0.000000000000000000e+00 -4.967250000000020260e-03 -1.432645146743904618e+01
6.059600000000000541e-01 3.450329999999999786e-01 0.000000000000000000e+00 6.621999999999961251e-03 -3.311000000000008381e-03 -3.311500000000022759e-03 7.550588945937890628e+01
