4.735099999999999865e-01 2.059600000000000042e-01 0.000000000000000000e+00 6.622999999999990006e-03 0.000000000000000000e+00 -4.999999999866222566e-07 -0.000000000000000000e+00
4.735099999999999865e-01 2.125829999999999942e-01 0.000000000000000000e+00 6.622500000000003384e-03 0.000000000000000000e+00 -2.499999999933111283e-07 -0.000000000000000000e+00
4.735099999999999865e-01 2.192050000000000110e-01 0.000000000000000000e+00 6.622500000000003384e-03 0.000000000000000000e+00 -6.938893903907228378e-18 -0.000000000000000000e+00
4.735099999999999865e-01 2.258280000000000010e-01 0.000000000000000000e+00 6.622499999999989506e-03 0.000000000000000000e+00 0.000000000000000000e+00 0.000000000000000000e+00
4.735099999999999865e-01 2.324499999999999900e-01 0.000000000000000000e+00 6.622500000000003384e-03 -3.311250000000001692e-03 6.938893903907228378e-18 7.550018875047183542e+01
4.735099999999999865e-01 2.390730000000000077e-01 -6.622500000000003384e-03 6.622500000000003384e-03 -4.966999999999999194e-03 -1.655750000000004440e-03 5.338871079911440631e+01
4.602649999999999797e-01 2.456949999999999967e-01 -9.933999999999998387e-03 3.310999999999994503e-03 0.000000000000000000e+00 -3.311250000000001692e-03 2.864973036660508043e+01
4.536419999999999897e-01 2.456949999999999967e-01 -6.622500000000003384e-03 0.000000000000000000e+00 1.655749999999997502e-03 -3.310999999999994503e-03 7.549448847197031398e+01
4.470199999999999729e-01 2.456949999999999967e-01 -6.622500000000003384e-03 -3.310999999999994503e-03 1.387778780781445676e-17 -1.655499999999997252e-03 2.701095284777859362e+01
4.403969999999999829e-01 2.390730000000000077e-01 -6.622499999999975628e-03 -3.310999999999994503e-03 -1.655499999999990313e-03 -2.500000000071889161e-07 -1.350037778583017101e+01
4.337750000000000217e-01 2.390730000000000077e-01 -9.933499999999984009e-03 -3.311500000000008881e-03 -1.655750000000011379e-03 -3.311500000000001942e-03 2.387705855974772362e+01
4.205300000000000149e-01 2.324499999999999900e-01 -9.933999999999998387e-03 -9.933999999999998387e-03 -2.500000000071889161e-07 -3.310999999999994503e-03 1.186132164561804636e+01
4.139070000000000249e-01 2.192050000000000110e-01 -9.933999999999998387e-03 -9.933499999999997887e-03 2.499999999933111283e-07 1.655749999999997502e-03 -5.931556506985504740e+00
4.006620000000000181e-01 2.125829999999999942e-01 -9.933500000000011765e-03 -6.622500000000003384e-03 1.655749999999997502e-03 1.655499999999997252e-03 -3.220245091957733674e+00
3.940400000000000014e-01 2.059600000000000042e-01 -6.622500000000003384e-03 -6.622500000000003384e-03 1.655500000000004190e-03 -1.655499999999997252e-03 2.669133237036997741e+01
3.874170000000000114e-01 1.993379999999999874e-01 -6.622500000000003384e-03 -9.933499999999997887e-03 0.000000000000000000e+00 -1.655749999999997502e-03 6.443895497366043834e+00
3.807949999999999946e-01 1.860930000000000084e-01 -6.622500000000003384e-03 -9.933999999999998387e-03 0.000000000000000000e+00 -2.500000000002500222e-07 9.728554878417860737e-04
3.741720000000000046e-01 1.794699999999999906e-01 -6.622500000000003384e-03 -9.933999999999998387e-03 1.655749999999997502e-03 2.500000000002500222e-07 9.664103220701347752e+00
3.675499999999999878e-01 1.662250000000000116e-01 -3.311000000000008381e-03 -9.933499999999997887e-03 1.655500000000004190e-03 2.499999999933111283e-07 1.432428833117630518e+01
3.675499999999999878e-01 1.596029999999999949e-01 -3.311499999999995003e-03 -9.933500000000011765e-03 -2.499999999933111283e-07 -2.500000000002500222e-07 -1.442025513340743819e-03
3.609269999999999978e-01 1.463579999999999881e-01 -3.311499999999995003e-03 -9.933999999999998387e-03 1.655749999999997502e-03 1.655500000000011129e-03 9.550679209373264200e+00
3.609269999999999978e-01 1.397349999999999981e-01 0.000000000000000000e+00 -6.622499999999989506e-03 1.655749999999997502e-03 1.655749999999997502e-03 3.775294451448668553e+01
3.609269999999999978e-01 1.331130000000000091e-01 0.000000000000000000e+00 -6.622500000000003384e-03 0.000000000000000000e+00 -6.938893903907228378e-18 0.000000000000000000e+00
3.609269999999999978e-01 1.264899999999999913e-01 0.000000000000000000e+00 -6.622500000000003384e-03 0.000000000000000000e+00 3.469446951953614189e-18 0.000000000000000000e+00
3.609269999999999978e-01 1.198680000000000023e-01 0.000000000000000000e+00 -6.622499999999996445e-03 0.000000000000000000e+00 0.000000000000000000e+00 0.000000000000000000e+00
3.609269999999999978e-01 1.132449999999999984e-01 0.000000000000000000e+00 -6.622500000000003384e-03 0.000000000000000000e+00 0.000000000000000000e+00 0.000000000000000000e+00
3.609269999999999978e-01 1.066229999999999956e-01 0.000000000000000000e+00 -6.622499999999996445e-03 0.000000000000000000e+00 -2.499999999967805753e-07 0.000000000000000000e+00
3.609269999999999978e-01 1.000000000000000056e-01 0.000000000000000000e+00 -6.622999999999996945e-03 1.655749999999997502e-03 -3.469446951953614189e-18 3.774724445115504068e+01
3.609269999999999978e-01 9.337700000000000167e-02 3.311499999999995003e-03 -6.622500000000003384e-03 3.311250000000001692e-03 2.499999999967805753e-07 5.402312957809797211e+01
3.675499999999999878e-01 8.675499999999999878e-02 6.622500000000003384e-03 -6.622500000000003384e-03 -2.499999999933111283e-07 3.469446951953614189e-18 -2.015352791398777443e-03
3.741720000000000046e-01 8.013199999999999490e-02 3.311000000000008381e-03 -6.622499999999996445e-03 -1.655500000000004190e-03 1.655750000000004440e-03 -1.350445675787006827e+01
3.741720000000000046e-01 7.351000000000000589e-02 3.311499999999995003e-03 -3.310999999999994503e-03 1.655749999999997502e-03 1.655499999999997252e-03 1.067733893710509392e+02
3.807949999999999946e-01 7.351000000000000589e-02 6.622500000000003384e-03 -3.311500000000001942e-03 1.655500000000004190e-03 -2.500000000037194692e-07 1.350119385123534776e+01
3.874170000000000114e-01 6.688700000000000201e-02 6.622500000000003384e-03 -3.311500000000001942e-03 0.000000000000000000e+00 1.655750000000000971e-03 2.701258436269035101e+01
3.940400000000000014e-01 6.688700000000000201e-02 6.622500000000003384e-03 0.000000000000000000e+00 0.000000000000000000e+00 1.655750000000000971e-03 3.775294451448660027e+01
4.006620000000000181e-01 6.688700000000000201e-02 6.622500000000003384e-03 0.000000000000000000e+00 -1.655500000000004190e-03 -1.655500000000000721e-03 -3.774724423598523515e+01
4.072850000000000081e-01 6.688700000000000201e-02 3.311499999999995003e-03 -3.311000000000001442e-03 -1.655749999999997502e-03 -1.655500000000000721e-03 -1.067733893710508255e+02
4.072850000000000081e-01 6.026499999999999913e-02 3.311000000000008381e-03 -3.311000000000001442e-03 3.310999999999994503e-03 3.311000000000001442e-03 2.135629058249909065e+02
4.139070000000000249e-01 6.026499999999999913e-02 9.933499999999984009e-03 3.311000000000001442e-03 3.311499999999995003e-03 3.311000000000001442e-03 1.909905110823507002e+01
4.271519999999999762e-01 6.688700000000000201e-02 9.933999999999998387e-03 3.311000000000001442e-03 -1.655499999999990313e-03 2.500000000002500222e-07 4.776276979518931931e+00
4.337750000000000217e-01 6.688700000000000201e-02 6.622500000000003384e-03 3.311500000000001942e-03 -1.655750000000011379e-03 2.500000000002500222e-07 1.351139051145506009e+01
4.403969999999999829e-01 7.351000000000000589e-02 6.622499999999975628e-03 3.311500000000001942e-03 -1.655500000000004190e-03 -2.500000000037194692e-07 1.350119385123548277e+01
4.470199999999999729e-01 7.351000000000000589e-02 3.311499999999995003e-03 3.310999999999994503e-03 -1.655749999999983624e-03 1.655499999999997252e-03 1.067733893710504844e+02
4.470199999999999729e-01 8.013199999999999490e-02 3.311000000000008381e-03 6.622499999999996445e-03 1.655500000000004190e-03 1.655750000000004440e-03 -1.350445675787006827e+01
4.536419999999999897e-01 8.675499999999999878e-02 6.622500000000003384e-03 6.622500000000003384e-03 2.499999999933111283e-07 3.469446951953614189e-18 -2.015352791398777443e-03
4.602649999999999797e-01 9.337700000000000167e-02 3.311499999999995003e-03 6.622500000000003384e-03 -1.655749999999997502e-03 -1.655500000000000721e-03 1.350731190895417377e+01
4.602649999999999797e-01 1.000000000000000056e-01 3.311000000000008381e-03 3.311500000000001942e-03 -2.499999999933111283e-07 -1.655500000000004190e-03 -5.337057186333162662e+01
4.668869999999999965e-01 1.000000000000000056e-01 3.311000000000008381e-03 3.311499999999995003e-03 -1.655500000000004190e-03 1.655499999999997252e-03 1.067653285685917410e+02
4.668869999999999965e-01 1.066229999999999956e-01 0.000000000000000000e+00 6.622499999999996445e-03 2.499999999933111283e-07 -2.499999999967805753e-07 -5.700278501204372739e-03
4.668869999999999965e-01 1.132449999999999984e-01 3.311499999999995003e-03 3.311000000000001442e-03 1.655749999999997502e-03 -1.655499999999997252e-03 -1.067733893710507118e+02
4.735099999999999865e-01 1.132449999999999984e-01 3.311499999999995003e-03 3.311500000000001942e-03 -1.655749999999997502e-03 1.655749999999997502e-03 1.067653300900720552e+02
4.735099999999999865e-01 1.198680000000000023e-01 0.000000000000000000e+00 6.622499999999996445e-03 -3.311499999999995003e-03 -2.500000000037194692e-07 7.550588902897320054e+01
4.735099999999999865e-01 1.264899999999999913e-01 -3.311499999999995003e-03 3.310999999999994503e-03 -1.655749999999997502e-03 -4.966749999999995474e-03 2.135548407618370561e+02
4.668869999999999965e-01 1.264899999999999913e-01 -3.311499999999995003e-03 -3.310999999999994503e-03 1.655749999999997502e-03 -4.966749999999995474e-03 2.135548407618370561e+02
4.668869999999999965e-01 1.198680000000000023e-01 0.000000000000000000e+00 -6.622499999999996445e-03 1.655749999999997502e-03 -1.655750000000004440e-03 3.775294451448660027e+01
4.668869999999999965e-01 1.132449999999999984e-01 0.000000000000000000e+00 -6.622500000000003384e-03 0.000000000000000000e+00 0.000000000000000000e+00 0.000000000000000000e+00
4.668869999999999965e-01 1.066229999999999956e-01 0.000000000000000000e+00 -6.622499999999996445e-03 0.000000000000000000e+00 -2.499999999967805753e-07 0.000000000000000000e+00
4.668869999999999965e-01 1.000000000000000056e-01 0.000000000000000000e+00 -6.622999999999996945e-03 0.000000000000000000e+00 -3.469446951953614189e-18 0.000000000000000000e+00
4.668869999999999965e-01 9.337700000000000167e-02 0.000000000000000000e+00 -6.622500000000003384e-03 1.655749999999997502e-03 1.655999999999997752e-03 3.775294451448651500e+01
4.668869999999999965e-01 8.675499999999999878e-02 3.311499999999995003e-03 -3.311000000000001442e-03 3.311250000000001692e-03 1.655500000000000721e-03 1.601520232541175233e+02
4.735099999999999865e-01 8.675499999999999878e-02 6.622500000000003384e-03 -3.311500000000001942e-03 1.655500000000004190e-03 -2.500000000002500222e-07 1.350119385123540461e+01
4.801320000000000032e-01 8.013199999999999490e-02 6.622500000000003384e-03 -3.311500000000001942e-03 0.000000000000000000e+00 2.500000000037194692e-07 4.078602500844363994e-03
4.867549999999999932e-01 8.013199999999999490e-02 6.622500000000003384e-03 -3.310999999999994503e-03 1.655750000000011379e-03 2.500000000037194692e-07 1.351057506194839064e+01
4.933770000000000100e-01 7.351000000000000589e-02 9.934000000000026143e-03 -3.310999999999994503e-03 3.311499999999995003e-03 1.655499999999997252e-03 2.387345338708591314e+01
5.066230000000000455e-01 7.351000000000000589e-02 1.324549999999999339e-02 0.000000000000000000e+00 -2.500000000210667039e-07 1.655499999999997252e-03 9.436098618322459330e+00
5.198679999999999968e-01 7.351000000000000589e-02 9.933499999999984009e-03 0.000000000000000000e+00 -1.656000000000004690e-03 0.000000000000000000e+00 0.000000000000000000e+00
5.264900000000000135e-01 7.351000000000000589e-02 9.933499999999984009e-03 0.000000000000000000e+00 3.311499999999995003e-03 1.655499999999997252e-03 1.677739744759440299e+01
5.397349999999999648e-01 7.351000000000000589e-02 1.655649999999997402e-02 3.310999999999994503e-03 1.655750000000011379e-03 3.311249999999998223e-03 1.025067993945045686e+01
5.596029999999999616e-01 8.013199999999999490e-02 1.324500000000000677e-02 6.622499999999996445e-03 -3.311499999999967248e-03 3.311500000000005411e-03 2.026035606844071069e+01
5.662249999999999783e-01 8.675499999999999878e-02 9.933500000000039520e-03 9.934000000000005326e-03 -1.655500000000004190e-03 3.311250000000001692e-03 1.779496797902929828e+01
5.794700000000000406e-01 1.000000000000000056e-01 9.933999999999998387e-03 1.324499999999999983e-02 -1.655500000000031946e-03 -3.469446951953614189e-18 4.831515939027316797e+00
5.860929999999999751e-01 1.132449999999999984e-01 6.622499999999975628e-03 9.933999999999998387e-03 -2.499999999794333405e-07 1.655749999999997502e-03 6.444681215926721052e+00
5.927149999999999919e-01 1.198680000000000023e-01 9.933500000000039520e-03 1.655649999999999483e-02 2.775557561562891351e-17 3.311000000000001442e-03 4.569423394345108136e+00
6.059600000000000541e-01 1.463579999999999881e-01 6.622500000000031140e-03 1.655600000000000127e-02 -3.311000000000036136e-03 -3.311499999999991534e-03 5.800451508961141478e+00
6.059600000000000541e-01 1.529800000000000049e-01 3.311499999999967248e-03 9.933500000000011765e-03 -1.655500000000031946e-03 -3.311000000000001442e-03 4.773825462108903572e+00
6.125829999999999886e-01 1.662250000000000116e-01 3.311499999999967248e-03 9.933999999999998387e-03 -1.655749999999983624e-03 1.655749999999990563e-03 1.910063739510087899e+01
6.125829999999999886e-01 1.728480000000000016e-01 0.000000000000000000e+00 1.324499999999999289e-02 -3.311499999999967248e-03 3.311000000000001442e-03 1.887647225724314382e+01
6.125829999999999886e-01 1.927149999999999974e-01 -3.311499999999967248e-03 1.655600000000000127e-02 -3.311249999999987814e-03 1.655750000000004440e-03 1.025087836720359924e+01
6.059600000000000541e-01 2.059600000000000042e-01 -6.622499999999975628e-03 1.655650000000000177e-02 -1.655500000000031946e-03 -1.655500000000004190e-03 6.767589530713292056e+00
5.993380000000000374e-01 2.258280000000000010e-01 -6.622500000000031140e-03 1.324499999999999289e-02 -2.775557561562891351e-17 -3.311500000000001942e-03 6.753452022813728028e+00
5.927149999999999919e-01 2.324499999999999900e-01 -6.622500000000031140e-03 9.933499999999997887e-03 -3.311249999999987814e-03 6.938893903907228378e-18 1.932974057770952570e+01
5.860929999999999751e-01 2.456949999999999967e-01 -1.324500000000000677e-02 1.324500000000000677e-02 -3.311249999999987814e-03 2.500000000002500222e-07 6.672833092592466819e+00
5.662249999999999783e-01 2.589400000000000035e-01 -1.324500000000000677e-02 9.933999999999998387e-03 1.655750000000011379e-03 -1.655500000000004190e-03 1.207240564031306862e+00
5.596029999999999616e-01 2.655629999999999935e-01 -9.933499999999984009e-03 9.933999999999998387e-03 0.000000000000000000e+00 -2.499999999933111283e-07 8.956898087437346022e-04
5.463580000000000103e-01 2.788080000000000003e-01 -1.324500000000000677e-02 9.933500000000011765e-03 -2.500000000071889161e-07 -1.655749999999997502e-03 4.833055471346579424e+00
5.331129999999999480e-01 2.854300000000000170e-01 -9.933999999999998387e-03 6.622500000000003384e-03 2.775557561562891351e-17 -3.311000000000008381e-03 1.932723351246405485e+01
5.264900000000000135e-01 2.920530000000000070e-01 -1.324499999999995126e-02 3.311499999999995003e-03 -3.311250000000001692e-03 -3.311250000000001692e-03 2.154296233960999274e+01
5.066230000000000455e-01 2.920530000000000070e-01 -1.655650000000000177e-02 0.000000000000000000e+00 -1.655750000000039135e-03 -1.655749999999997502e-03 6.040288703765698486e+00
4.933770000000000100e-01 2.920530000000000070e-01 -1.655650000000002953e-02 0.000000000000000000e+00 2.499999999933111283e-07 0.000000000000000000e+00 -0.000000000000000000e+00
4.735099999999999865e-01 2.920530000000000070e-01 -1.655600000000001515e-02 0.000000000000000000e+00 1.655750000000011379e-03 0.000000000000000000e+00 -0.000000000000000000e+00
4.602649999999999797e-01 2.920530000000000070e-01 -1.324500000000000677e-02 0.000000000000000000e+00 3.311000000000008381e-03 -1.655749999999997502e-03 9.438236128621628751e+00
4.470199999999999729e-01 2.920530000000000070e-01 -9.933999999999998387e-03 -3.311499999999995003e-03 1.655500000000004190e-03 -1.655749999999997502e-03 1.909991637145544630e+01
4.403969999999999829e-01 2.854300000000000170e-01 -9.933999999999998387e-03 -3.311499999999995003e-03 2.500000000071889161e-07 1.655749999999997502e-03 -1.432457676676876446e+01
4.271519999999999762e-01 2.854300000000000170e-01 -9.933499999999984009e-03 0.000000000000000000e+00 1.655750000000011379e-03 2.499999999933111283e-07 -2.533584634120438633e-03
4.205300000000000149e-01 2.854300000000000170e-01 -6.622499999999975628e-03 -3.311000000000008381e-03 1.655499999999990313e-03 -3.311250000000001692e-03 6.753044142546724515e+01
4.139070000000000249e-01 2.788080000000000003e-01 -6.622500000000003384e-03 -6.622500000000003384e-03 -1.387778780781445676e-17 -1.655749999999997502e-03 1.334768153797633339e+01
4.072850000000000081e-01 2.721850000000000103e-01 -6.622500000000003384e-03 -6.622500000000003384e-03 1.655500000000004190e-03 0.000000000000000000e+00 1.334566618518501713e+01
4.006620000000000181e-01 2.655629999999999935e-01 -3.311499999999995003e-03 -6.622500000000003384e-03 3.311250000000001692e-03 0.000000000000000000e+00 5.402109012287997558e+01
4.006620000000000181e-01 2.589400000000000035e-01 0.000000000000000000e+00 -6.622500000000003384e-03 1.655749999999997502e-03 0.000000000000000000e+00 3.775294451448651500e+01
4.006620000000000181e-01 2.523179999999999867e-01 0.000000000000000000e+00 -6.622500000000003384e-03 4.966999999999999194e-03 -1.655749999999997502e-03 1.132531332649583646e+02
4.006620000000000181e-01 2.456949999999999967e-01 9.933999999999998387e-03 -9.933999999999998387e-03 6.622499999999989506e-03 0.000000000000000000e+00 2.372622596031282072e+01
4.205300000000000149e-01 2.324499999999999900e-01 1.324499999999997901e-02 -6.622500000000003384e-03 1.655499999999990313e-03 4.966999999999999194e-03 2.363555253462122963e+01
4.271519999999999762e-01 2.324499999999999900e-01 1.324499999999997901e-02 0.000000000000000000e+00 1.387778780781445676e-17 1.655750000000004440e-03 9.438236128621712240e+00
4.470199999999999729e-01 2.324499999999999900e-01 1.324500000000000677e-02 -3.310999999999994503e-03 1.387778780781445676e-17 -1.655499999999997252e-03 -8.616633834189025620e+00
4.536419999999999897e-01 2.258280000000000010e-01 1.324500000000000677e-02 -3.310999999999994503e-03 1.655749999999997502e-03 1.655499999999997252e-03 1.077095493210651966e+01
4.735099999999999865e-01 2.258280000000000010e-01 1.655650000000000177e-02 0.000000000000000000e+00 0.000000000000000000e+00 1.655499999999997252e-03 6.039376686748671119e+00
4.867549999999999932e-01 2.258280000000000010e-01 1.324500000000000677e-02 0.000000000000000000e+00 0.000000000000000000e+00 1.655499999999997252e-03 9.436811058996289248e+00
5.000000000000000000e-01 2.258280000000000010e-01 1.655650000000000177e-02 3.310999999999994503e-03 1.655749999999983624e-03 1.655499999999997252e-03 4.555437349554896542e+00
5.198679999999999968e-01 2.324499999999999900e-01 1.655649999999997402e-02 3.310999999999994503e-03 -2.499999999933111283e-07 1.655750000000004440e-03 5.695414558085441392e+00
5.331129999999999480e-01 2.324499999999999900e-01 1.655600000000001515e-02 6.622500000000003384e-03 -2.499999999794333405e-07 1.655750000000004440e-03 4.835266992535980357e+00
5.529800000000000271e-01 2.456949999999999967e-01 1.655600000000001515e-02 6.622500000000003384e-03 2.499999999794333405e-07 -1.655500000000004190e-03 -4.834536964606498621e+00
5.662249999999999783e-01 2.456949999999999967e-01 1.655649999999997402e-02 3.311499999999995003e-03 -1.655500000000004190e-03 0.000000000000000000e+00 1.138925478251198165e+00
5.860929999999999751e-01 2.523179999999999867e-01 1.324500000000000677e-02 6.622500000000003384e-03 -1.655749999999983624e-03 1.655500000000004190e-03 1.012915833740277805e+01
5.927149999999999919e-01 2.589400000000000035e-01 1.324500000000000677e-02 6.622500000000003384e-03 4.966999999999999194e-03 0.000000000000000000e+00 -1.012966818581158357e+01
6.125829999999999886e-01 2.655629999999999935e-01 2.317900000000000515e-02 6.622500000000003384e-03 4.966749999999992005e-03 0.000000000000000000e+00 -2.347964666795578026e+00
6.390730000000000022e-01 2.721850000000000103e-01 2.317849999999999078e-02 6.622500000000003384e-03 -1.655750000000011379e-03 0.000000000000000000e+00 7.827805109922612026e-01
6.589399999999999702e-01 2.788080000000000003e-01 1.986749999999998240e-02 6.622500000000003384e-03 -4.966749999999992005e-03 -1.655749999999997502e-03 -3.605172672274733624e-04
6.788079999999999670e-01 2.854300000000000170e-01 1.324500000000000677e-02 3.311000000000008381e-03 -4.966999999999971438e-03 -3.311250000000001692e-03 -1.077193086656972021e+01
6.854299999999999837e-01 2.854300000000000170e-01 9.933500000000039520e-03 0.000000000000000000e+00 2.500000000071889161e-07 2.499999999933111283e-07 2.533584634120410444e-03
6.986750000000000460e-01 2.854300000000000170e-01 1.324550000000002115e-02 3.311499999999995003e-03 2.499999999794333405e-07 1.655749999999997502e-03 8.616786931353502155e+00
7.119210000000000260e-01 2.920530000000000070e-01 9.933999999999998387e-03 3.311499999999995003e-03 -6.622750000000010573e-03 -3.311499999999995003e-03 -9.549958185727684068e+00
7.185430000000000428e-01 2.920530000000000070e-01 0.000000000000000000e+00 -3.311499999999995003e-03 -8.278250000000014763e-03 -4.966999999999999194e-03 -7.548992936802679878e+02
7.119210000000000260e-01 2.854300000000000170e-01 -6.622500000000031140e-03 -6.622500000000003384e-03 -1.655750000000011379e-03 -1.655500000000004190e-03 -2.015352791482444023e-03
7.052979999999999805e-01 2.788080000000000003e-01 -3.311500000000022759e-03 -6.622500000000003384e-03 2.775557561562891351e-17 -1.655749999999997502e-03 1.350731190895464273e+01
7.052979999999999805e-01 2.721850000000000103e-01 -6.622499999999975628e-03 -9.933999999999998387e-03 -1.655499999999976435e-03 -4.966749999999998944e-03 9.664103220701468544e+00
6.920530000000000292e-01 2.589400000000000035e-01 -6.622499999999975628e-03 -1.655600000000000127e-02 1.655499999999976435e-03 -3.311000000000001442e-03 8.701699306952235702e+00
6.920530000000000292e-01 2.390730000000000077e-01 -3.311500000000022759e-03 -1.655600000000000127e-02 3.311249999999987814e-03 1.655499999999997252e-03 1.025105037334976998e+01
6.854299999999999837e-01 2.258280000000000010e-01 0.000000000000000000e+00 -1.324500000000000677e-02 4.967000000000026949e-03 1.655499999999997252e-03 2.831328331623974748e+01
6.920530000000000292e-01 2.125829999999999942e-01 6.622500000000031140e-03 -1.324500000000000677e-02 4.966999999999999194e-03 1.655500000000004190e-03 2.363555253462113015e+01
6.986750000000000460e-01 1.993379999999999874e-01 9.933999999999998387e-03 -9.933999999999998387e-03 1.655749999999983624e-03 4.966750000000005882e-03 2.372622596031282427e+01
7.119210000000000260e-01 1.927149999999999974e-01 9.933999999999998387e-03 -3.311499999999995003e-03 -2.500000000071889161e-07 4.966999999999999194e-03 4.297300938552743332e+01
7.185430000000000428e-01 1.927149999999999974e-01 9.933499999999984009e-03 0.000000000000000000e+00 3.311249999999987814e-03 6.622749999999996695e-03 6.711719054428027675e+01
7.317879999999999940e-01 1.927149999999999974e-01 1.655649999999997402e-02 9.933999999999998387e-03 2.500000000071889161e-07 8.278250000000000886e-03 1.904064987144083787e+01
7.516559999999999908e-01 2.125829999999999942e-01 9.933999999999998387e-03 1.655650000000000177e-02 -8.278249999999987008e-03 1.655500000000004190e-03 2.132573026866145227e+01
7.516559999999999908e-01 2.258280000000000010e-01 0.000000000000000000e+00 1.324500000000000677e-02 -4.966999999999999194e-03 -2.500000000002500222e-07 2.831328331623959116e+01
7.516559999999999908e-01 2.390730000000000077e-01 0.000000000000000000e+00 1.655600000000000127e-02 -3.311249999999987814e-03 1.655499999999997252e-03 1.208039502616285077e+01
7.516559999999999908e-01 2.589400000000000035e-01 -6.622499999999975628e-03 1.655600000000000127e-02 -6.622500000000003384e-03 -1.655499999999997252e-03 2.127216703092362238e+01
7.384110000000000396e-01 2.721850000000000103e-01 -1.324500000000000677e-02 1.324500000000000677e-02 -6.622750000000010573e-03 -4.966749999999998944e-03 2.335693117686522413e+01
7.251659999999999773e-01 2.854300000000000170e-01 -1.986799999999999677e-02 6.622500000000003384e-03 -1.655749999999983624e-03 -6.622500000000003384e-03 1.551831256396555503e+01
6.986750000000000460e-01 2.854300000000000170e-01 -1.655649999999997402e-02 0.000000000000000000e+00 6.622999999999990006e-03 -3.311250000000001692e-03 1.207966539051443533e+01
6.920530000000000292e-01 2.854300000000000170e-01 -6.622000000000016762e-03 0.000000000000000000e+00 9.934499999999957254e-03 0.000000000000000000e+00 -0.000000000000000000e+00
