4.337750000000000217e-01 3.450329999999999786e-01 0.000000000000000000e+00 6.623000000000045517e-03 -3.311500000000022759e-03 -3.311500000000022759e-03 7.549448890230961240e+01
4.337750000000000217e-01 3.516560000000000241e-01 -3.311500000000022759e-03 3.311500000000022759e-03 -3.311250000000001692e-03 -3.311500000000022759e-03 2.135225999861144146e+02
4.271519999999999762e-01 3.516560000000000241e-01 -6.622500000000003384e-03 0.000000000000000000e+00 -3.310999999999980625e-03 -4.967000000000013071e-03 1.132531332649586631e+02
4.205300000000000149e-01 3.516560000000000241e-01 -9.933499999999984009e-03 -6.622500000000003384e-03 -3.311250000000001692e-03 -9.933750000000005076e-03 4.510240369559128482e+01
4.072850000000000081e-01 3.384110000000000174e-01 -1.324500000000000677e-02 -1.986750000000001015e-02 -1.655750000000011379e-03 -8.278250000000000886e-03 5.637627397286455455e+00
3.940400000000000014e-01 3.119210000000000038e-01 -1.324500000000000677e-02 -2.317900000000000515e-02 1.655500000000004190e-03 -2.499999999933111283e-07 2.016994957892504825e+00
3.807949999999999946e-01 2.920530000000000070e-01 -9.933999999999998387e-03 -1.986799999999999677e-02 3.311250000000001692e-03 1.655749999999997502e-03 4.501621564920419871e+00
3.741720000000000046e-01 2.721850000000000103e-01 -6.622500000000003384e-03 -1.986750000000001015e-02 1.655749999999997502e-03 2.499999999933111283e-07 3.581378532678500815e+00
3.675499999999999878e-01 2.523179999999999867e-01 -6.622500000000003384e-03 -1.986750000000001015e-02 1.655500000000004190e-03 1.655500000000011129e-03 2.387345343607514270e+00
3.609269999999999978e-01 2.324499999999999900e-01 -3.311499999999995003e-03 -1.655649999999998789e-02 3.311250000000001692e-03 3.311250000000008631e-03 9.111403877947088503e+00
3.609269999999999978e-01 2.192050000000000110e-01 0.000000000000000000e+00 -1.324499999999999289e-02 1.655749999999997502e-03 1.655749999999990563e-03 9.438236128621650067e+00
3.609269999999999978e-01 2.059600000000000042e-01 0.000000000000000000e+00 -1.324500000000000677e-02 1.655749999999997502e-03 -6.938893903907228378e-18 9.438236128621628751e+00
3.609269999999999978e-01 1.927149999999999974e-01 3.311499999999995003e-03 -1.324500000000000677e-02 3.311250000000001692e-03 1.655750000000004440e-03 1.938869864739200111e+01
3.675499999999999878e-01 1.794699999999999906e-01 6.622500000000003384e-03 -9.933499999999997887e-03 1.655500000000004190e-03 4.967000000000006132e-03 2.899485412422777131e+01
3.741720000000000046e-01 1.728480000000000016e-01 6.622500000000003384e-03 -3.310999999999994503e-03 1.655749999999997502e-03 3.311000000000001442e-03 6.752840178546546213e+01
3.807949999999999946e-01 1.728480000000000016e-01 9.933999999999998387e-03 -3.311499999999995003e-03 3.311250000000001692e-03 -2.500000000002500222e-07 9.547795223657599806e+00
3.940400000000000014e-01 1.662250000000000116e-01 1.324500000000000677e-02 -3.311499999999995003e-03 -2.499999999933111283e-07 3.311499999999995003e-03 1.723508549531977607e+01
4.072850000000000081e-01 1.662250000000000116e-01 9.933500000000011765e-03 3.311499999999995003e-03 -1.655750000000011379e-03 4.966999999999992255e-03 4.775339621562002890e+01
4.139070000000000249e-01 1.728480000000000016e-01 9.933499999999984009e-03 6.622499999999989506e-03 2.499999999933111283e-07 3.311000000000001442e-03 1.932730822145345684e+01
4.271519999999999762e-01 1.794699999999999906e-01 9.933999999999998387e-03 9.933499999999997887e-03 -1.655499999999990313e-03 3.311250000000008631e-03 1.779526657235514264e+01
4.337750000000000217e-01 1.927149999999999974e-01 6.622500000000003384e-03 1.324500000000000677e-02 -1.655750000000011379e-03 2.500000000002500222e-07 6.753961871222417201e+00
4.403969999999999829e-01 2.059600000000000042e-01 6.622499999999975628e-03 9.933999999999998387e-03 -1.655500000000004190e-03 -1.655500000000004190e-03 3.221367715750240723e+00
4.470199999999999729e-01 2.125829999999999942e-01 3.311499999999995003e-03 9.933999999999998387e-03 -1.655749999999983624e-03 -2.500000000002500222e-07 1.432457676676866498e+01
4.470199999999999729e-01 2.258280000000000010e-01 3.311000000000008381e-03 9.933499999999997887e-03 -2.499999999933111283e-07 -2.500000000002500222e-07 1.442199728050486346e-03
4.536419999999999897e-01 2.324499999999999900e-01 3.311000000000008381e-03 9.933499999999997887e-03 -1.655500000000004190e-03 2.500000000002500222e-07 1.432573042201804370e+01
4.536419999999999897e-01 2.456949999999999967e-01 0.000000000000000000e+00 9.933999999999998387e-03 -1.655500000000004190e-03 -6.622249999999996195e-03 1.677570860370213879e+01
4.536419999999999897e-01 2.523179999999999867e-01 0.000000000000000000e+00 -3.310999999999994503e-03 0.000000000000000000e+00 -9.933999999999998387e-03 0.000000000000000000e+00
4.536419999999999897e-01 2.390730000000000077e-01 0.000000000000000000e+00 -9.933999999999998387e-03 1.655749999999997502e-03 -3.311500000000001942e-03 1.677824193330093649e+01
4.536419999999999897e-01 2.324499999999999900e-01 3.311499999999995003e-03 -9.933999999999998387e-03 3.311250000000001692e-03 -1.655499999999997252e-03 2.387381403771761157e+01
4.602649999999999797e-01 2.192050000000000110e-01 6.622500000000003384e-03 -1.324499999999999289e-02 1.655500000000004190e-03 2.499999999933111283e-07 6.752942174404806153e+00
4.668869999999999965e-01 2.059600000000000042e-01 6.622500000000003384e-03 -9.933500000000011765e-03 0.000000000000000000e+00 3.311249999999994753e-03 1.288681803753782340e+01
4.735099999999999865e-01 1.993379999999999874e-01 6.622500000000003384e-03 -6.622500000000003384e-03 1.655500000000004190e-03 1.655500000000011129e-03 2.669133237037009110e+01
4.801320000000000032e-01 1.927149999999999974e-01 9.933500000000011765e-03 -6.622499999999989506e-03 3.311500000000008881e-03 0.000000000000000000e+00 1.288779099473210898e+01
4.933770000000000100e-01 1.860930000000000084e-01 1.324550000000002115e-02 -6.622500000000003384e-03 1.655999999999990813e-03 1.655499999999990313e-03 1.012900536940939666e+01
5.066230000000000455e-01 1.794699999999999906e-01 1.324549999999999339e-02 -3.311500000000008881e-03 3.310999999999980625e-03 3.311250000000001692e-03 2.154099152393854411e+01
5.198679999999999968e-01 1.794699999999999906e-01 1.986749999999998240e-02 0.000000000000000000e+00 3.310999999999994503e-03 3.311500000000008881e-03 8.389543225441508767e+00
5.463580000000000103e-01 1.794699999999999906e-01 1.986749999999998240e-02 3.311500000000008881e-03 -4.966999999999999194e-03 3.311250000000001692e-03 1.006405012590290404e+01
5.596029999999999616e-01 1.860930000000000084e-01 9.933499999999984009e-03 6.622500000000003384e-03 -6.622499999999975628e-03 3.310999999999994503e-03 4.510191725372332883e+01
5.662249999999999783e-01 1.927149999999999974e-01 6.622500000000031140e-03 9.933499999999997887e-03 2.500000000071889161e-07 4.966999999999999194e-03 1.932925413584178642e+01
5.728480000000000238e-01 2.059600000000000042e-01 9.933999999999998387e-03 1.655650000000000177e-02 1.655499999999976435e-03 9.933999999999998387e-03 9.901938379218705677e+00
5.860929999999999751e-01 2.258280000000000010e-01 9.933499999999984009e-03 2.980149999999999466e-02 -3.311499999999995003e-03 6.622250000000003134e-03 5.305665861406434480e+00
5.927149999999999919e-01 2.655629999999999935e-01 3.311000000000008381e-03 2.980100000000000804e-02 -4.966749999999992005e-03 -4.966999999999992255e-03 4.880528239977391713e+00
5.927149999999999919e-01 2.854300000000000170e-01 0.000000000000000000e+00 1.986750000000001015e-02 -1.655500000000004190e-03 -6.622250000000003134e-03 4.194138248442812689e+00
5.927149999999999919e-01 3.052980000000000138e-01 0.000000000000000000e+00 1.655650000000000177e-02 -4.966749999999992005e-03 -1.387778780781445676e-17 1.811904207726303895e+01
5.927149999999999919e-01 3.185430000000000206e-01 -9.933499999999984009e-03 1.986749999999998240e-02 -8.278000000000007574e-03 1.655499999999990313e-03 1.350601275108356170e+01
5.728480000000000238e-01 3.450329999999999786e-01 -1.655600000000001515e-02 1.986749999999998240e-02 -2.500000000071889161e-07 -4.966749999999992005e-03 4.754352150751048889e+00
5.596029999999999616e-01 3.582779999999999854e-01 -9.933999999999998387e-03 9.933999999999998387e-03 -2.499999999794333405e-07 -6.622499999999989506e-03 2.372712162758191567e+01
5.529800000000000271e-01 3.649009999999999754e-01 -1.655649999999997402e-02 6.622500000000003384e-03 -4.966750000000019760e-03 -1.655749999999997502e-03 1.063576382389350172e+01
5.264900000000000135e-01 3.715229999999999921e-01 -1.986750000000003791e-02 6.622500000000003384e-03 3.311499999999995003e-03 -1.655500000000004190e-03 1.193312154536538605e+00
5.132449999999999513e-01 3.781459999999999821e-01 -9.933499999999984009e-03 3.311499999999995003e-03 4.966750000000033638e-03 -1.655749999999997502e-03 -1.210007078123886952e-13
5.066230000000000455e-01 3.781459999999999821e-01 -9.933999999999970631e-03 3.311000000000008381e-03 -1.656000000000018568e-03 -2.499999999933111283e-07 4.777718874390476600e+00
4.933770000000000100e-01 3.847679999999999989e-01 -1.324550000000002115e-02 3.311000000000008381e-03 -1.655500000000018068e-03 -1.655500000000004190e-03 1.076980694226287838e+01
4.801320000000000032e-01 3.847679999999999989e-01 -1.324500000000000677e-02 0.000000000000000000e+00 1.656000000000004690e-03 -1.655500000000004190e-03 9.436811058996328327e+00
4.668869999999999965e-01 3.847679999999999989e-01 -9.933500000000011765e-03 0.000000000000000000e+00 3.311250000000001692e-03 0.000000000000000000e+00 -0.000000000000000000e+00
4.602649999999999797e-01 3.847679999999999989e-01 -6.622500000000003384e-03 0.000000000000000000e+00 1.655500000000004190e-03 0.000000000000000000e+00 -0.000000000000000000e+00
4.536419999999999897e-01 3.847679999999999989e-01 -6.622500000000003384e-03 0.000000000000000000e+00 0.000000000000000000e+00 0.000000000000000000e+00 -0.000000000000000000e+00
4.470199999999999729e-01 3.847679999999999989e-01 -6.622500000000003384e-03 0.000000000000000000e+00 1.387778780781445676e-17 -1.655500000000004190e-03 3.774724423598531331e+01
4.403969999999999829e-01 3.847679999999999989e-01 -6.622499999999975628e-03 -3.311000000000008381e-03 0.000000000000000000e+00 -1.655500000000004190e-03 2.701095284777868955e+01
4.337750000000000217e-01 3.781459999999999821e-01 -6.622500000000003384e-03 -3.311000000000008381e-03 1.655499999999976435e-03 -2.499999999933111283e-07 1.350853572990962093e+01
4.271519999999999762e-01 3.781459999999999821e-01 -3.311500000000022759e-03 -3.311499999999995003e-03 4.967000000000013071e-03 -2.499999999933111283e-07 1.601479951351068394e+02
4.271519999999999762e-01 3.715229999999999921e-01 3.311500000000022759e-03 -3.311499999999995003e-03 4.967000000000013071e-03 1.655749999999997502e-03 2.135225999861153241e+02
4.337750000000000217e-01 3.715229999999999921e-01 6.622500000000003384e-03 0.000000000000000000e+00 1.655499999999976435e-03 1.655749999999997502e-03 3.775294451448651500e+01
4.403969999999999829e-01 3.715229999999999921e-01 6.622499999999975628e-03 0.000000000000000000e+00 0.000000000000000000e+00 0.000000000000000000e+00 0.000000000000000000e+00
4.470199999999999729e-01 3.715229999999999921e-01 6.622500000000003384e-03 0.000000000000000000e+00 1.655500000000018068e-03 0.000000000000000000e+00 0.000000000000000000e+00
4.536419999999999897e-01 3.715229999999999921e-01 9.933500000000011765e-03 0.000000000000000000e+00 3.311250000000001692e-03 0.000000000000000000e+00 0.000000000000000000e+00
4.668869999999999965e-01 3.715229999999999921e-01 1.324500000000000677e-02 0.000000000000000000e+00 8.278499999999994197e-03 1.655749999999997502e-03 9.438236128621628751e+00
4.801320000000000032e-01 3.715229999999999921e-01 2.649050000000000016e-02 3.311499999999995003e-03 6.622749999999982817e-03 1.655749999999997502e-03 1.152590539861304775e+00
5.198679999999999968e-01 3.781459999999999821e-01 2.649049999999997240e-02 3.311499999999995003e-03 1.655250000000010879e-03 -1.655749999999997502e-03 -2.593306959487108543e+00
5.331129999999999480e-01 3.781459999999999821e-01 2.980100000000002192e-02 0.000000000000000000e+00 1.655250000000024757e-03 -1.655749999999997502e-03 -1.864374218990325849e+00
5.794700000000000406e-01 3.781459999999999821e-01 2.980100000000002192e-02 0.000000000000000000e+00 -3.311000000000008381e-03 1.655500000000004190e-03 1.864092719032762746e+00
5.927149999999999919e-01 3.781459999999999821e-01 2.317900000000000515e-02 3.311000000000008381e-03 -3.311000000000008381e-03 1.655500000000004190e-03 3.843415152050436934e+00
6.258280000000000509e-01 3.847679999999999989e-01 2.317900000000000515e-02 3.311000000000008381e-03 -3.311500000000022759e-03 -1.655500000000004190e-03 -2.135216310101903492e+00
6.390730000000000022e-01 3.847679999999999989e-01 1.655599999999995964e-02 0.000000000000000000e+00 -4.966999999999999194e-03 -1.655500000000004190e-03 -6.039741477029165750e+00
6.589399999999999702e-01 3.847679999999999989e-01 1.324500000000000677e-02 0.000000000000000000e+00 -3.310999999999980625e-03 -1.655500000000004190e-03 -9.436811058996328327e+00
6.655630000000000157e-01 3.847679999999999989e-01 9.933999999999998387e-03 -3.311000000000008381e-03 -1.655750000000011379e-03 -3.311250000000001692e-03 -3.342456523350945474e+01
6.788079999999999670e-01 3.781459999999999821e-01 9.933499999999984009e-03 -6.622500000000003384e-03 -1.655749999999983624e-03 -1.655749999999997502e-03 -1.610949548575191770e+01
6.854299999999999837e-01 3.715229999999999921e-01 6.622500000000031140e-03 -6.622500000000003384e-03 -3.310999999999980625e-03 0.000000000000000000e+00 -2.669133237036964346e+01
6.920530000000000292e-01 3.649009999999999754e-01 3.311500000000022759e-03 -6.622500000000003384e-03 -3.311250000000015570e-03 1.387778780781445676e-17 -5.402109012287981216e+01
6.920530000000000292e-01 3.582779999999999854e-01 0.000000000000000000e+00 -6.622499999999975628e-03 -1.655750000000011379e-03 -1.655499999999990313e-03 -3.775294451448715449e+01
6.920530000000000292e-01 3.516560000000000241e-01 0.000000000000000000e+00 -9.933499999999984009e-03 -3.311250000000015570e-03 -3.311250000000015570e-03 -3.355732847982321942e+01
6.920530000000000292e-01 3.384110000000000174e-01 -6.622500000000031140e-03 -1.324500000000000677e-02 -6.622500000000003384e-03 -2.500000000071889161e-07 -2.701125884921031428e+01
6.788079999999999670e-01 3.251660000000000106e-01 -1.324500000000000677e-02 -9.933999999999998387e-03 -1.655749999999983624e-03 3.311250000000001692e-03 -1.328803686886716484e+01
6.655630000000000157e-01 3.185430000000000206e-01 -9.933999999999998387e-03 -6.622500000000003384e-03 1.655500000000004190e-03 4.966999999999999194e-03 -2.255151986812857956e+01
6.589399999999999702e-01 3.119210000000000038e-01 -9.933999999999998387e-03 0.000000000000000000e+00 1.655750000000011379e-03 9.933750000000005076e-03 -1.006618516110092258e+02
6.456950000000000189e-01 3.185430000000000206e-01 -6.622499999999975628e-03 1.324500000000000677e-02 4.966999999999999194e-03 6.622499999999989506e-03 -3.376522072043276523e+01
6.456950000000000189e-01 3.384110000000000174e-01 0.000000000000000000e+00 1.324499999999997901e-02 3.311249999999987814e-03 -1.655750000000011379e-03 -1.887504718761796241e+01
6.456950000000000189e-01 3.450329999999999786e-01 0.000000000000000000e+00 9.933499999999984009e-03 3.311249999999987814e-03 1.387778780781445676e-17 -3.355732847982293521e+01
6.456950000000000189e-01 3.582779999999999854e-01 6.622499999999975628e-03 1.324500000000000677e-02 6.622500000000003384e-03 1.655750000000011379e-03 -2.363504268621245075e+01
6.589399999999999702e-01 3.715229999999999921e-01 1.324500000000000677e-02 1.324500000000000677e-02 1.655750000000011379e-03 -1.655500000000004190e-03 -6.673336930790393140e+00
6.721850000000000325e-01 3.847679999999999989e-01 9.933999999999998387e-03 9.933999999999998387e-03 -3.311250000000015570e-03 -4.966750000000005882e-03 -5.931108656443596416e+00
6.788079999999999670e-01 3.913909999999999889e-01 6.622499999999975628e-03 3.311499999999995003e-03 -3.311499999999995003e-03 -3.311499999999995003e-03 -2.701054490747240422e+01
6.854299999999999837e-01 3.913909999999999889e-01 3.311000000000008381e-03 3.311000000000008381e-03 -3.311249999999987814e-03 1.655250000000010879e-03 1.601721793687429169e+02
6.854299999999999837e-01 3.980130000000000057e-01 0.000000000000000000e+00 6.622000000000016762e-03 -3.311000000000008381e-03 3.311000000000008381e-03 7.550588945937762730e+01
