4.337750000000000217e-01 2.390730000000000077e-01 -6.623000000000045517e-03 0.000000000000000000e+00 5.000000000421334079e-07 0.000000000000000000e+00 -0.000000000000000000e+00
4.271519999999999762e-01 2.390730000000000077e-01 -6.622500000000003384e-03 0.000000000000000000e+00 2.500000000349444917e-07 -1.655750000000004440e-03 3.775294451448667132e+01
4.205300000000000149e-01 2.390730000000000077e-01 -6.622499999999975628e-03 -3.311500000000008881e-03 0.000000000000000000e+00 -4.966999999999999194e-03 8.103367448557058594e+01
4.139070000000000249e-01 2.324499999999999900e-01 -6.622500000000003384e-03 -9.933999999999998387e-03 -1.655500000000018068e-03 -4.966749999999992005e-03 9.664103220701237618e+00
4.072850000000000081e-01 2.192050000000000110e-01 -9.933500000000011765e-03 -1.324499999999999289e-02 -1.655749999999997502e-03 2.499999999933111283e-07 -4.833055471346554555e+00
3.940400000000000014e-01 2.059600000000000042e-01 -9.933999999999998387e-03 -9.933500000000011765e-03 1.655500000000004190e-03 1.655749999999997502e-03 -1.194283134525688959e-03
3.874170000000000114e-01 1.993379999999999874e-01 -6.622500000000003384e-03 -9.933499999999997887e-03 3.311499999999995003e-03 -2.499999999933111283e-07 1.933217293396598180e+01
3.807949999999999946e-01 1.860930000000000084e-01 -3.311000000000008381e-03 -9.933999999999998387e-03 3.311250000000001692e-03 1.655499999999997252e-03 2.387561644713641584e+01
3.807949999999999946e-01 1.794699999999999906e-01 0.000000000000000000e+00 -6.622500000000003384e-03 1.655500000000004190e-03 1.655750000000004440e-03 3.774724423598531331e+01
3.807949999999999946e-01 1.728480000000000016e-01 0.000000000000000000e+00 -6.622499999999989506e-03 0.000000000000000000e+00 0.000000000000000000e+00 0.000000000000000000e+00
3.807949999999999946e-01 1.662250000000000116e-01 0.000000000000000000e+00 -6.622500000000003384e-03 4.966750000000005882e-03 -1.655500000000011129e-03 1.132474329864571416e+02
3.807949999999999946e-01 1.596029999999999949e-01 9.933500000000011765e-03 -9.933500000000011765e-03 6.622500000000003384e-03 0.000000000000000000e+00 2.372861452658721859e+01
4.006620000000000181e-01 1.463579999999999881e-01 1.324500000000000677e-02 -6.622500000000003384e-03 2.499999999933111283e-07 4.966750000000005882e-03 2.025882652321439181e+01
4.072850000000000081e-01 1.463579999999999881e-01 9.933999999999998387e-03 0.000000000000000000e+00 0.000000000000000000e+00 3.311250000000001692e-03 3.355395053700308239e+01
4.205300000000000149e-01 1.463579999999999881e-01 1.324500000000000677e-02 0.000000000000000000e+00 1.655499999999990313e-03 1.655500000000004190e-03 9.436811058996328327e+00
4.337750000000000217e-01 1.463579999999999881e-01 1.324499999999997901e-02 3.311000000000008381e-03 -1.655750000000011379e-03 3.311250000000001692e-03 1.938888997949928594e+01
4.470199999999999729e-01 1.529800000000000049e-01 9.933499999999984009e-03 6.622500000000003384e-03 -1.655749999999983624e-03 2.499999999933111283e-07 6.445354896428086455e+00
4.536419999999999897e-01 1.596029999999999949e-01 9.933500000000011765e-03 3.311499999999995003e-03 2.500000000071889161e-07 -1.655749999999997502e-03 -1.432724470614197010e+01
4.668869999999999965e-01 1.596029999999999949e-01 9.933999999999998387e-03 3.311000000000008381e-03 -1.655500000000004190e-03 3.311000000000001442e-03 3.342168122602335956e+01
4.735099999999999865e-01 1.662250000000000116e-01 6.622500000000003384e-03 9.933499999999997887e-03 -3.311499999999995003e-03 3.311499999999995003e-03 3.221899097150386382e+01
4.801320000000000032e-01 1.794699999999999906e-01 3.311000000000008381e-03 9.933999999999998387e-03 -3.311250000000001692e-03 -1.655499999999997252e-03 2.387561644713641584e+01
4.801320000000000032e-01 1.860930000000000084e-01 0.000000000000000000e+00 6.622500000000003384e-03 -3.311000000000008381e-03 -3.311500000000001942e-03 7.549448847197062662e+01
4.801320000000000032e-01 1.927149999999999974e-01 -3.311000000000008381e-03 3.310999999999994503e-03 -3.311250000000001692e-03 -3.311250000000001692e-03 2.135790310821514311e+02
4.735099999999999865e-01 1.927149999999999974e-01 -6.622500000000003384e-03 0.000000000000000000e+00 -1.655749999999997502e-03 -1.655499999999997252e-03 3.774724423598515699e+01
4.668869999999999965e-01 1.927149999999999974e-01 -6.622500000000003384e-03 0.000000000000000000e+00 1.655749999999997502e-03 -1.655499999999997252e-03 3.774724423598515699e+01
4.602649999999999797e-01 1.927149999999999974e-01 -3.311000000000008381e-03 -3.310999999999994503e-03 1.655500000000004190e-03 -3.311250000000001692e-03 1.601802419973238614e+02
4.602649999999999797e-01 1.860930000000000084e-01 -3.311499999999995003e-03 -6.622500000000003384e-03 -2.499999999933111283e-07 -1.655750000000004440e-03 1.350323330645352726e+01
4.536419999999999897e-01 1.794699999999999906e-01 -3.311499999999995003e-03 -6.622500000000003384e-03 1.655749999999997502e-03 6.938893903907228378e-18 2.701258436269026575e+01
4.536419999999999897e-01 1.728480000000000016e-01 0.000000000000000000e+00 -6.622499999999989506e-03 1.655749999999997502e-03 0.000000000000000000e+00 3.775294451448668553e+01
4.536419999999999897e-01 1.662250000000000116e-01 0.000000000000000000e+00 -6.622500000000003384e-03 4.966999999999999194e-03 -1.655500000000011129e-03 1.132531332649583646e+02
4.536419999999999897e-01 1.596029999999999949e-01 9.933999999999998387e-03 -9.933500000000011765e-03 8.278250000000000886e-03 0.000000000000000000e+00 2.965897663772478410e+01
4.735099999999999865e-01 1.463579999999999881e-01 1.655650000000000177e-02 -6.622500000000003384e-03 -2.499999999933111283e-07 4.966750000000005882e-03 1.450247813115497308e+01
4.867549999999999932e-01 1.463579999999999881e-01 9.933500000000011765e-03 0.000000000000000000e+00 -3.311249999999987814e-03 3.311250000000001692e-03 3.355732847982288547e+01
4.933770000000000100e-01 1.463579999999999881e-01 9.934000000000026143e-03 0.000000000000000000e+00 1.655999999999990813e-03 0.000000000000000000e+00 0.000000000000000000e+00
5.066230000000000455e-01 1.463579999999999881e-01 1.324549999999999339e-02 0.000000000000000000e+00 3.310999999999966747e-03 3.311250000000001692e-03 1.887362219868336410e+01
5.198679999999999968e-01 1.463579999999999881e-01 1.655599999999995964e-02 6.622500000000003384e-03 -2.499999999933111283e-07 4.966750000000005882e-03 1.450375689058662587e+01
5.397349999999999648e-01 1.596029999999999949e-01 1.324500000000000677e-02 9.933500000000011765e-03 -4.966749999999964249e-03 0.000000000000000000e+00 1.087177545075627449e+01
5.463580000000000103e-01 1.662250000000000116e-01 6.622500000000031140e-03 6.622500000000003384e-03 -3.311250000000015570e-03 2.499999999933111283e-07 2.669536307595283020e+01
5.529800000000000271e-01 1.728480000000000016e-01 6.622499999999975628e-03 9.933999999999998387e-03 -1.655500000000031946e-03 3.311249999999994753e-03 2.254908769268382684e+01
5.596029999999999616e-01 1.860930000000000084e-01 3.311499999999967248e-03 1.324499999999999289e-02 -3.311249999999987814e-03 1.655499999999997252e-03 1.938837332819954540e+01
5.596029999999999616e-01 1.993379999999999874e-01 0.000000000000000000e+00 1.324499999999999289e-02 -1.655749999999983624e-03 -1.655749999999990563e-03 9.438236128621571908e+00
5.596029999999999616e-01 2.125829999999999942e-01 0.000000000000000000e+00 9.933500000000011765e-03 0.000000000000000000e+00 -3.311249999999994753e-03 -0.000000000000000000e+00
5.596029999999999616e-01 2.192050000000000110e-01 0.000000000000000000e+00 6.622500000000003384e-03 -3.311249999999987814e-03 2.499999999933111283e-07 7.550018875047150857e+01
5.596029999999999616e-01 2.258280000000000010e-01 -6.622499999999975628e-03 9.933999999999998387e-03 -4.966999999999999194e-03 1.655499999999997252e-03 2.255151986812872167e+01
5.463580000000000103e-01 2.390730000000000077e-01 -9.933999999999998387e-03 9.933499999999997887e-03 -2.775557561562891351e-17 -3.311500000000001942e-03 1.186490439358862048e+01
5.397349999999999648e-01 2.456949999999999967e-01 -6.622500000000031140e-03 3.310999999999994503e-03 2.500000000071889161e-07 -3.311000000000001442e-03 5.401986636351837490e+01
5.331129999999999480e-01 2.456949999999999967e-01 -9.933499999999984009e-03 3.311499999999995003e-03 -1.655749999999983624e-03 2.500000000002500222e-07 4.773825462108486128e+00
5.198679999999999968e-01 2.523179999999999867e-01 -9.933999999999998387e-03 3.311499999999995003e-03 1.655500000000004190e-03 -2.499999999933111283e-07 -4.772455618971017444e+00
5.132449999999999513e-01 2.523179999999999867e-01 -6.622499999999975628e-03 3.311000000000008381e-03 1.655750000000011379e-03 -2.499999999933111283e-07 -1.350241711786893184e+01
5.066230000000000455e-01 2.589400000000000035e-01 -6.622499999999975628e-03 3.311000000000008381e-03 -2.500000000210667039e-07 -1.655500000000004190e-03 2.701299217981719991e+01
5.000000000000000000e-01 2.589400000000000035e-01 -6.623000000000017762e-03 0.000000000000000000e+00 -1.387778780781445676e-17 -1.655500000000004190e-03 3.774154503330034061e+01
4.933770000000000100e-01 2.589400000000000035e-01 -6.622500000000003384e-03 0.000000000000000000e+00 2.500000000071889161e-07 0.000000000000000000e+00 -0.000000000000000000e+00
4.867549999999999932e-01 2.589400000000000035e-01 -6.622500000000003384e-03 0.000000000000000000e+00 0.000000000000000000e+00 0.000000000000000000e+00 -0.000000000000000000e+00
4.801320000000000032e-01 2.589400000000000035e-01 -6.622500000000003384e-03 0.000000000000000000e+00 0.000000000000000000e+00 0.000000000000000000e+00 -0.000000000000000000e+00
4.735099999999999865e-01 2.589400000000000035e-01 -6.622500000000003384e-03 0.000000000000000000e+00 0.000000000000000000e+00 0.000000000000000000e+00 -0.000000000000000000e+00
4.668869999999999965e-01 2.589400000000000035e-01 -6.622500000000003384e-03 0.000000000000000000e+00 0.000000000000000000e+00 0.000000000000000000e+00 -0.000000000000000000e+00
4.602649999999999797e-01 2.589400000000000035e-01 -6.622500000000003384e-03 0.000000000000000000e+00 1.655500000000004190e-03 -1.655500000000004190e-03 3.774724423598531331e+01
4.536419999999999897e-01 2.589400000000000035e-01 -3.311499999999995003e-03 -3.311000000000008381e-03 1.655749999999997502e-03 -1.655500000000004190e-03 1.067733893710506976e+02
4.536419999999999897e-01 2.523179999999999867e-01 -3.311000000000008381e-03 -3.311000000000008381e-03 -1.655500000000004190e-03 1.655500000000004190e-03 -1.067814529124955811e+02
4.470199999999999729e-01 2.523179999999999867e-01 -6.622500000000003384e-03 0.000000000000000000e+00 1.655500000000004190e-03 1.655500000000004190e-03 -3.774724423598531331e+01
4.403969999999999829e-01 2.523179999999999867e-01 0.000000000000000000e+00 0.000000000000000000e+00 6.622500000000003384e-03 0.000000000000000000e+00 0.000000000000000000e+00
4.470199999999999729e-01 2.523179999999999867e-01 6.622500000000003384e-03 0.000000000000000000e+00 4.966750000000005882e-03 0.000000000000000000e+00 0.000000000000000000e+00
4.536419999999999897e-01 2.523179999999999867e-01 9.933500000000011765e-03 0.000000000000000000e+00 3.311250000000001692e-03 0.000000000000000000e+00 0.000000000000000000e+00
4.668869999999999965e-01 2.523179999999999867e-01 1.324500000000000677e-02 0.000000000000000000e+00 8.278499999999994197e-03 3.311250000000001692e-03 1.887504718761795885e+01
4.801320000000000032e-01 2.523179999999999867e-01 2.649050000000000016e-02 6.622500000000003384e-03 6.622749999999982817e-03 3.311250000000001692e-03 2.154177600727838815e+00
5.198679999999999968e-01 2.655629999999999935e-01 2.649049999999997240e-02 6.622500000000003384e-03 -6.622749999999996695e-03 -3.311250000000001692e-03 -2.154177600727836595e+00
5.331129999999999480e-01 2.655629999999999935e-01 1.324500000000000677e-02 0.000000000000000000e+00 -3.311499999999967248e-03 -3.311250000000001692e-03 -1.887504718761795885e+01
5.463580000000000103e-01 2.655629999999999935e-01 1.986750000000003791e-02 0.000000000000000000e+00 4.966749999999992005e-03 0.000000000000000000e+00 0.000000000000000000e+00
5.728480000000000238e-01 2.655629999999999935e-01 2.317849999999999078e-02 0.000000000000000000e+00 -1.655750000000011379e-03 0.000000000000000000e+00 0.000000000000000000e+00
5.927149999999999919e-01 2.655629999999999935e-01 1.655600000000001515e-02 0.000000000000000000e+00 -6.622249999999996195e-03 0.000000000000000000e+00 0.000000000000000000e+00
6.059600000000000541e-01 2.655629999999999935e-01 9.933999999999998387e-03 0.000000000000000000e+00 -1.655500000000031946e-03 -1.655749999999997502e-03 -1.677824193330093649e+01
6.125829999999999886e-01 2.655629999999999935e-01 1.324499999999995126e-02 -3.311499999999995003e-03 3.311000000000008381e-03 -3.311250000000001692e-03 -1.292558225154620821e+01
6.324499999999999567e-01 2.589400000000000035e-01 1.655600000000001515e-02 -6.622500000000003384e-03 -1.655499999999976435e-03 -1.655500000000004190e-03 -6.767972127988764797e+00
6.456950000000000189e-01 2.523179999999999867e-01 9.933999999999998387e-03 -6.622500000000003384e-03 -4.966750000000019760e-03 -1.655749999999997502e-03 -2.899279605312269936e+01
6.523179999999999534e-01 2.456949999999999967e-01 6.622499999999975628e-03 -9.933999999999998387e-03 -3.311499999999995003e-03 -1.655499999999997252e-03 -2.577240119286030762e+01
6.589399999999999702e-01 2.324499999999999900e-01 3.311000000000008381e-03 -9.933499999999997887e-03 -3.311249999999987814e-03 2.500000000002500222e-07 -2.865146095292226747e+01
6.589399999999999702e-01 2.258280000000000010e-01 0.000000000000000000e+00 -9.933499999999997887e-03 -4.966749999999992005e-03 -2.500000000002500222e-07 -5.033472592741726004e+01
6.589399999999999702e-01 2.125829999999999942e-01 -6.622499999999975628e-03 -9.933999999999998387e-03 -4.966749999999992005e-03 1.655499999999997252e-03 -3.543455862913523902e+01
6.456950000000000189e-01 2.059600000000000042e-01 -9.933499999999984009e-03 -6.622500000000003384e-03 -2.775557561562891351e-17 3.311499999999995003e-03 -1.933119997677192359e+01
6.390730000000000022e-01 1.993379999999999874e-01 -6.622500000000031140e-03 -3.311000000000008381e-03 1.655500000000004190e-03 4.966750000000005882e-03 -6.753248075750484247e+01
6.324499999999999567e-01 1.993379999999999874e-01 -6.622499999999975628e-03 3.311000000000008381e-03 2.775557561562891351e-17 4.966750000000005882e-03 -8.103693751537602452e+01
6.258280000000000509e-01 2.059600000000000042e-01 -6.622499999999975628e-03 6.622500000000003384e-03 1.655499999999976435e-03 3.311499999999995003e-03 -4.004102926113782956e+01
6.192050000000000054e-01 2.125829999999999942e-01 -3.311500000000022759e-03 9.933999999999998387e-03 3.311249999999987814e-03 3.311250000000001692e-03 -3.819839080448625168e+01
6.192050000000000054e-01 2.258280000000000010e-01 0.000000000000000000e+00 1.324500000000000677e-02 4.966999999999999194e-03 3.311000000000001442e-03 -2.831328331623959116e+01
6.192050000000000054e-01 2.390730000000000077e-01 6.622499999999975628e-03 1.655600000000000127e-02 4.966999999999999194e-03 -1.655750000000004440e-03 -1.643821409747956963e+01
6.324499999999999567e-01 2.589400000000000035e-01 9.933999999999998387e-03 9.933499999999997887e-03 1.655750000000011379e-03 -6.622250000000003134e-03 -2.965927518596634016e+01
6.390730000000000022e-01 2.589400000000000035e-01 9.933999999999998387e-03 3.311499999999995003e-03 1.655500000000004190e-03 -3.311000000000001442e-03 -3.342088823772962769e+01
6.523179999999999534e-01 2.655629999999999935e-01 1.324500000000000677e-02 3.311499999999995003e-03 -2.499999999794333405e-07 -1.655749999999997502e-03 -8.617380088063699262e+00
6.655630000000000157e-01 2.655629999999999935e-01 9.933500000000039520e-03 0.000000000000000000e+00 -1.655750000000011379e-03 -1.655749999999997502e-03 -1.677993103222840787e+01
6.721850000000000325e-01 2.655629999999999935e-01 9.933499999999984009e-03 0.000000000000000000e+00 1.655749999999955868e-03 0.000000000000000000e+00 0.000000000000000000e+00
6.854299999999999837e-01 2.655629999999999935e-01 1.324499999999995126e-02 0.000000000000000000e+00 3.311499999999967248e-03 0.000000000000000000e+00 0.000000000000000000e+00
