3.807949999999999946e-01 3.119210000000000038e-01 6.622000000000016762e-03 0.000000000000000000e+00 4.999999999866222566e-07 0.000000000000000000e+00 0.000000000000000000e+00
3.874170000000000114e-01 3.119210000000000038e-01 6.622500000000003384e-03 0.000000000000000000e+00 -3.311000000000008381e-03 0.000000000000000000e+00 0.000000000000000000e+00
3.940400000000000014e-01 3.119210000000000038e-01 0.000000000000000000e+00 0.000000000000000000e+00 -6.622500000000003384e-03 -1.655749999999997502e-03 0.000000000000000000e+00
3.874170000000000114e-01 3.119210000000000038e-01 -6.622500000000003384e-03 -3.311499999999995003e-03 -4.966750000000005882e-03 -3.311499999999995003e-03 1.350731190895414890e+01
3.807949999999999946e-01 3.052980000000000138e-01 -9.933500000000011765e-03 -6.622999999999990006e-03 -1.655749999999997502e-03 -1.655500000000004190e-03 3.219534180407748636e+00
3.675499999999999878e-01 2.986750000000000238e-01 -9.933999999999998387e-03 -6.622500000000003384e-03 1.655500000000004190e-03 -1.655250000000010879e-03 1.610440647675685355e+01
3.609269999999999978e-01 2.920530000000000070e-01 -6.622500000000003384e-03 -9.933500000000011765e-03 1.655749999999997502e-03 -1.655749999999997502e-03 1.610949548575189993e+01
3.543049999999999811e-01 2.788080000000000003e-01 -6.622500000000003384e-03 -9.933999999999998387e-03 1.655500000000004190e-03 -2.499999999933111283e-07 9.664589611719895501e+00
3.476819999999999911e-01 2.721850000000000103e-01 -3.311499999999995003e-03 -9.933999999999998387e-03 1.655749999999997502e-03 -1.655500000000004190e-03 1.909991637145544630e+01
3.476819999999999911e-01 2.589400000000000035e-01 -3.311000000000008381e-03 -1.324500000000000677e-02 -1.655500000000004190e-03 2.500000000002500222e-07 -8.616959112929508890e+00
3.410599999999999743e-01 2.456949999999999967e-01 -6.622500000000003384e-03 -9.933499999999997887e-03 -2.499999999933111283e-07 1.655750000000004440e-03 -6.445354896428145963e+00
3.344369999999999843e-01 2.390730000000000077e-01 -3.311499999999995003e-03 -9.933499999999997887e-03 1.655750000000011379e-03 -1.655750000000004440e-03 1.910251219376403498e+01
3.344369999999999843e-01 2.258280000000000010e-01 -3.310999999999980625e-03 -1.324500000000000677e-02 2.500000000071889161e-07 -2.500000000002500222e-07 1.626491944067657690e-03
3.278150000000000230e-01 2.125829999999999942e-01 -3.310999999999980625e-03 -9.933999999999998387e-03 1.655499999999990313e-03 1.655500000000004190e-03 9.549669733808679339e+00
3.278150000000000230e-01 2.059600000000000042e-01 0.000000000000000000e+00 -9.933999999999998387e-03 1.655499999999990313e-03 2.500000000002500222e-07 1.677570860370199668e+01
3.278150000000000230e-01 1.927149999999999974e-01 0.000000000000000000e+00 -9.933499999999997887e-03 0.000000000000000000e+00 1.655749999999997502e-03 0.000000000000000000e+00
3.278150000000000230e-01 1.860930000000000084e-01 0.000000000000000000e+00 -6.622500000000003384e-03 0.000000000000000000e+00 1.655499999999997252e-03 0.000000000000000000e+00
3.278150000000000230e-01 1.794699999999999906e-01 0.000000000000000000e+00 -6.622500000000003384e-03 1.655499999999990313e-03 6.938893903907228378e-18 3.774724423598500067e+01
3.278150000000000230e-01 1.728480000000000016e-01 3.310999999999980625e-03 -6.622499999999989506e-03 3.311249999999987814e-03 0.000000000000000000e+00 5.402598466759699392e+01
3.344369999999999843e-01 1.662250000000000116e-01 6.622499999999975628e-03 -6.622500000000003384e-03 1.655750000000011379e-03 1.655749999999990563e-03 2.669536307595306113e+01
3.410599999999999743e-01 1.596029999999999949e-01 6.622500000000003384e-03 -3.311000000000008381e-03 1.387778780781445676e-17 1.655500000000004190e-03 2.701095284777863981e+01
3.476819999999999911e-01 1.596029999999999949e-01 6.622500000000003384e-03 -3.311499999999995003e-03 0.000000000000000000e+00 -2.499999999933111283e-07 -4.078602500674562321e-03
3.543049999999999811e-01 1.529800000000000049e-01 6.622500000000003384e-03 -3.311499999999995003e-03 0.000000000000000000e+00 1.655749999999997502e-03 2.701258436269032259e+01
3.609269999999999978e-01 1.529800000000000049e-01 6.622500000000003384e-03 0.000000000000000000e+00 0.000000000000000000e+00 1.655749999999997502e-03 3.775294451448651500e+01
3.675499999999999878e-01 1.529800000000000049e-01 6.622500000000003384e-03 0.000000000000000000e+00 0.000000000000000000e+00 0.000000000000000000e+00 0.000000000000000000e+00
3.741720000000000046e-01 1.529800000000000049e-01 6.622500000000003384e-03 0.000000000000000000e+00 0.000000000000000000e+00 1.655749999999997502e-03 3.775294451448651500e+01
3.807949999999999946e-01 1.529800000000000049e-01 6.622500000000003384e-03 3.311499999999995003e-03 0.000000000000000000e+00 3.311250000000001692e-03 5.402109012287997558e+01
3.874170000000000114e-01 1.596029999999999949e-01 6.622500000000003384e-03 6.622500000000003384e-03 0.000000000000000000e+00 1.655500000000004190e-03 1.334566618518501713e+01
3.940400000000000014e-01 1.662250000000000116e-01 6.622500000000003384e-03 6.622500000000003384e-03 -1.655749999999997502e-03 -6.938893903907228378e-18 1.334768153797638846e+01
4.006620000000000181e-01 1.728480000000000016e-01 3.311000000000008381e-03 6.622499999999989506e-03 -1.655500000000004190e-03 -1.655750000000004440e-03 1.350445675787007893e+01
4.006620000000000181e-01 1.794699999999999906e-01 3.311499999999995003e-03 3.310999999999994503e-03 2.499999999933111283e-07 -1.655499999999990313e-03 -5.339475548798396431e+01
4.072850000000000081e-01 1.794699999999999906e-01 3.311499999999995003e-03 3.311500000000008881e-03 -1.655749999999997502e-03 1.655750000000004440e-03 1.067653300900720410e+02
4.072850000000000081e-01 1.860930000000000084e-01 0.000000000000000000e+00 6.622500000000003384e-03 -2.499999999933111283e-07 1.655499999999990313e-03 5.700278501204359728e-03
4.072850000000000081e-01 1.927149999999999974e-01 3.311000000000008381e-03 6.622499999999989506e-03 1.655500000000004190e-03 0.000000000000000000e+00 -2.701095284777861139e+01
4.139070000000000249e-01 1.993379999999999874e-01 3.311000000000008381e-03 6.622500000000003384e-03 -1.655500000000004190e-03 -3.311249999999994753e-03 5.425782796549507285e-14
4.139070000000000249e-01 2.059600000000000042e-01 0.000000000000000000e+00 0.000000000000000000e+00 -1.655500000000004190e-03 -6.622500000000003384e-03 0.000000000000000000e+00
4.139070000000000249e-01 1.993379999999999874e-01 0.000000000000000000e+00 -6.622500000000003384e-03 1.655749999999997502e-03 -1.655749999999997502e-03 3.775294451448651500e+01
4.139070000000000249e-01 1.927149999999999974e-01 3.311499999999995003e-03 -3.311499999999995003e-03 1.655749999999997502e-03 1.655750000000004440e-03 1.067653300900724673e+02
4.205300000000000149e-01 1.927149999999999974e-01 3.311499999999995003e-03 -3.310999999999994503e-03 -2.500000000071889161e-07 -1.655500000000004190e-03 -5.339475548798485960e+01
4.205300000000000149e-01 1.860930000000000084e-01 3.310999999999980625e-03 -6.622500000000003384e-03 1.655500000000004190e-03 -2.500000000071889161e-07 2.700891351574026800e+01
4.271519999999999762e-01 1.794699999999999906e-01 6.622500000000003384e-03 -3.311500000000008881e-03 1.655750000000011379e-03 3.311250000000001692e-03 6.752840203183411916e+01
4.337750000000000217e-01 1.794699999999999906e-01 6.622500000000003384e-03 0.000000000000000000e+00 -1.387778780781445676e-17 1.655750000000004440e-03 3.775294451448667132e+01
4.403969999999999829e-01 1.794699999999999906e-01 6.622499999999975628e-03 0.000000000000000000e+00 0.000000000000000000e+00 0.000000000000000000e+00 0.000000000000000000e+00
4.470199999999999729e-01 1.794699999999999906e-01 6.622500000000003384e-03 0.000000000000000000e+00 1.387778780781445676e-17 0.000000000000000000e+00 0.000000000000000000e+00
4.536419999999999897e-01 1.794699999999999906e-01 6.622500000000003384e-03 0.000000000000000000e+00 0.000000000000000000e+00 1.655750000000004440e-03 3.775294451448667132e+01
4.602649999999999797e-01 1.794699999999999906e-01 6.622500000000003384e-03 3.311500000000008881e-03 0.000000000000000000e+00 1.655750000000004440e-03 2.701258436269036878e+01
4.668869999999999965e-01 1.860930000000000084e-01 6.622500000000003384e-03 3.311500000000008881e-03 0.000000000000000000e+00 -2.500000000071889161e-07 -4.078602500900961082e-03
4.735099999999999865e-01 1.860930000000000084e-01 6.622500000000003384e-03 3.310999999999994503e-03 0.000000000000000000e+00 1.655499999999990313e-03 2.701095284777836980e+01
4.801320000000000032e-01 1.927149999999999974e-01 6.622500000000003384e-03 6.622499999999989506e-03 -1.655500000000004190e-03 1.655750000000004440e-03 2.669334772316157611e+01
4.867549999999999932e-01 1.993379999999999874e-01 3.311499999999995003e-03 6.622500000000003384e-03 -3.311250000000001692e-03 1.655500000000011129e-03 6.752636257661622210e+01
4.867549999999999932e-01 2.059600000000000042e-01 0.000000000000000000e+00 9.933500000000011765e-03 -1.655749999999997502e-03 1.655749999999997502e-03 1.677993103222850024e+01
4.867549999999999932e-01 2.192050000000000110e-01 0.000000000000000000e+00 9.933999999999998387e-03 1.655500000000004190e-03 -1.655500000000011129e-03 -1.677570860370213879e+01
4.867549999999999932e-01 2.258280000000000010e-01 3.311000000000008381e-03 6.622499999999989506e-03 1.655500000000004190e-03 -2.500000000002500222e-07 -2.701299217981695122e+01
4.933770000000000100e-01 2.324499999999999900e-01 3.311000000000008381e-03 9.933499999999997887e-03 -1.655500000000004190e-03 3.311250000000008631e-03 2.387525597613559825e+01
4.933770000000000100e-01 2.456949999999999967e-01 0.000000000000000000e+00 1.324500000000000677e-02 -1.655500000000004190e-03 2.500000000002500222e-07 9.436811058996328327e+00
4.933770000000000100e-01 2.589400000000000035e-01 0.000000000000000000e+00 9.933999999999998387e-03 -1.655500000000004190e-03 -1.655500000000004190e-03 1.677570860370213879e+01
4.933770000000000100e-01 2.655629999999999935e-01 -3.311000000000008381e-03 9.933999999999998387e-03 -1.655500000000004190e-03 -2.499999999933111283e-07 1.432450460071310694e+01
4.867549999999999932e-01 2.788080000000000003e-01 -3.311000000000008381e-03 9.933500000000011765e-03 -2.499999999933111283e-07 -1.655749999999997502e-03 4.777647067628548072e+00
4.867549999999999932e-01 2.854300000000000170e-01 -3.311499999999995003e-03 6.622500000000003384e-03 -2.499999999933111283e-07 -1.655500000000004190e-03 1.350935105623685217e+01
4.801320000000000032e-01 2.920530000000000070e-01 -3.311499999999995003e-03 6.622500000000003384e-03 2.499999999933111283e-07 0.000000000000000000e+00 -4.078602500674562321e-03
4.801320000000000032e-01 2.986750000000000238e-01 -3.311000000000008381e-03 6.622500000000003384e-03 2.499999999933111283e-07 2.499999999933111283e-07 -6.118304078007329519e-03
4.735099999999999865e-01 3.052980000000000138e-01 -3.311000000000008381e-03 6.622999999999990006e-03 -2.499999999933111283e-07 0.000000000000000000e+00 4.078540896885765599e-03
4.735099999999999865e-01 3.119210000000000038e-01 -3.311499999999995003e-03 6.622500000000003384e-03 -1.655749999999997502e-03 -2.499999999933111283e-07 2.701462381790829070e+01
4.668869999999999965e-01 3.185430000000000206e-01 -6.622500000000003384e-03 6.622500000000003384e-03 -1.655500000000004190e-03 0.000000000000000000e+00 1.334566618518501713e+01
4.602649999999999797e-01 3.251660000000000106e-01 -6.622500000000003384e-03 6.622500000000003384e-03 0.000000000000000000e+00 -1.655749999999997502e-03 1.334768153797644352e+01
4.536419999999999897e-01 3.317880000000000273e-01 -6.622500000000003384e-03 3.311000000000008381e-03 0.000000000000000000e+00 -1.655500000000004190e-03 2.701095284777852612e+01
4.470199999999999729e-01 3.317880000000000273e-01 -6.622500000000003384e-03 3.311499999999995003e-03 -1.655749999999997502e-03 2.499999999933111283e-07 1.350323330645347220e+01
4.403969999999999829e-01 3.384110000000000174e-01 -9.933999999999998387e-03 3.311499999999995003e-03 -1.655499999999990313e-03 -1.655749999999997502e-03 1.909991637145540722e+01
4.271519999999999762e-01 3.384110000000000174e-01 -9.933499999999984009e-03 0.000000000000000000e+00 1.655750000000011379e-03 -1.655749999999997502e-03 1.677993103222859617e+01
4.205300000000000149e-01 3.384110000000000174e-01 -6.622499999999975628e-03 0.000000000000000000e+00 1.655499999999990313e-03 0.000000000000000000e+00 -0.000000000000000000e+00
4.139070000000000249e-01 3.384110000000000174e-01 -6.622500000000003384e-03 0.000000000000000000e+00 -1.387778780781445676e-17 0.000000000000000000e+00 0.000000000000000000e+00
4.072850000000000081e-01 3.384110000000000174e-01 -6.622500000000003384e-03 0.000000000000000000e+00 0.000000000000000000e+00 0.000000000000000000e+00 -0.000000000000000000e+00
4.006620000000000181e-01 3.384110000000000174e-01 -6.622500000000003384e-03 0.000000000000000000e+00 0.000000000000000000e+00 0.000000000000000000e+00 -0.000000000000000000e+00
3.940400000000000014e-01 3.384110000000000174e-01 -6.622500000000003384e-03 0.000000000000000000e+00 0.000000000000000000e+00 -1.655749999999997502e-03 3.775294451448651500e+01
3.874170000000000114e-01 3.384110000000000174e-01 -6.622500000000003384e-03 -3.311499999999995003e-03 0.000000000000000000e+00 -1.655749999999997502e-03 2.701258436269032259e+01
3.807949999999999946e-01 3.317880000000000273e-01 -6.622500000000003384e-03 -3.311499999999995003e-03 1.655500000000004190e-03 2.499999999933111283e-07 1.350119385123550408e+01
3.741720000000000046e-01 3.317880000000000273e-01 -3.311499999999995003e-03 -3.311000000000008381e-03 4.966999999999999194e-03 2.499999999933111283e-07 1.601439612343824876e+02
3.741720000000000046e-01 3.251660000000000106e-01 3.311499999999995003e-03 -3.311000000000008381e-03 4.966999999999999194e-03 1.655500000000004190e-03 2.135387179396426802e+02
3.807949999999999946e-01 3.251660000000000106e-01 6.622500000000003384e-03 0.000000000000000000e+00 1.655500000000004190e-03 1.655500000000004190e-03 3.774724423598531331e+01
3.874170000000000114e-01 3.251660000000000106e-01 6.622500000000003384e-03 0.000000000000000000e+00 0.000000000000000000e+00 0.000000000000000000e+00 0.000000000000000000e+00
3.940400000000000014e-01 3.251660000000000106e-01 6.622500000000003384e-03 0.000000000000000000e+00 0.000000000000000000e+00 0.000000000000000000e+00 0.000000000000000000e+00
4.006620000000000181e-01 3.251660000000000106e-01 6.622500000000003384e-03 0.000000000000000000e+00 1.655749999999997502e-03 0.000000000000000000e+00 0.000000000000000000e+00
4.072850000000000081e-01 3.251660000000000106e-01 9.933999999999998387e-03 0.000000000000000000e+00 3.311250000000001692e-03 1.655500000000004190e-03 1.677570860370213879e+01
4.205300000000000149e-01 3.251660000000000106e-01 1.324500000000000677e-02 3.311000000000008381e-03 3.310999999999994503e-03 1.655500000000004190e-03 4.308642195834982758e+00
4.337750000000000217e-01 3.317880000000000273e-01 1.655599999999998739e-02 3.311000000000008381e-03 3.311249999999987814e-03 1.655749999999983624e-03 3.417649640327016236e+00
4.536419999999999897e-01 3.317880000000000273e-01 1.986749999999998240e-02 6.622499999999975628e-03 2.500000000071889161e-07 1.655749999999983624e-03 3.581378532678475057e+00
4.735099999999999865e-01 3.450329999999999786e-01 1.655650000000000177e-02 6.622499999999975628e-03 -1.655499999999976435e-03 -1.655499999999976435e-03 -2.900437223266929099e+00
4.867549999999999932e-01 3.450329999999999786e-01 1.655650000000002953e-02 3.311500000000022759e-03 -1.655750000000011379e-03 -1.655499999999976435e-03 -4.555185991454613337e+00
5.066230000000000455e-01 3.516560000000000241e-01 1.324499999999997901e-02 3.311500000000022759e-03 -1.655750000000039135e-03 -2.500000000210667039e-07 2.153287832879739572e+00
5.132449999999999513e-01 3.516560000000000241e-01 1.324499999999995126e-02 3.310999999999980625e-03 3.311250000000029448e-03 -2.500000000210667039e-07 -4.309618130298296101e+00
5.331129999999999480e-01 3.582779999999999854e-01 1.986750000000003791e-02 3.310999999999980625e-03 2.775557561562891351e-17 -1.655499999999990313e-03 -4.025284354512750795e+00
5.529800000000000271e-01 3.582779999999999854e-01 1.324500000000000677e-02 0.000000000000000000e+00 -6.622500000000031140e-03 -1.655499999999990313e-03 -9.436811058996250168e+00
5.596029999999999616e-01 3.582779999999999854e-01 6.622499999999975628e-03 0.000000000000000000e+00 0.000000000000000000e+00 0.000000000000000000e+00 0.000000000000000000e+00
5.662249999999999783e-01 3.582779999999999854e-01 1.324500000000000677e-02 0.000000000000000000e+00 6.622500000000031140e-03 0.000000000000000000e+00 0.000000000000000000e+00
5.860929999999999751e-01 3.582779999999999854e-01 1.986750000000003791e-02 0.000000000000000000e+00 1.655500000000004190e-03 0.000000000000000000e+00 0.000000000000000000e+00
6.059600000000000541e-01 3.582779999999999854e-01 1.655600000000001515e-02 0.000000000000000000e+00 -4.966750000000019760e-03 0.000000000000000000e+00 0.000000000000000000e+00
6.192050000000000054e-01 3.582779999999999854e-01 9.933999999999998387e-03 0.000000000000000000e+00 -3.311000000000008381e-03 -1.655499999999990313e-03 -1.677570860370199668e+01
6.258280000000000509e-01 3.582779999999999854e-01 9.933999999999998387e-03 -3.310999999999980625e-03 -2.500000000071889161e-07 -3.311250000000001692e-03 -2.865045131404087542e+01
6.390730000000000022e-01 3.516560000000000241e-01 9.933499999999984009e-03 -6.622500000000003384e-03 -3.311499999999995003e-03 -1.655750000000011379e-03 -2.255339098311811696e+01
6.456950000000000189e-01 3.450329999999999786e-01 3.311000000000008381e-03 -6.622500000000003384e-03 -3.311000000000008381e-03 -1.655499999999990313e-03 -6.752636245342705479e+01
6.456950000000000189e-01 3.384110000000000174e-01 3.311499999999967248e-03 -9.933499999999984009e-03 2.499999999794333405e-07 -4.966999999999999194e-03 -1.432508155899061997e+01
6.523179999999999534e-01 3.251660000000000106e-01 3.311499999999967248e-03 -1.655650000000000177e-02 -1.655749999999983624e-03 -3.311500000000008881e-03 -7.973338303570912444e+00
6.523179999999999534e-01 3.052980000000000138e-01 0.000000000000000000e+00 -1.655650000000000177e-02 -1.655749999999983624e-03 1.655749999999997502e-03 -6.040288703765647860e+00
6.523179999999999534e-01 2.920530000000000070e-01 0.000000000000000000e+00 -1.324500000000000677e-02 -1.655749999999983624e-03 0.000000000000000000e+00 -9.438236128621550591e+00
6.523179999999999534e-01 2.788080000000000003e-01 -3.311499999999967248e-03 -1.655650000000000177e-02 -3.311249999999987814e-03 -1.655749999999997502e-03 -1.025032935619824848e+01
6.456950000000000189e-01 2.589400000000000035e-01 -6.622499999999975628e-03 -1.655650000000000177e-02 -3.311000000000008381e-03 3.311500000000001942e-03 -1.353576304697571331e+01
6.390730000000000022e-01 2.456949999999999967e-01 -9.933499999999984009e-03 -9.933499999999997887e-03 -3.311250000000015570e-03 4.966999999999999194e-03 -2.966121603695306774e+01
6.258280000000000509e-01 2.390730000000000077e-01 -1.324500000000000677e-02 -6.622500000000003384e-03 -2.500000000071889161e-07 3.310999999999994503e-03 -1.350537450040078902e+01
6.125829999999999886e-01 2.324499999999999900e-01 -9.933999999999998387e-03 -3.311500000000008881e-03 3.311250000000015570e-03 3.311250000000001692e-03 -1.909847443303084447e+01
6.059600000000000541e-01 2.324499999999999900e-01 -6.622499999999975628e-03 0.000000000000000000e+00 2.499999999794333405e-07 3.311500000000008881e-03 -7.550588902897399635e+01
5.993380000000000374e-01 2.324499999999999900e-01 -9.933500000000039520e-03 3.311500000000008881e-03 -1.655750000000011379e-03 3.311250000000001692e-03 -2.387489541259600045e+01
5.860929999999999751e-01 2.390730000000000077e-01 -9.933999999999998387e-03 6.622500000000003384e-03 3.311000000000036136e-03 4.966749999999992005e-03 -4.187680766961713630e+01
5.794700000000000406e-01 2.456949999999999967e-01 -3.311499999999967248e-03 1.324499999999999289e-02 4.966999999999999194e-03 3.311250000000001692e-03 -3.016066774686596830e+01
5.794700000000000406e-01 2.655629999999999935e-01 0.000000000000000000e+00 1.324500000000000677e-02 3.311499999999967248e-03 1.655500000000011129e-03 -1.887647225724310118e+01
5.794700000000000406e-01 2.721850000000000103e-01 3.311499999999967248e-03 1.655600000000001515e-02 1.655749999999983624e-03 3.311499999999995003e-03 -3.417074100527616398e+00
5.860929999999999751e-01 2.986750000000000238e-01 3.311499999999967248e-03 1.986799999999999677e-02 1.655500000000031946e-03 2.499999999933111283e-07 -4.024939380113857545e+00
5.860929999999999751e-01 3.119210000000000038e-01 6.622500000000031140e-03 1.655650000000000177e-02 3.311000000000036136e-03 -3.311499999999995003e-03 -1.353576304697577015e+01
5.993380000000000374e-01 3.317880000000000273e-01 9.933500000000039520e-03 1.324500000000000677e-02 -2.775557561562891351e-17 -3.311250000000001692e-03 -7.248032709783377214e+00
6.059600000000000541e-01 3.384110000000000174e-01 6.622499999999975628e-03 9.933999999999998387e-03 -1.655500000000031946e-03 -1.655750000000011379e-03 3.220394860262533410e+00
6.125829999999999886e-01 3.516560000000000241e-01 6.622499999999975628e-03 9.933499999999984009e-03 2.775557561562891351e-17 -1.655750000000011379e-03 -6.443895497366279201e+00
6.192050000000000054e-01 3.582779999999999854e-01 6.622500000000031140e-03 6.622499999999975628e-03 0.000000000000000000e+00 -3.310999999999994503e-03 -2.669133237037003425e+01
6.258280000000000509e-01 3.649009999999999754e-01 6.622499999999975628e-03 3.311499999999995003e-03 -2.775557561562891351e-17 -1.655749999999983624e-03 -2.701258436269003482e+01
6.324499999999999567e-01 3.649009999999999754e-01 6.622499999999975628e-03 3.311000000000008381e-03 2.775557561562891351e-17 -1.655749999999997502e-03 -2.701503181981863833e+01
6.390730000000000022e-01 3.715229999999999921e-01 6.622500000000031140e-03 0.000000000000000000e+00 -1.655749999999983624e-03 -4.966750000000005882e-03 -1.132474329864561895e+02
6.456950000000000189e-01 3.649009999999999754e-01 3.311000000000008381e-03 -6.622500000000003384e-03 -1.655500000000031946e-03 -1.655749999999997502e-03 -4.051744893768738365e+01
6.456950000000000189e-01 3.582779999999999854e-01 3.311499999999967248e-03 -3.311499999999995003e-03 1.655999999999963057e-03 3.311250000000001692e-03 1.601479951351086299e+02
6.523179999999999534e-01 3.582779999999999854e-01 6.622999999999934495e-03 0.000000000000000000e+00 3.311499999999967248e-03 3.311499999999995003e-03 7.549448890231150244e+01
