4.470199999999999729e-01 3.649009999999999754e-01 -1.324499999999995126e-02 0.000000000000000000e+00 -1.324500000000003452e-02 -6.622499999999975628e-03 3.775009437523608113e+01
4.337750000000000217e-01 3.649009999999999754e-01 -2.648999999999998578e-02 -6.622499999999975628e-03 -8.278250000000028641e-03 -1.158949999999998870e-02 1.238730333375983506e+01
3.940400000000000014e-01 3.516560000000000241e-01 -2.980150000000000854e-02 -2.317899999999997740e-02 6.622499999999989506e-03 -1.324525000000001396e-02 1.018733844387821641e+01
3.741720000000000046e-01 3.185430000000000206e-01 -1.324500000000000677e-02 -3.311300000000000354e-02 1.490075000000000427e-02 -8.278000000000014513e-03 1.329455877796811514e+01
3.675499999999999878e-01 2.854300000000000170e-01 0.000000000000000000e+00 -3.973500000000000643e-02 1.655625000000000846e-02 -1.655250000000003940e-03 1.048613732645442909e+01
3.741720000000000046e-01 2.390730000000000077e-01 1.986750000000001015e-02 -3.642350000000001142e-02 1.655624999999999458e-02 1.490050000000000402e-02 1.258856119831773412e+01
4.072850000000000081e-01 2.125829999999999942e-01 3.311249999999998916e-02 -9.933999999999998387e-03 1.655499999999990313e-03 2.814550000000000385e-02 2.295511154299866519e+01
4.403969999999999829e-01 2.192050000000000110e-01 2.317849999999999078e-02 1.986749999999999627e-02 -1.158924999999999539e-02 1.655649999999999483e-02 2.158117977266233822e+01
4.536419999999999897e-01 2.523179999999999867e-01 9.933999999999998387e-03 2.317899999999999128e-02 -8.277999999999993697e-03 -8.278249999999993947e-03 6.836482134882717610e+00
4.602649999999999797e-01 2.655629999999999935e-01 6.622500000000003384e-03 3.311000000000008381e-03 1.655500000000004190e-03 -2.152324999999999378e-02 -3.646753965832687641e+02
4.668869999999999965e-01 2.589400000000000035e-01 1.324500000000000677e-02 -1.986749999999999627e-02 6.622750000000010573e-03 -1.158925000000000233e-02 -1.610281605096749225e+00
4.867549999999999932e-01 2.258280000000000010e-01 1.986800000000002453e-02 -1.986749999999999627e-02 4.966999999999985316e-03 9.933749999999998137e-03 1.334650591234493966e+01
5.066230000000000455e-01 2.192050000000000110e-01 2.317899999999997740e-02 0.000000000000000000e+00 -1.656000000000032446e-03 1.821199999999999208e-02 3.389754536896186465e+01
5.331129999999999480e-01 2.258280000000000010e-01 1.655599999999995964e-02 1.655649999999998789e-02 -9.933999999999984509e-03 1.986750000000000321e-02 3.843854969565374802e+01
5.397349999999999648e-01 2.523179999999999867e-01 3.311000000000008381e-03 3.973500000000000643e-02 -1.158924999999996763e-02 1.158925000000001621e-02 7.869749232476300094e+00
5.397349999999999648e-01 3.052980000000000138e-01 -6.622499999999975628e-03 3.973500000000002030e-02 -1.158924999999999539e-02 -6.622500000000010323e-03 7.715587670124364195e+00
5.264900000000000135e-01 3.317880000000000273e-01 -1.986749999999998240e-02 2.648999999999998578e-02 -1.158950000000001646e-02 -9.933750000000018954e-03 1.389212593454288935e+01
5.000000000000000000e-01 3.582779999999999854e-01 -2.980150000000000854e-02 1.986749999999998240e-02 -1.158950000000000258e-02 -9.933749999999991198e-03 1.145425916691195312e+01
4.668869999999999965e-01 3.715229999999999921e-01 -4.304649999999998755e-02 6.622500000000003384e-03 -8.277999999999993697e-03 -9.933749999999991198e-03 5.839634277385533423e+00
4.139070000000000249e-01 3.715229999999999921e-01 -4.635749999999999593e-02 0.000000000000000000e+00 8.278249999999987008e-03 -4.966750000000005882e-03 2.311172101764434661e+00
3.741720000000000046e-01 3.715229999999999921e-01 -2.649000000000001354e-02 -3.311000000000008381e-03 2.483449999999999547e-02 -1.655500000000004190e-03 6.626832331510957630e+00
3.609269999999999978e-01 3.649009999999999754e-01 3.311499999999995003e-03 -3.311000000000008381e-03 3.145700000000001273e-02 3.311000000000008381e-03 1.121048041173904039e+03
3.807949999999999946e-01 3.649009999999999754e-01 3.642400000000001192e-02 3.311000000000008381e-03 2.980125000000001523e-02 4.966750000000005882e-03 1.680905669231724131e+00
4.337750000000000217e-01 3.715229999999999921e-01 6.291400000000002546e-02 6.622500000000003384e-03 1.324499999999997901e-02 1.655749999999997502e-03 6.499402181164964931e-02
5.066230000000000455e-01 3.781459999999999821e-01 6.291399999999996995e-02 6.622500000000003384e-03 -8.278250000000014763e-03 -1.655749999999997502e-03 -1.949134008965248410e-01
5.596029999999999616e-01 3.847679999999999989e-01 4.635749999999999593e-02 3.311000000000008381e-03 -1.821199999999997821e-02 -3.311250000000001692e-03 -9.284262307157908900e-01
5.993380000000000374e-01 3.847679999999999989e-01 2.649000000000001354e-02 0.000000000000000000e+00 -2.317874999999999797e-02 -3.311000000000008381e-03 -4.718405529498164164e+00
6.125829999999999886e-01 3.847679999999999989e-01 0.000000000000000000e+00 -3.311000000000008381e-03 -1.986750000000001015e-02 -9.933750000000005076e-03 -1.812278174369292628e+03
5.993380000000000374e-01 3.781459999999999821e-01 -1.324500000000000677e-02 -1.986750000000001015e-02 -3.311250000000015570e-03 -1.490074999999999039e-02 9.664729962891293269e+00
5.860929999999999751e-01 3.450329999999999786e-01 -6.622500000000031140e-03 -3.311249999999998916e-02 1.158925000000002314e-02 -4.966999999999985316e-03 1.082027166714598998e+01
5.860929999999999751e-01 3.119210000000000038e-01 9.933500000000039520e-03 -2.980149999999998078e-02 1.655625000000002234e-02 6.622249999999996195e-03 1.803880993923625553e+01
6.059600000000000541e-01 2.854300000000000170e-01 2.649000000000001354e-02 -1.986799999999999677e-02 1.158949999999997482e-02 1.655649999999998789e-02 1.842195575831051713e+01
6.390730000000000022e-01 2.721850000000000103e-01 3.311249999999998916e-02 3.311499999999995003e-03 -1.655750000000011379e-03 2.317924999999999847e-02 2.097605813413341380e+01
6.721850000000000325e-01 2.920530000000000070e-01 2.317849999999999078e-02 2.649050000000000016e-02 -1.821174999999999877e-02 1.655624999999999458e-02 1.986142707855637468e+01
6.854299999999999837e-01 3.251660000000000106e-01 -3.311000000000008381e-03 3.642399999999998417e-02 -2.814549999999998997e-02 1.655249999999997002e-03 2.084226584629871226e+01
6.655630000000000157e-01 3.649009999999999754e-01 -3.311249999999998916e-02 2.980099999999999416e-02 -2.152350000000000096e-02 -8.278499999999980319e-03 1.035595541612789283e+01
6.192050000000000054e-01 3.847679999999999989e-01 -4.635800000000001031e-02 1.986700000000002353e-02 -1.324550000000002115e-02 -9.933999999999970631e-03 5.640597699745787175e+00
