3.344369999999999843e-01 2.920530000000000070e-01 -6.621999999999961251e-03 -6.622999999999990006e-03 3.310999999999980625e-03 4.999999999866222566e-07 2.668931694153342349e+01
3.278150000000000230e-01 2.854300000000000170e-01 -3.310999999999980625e-03 -6.622500000000003384e-03 1.655249999999969246e-03 1.655999999999990813e-03 1.349833845379161446e+01
3.278150000000000230e-01 2.788080000000000003e-01 -3.311500000000022759e-03 -3.311000000000008381e-03 -2.500000000210667039e-07 1.655500000000004190e-03 -5.339475548798474591e+01
3.211919999999999775e-01 2.788080000000000003e-01 -3.311500000000022759e-03 -3.311499999999995003e-03 2.500000000210667039e-07 -1.655749999999997502e-03 5.339072523906422418e+01
3.211919999999999775e-01 2.721850000000000103e-01 -3.310999999999980625e-03 -6.622500000000003384e-03 2.500000000210667039e-07 -1.655500000000004190e-03 1.350853572991025331e+01
3.145700000000000163e-01 2.655629999999999935e-01 -3.310999999999980625e-03 -6.622500000000003384e-03 -2.500000000071889161e-07 0.000000000000000000e+00 -4.078972039950968034e-03
3.145700000000000163e-01 2.589400000000000035e-01 -3.311499999999995003e-03 -6.622500000000003384e-03 -2.500000000071889161e-07 0.000000000000000000e+00 -4.078602500900970623e-03
3.079470000000000263e-01 2.523179999999999867e-01 -3.311499999999995003e-03 -6.622500000000003384e-03 1.655749999999997502e-03 6.938893903907228378e-18 2.701258436269026575e+01
3.079470000000000263e-01 2.456949999999999967e-01 0.000000000000000000e+00 -6.622499999999989506e-03 1.655749999999997502e-03 0.000000000000000000e+00 3.775294451448668553e+01
3.079470000000000263e-01 2.390730000000000077e-01 0.000000000000000000e+00 -6.622500000000003384e-03 -1.655500000000004190e-03 -6.938893903907228378e-18 -3.774724423598531331e+01
3.079470000000000263e-01 2.324499999999999900e-01 -3.311000000000008381e-03 -6.622500000000003384e-03 -1.655500000000004190e-03 6.938893903907228378e-18 -2.701095284777858652e+01
3.013250000000000095e-01 2.258280000000000010e-01 -3.311000000000008381e-03 -6.622499999999989506e-03 1.655500000000004190e-03 0.000000000000000000e+00 2.701095284777861139e+01
3.013250000000000095e-01 2.192050000000000110e-01 0.000000000000000000e+00 -6.622500000000003384e-03 1.655500000000004190e-03 -6.938893903907228378e-18 3.774724423598531331e+01
3.013250000000000095e-01 2.125829999999999942e-01 0.000000000000000000e+00 -6.622500000000003384e-03 0.000000000000000000e+00 0.000000000000000000e+00 0.000000000000000000e+00
3.013250000000000095e-01 2.059600000000000042e-01 0.000000000000000000e+00 -6.622500000000003384e-03 0.000000000000000000e+00 0.000000000000000000e+00 0.000000000000000000e+00
3.013250000000000095e-01 1.993379999999999874e-01 0.000000000000000000e+00 -6.622500000000003384e-03 0.000000000000000000e+00 6.938893903907228378e-18 0.000000000000000000e+00
3.013250000000000095e-01 1.927149999999999974e-01 0.000000000000000000e+00 -6.622499999999989506e-03 0.000000000000000000e+00 0.000000000000000000e+00 0.000000000000000000e+00
3.013250000000000095e-01 1.860930000000000084e-01 0.000000000000000000e+00 -6.622500000000003384e-03 0.000000000000000000e+00 -6.938893903907228378e-18 0.000000000000000000e+00
3.013250000000000095e-01 1.794699999999999906e-01 0.000000000000000000e+00 -6.622500000000003384e-03 0.000000000000000000e+00 6.938893903907228378e-18 0.000000000000000000e+00
3.013250000000000095e-01 1.728480000000000016e-01 0.000000000000000000e+00 -6.622499999999989506e-03 0.000000000000000000e+00 0.000000000000000000e+00 0.000000000000000000e+00
3.013250000000000095e-01 1.662250000000000116e-01 0.000000000000000000e+00 -6.622500000000003384e-03 0.000000000000000000e+00 -6.938893903907228378e-18 0.000000000000000000e+00
3.013250000000000095e-01 1.596029999999999949e-01 0.000000000000000000e+00 -6.622500000000003384e-03 0.000000000000000000e+00 0.000000000000000000e+00 0.000000000000000000e+00
3.013250000000000095e-01 1.529800000000000049e-01 0.000000000000000000e+00 -6.622500000000003384e-03 0.000000000000000000e+00 0.000000000000000000e+00 0.000000000000000000e+00
3.013250000000000095e-01 1.463579999999999881e-01 0.000000000000000000e+00 -6.622500000000003384e-03 1.655500000000004190e-03 6.938893903907228378e-18 3.774724423598531331e+01
3.013250000000000095e-01 1.397349999999999981e-01 3.311000000000008381e-03 -6.622499999999989506e-03 1.655500000000004190e-03 0.000000000000000000e+00 2.701095284777861139e+01
3.079470000000000263e-01 1.331130000000000091e-01 3.311000000000008381e-03 -6.622500000000003384e-03 2.499999999933111283e-07 -6.938893903907228378e-18 4.078972039667916674e-03
3.079470000000000263e-01 1.264899999999999913e-01 3.311499999999995003e-03 -6.622500000000003384e-03 1.655749999999983624e-03 3.469446951953614189e-18 2.701258436269012719e+01
3.145700000000000163e-01 1.198680000000000023e-01 6.622499999999975628e-03 -6.622499999999996445e-03 1.655500000000004190e-03 0.000000000000000000e+00 1.334566618518510772e+01
3.211919999999999775e-01 1.132449999999999984e-01 6.622500000000003384e-03 -6.622500000000003384e-03 1.387778780781445676e-17 1.655749999999997502e-03 1.334768153797655543e+01
3.278150000000000230e-01 1.066229999999999956e-01 6.622500000000003384e-03 -3.311000000000001442e-03 -1.387778780781445676e-17 1.655500000000004190e-03 2.701095284777844441e+01
3.344369999999999843e-01 1.066229999999999956e-01 6.622499999999975628e-03 -3.311499999999995003e-03 0.000000000000000000e+00 -2.499999999967805753e-07 -4.078602500731188900e-03
3.410599999999999743e-01 1.000000000000000056e-01 6.622500000000003384e-03 -3.311499999999995003e-03 1.387778780781445676e-17 3.311499999999995003e-03 5.402516872538076598e+01
3.476819999999999911e-01 1.000000000000000056e-01 6.622500000000003384e-03 3.311499999999995003e-03 0.000000000000000000e+00 4.966999999999995724e-03 8.103367448557024488e+01
3.543049999999999811e-01 1.066229999999999956e-01 6.622500000000003384e-03 6.622499999999996445e-03 -1.655749999999997502e-03 1.655500000000004190e-03 2.669334772316148729e+01
3.609269999999999978e-01 1.132449999999999984e-01 3.311000000000008381e-03 6.622500000000003384e-03 -3.311250000000001692e-03 0.000000000000000000e+00 5.402598466759678075e+01
3.609269999999999978e-01 1.198680000000000023e-01 0.000000000000000000e+00 6.622499999999996445e-03 2.499999999933111283e-07 0.000000000000000000e+00 -5.700278501204372739e-03
3.609269999999999978e-01 1.264899999999999913e-01 3.311499999999995003e-03 6.622500000000003384e-03 1.655749999999997502e-03 3.469446951953614189e-18 -2.701258436269029417e+01
3.675499999999999878e-01 1.331130000000000091e-01 3.311499999999995003e-03 6.622500000000003384e-03 -1.655749999999997502e-03 -6.938893903907228378e-18 2.701258436269026575e+01
3.675499999999999878e-01 1.397349999999999981e-01 0.000000000000000000e+00 6.622499999999989506e-03 -1.655749999999997502e-03 0.000000000000000000e+00 3.775294451448668553e+01
3.675499999999999878e-01 1.463579999999999881e-01 0.000000000000000000e+00 6.622500000000003384e-03 0.000000000000000000e+00 6.938893903907228378e-18 0.000000000000000000e+00
3.675499999999999878e-01 1.529800000000000049e-01 0.000000000000000000e+00 6.622500000000003384e-03 0.000000000000000000e+00 0.000000000000000000e+00 0.000000000000000000e+00
3.675499999999999878e-01 1.596029999999999949e-01 0.000000000000000000e+00 6.622500000000003384e-03 0.000000000000000000e+00 0.000000000000000000e+00 0.000000000000000000e+00
3.675499999999999878e-01 1.662250000000000116e-01 0.000000000000000000e+00 6.622500000000003384e-03 0.000000000000000000e+00 -3.311250000000001692e-03 -0.000000000000000000e+00
3.675499999999999878e-01 1.728480000000000016e-01 0.000000000000000000e+00 0.000000000000000000e+00 0.000000000000000000e+00 -6.622500000000003384e-03 0.000000000000000000e+00
3.675499999999999878e-01 1.662250000000000116e-01 0.000000000000000000e+00 -6.622500000000003384e-03 1.655500000000004190e-03 -3.311250000000001692e-03 3.774724423598531331e+01
3.675499999999999878e-01 1.596029999999999949e-01 3.311000000000008381e-03 -6.622500000000003384e-03 4.966750000000005882e-03 -1.655749999999997502e-03 6.753044142546690409e+01
3.741720000000000046e-01 1.529800000000000049e-01 9.933500000000011765e-03 -9.933999999999998387e-03 1.655749999999997502e-03 -1.655499999999997252e-03 1.194283134550129261e-03
3.874170000000000114e-01 1.397349999999999981e-01 6.622500000000003384e-03 -9.933499999999997887e-03 -3.311000000000008381e-03 3.311500000000001942e-03 -6.440490183915509981e+00
3.874170000000000114e-01 1.331130000000000091e-01 3.311499999999995003e-03 -3.310999999999994503e-03 0.000000000000000000e+00 4.966749999999998944e-03 1.601681460763117002e+02
3.940400000000000014e-01 1.331130000000000091e-01 6.622500000000003384e-03 0.000000000000000000e+00 1.655500000000004190e-03 1.655499999999997252e-03 3.774724423598515699e+01
4.006620000000000181e-01 1.331130000000000091e-01 6.622500000000003384e-03 0.000000000000000000e+00 0.000000000000000000e+00 0.000000000000000000e+00 0.000000000000000000e+00
4.072850000000000081e-01 1.331130000000000091e-01 6.622500000000003384e-03 0.000000000000000000e+00 0.000000000000000000e+00 0.000000000000000000e+00 0.000000000000000000e+00
4.139070000000000249e-01 1.331130000000000091e-01 6.622500000000003384e-03 0.000000000000000000e+00 -1.387778780781445676e-17 0.000000000000000000e+00 0.000000000000000000e+00
4.205300000000000149e-01 1.331130000000000091e-01 6.622499999999975628e-03 0.000000000000000000e+00 0.000000000000000000e+00 0.000000000000000000e+00 0.000000000000000000e+00
4.271519999999999762e-01 1.331130000000000091e-01 6.622500000000003384e-03 0.000000000000000000e+00 -1.655499999999976435e-03 1.655499999999997252e-03 3.774724423598515699e+01
4.337750000000000217e-01 1.331130000000000091e-01 3.311500000000022759e-03 3.310999999999994503e-03 -1.655750000000011379e-03 3.311249999999994753e-03 1.601681460763108191e+02
4.337750000000000217e-01 1.397349999999999981e-01 3.310999999999980625e-03 6.622499999999989506e-03 1.655499999999976435e-03 1.655750000000004440e-03 -1.350445675786980715e+01
4.403969999999999829e-01 1.463579999999999881e-01 6.622499999999975628e-03 6.622500000000003384e-03 2.500000000071889161e-07 6.938893903907228378e-18 -2.015352791482696859e-03
4.470199999999999729e-01 1.529800000000000049e-01 3.311499999999995003e-03 6.622500000000003384e-03 -1.655749999999983624e-03 0.000000000000000000e+00 2.701258436269009877e+01
4.470199999999999729e-01 1.596029999999999949e-01 3.311000000000008381e-03 6.622500000000003384e-03 -2.499999999933111283e-07 0.000000000000000000e+00 4.078972039724518966e-03
4.536419999999999897e-01 1.662250000000000116e-01 3.311000000000008381e-03 6.622500000000003384e-03 -1.655500000000004190e-03 -6.938893903907228378e-18 2.701095284777846928e+01
4.536419999999999897e-01 1.728480000000000016e-01 0.000000000000000000e+00 6.622499999999989506e-03 -1.655500000000004190e-03 0.000000000000000000e+00 3.774724423598548384e+01
4.536419999999999897e-01 1.794699999999999906e-01 0.000000000000000000e+00 6.622500000000003384e-03 0.000000000000000000e+00 1.655750000000004440e-03 0.000000000000000000e+00
4.536419999999999897e-01 1.860930000000000084e-01 0.000000000000000000e+00 9.933999999999998387e-03 0.000000000000000000e+00 1.655499999999997252e-03 0.000000000000000000e+00
4.536419999999999897e-01 1.993379999999999874e-01 0.000000000000000000e+00 9.933499999999997887e-03 0.000000000000000000e+00 -1.655749999999997502e-03 -0.000000000000000000e+00
4.536419999999999897e-01 2.059600000000000042e-01 0.000000000000000000e+00 6.622500000000003384e-03 0.000000000000000000e+00 -1.655499999999997252e-03 -0.000000000000000000e+00
4.536419999999999897e-01 2.125829999999999942e-01 0.000000000000000000e+00 6.622500000000003384e-03 0.000000000000000000e+00 1.655499999999997252e-03 0.000000000000000000e+00
4.536419999999999897e-01 2.192050000000000110e-01 0.000000000000000000e+00 9.933499999999997887e-03 -1.655500000000004190e-03 1.655749999999997502e-03 1.677739744759442431e+01
4.536419999999999897e-01 2.324499999999999900e-01 -3.311000000000008381e-03 9.933999999999998387e-03 -1.655500000000004190e-03 -1.655499999999997252e-03 1.909789757274601740e+01
4.470199999999999729e-01 2.390730000000000077e-01 -3.311000000000008381e-03 6.622500000000003384e-03 -2.499999999933111283e-07 -1.655750000000004440e-03 1.351057506194818814e+01
4.470199999999999729e-01 2.456949999999999967e-01 -3.311499999999995003e-03 6.622499999999989506e-03 -1.655749999999983624e-03 1.655749999999997502e-03 1.350527245373596408e+01
4.403969999999999829e-01 2.523179999999999867e-01 -6.622499999999975628e-03 9.933999999999998387e-03 2.500000000071889161e-07 1.655500000000011129e-03 -6.443708360439095451e+00
4.337750000000000217e-01 2.655629999999999935e-01 -3.310999999999980625e-03 9.933500000000011765e-03 1.655499999999976435e-03 -3.311499999999995003e-03 -4.774041731637751695e+00
4.337750000000000217e-01 2.721850000000000103e-01 -3.311500000000022759e-03 3.311000000000008381e-03 -2.500000000210667039e-07 -3.311000000000008381e-03 1.067814501735098816e+02
4.271519999999999762e-01 2.721850000000000103e-01 -3.311500000000022759e-03 3.311499999999995003e-03 2.500000000210667039e-07 1.655749999999997502e-03 -5.339072523906422418e+01
4.271519999999999762e-01 2.788080000000000003e-01 -3.310999999999980625e-03 6.622500000000003384e-03 -1.655499999999976435e-03 -2.499999999933111283e-07 2.701299217981649292e+01
4.205300000000000149e-01 2.854300000000000170e-01 -6.622499999999975628e-03 3.311000000000008381e-03 -1.655750000000011379e-03 -1.655500000000004190e-03 4.051744893768734812e+01
4.139070000000000249e-01 2.854300000000000170e-01 -6.622500000000003384e-03 3.311499999999995003e-03 -1.387778780781445676e-17 2.499999999933111283e-07 -4.078602500561349931e-03
4.072850000000000081e-01 2.920530000000000070e-01 -6.622500000000003384e-03 3.311499999999995003e-03 0.000000000000000000e+00 -1.655749999999997502e-03 2.701258436269032259e+01
4.006620000000000181e-01 2.920530000000000070e-01 -6.622500000000003384e-03 0.000000000000000000e+00 0.000000000000000000e+00 -2.499999999933111283e-07 5.700278501204359728e-03
3.940400000000000014e-01 2.920530000000000070e-01 -6.622500000000003384e-03 3.311000000000008381e-03 0.000000000000000000e+00 1.655500000000004190e-03 -2.701095284777852612e+01
3.874170000000000114e-01 2.986750000000000238e-01 -6.622500000000003384e-03 3.311000000000008381e-03 0.000000000000000000e+00 -1.655500000000004190e-03 2.701095284777852612e+01
3.807949999999999946e-01 2.986750000000000238e-01 -6.622500000000003384e-03 0.000000000000000000e+00 0.000000000000000000e+00 -1.655500000000004190e-03 3.774724423598531331e+01
3.741720000000000046e-01 2.986750000000000238e-01 -6.622500000000003384e-03 0.000000000000000000e+00 0.000000000000000000e+00 0.000000000000000000e+00 -0.000000000000000000e+00
3.675499999999999878e-01 2.986750000000000238e-01 -6.622500000000003384e-03 0.000000000000000000e+00 0.000000000000000000e+00 0.000000000000000000e+00 -0.000000000000000000e+00
3.609269999999999978e-01 2.986750000000000238e-01 -6.622500000000003384e-03 0.000000000000000000e+00 0.000000000000000000e+00 -1.655500000000004190e-03 3.774724423598531331e+01
3.543049999999999811e-01 2.986750000000000238e-01 -6.622500000000003384e-03 -3.311000000000008381e-03 0.000000000000000000e+00 -1.655500000000004190e-03 2.701095284777852612e+01
3.476819999999999911e-01 2.920530000000000070e-01 -6.622500000000003384e-03 -3.311000000000008381e-03 0.000000000000000000e+00 1.655500000000004190e-03 -2.701095284777852612e+01
3.410599999999999743e-01 2.920530000000000070e-01 -6.622500000000003384e-03 0.000000000000000000e+00 1.655500000000004190e-03 -2.499999999933111283e-07 5.700278501204359728e-03
3.344369999999999843e-01 2.920530000000000070e-01 -3.311499999999995003e-03 -3.311499999999995003e-03 1.655750000000011379e-03 -1.655749999999997502e-03 1.067653300900727089e+02
3.344369999999999843e-01 2.854300000000000170e-01 -3.310999999999980625e-03 -3.311499999999995003e-03 -1.655500000000004190e-03 1.655749999999997502e-03 -1.067733893710515787e+02
3.278150000000000230e-01 2.854300000000000170e-01 -6.622500000000003384e-03 0.000000000000000000e+00 -1.655750000000011379e-03 1.655749999999997502e-03 -3.775294451448651500e+01
3.211919999999999775e-01 2.854300000000000170e-01 -6.622500000000003384e-03 0.000000000000000000e+00 3.311250000000001692e-03 0.000000000000000000e+00 -0.000000000000000000e+00
3.145700000000000163e-01 2.854300000000000170e-01 0.000000000000000000e+00 0.000000000000000000e+00 6.622500000000003384e-03 0.000000000000000000e+00 0.000000000000000000e+00
3.211919999999999775e-01 2.854300000000000170e-01 6.622500000000003384e-03 0.000000000000000000e+00 3.311250000000001692e-03 0.000000000000000000e+00 0.000000000000000000e+00
3.278150000000000230e-01 2.854300000000000170e-01 6.622500000000003384e-03 0.000000000000000000e+00 -1.387778780781445676e-17 1.655749999999997502e-03 3.775294451448651500e+01
3.344369999999999843e-01 2.854300000000000170e-01 6.622499999999975628e-03 3.311499999999995003e-03 1.655749999999997502e-03 4.966999999999999194e-03 6.752636257661649211e+01
3.410599999999999743e-01 2.920530000000000070e-01 9.933999999999998387e-03 9.933999999999998387e-03 3.311250000000015570e-03 1.655500000000004190e-03 -5.932004323712840588e+00
3.543049999999999811e-01 3.052980000000000138e-01 1.324500000000000677e-02 6.622500000000003384e-03 -2.499999999933111283e-07 -3.311250000000001692e-03 -1.350537450040081922e+01
3.675499999999999878e-01 3.052980000000000138e-01 9.933500000000011765e-03 3.311499999999995003e-03 -3.311250000000001692e-03 -1.655500000000004190e-03 -4.773104340470450069e+00
3.741720000000000046e-01 3.119210000000000038e-01 6.622500000000003384e-03 3.311499999999995003e-03 2.499999999933111283e-07 -2.499999999933111283e-07 -6.118057718641159264e-03
3.807949999999999946e-01 3.119210000000000038e-01 9.933999999999998387e-03 3.311000000000008381e-03 4.966750000000005882e-03 1.655500000000004190e-03 7.209474357214264899e-04
3.940400000000000014e-01 3.185430000000000206e-01 1.655600000000001515e-02 6.622500000000003384e-03 8.277999999999993697e-03 1.655749999999997502e-03 -4.834244949025267246e+00
4.139070000000000249e-01 3.251660000000000106e-01 2.648999999999998578e-02 6.622500000000003384e-03 8.278249999999987008e-03 0.000000000000000000e+00 -2.692906172511567497e+00
4.470199999999999729e-01 3.317880000000000273e-01 3.311249999999998916e-02 6.622500000000003384e-03 1.387778780781445676e-17 -1.655500000000004190e-03 -1.423623779168953662e+00
4.801320000000000032e-01 3.384110000000000174e-01 2.649000000000001354e-02 3.311499999999995003e-03 -8.278000000000007574e-03 -3.311250000000001692e-03 -3.169474386760798623e+00
5.000000000000000000e-01 3.384110000000000174e-01 1.655649999999997402e-02 0.000000000000000000e+00 -6.622500000000003384e-03 -1.655749999999997502e-03 -6.040288703765718914e+00
5.132449999999999513e-01 3.384110000000000174e-01 1.324500000000000677e-02 0.000000000000000000e+00 2.775557561562891351e-17 -1.655749999999997502e-03 -9.438236128621628751e+00
5.264900000000000135e-01 3.384110000000000174e-01 1.655650000000002953e-02 -3.311499999999995003e-03 3.311249999999987814e-03 -4.966999999999999194e-03 -1.480654724269058065e+01
5.463580000000000103e-01 3.317880000000000273e-01 1.986749999999998240e-02 -9.933999999999998387e-03 -3.311500000000022759e-03 -3.311000000000008381e-03 -9.003635881419382869e+00
5.662249999999999783e-01 3.185430000000000206e-01 9.933499999999984009e-03 -9.933500000000011765e-03 -8.277999999999979819e-03 1.655749999999997502e-03 -2.372771876914949019e+01
5.662249999999999783e-01 3.119210000000000038e-01 3.311500000000022759e-03 -6.622500000000003384e-03 -3.310999999999980625e-03 1.655250000000010879e-03 -4.051377852186030992e+01
5.728480000000000238e-01 3.052980000000000138e-01 3.311500000000022759e-03 -6.622999999999990006e-03 -4.967000000000026949e-03 0.000000000000000000e+00 -8.102511020239971629e+01
5.728480000000000238e-01 2.986750000000000238e-01 -6.622500000000031140e-03 -6.622500000000003384e-03 -9.934000000000026143e-03 2.499999999933111283e-07 -8.008407387506696296e+01
5.596029999999999616e-01 2.920530000000000070e-01 -1.655650000000002953e-02 -6.622500000000003384e-03 -4.966999999999971438e-03 1.655500000000004190e-03 -1.063532582370866031e+01
5.397349999999999648e-01 2.854300000000000170e-01 -1.655649999999997402e-02 -3.311499999999995003e-03 1.655750000000011379e-03 3.311250000000001692e-03 -1.025032935619829644e+01
5.264900000000000135e-01 2.854300000000000170e-01 -1.324500000000000677e-02 0.000000000000000000e+00 3.311499999999995003e-03 1.655749999999997502e-03 -9.438236128621628751e+00
5.132449999999999513e-01 2.854300000000000170e-01 -9.933499999999984009e-03 0.000000000000000000e+00 4.967000000000026949e-03 1.655749999999997502e-03 -1.677993103222859617e+01
5.066230000000000455e-01 2.854300000000000170e-01 -3.310999999999952870e-03 3.311499999999995003e-03 4.966749999999992005e-03 3.311250000000001692e-03 -2.669334746449073350e+02
5.066230000000000455e-01 2.920530000000000070e-01 0.000000000000000000e+00 6.622500000000003384e-03 1.655499999999976435e-03 1.655500000000004190e-03 -3.774724423598468093e+01
5.066230000000000455e-01 2.986750000000000238e-01 0.000000000000000000e+00 6.622500000000003384e-03 1.655499999999976435e-03 -1.655500000000004190e-03 -3.774724423598468093e+01
5.066230000000000455e-01 3.052980000000000138e-01 3.310999999999952870e-03 3.311499999999995003e-03 1.655499999999976435e-03 -1.655500000000004190e-03 -1.067653285685928637e+02
5.132449999999999513e-01 3.052980000000000138e-01 3.310999999999952870e-03 3.311499999999995003e-03 -1.655499999999976435e-03 1.655749999999997502e-03 1.067733893710515787e+02
5.132449999999999513e-01 3.119210000000000038e-01 0.000000000000000000e+00 6.622999999999990006e-03 -3.310999999999952870e-03 3.311499999999995003e-03 7.548309006660004172e+01
