5.662249999999999783e-01 2.920530000000000070e-01 0.000000000000000000e+00 6.622000000000016762e-03 -6.622499999999975628e-03 -3.311000000000008381e-03 1.510231811974404366e+02
5.662249999999999783e-01 2.986750000000000238e-01 -6.622499999999975628e-03 3.311000000000008381e-03 -6.622500000000003384e-03 -6.622250000000010073e-03 1.620697960587120861e+02
5.529800000000000271e-01 2.986750000000000238e-01 -1.324500000000000677e-02 -6.622500000000003384e-03 -3.311250000000015570e-03 -8.278000000000007574e-03 2.701125884921038534e+01
5.397349999999999648e-01 2.854300000000000170e-01 -1.324500000000000677e-02 -1.324500000000000677e-02 0.000000000000000000e+00 -4.966750000000005882e-03 1.000975347708662078e+01
5.264900000000000135e-01 2.721850000000000103e-01 -1.324500000000000677e-02 -1.655600000000001515e-02 1.655750000000011379e-03 -3.311250000000001692e-03 7.477693930626450936e+00
5.132449999999999513e-01 2.523179999999999867e-01 -9.933499999999984009e-03 -1.986750000000001015e-02 3.311250000000015570e-03 -1.655749999999990563e-03 7.503457913705123161e+00
5.066230000000000455e-01 2.324499999999999900e-01 -6.622499999999975628e-03 -1.986749999999999627e-02 3.310999999999980625e-03 1.655750000000004440e-03 5.968183100385142659e+00
5.000000000000000000e-01 2.125829999999999942e-01 -3.311500000000022759e-03 -1.655600000000000127e-02 3.311249999999987814e-03 3.311250000000001692e-03 9.111853667027673964e+00
5.000000000000000000e-01 1.993379999999999874e-01 0.000000000000000000e+00 -1.324499999999999289e-02 1.655750000000011379e-03 1.655500000000004190e-03 9.438236128621730003e+00
5.000000000000000000e-01 1.860930000000000084e-01 0.000000000000000000e+00 -1.324499999999999289e-02 0.000000000000000000e+00 1.655499999999997252e-03 0.000000000000000000e+00
5.000000000000000000e-01 1.728480000000000016e-01 0.000000000000000000e+00 -9.933999999999998387e-03 1.655750000000011379e-03 3.311249999999994753e-03 1.677824193330107860e+01
5.000000000000000000e-01 1.662250000000000116e-01 3.311500000000022759e-03 -6.622500000000003384e-03 3.311249999999987814e-03 1.655749999999997502e-03 6.752840203183365020e+01
5.066230000000000455e-01 1.596029999999999949e-01 6.622499999999975628e-03 -6.622500000000003384e-03 1.655499999999976435e-03 1.655500000000004190e-03 2.669133237036992767e+01
5.132449999999999513e-01 1.529800000000000049e-01 6.622499999999975628e-03 -3.311499999999995003e-03 2.775557561562891351e-17 3.311250000000001692e-03 5.402109012288051559e+01
5.198679999999999968e-01 1.529800000000000049e-01 6.622500000000031140e-03 0.000000000000000000e+00 0.000000000000000000e+00 3.311499999999995003e-03 7.550588902897240473e+01
5.264900000000000135e-01 1.529800000000000049e-01 6.622499999999975628e-03 3.311499999999995003e-03 -2.775557561562891351e-17 1.655749999999997502e-03 2.701258436269070984e+01
5.331129999999999480e-01 1.596029999999999949e-01 6.622499999999975628e-03 3.311499999999995003e-03 2.775557561562891351e-17 -1.655749999999997502e-03 -2.701258436269070984e+01
5.397349999999999648e-01 1.596029999999999949e-01 6.622500000000031140e-03 0.000000000000000000e+00 -1.655499999999976435e-03 -3.311499999999995003e-03 -7.550588902897240473e+01
5.463580000000000103e-01 1.596029999999999949e-01 3.311500000000022759e-03 -3.311499999999995003e-03 -3.311250000000015570e-03 -3.311250000000001692e-03 -2.135145397920883568e+02
5.463580000000000103e-01 1.529800000000000049e-01 0.000000000000000000e+00 -6.622500000000003384e-03 -2.500000000071889161e-07 -1.655500000000004190e-03 -5.700278501520788903e-03
5.463580000000000103e-01 1.463579999999999881e-01 3.311000000000008381e-03 -6.622500000000003384e-03 4.966749999999992005e-03 6.938893903907228378e-18 8.103693751537512924e+01
5.529800000000000271e-01 1.397349999999999981e-01 9.933499999999984009e-03 -6.622499999999989506e-03 3.311499999999995003e-03 0.000000000000000000e+00 1.288779099473212852e+01
5.662249999999999783e-01 1.331130000000000091e-01 9.933999999999998387e-03 -6.622500000000003384e-03 2.500000000071889161e-07 1.655499999999990313e-03 9.664589611719868856e+00
5.728480000000000238e-01 1.264899999999999913e-01 9.933999999999998387e-03 -3.311500000000008881e-03 4.966749999999992005e-03 3.311250000000001692e-03 4.297300938552743332e+01
5.860929999999999751e-01 1.264899999999999913e-01 1.986749999999998240e-02 0.000000000000000000e+00 3.311000000000008381e-03 1.655750000000004440e-03 4.194771612720754383e+00
6.125829999999999886e-01 1.264899999999999913e-01 1.655600000000001515e-02 0.000000000000000000e+00 -6.622499999999975628e-03 1.655750000000004440e-03 6.040653549133781830e+00
6.192050000000000054e-01 1.264899999999999913e-01 6.622500000000031140e-03 3.311500000000008881e-03 -4.966750000000019760e-03 3.311250000000001692e-03 9.453894693930581639e+01
6.258280000000000509e-01 1.331130000000000091e-01 6.622499999999975628e-03 6.622500000000003384e-03 -2.775557561562891351e-17 1.655499999999990313e-03 1.334566618518516101e+01
6.324499999999999567e-01 1.397349999999999981e-01 6.622499999999975628e-03 6.622499999999989506e-03 -1.655499999999976435e-03 0.000000000000000000e+00 1.334566618518489456e+01
6.390730000000000022e-01 1.463579999999999881e-01 3.311500000000022759e-03 6.622500000000003384e-03 -1.655749999999983624e-03 6.938893903907228378e-18 2.701258436269002061e+01
6.390730000000000022e-01 1.529800000000000049e-01 3.311000000000008381e-03 6.622500000000003384e-03 1.655499999999976435e-03 3.311249999999994753e-03 3.964995120555409209e-13
6.456950000000000189e-01 1.596029999999999949e-01 6.622499999999975628e-03 1.324499999999999289e-02 1.655749999999983624e-03 3.311250000000001692e-03 -5.098484087400005334e-04
6.523179999999999534e-01 1.794699999999999906e-01 6.622499999999975628e-03 1.324500000000000677e-02 -1.655749999999983624e-03 -3.311249999999994753e-03 5.098484087608666547e-04
6.589399999999999702e-01 1.860930000000000084e-01 3.311000000000008381e-03 6.622500000000003384e-03 -3.311249999999987814e-03 -3.311250000000008631e-03 2.701503181981796331e+01
6.589399999999999702e-01 1.927149999999999974e-01 0.000000000000000000e+00 6.622499999999989506e-03 -1.655500000000004190e-03 1.655749999999997502e-03 3.774724423598548384e+01
6.589399999999999702e-01 1.993379999999999874e-01 0.000000000000000000e+00 9.933999999999998387e-03 -1.655500000000004190e-03 1.655500000000011129e-03 1.677570860370213879e+01
6.589399999999999702e-01 2.125829999999999942e-01 -3.311000000000008381e-03 9.933500000000011765e-03 -1.655500000000004190e-03 -1.655749999999997502e-03 1.910049319907675169e+01
6.523179999999999534e-01 2.192050000000000110e-01 -3.311000000000008381e-03 6.622500000000003384e-03 -2.499999999794333405e-07 2.499999999933111283e-07 2.039640001215281030e-03
6.523179999999999534e-01 2.258280000000000010e-01 -3.311499999999967248e-03 9.933999999999998387e-03 -1.655749999999983624e-03 1.655499999999997252e-03 9.550679209373251766e+00
6.456950000000000189e-01 2.390730000000000077e-01 -6.622499999999975628e-03 9.933499999999997887e-03 -1.655500000000031946e-03 -2.500000000002500222e-07 9.665113546518242060e+00
6.390730000000000022e-01 2.456949999999999967e-01 -6.622500000000031140e-03 9.933499999999997887e-03 -4.966999999999999194e-03 1.655750000000004440e-03 2.255144506872941434e+01
6.324499999999999567e-01 2.589400000000000035e-01 -1.655649999999997402e-02 1.324500000000000677e-02 -4.966749999999964249e-03 2.500000000002500222e-07 6.901337105199099931e+00
6.059600000000000541e-01 2.721850000000000103e-01 -1.655599999999995964e-02 9.933999999999998387e-03 3.311499999999967248e-03 -3.311250000000001692e-03 3.046095062639865958e+00
5.993380000000000374e-01 2.788080000000000003e-01 -9.933500000000039520e-03 6.622500000000003384e-03 3.310999999999980625e-03 -3.311499999999995003e-03 6.445354896428226787e+00
5.860929999999999751e-01 2.854300000000000170e-01 -9.933999999999998387e-03 3.311000000000008381e-03 3.311000000000036136e-03 -1.655500000000004190e-03 4.775555814340009420e+00
5.794700000000000406e-01 2.854300000000000170e-01 -3.311499999999967248e-03 3.311499999999995003e-03 1.655749999999983624e-03 1.655749999999997502e-03 -1.067653300900727089e+02
5.794700000000000406e-01 2.920530000000000070e-01 -6.622500000000031140e-03 6.622500000000003384e-03 -1.655500000000031946e-03 1.655500000000004190e-03 1.690959699297283841e-13
5.662249999999999783e-01 2.986750000000000238e-01 -6.622500000000031140e-03 6.622500000000003384e-03 4.967000000000026949e-03 -1.655500000000004190e-03 -2.669536307595289060e+01
5.662249999999999783e-01 3.052980000000000138e-01 3.311500000000022759e-03 3.311499999999995003e-03 8.278250000000014763e-03 -1.655500000000004190e-03 -3.202718096881313841e+02
5.728480000000000238e-01 3.052980000000000138e-01 9.933999999999998387e-03 3.311499999999995003e-03 3.310999999999980625e-03 0.000000000000000000e+00 -9.549237162082080843e+00
5.860929999999999751e-01 3.119210000000000038e-01 9.933499999999984009e-03 3.311499999999995003e-03 -2.499999999794333405e-07 -2.499999999933111283e-07 -1.442025513400794091e-03
5.927149999999999919e-01 3.119210000000000038e-01 9.933500000000039520e-03 3.311000000000008381e-03 1.655750000000011379e-03 1.655500000000004190e-03 9.549525554117444415e+00
6.059600000000000541e-01 3.185430000000000206e-01 1.324500000000000677e-02 6.622500000000003384e-03 1.655749999999955868e-03 2.499999999933111283e-07 -3.375706314589150825e+00
6.192050000000000054e-01 3.251660000000000106e-01 1.324499999999995126e-02 3.311499999999995003e-03 3.311249999999987814e-03 -1.655749999999997502e-03 -1.292655811088424223e+01
6.324499999999999567e-01 3.251660000000000106e-01 1.986749999999998240e-02 3.311000000000008381e-03 3.311250000000043325e-03 -2.499999999933111283e-07 -1.342369316855295480e+00
6.589399999999999702e-01 3.317880000000000273e-01 1.986750000000003791e-02 3.311000000000008381e-03 2.775557561562891351e-17 -1.655500000000004190e-03 -4.025284354512781881e+00
6.721850000000000325e-01 3.317880000000000273e-01 1.986750000000003791e-02 0.000000000000000000e+00 2.499999999794333405e-07 -1.655500000000004190e-03 -4.194138248442801142e+00
6.986750000000000460e-01 3.317880000000000273e-01 1.986799999999999677e-02 0.000000000000000000e+00 -1.655500000000031946e-03 -1.655500000000004190e-03 -4.193927150925534697e+00
7.119210000000000260e-01 3.317880000000000273e-01 1.655649999999997402e-02 -3.311000000000008381e-03 -1.656000000000018568e-03 -3.311250000000001692e-03 -1.252874255060767794e+01
7.317879999999999940e-01 3.251660000000000106e-01 1.655599999999995964e-02 -6.622500000000003384e-03 -3.311249999999987814e-03 -1.655749999999997502e-03 -8.702721350463047401e+00
7.450329999999999453e-01 3.185430000000000206e-01 9.933999999999998387e-03 -6.622500000000003384e-03 -3.310999999999952870e-03 -1.655749999999997502e-03 -2.254957415715273683e+01
7.516559999999999908e-01 3.119210000000000038e-01 9.934000000000053898e-03 -9.933999999999998387e-03 -2.500000000071889161e-07 -3.311499999999995003e-03 -1.186490431469474416e+01
7.649010000000000531e-01 2.986750000000000238e-01 9.933499999999984009e-03 -1.324549999999999339e-02 -1.655750000000039135e-03 2.499999999933111283e-07 -4.831793216878788044e+00
7.715229999999999588e-01 2.854300000000000170e-01 6.622499999999975628e-03 -9.933500000000011765e-03 -3.310999999999980625e-03 2.499999999933111283e-07 -1.932730822145331473e+01
7.781460000000000043e-01 2.788080000000000003e-01 3.311500000000022759e-03 -1.324500000000000677e-02 -1.655749999999983624e-03 -3.311499999999995003e-03 -1.292688343007649721e+01
7.781460000000000043e-01 2.589400000000000035e-01 3.311000000000008381e-03 -1.655650000000000177e-02 -2.500000000071889161e-07 1.655750000000004440e-03 1.138085402626639375e+00
7.847680000000000211e-01 2.456949999999999967e-01 3.311000000000008381e-03 -9.933499999999997887e-03 -3.311000000000008381e-03 3.311500000000001942e-03 -1.909905110823504160e+01
7.847680000000000211e-01 2.390730000000000077e-01 -3.311000000000008381e-03 -9.933499999999997887e-03 -4.966750000000019760e-03 1.655499999999997252e-03 -4.775195415199930693e+01
7.781460000000000043e-01 2.258280000000000010e-01 -6.622500000000031140e-03 -6.622500000000003384e-03 -1.655749999999983624e-03 3.311000000000001442e-03 -4.003901390834617047e+01
7.715229999999999588e-01 2.258280000000000010e-01 -6.622499999999975628e-03 -3.311499999999995003e-03 -1.655499999999976435e-03 0.000000000000000000e+00 -1.350527245373609020e+01
7.649010000000000531e-01 2.192050000000000110e-01 -9.933499999999984009e-03 -6.622500000000003384e-03 -1.655750000000039135e-03 2.499999999933111283e-07 -6.445354896428302283e+00
7.516559999999999908e-01 2.125829999999999942e-01 -9.934000000000053898e-03 -3.311000000000008381e-03 1.655500000000004190e-03 3.311250000000001692e-03 -2.387561644713619557e+01
7.450329999999999453e-01 2.125829999999999942e-01 -6.622499999999975628e-03 0.000000000000000000e+00 3.311500000000050514e-03 4.966750000000005882e-03 -1.132474329864581080e+02
7.384110000000000396e-01 2.125829999999999942e-01 -3.310999999999952870e-03 6.622500000000003384e-03 3.311249999999987814e-03 4.966749999999998944e-03 -9.454139427324540179e+01
7.384110000000000396e-01 2.258280000000000010e-01 0.000000000000000000e+00 9.933499999999997887e-03 1.655499999999976435e-03 1.655499999999997252e-03 -1.677739744759414720e+01
7.384110000000000396e-01 2.324499999999999900e-01 0.000000000000000000e+00 9.933499999999997887e-03 0.000000000000000000e+00 1.655750000000004440e-03 0.000000000000000000e+00
7.384110000000000396e-01 2.456949999999999967e-01 0.000000000000000000e+00 1.324500000000000677e-02 1.655499999999976435e-03 1.655750000000004440e-03 -9.436811058996170232e+00
7.384110000000000396e-01 2.589400000000000035e-01 3.310999999999952870e-03 1.324500000000000677e-02 3.310999999999952870e-03 0.000000000000000000e+00 -1.723326766837790913e+01
7.450329999999999453e-01 2.721850000000000103e-01 6.621999999999905739e-03 1.324500000000000677e-02 3.310999999999952870e-03 0.000000000000000000e+00 -1.350547642388917247e+01
