4.205300000000000149e-01 2.986750000000000238e-01 -3.311300000000000354e-02 -1.324500000000000677e-02 6.622999999999990006e-03 -1.655600000000000127e-02 1.401963158193232317e+01
3.874170000000000114e-01 2.854300000000000170e-01 -2.649000000000001354e-02 -2.980100000000000804e-02 1.324525000000000008e-02 -1.490050000000000402e-02 1.245360488455752090e+01
3.675499999999999878e-01 2.390730000000000077e-01 -6.622500000000003384e-03 -4.304600000000001481e-02 2.152300000000001434e-02 1.655500000000004190e-03 1.108225219608349477e+01
3.741720000000000046e-01 1.993379999999999874e-01 1.655600000000001515e-02 -2.648999999999999966e-02 1.655624999999999458e-02 2.317850000000001159e-02 2.697643537398720071e+01
4.006620000000000181e-01 1.860930000000000084e-01 2.648999999999998578e-02 3.311000000000008381e-03 2.499999999933111283e-07 2.152300000000000046e-02 2.996675366760299397e+01
4.271519999999999762e-01 2.059600000000000042e-01 1.655650000000000177e-02 1.655600000000000127e-02 -9.933749999999991198e-03 2.499999999933111283e-07 1.281293589018300594e+01
4.337750000000000217e-01 2.192050000000000110e-01 6.622500000000003384e-03 3.311499999999995003e-03 -1.655750000000011379e-03 -1.490050000000000402e-02 -2.295855543427551879e+02
4.403969999999999829e-01 2.125829999999999942e-01 1.324499999999997901e-02 -1.324500000000000677e-02 9.933750000000005076e-03 -6.622749999999996695e-03 6.672833092592559190e+00
4.602649999999999797e-01 1.927149999999999974e-01 2.649000000000001354e-02 -9.933999999999998387e-03 6.622500000000003384e-03 9.933750000000005076e-03 1.452590289599213058e+01
4.933770000000000100e-01 1.927149999999999974e-01 2.648999999999998578e-02 6.622500000000003384e-03 -8.278000000000021452e-03 1.821199999999999902e-02 2.639020398649154231e+01
5.132449999999999513e-01 2.059600000000000042e-01 9.933999999999970631e-03 2.648999999999999966e-02 -1.655624999999998070e-02 1.655625000000000152e-02 2.663087071833625785e+01
5.132449999999999513e-01 2.456949999999999967e-01 -6.622499999999975628e-03 3.973500000000000643e-02 -1.490074999999997651e-02 6.938893903907228378e-18 9.057594183849808189e+00
5.000000000000000000e-01 2.854300000000000170e-01 -1.986749999999998240e-02 2.649000000000001354e-02 -1.158950000000001646e-02 -1.324475000000000652e-02 1.570399365787015000e+01
4.735099999999999865e-01 2.986750000000000238e-01 -2.980150000000000854e-02 1.324549999999999339e-02 -8.278250000000000886e-03 -9.933500000000011765e-03 1.169595794023353363e+01
4.403969999999999829e-01 3.119210000000000038e-01 -3.642399999999998417e-02 6.622999999999990006e-03 -3.310999999999994503e-03 -6.622749999999996695e-03 5.186330718415409713e+00
4.006620000000000181e-01 3.119210000000000038e-01 -3.642349999999999755e-02 0.000000000000000000e+00 4.966999999999985316e-03 -3.311499999999995003e-03 2.496096711807169299e+00
3.675499999999999878e-01 3.119210000000000038e-01 -2.649000000000001354e-02 0.000000000000000000e+00 1.490049999999999708e-02 0.000000000000000000e+00 -0.000000000000000000e+00
3.476819999999999911e-01 3.119210000000000038e-01 -6.622500000000003384e-03 0.000000000000000000e+00 2.980125000000001523e-02 0.000000000000000000e+00 -0.000000000000000000e+00
3.543049999999999811e-01 3.119210000000000038e-01 3.311250000000001692e-02 0.000000000000000000e+00 3.145675000000000554e-02 1.655500000000004190e-03 1.509889769439412666e+00
4.139070000000000249e-01 3.119210000000000038e-01 5.629100000000000770e-02 3.311000000000008381e-03 1.324524999999997232e-02 3.311250000000001692e-03 7.949970816748208602e-01
4.668869999999999965e-01 3.185430000000000206e-01 5.960299999999996157e-02 6.622500000000003384e-03 -1.655249999999997002e-03 2.499999999933111283e-07 5.089534153633917812e-02
5.331129999999999480e-01 3.251660000000000106e-01 5.298050000000001369e-02 3.311499999999995003e-03 -1.324524999999995845e-02 -3.311250000000001692e-03 -8.795666645038654474e-01
5.728480000000000238e-01 3.251660000000000106e-01 3.311250000000004468e-02 0.000000000000000000e+00 -1.655650000000001565e-02 -6.622749999999996695e-03 -6.040243111177784563e+00
5.993380000000000374e-01 3.251660000000000106e-01 1.986749999999998240e-02 -9.933999999999998387e-03 -1.490075000000001815e-02 -1.158950000000000258e-02 -3.451519639238269122e+01
6.125829999999999886e-01 3.052980000000000138e-01 3.311000000000008381e-03 -2.317900000000000515e-02 -1.821199999999997821e-02 -4.966750000000005882e-03 -3.416700785205333091e+01
6.059600000000000541e-01 2.788080000000000003e-01 -1.655649999999997402e-02 -1.986750000000001015e-02 -1.158925000000002314e-02 1.158950000000000258e-02 -2.440442040315411631e+01
5.794700000000000406e-01 2.655629999999999935e-01 -1.986750000000003791e-02 0.000000000000000000e+00 3.311499999999967248e-03 2.152325000000000765e-02 -5.452823077970179355e+01
5.662249999999999783e-01 2.788080000000000003e-01 -9.933500000000039520e-03 2.317900000000000515e-02 8.278250000000014763e-03 1.324500000000000677e-02 -2.016895947138918643e+01
5.596029999999999616e-01 3.119210000000000038e-01 -3.311000000000008381e-03 2.649000000000001354e-02 4.966750000000019760e-03 -1.655999999999990813e-03 -6.627093397155924492e+00
5.596029999999999616e-01 3.317880000000000273e-01 0.000000000000000000e+00 1.986700000000002353e-02 3.311000000000008381e-03 -6.622999999999990006e-03 -8.388698723797190837e+00
