4.668869999999999965e-01 2.523179999999999867e-01 -1.324500000000000677e-02 -1.324499999999997901e-02 3.311499999999995003e-03 -3.311500000000008881e-03 1.334768153797650214e+01
4.536419999999999897e-01 2.390730000000000077e-01 -9.933500000000011765e-03 -1.655649999999998789e-02 1.655750000000011379e-03 -3.311250000000015570e-03 8.378349628911411884e+00
4.470199999999999729e-01 2.192050000000000110e-01 -9.933499999999984009e-03 -1.986750000000001015e-02 -2.499999999933111283e-07 2.499999999933111283e-07 -6.798024404909772112e-04
4.337750000000000217e-01 1.993379999999999874e-01 -9.933999999999998387e-03 -1.655600000000000127e-02 1.655499999999990313e-03 3.311250000000008631e-03 -7.621275769353987872e-01
4.271519999999999762e-01 1.860930000000000084e-01 -6.622500000000003384e-03 -1.324499999999999289e-02 3.311500000000008881e-03 1.655499999999997252e-03 1.013068788262921593e+01
4.205300000000000149e-01 1.728480000000000016e-01 -3.310999999999980625e-03 -1.324500000000000677e-02 3.311250000000001692e-03 1.655499999999997252e-03 1.508057306240469941e+01
4.205300000000000149e-01 1.596029999999999949e-01 0.000000000000000000e+00 -9.933999999999998387e-03 4.966749999999992005e-03 1.655500000000004190e-03 5.032965914070507552e+01
4.205300000000000149e-01 1.529800000000000049e-01 6.622500000000003384e-03 -9.933999999999998387e-03 4.966749999999992005e-03 2.500000000002500222e-07 2.899328244414111566e+01
4.337750000000000217e-01 1.397349999999999981e-01 9.933499999999984009e-03 -9.933499999999997887e-03 1.655499999999990313e-03 3.311500000000001942e-03 1.779690877365933588e+01
4.403969999999999829e-01 1.331130000000000091e-01 9.933499999999984009e-03 -3.310999999999994503e-03 2.500000000071889161e-07 4.966749999999998944e-03 4.297791242036144155e+01
4.536419999999999897e-01 1.331130000000000091e-01 9.933999999999998387e-03 0.000000000000000000e+00 -1.655499999999990313e-03 1.655499999999997252e-03 1.677570860370207129e+01
4.602649999999999797e-01 1.331130000000000091e-01 6.622500000000003384e-03 0.000000000000000000e+00 -1.655749999999997502e-03 1.655499999999997252e-03 3.774724423598515699e+01
4.668869999999999965e-01 1.331130000000000091e-01 6.622500000000003384e-03 3.310999999999994503e-03 0.000000000000000000e+00 3.311249999999994753e-03 5.402598466759680207e+01
4.735099999999999865e-01 1.397349999999999981e-01 6.622500000000003384e-03 6.622499999999989506e-03 0.000000000000000000e+00 1.655750000000004440e-03 1.334768153797654300e+01
4.801320000000000032e-01 1.463579999999999881e-01 6.622500000000003384e-03 6.622500000000003384e-03 0.000000000000000000e+00 6.938893903907228378e-18 5.593727679611049038e-14
4.867549999999999932e-01 1.529800000000000049e-01 6.622500000000003384e-03 6.622500000000003384e-03 0.000000000000000000e+00 0.000000000000000000e+00 0.000000000000000000e+00
4.933770000000000100e-01 1.596029999999999949e-01 6.622500000000003384e-03 6.622500000000003384e-03 -1.655500000000004190e-03 0.000000000000000000e+00 1.334566618518501713e+01
5.000000000000000000e-01 1.662250000000000116e-01 3.311499999999995003e-03 6.622500000000003384e-03 -3.311250000000001692e-03 -6.938893903907228378e-18 5.402109012287991874e+01
5.000000000000000000e-01 1.728480000000000016e-01 0.000000000000000000e+00 6.622499999999989506e-03 1.387778780781445676e-17 0.000000000000000000e+00 -3.164290219491105528e-13
5.000000000000000000e-01 1.794699999999999906e-01 3.311500000000022759e-03 6.622500000000003384e-03 1.655750000000011379e-03 6.938893903907228378e-18 -2.701258436269035457e+01
5.066230000000000455e-01 1.860930000000000084e-01 3.311500000000022759e-03 6.622500000000003384e-03 -1.655750000000011379e-03 -6.938893903907228378e-18 2.701258436269035457e+01
5.066230000000000455e-01 1.927149999999999974e-01 0.000000000000000000e+00 6.622499999999989506e-03 -1.655750000000011379e-03 -3.311250000000001692e-03 3.775294451448700528e+01
5.066230000000000455e-01 1.993379999999999874e-01 0.000000000000000000e+00 0.000000000000000000e+00 0.000000000000000000e+00 -6.622499999999989506e-03 0.000000000000000000e+00
5.066230000000000455e-01 1.927149999999999974e-01 0.000000000000000000e+00 -6.622499999999989506e-03 0.000000000000000000e+00 -3.311250000000001692e-03 0.000000000000000000e+00
5.066230000000000455e-01 1.860930000000000084e-01 0.000000000000000000e+00 -6.622500000000003384e-03 1.655499999999976435e-03 -6.938893903907228378e-18 3.774724423598468093e+01
5.066230000000000455e-01 1.794699999999999906e-01 3.310999999999952870e-03 -6.622500000000003384e-03 3.311249999999987814e-03 6.938893903907228378e-18 5.402598466759714313e+01
5.132449999999999513e-01 1.728480000000000016e-01 6.622499999999975628e-03 -6.622499999999989506e-03 1.655750000000039135e-03 0.000000000000000000e+00 1.334768153797688051e+01
5.198679999999999968e-01 1.662250000000000116e-01 6.622500000000031140e-03 -6.622500000000003384e-03 1.655500000000004190e-03 -6.938893903907228378e-18 1.334566618518487680e+01
5.264900000000000135e-01 1.596029999999999949e-01 9.933499999999984009e-03 -6.622500000000003384e-03 1.655749999999983624e-03 1.655500000000004190e-03 1.610803608668984310e+01
5.397349999999999648e-01 1.529800000000000049e-01 9.933999999999998387e-03 -3.311499999999995003e-03 2.500000000071889161e-07 3.311250000000001692e-03 2.864915364240427564e+01
5.463580000000000103e-01 1.529800000000000049e-01 9.933999999999998387e-03 0.000000000000000000e+00 -2.500000000071889161e-07 1.655749999999997502e-03 1.677824193330093649e+01
5.596029999999999616e-01 1.529800000000000049e-01 9.933499999999984009e-03 0.000000000000000000e+00 -2.499999999794333405e-07 0.000000000000000000e+00 0.000000000000000000e+00
5.662249999999999783e-01 1.529800000000000049e-01 9.933500000000039520e-03 0.000000000000000000e+00 1.655750000000011379e-03 1.655749999999997502e-03 1.677993103222840787e+01
5.794700000000000406e-01 1.529800000000000049e-01 1.324500000000000677e-02 3.311499999999995003e-03 -1.655500000000031946e-03 3.311250000000001692e-03 1.938837332819961645e+01
5.927149999999999919e-01 1.596029999999999949e-01 6.622499999999975628e-03 6.622500000000003384e-03 -4.966749999999992005e-03 3.311000000000001442e-03 6.673034627871665236e+01
5.927149999999999919e-01 1.662250000000000116e-01 3.311500000000022759e-03 9.933499999999997887e-03 -1.655499999999976435e-03 1.655749999999997502e-03 1.910034904661218746e+01
5.993380000000000374e-01 1.794699999999999906e-01 3.311500000000022759e-03 9.933999999999998387e-03 -3.311500000000022759e-03 2.500000000002500222e-07 2.865131660447448070e+01
5.993380000000000374e-01 1.860930000000000084e-01 -3.311500000000022759e-03 9.933999999999998387e-03 -4.967000000000026949e-03 1.655499999999997252e-03 3.819911182813208228e+01
5.927149999999999919e-01 1.993379999999999874e-01 -6.622500000000031140e-03 1.324499999999999289e-02 -1.655499999999976435e-03 1.655500000000004190e-03 3.376216162997876857e+00
5.860929999999999751e-01 2.125829999999999942e-01 -6.622499999999975628e-03 1.324500000000000677e-02 -3.311249999999987814e-03 1.655500000000004190e-03 1.012966818581156581e+01
5.794700000000000406e-01 2.258280000000000010e-01 -1.324500000000000677e-02 1.655600000000000127e-02 -4.966750000000019760e-03 -6.938893903907228378e-18 8.627560537152312747e+00
5.596029999999999616e-01 2.456949999999999967e-01 -1.655600000000001515e-02 1.324499999999999289e-02 0.000000000000000000e+00 -4.966749999999998944e-03 8.627560537152271891e+00
5.463580000000000103e-01 2.523179999999999867e-01 -1.324500000000000677e-02 6.622500000000003384e-03 1.655500000000004190e-03 -3.311249999999994753e-03 1.012966818581155515e+01
5.331129999999999480e-01 2.589400000000000035e-01 -1.324500000000000677e-02 6.622500000000003384e-03 -1.655749999999983624e-03 0.000000000000000000e+00 3.376726011406757877e+00
5.198679999999999968e-01 2.655629999999999935e-01 -1.655649999999997402e-02 6.622500000000003384e-03 -1.655749999999997502e-03 -1.655749999999997502e-03 6.768611516447225362e+00
5.000000000000000000e-01 2.721850000000000103e-01 -1.655650000000000177e-02 3.311000000000008381e-03 3.311249999999987814e-03 -3.311250000000001692e-03 9.111906586156655052e+00
4.867549999999999932e-01 2.721850000000000103e-01 -9.933999999999998387e-03 0.000000000000000000e+00 3.311250000000001692e-03 -1.655500000000004190e-03 1.677570860370213879e+01
4.801320000000000032e-01 2.721850000000000103e-01 -9.933999999999998387e-03 0.000000000000000000e+00 -1.655500000000004190e-03 0.000000000000000000e+00 0.000000000000000000e+00
4.668869999999999965e-01 2.721850000000000103e-01 -1.324500000000000677e-02 0.000000000000000000e+00 2.499999999933111283e-07 0.000000000000000000e+00 -0.000000000000000000e+00
4.536419999999999897e-01 2.721850000000000103e-01 -9.933500000000011765e-03 0.000000000000000000e+00 3.311250000000001692e-03 0.000000000000000000e+00 -0.000000000000000000e+00
4.470199999999999729e-01 2.721850000000000103e-01 -6.622500000000003384e-03 0.000000000000000000e+00 1.655500000000018068e-03 0.000000000000000000e+00 -0.000000000000000000e+00
4.403969999999999829e-01 2.721850000000000103e-01 -6.622499999999975628e-03 0.000000000000000000e+00 0.000000000000000000e+00 0.000000000000000000e+00 -0.000000000000000000e+00
4.337750000000000217e-01 2.721850000000000103e-01 -6.622500000000003384e-03 0.000000000000000000e+00 -1.387778780781445676e-17 -1.655500000000004190e-03 3.774724423598531331e+01
4.271519999999999762e-01 2.721850000000000103e-01 -6.622500000000003384e-03 -3.311000000000008381e-03 3.311250000000001692e-03 -3.311250000000001692e-03 8.103693751537531398e+01
4.205300000000000149e-01 2.655629999999999935e-01 0.000000000000000000e+00 -6.622500000000003384e-03 8.277999999999993697e-03 -2.499999999933111283e-07 1.887476217369286644e+02
4.271519999999999762e-01 2.589400000000000035e-01 9.933499999999984009e-03 -3.311499999999995003e-03 6.622500000000003384e-03 1.655749999999997502e-03 3.342903577826788819e+01
4.403969999999999829e-01 2.589400000000000035e-01 1.324500000000000677e-02 -3.311000000000008381e-03 1.655750000000011379e-03 2.499999999933111283e-07 2.155622311121058399e+00
4.536419999999999897e-01 2.523179999999999867e-01 1.324500000000000677e-02 -3.311000000000008381e-03 3.311250000000001692e-03 3.311000000000008381e-03 2.154158458547268040e+01
4.668869999999999965e-01 2.523179999999999867e-01 1.986750000000001015e-02 3.311000000000008381e-03 1.324525000000000008e-02 6.622250000000010073e-03 1.073459817414224915e+01
4.933770000000000100e-01 2.589400000000000035e-01 3.973550000000000693e-02 9.933500000000011765e-03 9.933999999999998387e-03 3.311499999999995003e-03 4.788854345632736487e-01
5.463580000000000103e-01 2.721850000000000103e-01 3.973550000000000693e-02 9.933999999999998387e-03 -8.278500000000008074e-03 -1.655500000000004190e-03 2.395008295726432923e-01
5.728480000000000238e-01 2.788080000000000003e-01 2.317849999999999078e-02 6.622500000000003384e-03 -8.278500000000008074e-03 -1.655749999999997502e-03 1.174082125297359669e+00
5.927149999999999919e-01 2.854300000000000170e-01 2.317849999999999078e-02 6.622500000000003384e-03 4.966999999999999194e-03 0.000000000000000000e+00 -2.348223341747567083e+00
6.192050000000000054e-01 2.920530000000000070e-01 3.311249999999998916e-02 6.622500000000003384e-03 3.311499999999995003e-03 0.000000000000000000e+00 -5.695355052513400018e-01
6.589399999999999702e-01 2.986750000000000238e-01 2.980149999999998078e-02 6.622500000000003384e-03 -4.966749999999992005e-03 -1.655500000000004190e-03 -5.779561632865750642e-01
6.788079999999999670e-01 3.052980000000000138e-01 2.317900000000000515e-02 3.311499999999995003e-03 -6.622499999999975628e-03 -4.966999999999999194e-03 -7.260520930993614286e+00
7.052979999999999805e-01 3.052980000000000138e-01 1.655650000000002953e-02 -3.311499999999995003e-03 -6.622500000000003384e-03 -6.622749999999996695e-03 -2.733575945042876754e+01
7.119210000000000260e-01 2.986750000000000238e-01 9.933999999999998387e-03 -9.933999999999998387e-03 -3.311500000000022759e-03 -3.311000000000008381e-03 -2.372622596031297348e+01
7.251659999999999773e-01 2.854300000000000170e-01 9.933499999999984009e-03 -9.933500000000011765e-03 -3.311499999999995003e-03 1.655749999999997502e-03 -5.932601510365719477e+00
7.317879999999999940e-01 2.788080000000000003e-01 3.311000000000008381e-03 -6.622500000000003384e-03 -3.310999999999980625e-03 1.655500000000004190e-03 -4.051744893768648126e+01
7.317879999999999940e-01 2.721850000000000103e-01 3.311500000000022759e-03 -6.622500000000003384e-03 2.500000000071889161e-07 0.000000000000000000e+00 4.078602500900949807e-03
7.384110000000000396e-01 2.655629999999999935e-01 3.311500000000022759e-03 -6.622500000000003384e-03 -4.967000000000026949e-03 -1.655749999999997502e-03 -9.454098639452453767e+01
7.384110000000000396e-01 2.589400000000000035e-01 -6.622500000000031140e-03 -9.933999999999998387e-03 -4.967000000000026949e-03 -1.655499999999997252e-03 -2.255151986812865417e+01
7.251659999999999773e-01 2.456949999999999967e-01 -6.622500000000031140e-03 -9.933499999999997887e-03 1.655500000000031946e-03 1.655749999999997502e-03 3.220245091957893546e+00
7.251659999999999773e-01 2.390730000000000077e-01 -3.311499999999967248e-03 -6.622500000000003384e-03 2.775557561562891351e-17 3.310999999999994503e-03 -2.701054490747170433e+01
7.185430000000000428e-01 2.324499999999999900e-01 -6.622499999999975628e-03 -3.311500000000008881e-03 -1.655500000000031946e-03 3.311250000000001692e-03 -6.752636257661673369e+01
7.119210000000000260e-01 2.324499999999999900e-01 -6.622500000000031140e-03 0.000000000000000000e+00 -2.500000000071889161e-07 1.655750000000004440e-03 -3.775294451448635868e+01
7.052979999999999805e-01 2.324499999999999900e-01 -6.622999999999990006e-03 0.000000000000000000e+00 1.655500000000031946e-03 1.655750000000004440e-03 -3.774724445115528226e+01
6.986750000000000460e-01 2.324499999999999900e-01 -3.311499999999967248e-03 3.311500000000008881e-03 1.655999999999990813e-03 8.278250000000000886e-03 -3.202879300761893546e+02
6.986750000000000460e-01 2.390730000000000077e-01 -3.311000000000008381e-03 1.655650000000000177e-02 2.499999999794333405e-07 9.933499999999997887e-03 -6.833843974999410875e+00
6.920530000000000292e-01 2.655629999999999935e-01 -3.311000000000008381e-03 2.317850000000000465e-02 1.655500000000004190e-03 1.655500000000004190e-03 -3.416549871147658735e+00
6.920530000000000292e-01 2.854300000000000170e-01 0.000000000000000000e+00 1.986750000000001015e-02 1.655500000000004190e-03 -4.966500000000005632e-03 -4.194138248442812689e+00
6.920530000000000292e-01 3.052980000000000138e-01 0.000000000000000000e+00 1.324549999999999339e-02 1.655500000000004190e-03 -6.622500000000003384e-03 -9.436098618322498410e+00
6.920530000000000292e-01 3.119210000000000038e-01 3.311000000000008381e-03 6.622500000000003384e-03 3.311000000000008381e-03 -3.311749999999988314e-03 -8.103693720741215145e+01
6.986750000000000460e-01 3.185430000000000206e-01 6.622000000000016762e-03 6.622000000000016762e-03 3.311000000000008381e-03 -4.999999999866222566e-07 -2.669939454241374932e+01
