4.602649999999999797e-01 3.450329999999999786e-01 -6.622999999999990006e-03 -1.324499999999995126e-02 4.999999999866222566e-07 -2.775557561562891351e-17 2.039301250393899933e-03
4.536419999999999897e-01 3.317880000000000273e-01 -6.622500000000003384e-03 -1.324499999999997901e-02 2.499999999933111283e-07 -3.311250000000029448e-03 6.753961871222438518e+00
4.470199999999999729e-01 3.185430000000000206e-01 -6.622500000000003384e-03 -1.986750000000001015e-02 1.387778780781445676e-17 -4.967000000000013071e-03 3.581378532678541671e+00
4.403969999999999829e-01 2.920530000000000070e-01 -6.622499999999975628e-03 -2.317900000000000515e-02 1.655750000000011379e-03 0.000000000000000000e+00 2.739597422567072726e+00
4.337750000000000217e-01 2.721850000000000103e-01 -3.310999999999980625e-03 -1.986750000000001015e-02 3.311249999999987814e-03 1.655749999999997502e-03 7.380245197002997415e+00
4.337750000000000217e-01 2.523179999999999867e-01 0.000000000000000000e+00 -1.986750000000001015e-02 1.655499999999990313e-03 6.938893903907228378e-18 4.194138248442777162e+00
4.337750000000000217e-01 2.324499999999999900e-01 0.000000000000000000e+00 -1.986749999999999627e-02 1.655499999999990313e-03 1.655750000000004440e-03 4.194138248442784267e+00
4.337750000000000217e-01 2.125829999999999942e-01 3.310999999999980625e-03 -1.655600000000000127e-02 3.311249999999987814e-03 3.311250000000001692e-03 1.366819064107525605e+01
4.403969999999999829e-01 1.993379999999999874e-01 6.622499999999975628e-03 -1.324499999999999289e-02 1.655750000000011379e-03 3.311000000000001442e-03 1.350588434880967093e+01
4.470199999999999729e-01 1.860930000000000084e-01 6.622500000000003384e-03 -9.933999999999998387e-03 1.655500000000018068e-03 3.311249999999994753e-03 2.254908769268370961e+01
4.536419999999999897e-01 1.794699999999999906e-01 9.933500000000011765e-03 -6.622500000000003384e-03 1.655749999999997502e-03 3.311500000000001942e-03 2.577509547413781732e+01
4.668869999999999965e-01 1.728480000000000016e-01 9.933999999999998387e-03 -3.310999999999994503e-03 2.499999999933111283e-07 3.311250000000001692e-03 2.865045131404080436e+01
4.735099999999999865e-01 1.728480000000000016e-01 9.933999999999998387e-03 0.000000000000000000e+00 -2.499999999933111283e-07 1.655499999999997252e-03 1.677570860370207129e+01
4.867549999999999932e-01 1.728480000000000016e-01 9.933500000000011765e-03 0.000000000000000000e+00 -1.655749999999997502e-03 0.000000000000000000e+00 0.000000000000000000e+00
4.933770000000000100e-01 1.728480000000000016e-01 6.622500000000003384e-03 0.000000000000000000e+00 -1.655249999999997002e-03 1.655499999999997252e-03 3.774724423598515699e+01
5.000000000000000000e-01 1.728480000000000016e-01 6.623000000000017762e-03 3.310999999999994503e-03 -1.387778780781445676e-17 1.655499999999997252e-03 2.700809781990012581e+01
5.066230000000000455e-01 1.794699999999999906e-01 6.622499999999975628e-03 3.310999999999994503e-03 -2.500000000210667039e-07 1.655750000000004440e-03 2.701707115185710251e+01
5.132449999999999513e-01 1.794699999999999906e-01 6.622499999999975628e-03 6.622500000000003384e-03 2.775557561562891351e-17 1.655750000000004440e-03 1.334768153797630497e+01
5.198679999999999968e-01 1.927149999999999974e-01 6.622500000000031140e-03 6.622500000000003384e-03 -1.655749999999983624e-03 -1.655500000000004190e-03 2.015352791259732417e-03
5.264900000000000135e-01 1.927149999999999974e-01 3.311000000000008381e-03 3.311499999999995003e-03 -3.311250000000015570e-03 -3.311250000000001692e-03 1.612282219400279146e-02
5.264900000000000135e-01 1.993379999999999874e-01 0.000000000000000000e+00 0.000000000000000000e+00 2.499999999794333405e-07 -3.311499999999995003e-03 0.000000000000000000e+00
5.264900000000000135e-01 1.927149999999999974e-01 3.311499999999967248e-03 -3.311499999999995003e-03 1.655749999999983624e-03 -1.655499999999997252e-03 8.060194027641291725e-03
5.331129999999999480e-01 1.927149999999999974e-01 3.311499999999967248e-03 -3.310999999999994503e-03 -2.499999999794333405e-07 -1.655500000000004190e-03 -5.339475548798417748e+01
5.331129999999999480e-01 1.860930000000000084e-01 3.311000000000008381e-03 -6.622500000000003384e-03 1.655500000000031946e-03 -2.500000000071889161e-07 2.700891351574058774e+01
5.397349999999999648e-01 1.794699999999999906e-01 6.622500000000031140e-03 -3.311500000000008881e-03 3.311499999999995003e-03 1.655750000000004440e-03 5.402720818059828645e+01
5.463580000000000103e-01 1.794699999999999906e-01 9.933999999999998387e-03 -3.310999999999994503e-03 3.311249999999987814e-03 2.500000000071889161e-07 9.551111846423340879e+00
5.596029999999999616e-01 1.728480000000000016e-01 1.324500000000000677e-02 -3.310999999999994503e-03 1.655500000000004190e-03 1.655499999999997252e-03 1.077062965336608968e+01
5.728480000000000238e-01 1.728480000000000016e-01 1.324500000000000677e-02 0.000000000000000000e+00 0.000000000000000000e+00 1.655499999999997252e-03 9.436811058996289248e+00
5.860929999999999751e-01 1.728480000000000016e-01 1.324500000000000677e-02 0.000000000000000000e+00 1.655500000000004190e-03 1.655499999999997252e-03 9.436811058996289248e+00
5.993380000000000374e-01 1.728480000000000016e-01 1.655600000000001515e-02 3.310999999999994503e-03 1.655499999999976435e-03 3.311250000000001692e-03 1.025140096854980598e+01
6.192050000000000054e-01 1.794699999999999906e-01 1.655599999999995964e-02 6.622500000000003384e-03 -3.311000000000008381e-03 1.655750000000004440e-03 8.702429334881854217e+00
6.324499999999999567e-01 1.860930000000000084e-01 9.933999999999998387e-03 6.622500000000003384e-03 -6.622249999999968439e-03 -6.938893903907228378e-18 2.576996901741513568e+01
6.390730000000000022e-01 1.927149999999999974e-01 3.311500000000022759e-03 6.622499999999989506e-03 -3.311499999999995003e-03 0.000000000000000000e+00 5.402516872538054571e+01
6.390730000000000022e-01 1.993379999999999874e-01 3.311000000000008381e-03 6.622500000000003384e-03 -2.500000000071889161e-07 1.655500000000011129e-03 1.350853572991012896e+01
6.456950000000000189e-01 2.059600000000000042e-01 3.311000000000008381e-03 9.933500000000011765e-03 -1.655500000000004190e-03 1.655749999999997502e-03 1.910049319907675169e+01
6.456950000000000189e-01 2.192050000000000110e-01 0.000000000000000000e+00 9.933999999999998387e-03 -1.655500000000004190e-03 2.499999999933111283e-07 1.677570860370213879e+01
6.456950000000000189e-01 2.258280000000000010e-01 0.000000000000000000e+00 9.933999999999998387e-03 -3.311250000000015570e-03 4.966749999999998944e-03 3.355395053700321739e+01
6.456950000000000189e-01 2.390730000000000077e-01 -6.622500000000031140e-03 1.986749999999999627e-02 -6.622500000000003384e-03 3.311000000000001442e-03 1.193780826983925714e+01
6.324499999999999567e-01 2.655629999999999935e-01 -1.324500000000000677e-02 1.655600000000000127e-02 -1.655499999999976435e-03 -4.966999999999992255e-03 9.778208827535182834e+00
6.192050000000000054e-01 2.721850000000000103e-01 -9.933499999999984009e-03 9.933500000000011765e-03 1.655750000000011379e-03 -3.311000000000001442e-03 5.930809995490099240e+00
6.125829999999999886e-01 2.854300000000000170e-01 -9.933499999999984009e-03 9.933999999999998387e-03 -1.655750000000011379e-03 -1.655500000000004190e-03 1.186371011045403279e+01
5.993380000000000374e-01 2.920530000000000070e-01 -1.324500000000000677e-02 6.622500000000003384e-03 -1.655750000000011379e-03 -1.655749999999997502e-03 1.013017803422038554e+01
5.860929999999999751e-01 2.986750000000000238e-01 -1.324500000000000677e-02 6.622500000000003384e-03 -3.311249999999987814e-03 1.655749999999997502e-03 -5.098484088036436346e-04
5.728480000000000238e-01 3.052980000000000138e-01 -1.986749999999998240e-02 9.933999999999998387e-03 -3.311250000000015570e-03 0.000000000000000000e+00 3.001337845167315166e+00
5.463580000000000103e-01 3.185430000000000206e-01 -1.986750000000003791e-02 6.622500000000003384e-03 3.311249999999987814e-03 -3.311250000000001692e-03 4.775051204482262612e+00
5.331129999999999480e-01 3.185430000000000206e-01 -1.324500000000000677e-02 3.311499999999995003e-03 3.311250000000043325e-03 -1.655500000000004190e-03 4.307551525097564671e+00
5.198679999999999968e-01 3.251660000000000106e-01 -1.324499999999995126e-02 3.311499999999995003e-03 -1.655749999999997502e-03 -1.655749999999997502e-03 1.077229441866641757e+01
5.066230000000000455e-01 3.251660000000000106e-01 -1.655650000000000177e-02 0.000000000000000000e+00 -2.500000000349444917e-07 -1.655749999999997502e-03 6.040288703765698486e+00
4.867549999999999932e-01 3.251660000000000106e-01 -1.324550000000002115e-02 0.000000000000000000e+00 6.622500000000003384e-03 1.655500000000004190e-03 -9.436098618322459330e+00
4.801320000000000032e-01 3.251660000000000106e-01 -3.311499999999995003e-03 3.311000000000008381e-03 4.967250000000006382e-03 1.655500000000004190e-03 -2.135467787421018500e+02
4.801320000000000032e-01 3.317880000000000273e-01 -3.311000000000008381e-03 3.311000000000008381e-03 2.499999999933111283e-07 2.499999999933111283e-07 -1.612525715941381943e-02
4.735099999999999865e-01 3.317880000000000273e-01 -3.311000000000008381e-03 3.311499999999995003e-03 3.311000000000008381e-03 2.499999999933111283e-07 -1.067814501735093984e+02
4.735099999999999865e-01 3.384110000000000174e-01 3.311000000000008381e-03 3.311499999999995003e-03 6.622250000000010073e-03 -2.500000000071889161e-07 -2.135629015642953732e+02
4.801320000000000032e-01 3.384110000000000174e-01 9.933500000000011765e-03 3.310999999999980625e-03 6.622749999999982817e-03 1.655500000000004190e-03 -4.776204867900290196e+00
4.933770000000000100e-01 3.450329999999999786e-01 1.655649999999997402e-02 6.622500000000003384e-03 3.311499999999995003e-03 1.655750000000011379e-03 9.670070769539552691e-01
5.132449999999999513e-01 3.516560000000000241e-01 1.655650000000000177e-02 6.622500000000003384e-03 4.966750000000019760e-03 -1.387778780781445676e-17 -5.801020453944060407e+00
5.264900000000000135e-01 3.582779999999999854e-01 2.649000000000001354e-02 6.622499999999975628e-03 8.277999999999993697e-03 0.000000000000000000e+00 -2.692824847769833774e+00
5.662249999999999783e-01 3.649009999999999754e-01 3.311249999999998916e-02 6.622500000000003384e-03 -1.655500000000004190e-03 1.387778780781445676e-17 2.847247558338024120e-01
5.927149999999999919e-01 3.715229999999999921e-01 2.317900000000000515e-02 6.622500000000003384e-03 0.000000000000000000e+00 0.000000000000000000e+00 0.000000000000000000e+00
6.125829999999999886e-01 3.781459999999999821e-01 3.311249999999998916e-02 6.622500000000003384e-03 4.966749999999992005e-03 -1.655749999999997502e-03 -2.278056027421597296e+00
6.589399999999999702e-01 3.847679999999999989e-01 3.311249999999998916e-02 3.311000000000008381e-03 -3.310999999999980625e-03 -3.311250000000001692e-03 -2.677791369768944385e+00
6.788079999999999670e-01 3.847679999999999989e-01 2.649050000000002791e-02 0.000000000000000000e+00 -6.622499999999975628e-03 -1.655500000000004190e-03 -2.359113707143518202e+00
7.119210000000000260e-01 3.847679999999999989e-01 1.986750000000003791e-02 0.000000000000000000e+00 -4.967250000000034138e-03 -1.655500000000004190e-03 -4.194138248442801142e+00
7.185430000000000428e-01 3.847679999999999989e-01 1.655599999999995964e-02 -3.311000000000008381e-03 -1.655500000000031946e-03 -1.655500000000004190e-03 -6.833579345051083997e+00
7.450329999999999453e-01 3.781459999999999821e-01 1.655649999999997402e-02 -3.311000000000008381e-03 -1.655499999999976435e-03 -1.655749999999997502e-03 -6.834015943189336362e+00
7.516559999999999908e-01 3.781459999999999821e-01 1.324500000000000677e-02 -6.622500000000003384e-03 -3.311499999999995003e-03 -3.311499999999995003e-03 -2.026035606844071424e+01
7.715229999999999588e-01 3.649009999999999754e-01 9.933499999999984009e-03 -9.933999999999998387e-03 -4.966749999999992005e-03 -3.311249999999987814e-03 -2.965897663772478055e+01
7.715229999999999588e-01 3.582779999999999854e-01 3.311500000000022759e-03 -1.324499999999997901e-02 -3.310999999999980625e-03 -3.310999999999994503e-03 -2.154133584188690165e+01
7.781460000000000043e-01 3.384110000000000174e-01 3.311500000000022759e-03 -1.655599999999998739e-02 -4.966999999999999194e-03 -1.655750000000011379e-03 -1.822473929301964901e+01
7.781460000000000043e-01 3.251660000000000106e-01 -6.622499999999975628e-03 -1.655650000000000177e-02 -6.622750000000010573e-03 1.655249999999997002e-03 -2.127152764778695015e+01
7.649010000000000531e-01 3.052980000000000138e-01 -9.933999999999998387e-03 -1.324549999999999339e-02 -2.775557561562891351e-17 6.622500000000003384e-03 -1.449495643816220891e+01
7.582780000000000076e-01 2.986750000000000238e-01 -6.622500000000031140e-03 -3.311499999999995003e-03 -1.655500000000004190e-03 6.622749999999996695e-03 -1.215515313019960217e+02
7.516559999999999908e-01 2.986750000000000238e-01 -1.324500000000000677e-02 0.000000000000000000e+00 -3.311249999999987814e-03 4.967249999999992505e-03 -2.831470838586488625e+01
7.317879999999999940e-01 2.986750000000000238e-01 -1.324500000000000677e-02 6.622999999999990006e-03 4.966999999999999194e-03 8.278250000000000886e-03 -4.389366522002368498e+01
7.251659999999999773e-01 3.119210000000000038e-01 -3.311000000000008381e-03 1.655650000000000177e-02 6.622500000000003384e-03 6.622250000000010073e-03 -2.733451590323323543e+01
7.251659999999999773e-01 3.317880000000000273e-01 0.000000000000000000e+00 1.986750000000001015e-02 1.655500000000004190e-03 -1.655750000000011379e-03 -4.194138248442812689e+00
7.251659999999999773e-01 3.516560000000000241e-01 0.000000000000000000e+00 1.324499999999997901e-02 3.311250000000015570e-03 -3.311250000000015570e-03 -1.887504718761812228e+01
7.251659999999999773e-01 3.582779999999999854e-01 6.622500000000031140e-03 1.324499999999997901e-02 4.966749999999992005e-03 -1.655499999999990313e-03 -2.363453283780357239e+01
7.384110000000000396e-01 3.781459999999999821e-01 9.933499999999984009e-03 9.933999999999998387e-03 -2.500000000627000674e-07 -6.622499999999989506e-03 -2.372592729936302192e+01
7.450329999999999453e-01 3.781459999999999821e-01 6.621999999999905739e-03 0.000000000000000000e+00 -3.311500000000078270e-03 -9.933999999999998387e-03 -2.265404729355120992e+02
