4.801320000000000032e-01 4.377480000000000260e-01 -1.986700000000002353e-02 0.000000000000000000e+00 -4.999999999866222566e-07 -1.324500000000000677e-02 3.355732847982288547e+01
4.602649999999999797e-01 4.377480000000000260e-01 -1.986750000000001015e-02 -1.324500000000000677e-02 1.655250000000010879e-03 -1.324500000000000677e-02 2.093961991758699170e+01
4.403969999999999829e-01 4.112580000000000124e-01 -1.655650000000000177e-02 -2.649000000000001354e-02 3.311250000000015570e-03 -8.277999999999993697e-03 7.373460421246742058e+00
4.271519999999999762e-01 3.847679999999999989e-01 -1.324499999999997901e-02 -2.980099999999999416e-02 4.967000000000013071e-03 -1.655499999999990313e-03 4.899969398572658896e+00
4.139070000000000249e-01 3.516560000000000241e-01 -6.622499999999975628e-03 -2.980099999999999416e-02 8.278249999999987008e-03 1.655249999999997002e-03 8.285832330523037470e+00
4.139070000000000249e-01 3.251660000000000106e-01 3.311499999999995003e-03 -2.649050000000000016e-02 6.622499999999975628e-03 3.310999999999994503e-03 9.796453993017065542e+00
4.205300000000000149e-01 2.986750000000000238e-01 6.622499999999975628e-03 -2.317900000000000515e-02 4.966749999999992005e-03 6.622749999999996695e-03 1.134878149899636846e+01
4.271519999999999762e-01 2.788080000000000003e-01 1.324499999999997901e-02 -1.324500000000000677e-02 4.967000000000013071e-03 8.278250000000000886e-03 2.669385156135939496e+01
4.470199999999999729e-01 2.721850000000000103e-01 1.655650000000000177e-02 -6.622500000000003384e-03 1.655500000000018068e-03 8.278250000000000886e-03 2.610583301755163532e+01
4.602649999999999797e-01 2.655629999999999935e-01 1.655600000000001515e-02 3.311499999999995003e-03 -2.499999999933111283e-07 8.278000000000007574e-03 2.847492971355148939e+01
4.801320000000000032e-01 2.788080000000000003e-01 1.655600000000001515e-02 9.933500000000011765e-03 -3.311000000000008381e-03 3.311000000000008381e-03 1.218601750809709472e+01
4.933770000000000100e-01 2.854300000000000170e-01 9.933999999999998387e-03 9.933500000000011765e-03 -6.622250000000010073e-03 1.655999999999990813e-03 2.965927527613487058e+01
5.000000000000000000e-01 2.986750000000000238e-01 3.311499999999995003e-03 1.324549999999999339e-02 -4.966999999999999194e-03 2.499999999933111283e-07 2.585036084317492211e+01
5.000000000000000000e-01 3.119210000000000038e-01 0.000000000000000000e+00 9.933999999999998387e-03 -1.655749999999997502e-03 -6.622749999999996695e-03 1.677824193330093649e+01
5.000000000000000000e-01 3.185430000000000206e-01 0.000000000000000000e+00 0.000000000000000000e+00 0.000000000000000000e+00 -9.933999999999998387e-03 0.000000000000000000e+00
5.000000000000000000e-01 3.119210000000000038e-01 0.000000000000000000e+00 -9.933999999999998387e-03 0.000000000000000000e+00 -6.622749999999996695e-03 0.000000000000000000e+00
5.000000000000000000e-01 2.986750000000000238e-01 0.000000000000000000e+00 -1.324549999999999339e-02 0.000000000000000000e+00 -3.311000000000008381e-03 0.000000000000000000e+00
5.000000000000000000e-01 2.854300000000000170e-01 0.000000000000000000e+00 -1.655600000000001515e-02 1.655750000000011379e-03 -1.655250000000010879e-03 6.040653549133807587e+00
5.000000000000000000e-01 2.655629999999999935e-01 3.311500000000022759e-03 -1.655600000000001515e-02 4.966999999999999194e-03 1.655500000000011129e-03 1.822456728687338057e+01
5.066230000000000455e-01 2.523179999999999867e-01 9.933999999999998387e-03 -1.324499999999999289e-02 4.966749999999964249e-03 3.311000000000008381e-03 2.174273373162197132e+01
5.198679999999999968e-01 2.390730000000000077e-01 1.324499999999995126e-02 -9.933999999999998387e-03 3.311000000000008381e-03 4.966749999999992005e-03 2.174273373162213474e+01
5.331129999999999480e-01 2.324499999999999900e-01 1.655600000000001515e-02 -3.311500000000008881e-03 1.655500000000031946e-03 6.622750000000003634e-03 2.392003480004522231e+01
5.529800000000000271e-01 2.324499999999999900e-01 1.655600000000001515e-02 3.311500000000008881e-03 -1.655500000000004190e-03 9.934000000000005326e-03 3.531010987357089448e+01
5.662249999999999783e-01 2.390730000000000077e-01 1.324500000000000677e-02 1.655650000000000177e-02 -3.311000000000008381e-03 1.324474999999999958e-02 2.415611290451543880e+01
5.794700000000000406e-01 2.655629999999999935e-01 9.933999999999998387e-03 2.980100000000000804e-02 -4.966750000000019760e-03 8.278000000000007574e-03 7.427836063192193805e+00
5.860929999999999751e-01 2.986750000000000238e-01 3.311499999999967248e-03 3.311250000000001692e-02 -6.622749999999982817e-03 2.499999999863722344e-07 5.950768063528443896e+00
5.860929999999999751e-01 3.317880000000000273e-01 -3.311499999999967248e-03 2.980149999999998078e-02 -6.622749999999982817e-03 -3.311250000000015570e-03 7.727687719809678946e+00
5.794700000000000406e-01 3.582779999999999854e-01 -9.933999999999998387e-03 2.648999999999998578e-02 -8.278000000000035330e-03 -4.966999999999985316e-03 1.186272443363105111e+01
5.662249999999999783e-01 3.847679999999999989e-01 -1.986750000000003791e-02 1.986750000000001015e-02 -8.278000000000007574e-03 -6.622499999999989506e-03 1.334656189753672884e+01
5.397349999999999648e-01 3.980130000000000057e-01 -2.649000000000001354e-02 1.324500000000000677e-02 -1.158949999999997482e-02 -3.311250000000001692e-03 9.285359220857678508e+00
5.132449999999999513e-01 4.112580000000000124e-01 -4.304649999999998755e-02 1.324500000000000677e-02 -8.278249999999987008e-03 -1.655500000000004190e-03 1.980247706219742554e+00
4.536419999999999897e-01 4.245030000000000192e-01 -4.304649999999998755e-02 9.933999999999998387e-03 1.158950000000000258e-02 -4.966750000000005882e-03 1.144393172841233097e+00
4.271519999999999762e-01 4.311260000000000092e-01 -1.986749999999998240e-02 3.311499999999995003e-03 1.490075000000000427e-02 -4.966999999999999194e-03 6.038105878537919580e+00
4.139070000000000249e-01 4.311260000000000092e-01 -1.324499999999997901e-02 0.000000000000000000e+00 3.311249999999987814e-03 -1.655749999999997502e-03 9.438236128621671384e+00
4.006620000000000181e-01 4.311260000000000092e-01 -1.324500000000000677e-02 0.000000000000000000e+00 6.622499999999989506e-03 0.000000000000000000e+00 -0.000000000000000000e+00
3.874170000000000114e-01 4.311260000000000092e-01 0.000000000000000000e+00 0.000000000000000000e+00 1.490075000000000427e-02 0.000000000000000000e+00 0.000000000000000000e+00
4.006620000000000181e-01 4.311260000000000092e-01 1.655650000000000177e-02 0.000000000000000000e+00 1.324499999999999289e-02 1.655500000000004190e-03 6.039376686748696876e+00
4.205300000000000149e-01 4.311260000000000092e-01 2.648999999999998578e-02 3.311000000000008381e-03 8.277999999999993697e-03 3.311250000000001692e-03 3.169714021635533729e+00
4.536419999999999897e-01 4.377480000000000260e-01 3.311249999999998916e-02 6.622500000000003384e-03 6.622749999999996695e-03 1.655749999999983624e-03 2.848107494175364240e-01
4.867549999999999932e-01 4.443710000000000160e-01 3.973549999999997917e-02 6.622499999999975628e-03 4.967000000000013071e-03 0.000000000000000000e+00 -5.031896371081818753e-01
5.331129999999999480e-01 4.509929999999999772e-01 4.304650000000001531e-02 6.622500000000003384e-03 -2.499999999794333405e-07 1.387778780781445676e-17 2.004054441973914308e-05
5.728480000000000238e-01 4.576160000000000228e-01 3.973500000000002030e-02 6.622500000000003384e-03 4.966749999999978127e-03 -1.655750000000011379e-03 -1.509649685777476602e+00
6.125829999999999886e-01 4.642379999999999840e-01 5.297999999999997156e-02 3.310999999999980625e-03 1.655500000000004190e-03 -4.966749999999992005e-03 -1.795819841440367659e+00
6.788079999999999670e-01 4.642379999999999840e-01 4.304600000000002868e-02 -3.310999999999980625e-03 -1.490049999999998320e-02 -4.966749999999992005e-03 -3.269913227483870699e+00
6.986750000000000460e-01 4.576160000000000228e-01 2.317900000000000515e-02 -6.622500000000003384e-03 -1.158900000000001596e-02 -3.311500000000008881e-03 -1.095773967293781936e+01
7.251659999999999773e-01 4.509929999999999772e-01 1.986799999999999677e-02 -9.933999999999998387e-03 -4.966999999999999194e-03 -4.966749999999992005e-03 -1.350509128264892844e+01
7.384110000000000396e-01 4.377480000000000260e-01 1.324500000000000677e-02 -1.655599999999998739e-02 -4.967250000000006382e-03 -8.278000000000007574e-03 -2.013213262907550316e+01
7.516559999999999908e-01 4.178810000000000024e-01 9.933499999999984009e-03 -2.649000000000001354e-02 -4.966999999999999194e-03 -3.311500000000008881e-03 -7.263269444338367187e+00
7.582780000000000076e-01 3.847679999999999989e-01 3.311000000000008381e-03 -2.317900000000000515e-02 -8.278000000000007574e-03 8.278250000000000886e-03 -1.281252314719739616e+01
7.582780000000000076e-01 3.715229999999999921e-01 -6.622500000000031140e-03 -9.933500000000011765e-03 -8.278000000000007574e-03 8.278250000000000886e-03 -8.054115331718472248e+01
7.450329999999999453e-01 3.649009999999999754e-01 -1.324500000000000677e-02 -6.622500000000003384e-03 -6.622499999999975628e-03 6.622250000000010073e-03 -4.051663334961117613e+01
7.317879999999999940e-01 3.582779999999999854e-01 -1.986749999999998240e-02 3.311000000000008381e-03 -1.655749999999983624e-03 9.933750000000005076e-03 -2.348259834575624083e+01
7.052979999999999805e-01 3.715229999999999921e-01 -1.655649999999997402e-02 1.324500000000000677e-02 6.622500000000003384e-03 4.966999999999999194e-03 -1.783037213935750032e+01
6.986750000000000460e-01 3.847679999999999989e-01 -6.622499999999975628e-03 1.324500000000000677e-02 6.622749999999982817e-03 3.311250000000001692e-03 -3.376573056884154056e+01
6.920530000000000292e-01 3.980130000000000057e-01 -3.311000000000008381e-03 1.986750000000001015e-02 4.966749999999992005e-03 3.311250000000001692e-03 -1.341822238039358162e+01
6.920530000000000292e-01 4.245030000000000192e-01 3.311000000000008381e-03 1.986750000000001015e-02 6.622500000000003384e-03 -4.966750000000005882e-03 -1.811494467438811640e+01
6.986750000000000460e-01 4.377480000000000260e-01 9.933999999999998387e-03 9.933999999999998387e-03 4.967499999999985816e-03 -6.622250000000010073e-03 -4.152223893145124833e+01
7.119210000000000260e-01 4.443710000000000160e-01 1.324599999999998001e-02 6.622999999999990006e-03 3.311999999999981625e-03 -3.311000000000008381e-03 -2.025627755059991841e+01
