5.198679999999999968e-01 4.509929999999999772e-01 -6.623000000000045517e-03 0.000000000000000000e+00 -3.310999999999952870e-03 -3.310999999999980625e-03 7.548309006659940223e+01
5.132449999999999513e-01 4.509929999999999772e-01 -9.933999999999998387e-03 -3.310999999999980625e-03 -4.966749999999964249e-03 -1.655499999999990313e-03 7.209474358394669415e-04
5.000000000000000000e-01 4.443710000000000160e-01 -1.655649999999997402e-02 -3.310999999999980625e-03 -3.311250000000001692e-03 -1.655750000000011379e-03 3.417523915118160893e+00
4.801320000000000032e-01 4.443710000000000160e-01 -1.655650000000000177e-02 -6.622500000000003384e-03 1.655749999999983624e-03 -4.967000000000013071e-03 1.643736826338675883e+01
4.668869999999999965e-01 4.311260000000000092e-01 -1.324500000000000677e-02 -1.324500000000000677e-02 1.655749999999997502e-03 -3.311250000000001692e-03 1.001025731528447693e+01
4.536419999999999897e-01 4.178810000000000024e-01 -1.324500000000000677e-02 -1.324500000000000677e-02 0.000000000000000000e+00 -1.655749999999997502e-03 3.336920384494110881e+00
4.403969999999999829e-01 4.046359999999999957e-01 -1.324500000000000677e-02 -1.655650000000000177e-02 1.655750000000011379e-03 -4.966999999999999194e-03 9.778189752845850791e+00
4.271519999999999762e-01 3.847679999999999989e-01 -9.933499999999984009e-03 -2.317900000000000515e-02 4.967000000000013071e-03 -3.310999999999994503e-03 9.229867188363327202e+00
4.205300000000000149e-01 3.582779999999999854e-01 -3.310999999999980625e-03 -2.317849999999999078e-02 4.966749999999992005e-03 1.655750000000011379e-03 8.541858372764295382e+00
4.205300000000000149e-01 3.384110000000000174e-01 0.000000000000000000e+00 -1.986749999999998240e-02 1.655499999999990313e-03 1.655249999999997002e-03 4.194138248442790484e+00
4.205300000000000149e-01 3.185430000000000206e-01 0.000000000000000000e+00 -1.986799999999999677e-02 3.311250000000001692e-03 1.655499999999990313e-03 8.388487634250770597e+00
4.205300000000000149e-01 2.986750000000000238e-01 6.622500000000003384e-03 -1.655650000000000177e-02 4.966749999999992005e-03 4.967249999999992505e-03 2.030437456342285785e+01
4.337750000000000217e-01 2.854300000000000170e-01 9.933499999999984009e-03 -9.933500000000011765e-03 1.655499999999990313e-03 4.966999999999999194e-03 2.372861452658721859e+01
4.403969999999999829e-01 2.788080000000000003e-01 9.933499999999984009e-03 -6.622500000000003384e-03 1.655750000000011379e-03 3.311000000000008381e-03 2.577217667601378182e+01
4.536419999999999897e-01 2.721850000000000103e-01 1.324500000000000677e-02 -3.311499999999995003e-03 1.655750000000011379e-03 4.966999999999999194e-03 2.800640405464810812e+01
4.668869999999999965e-01 2.721850000000000103e-01 1.324500000000000677e-02 3.311499999999995003e-03 -1.655500000000004190e-03 6.622749999999996695e-03 3.662378414271176297e+01
4.801320000000000032e-01 2.788080000000000003e-01 9.933999999999998387e-03 9.933999999999998387e-03 -4.966750000000005882e-03 3.311000000000008381e-03 2.965643894948737369e+01
4.867549999999999932e-01 2.920530000000000070e-01 3.311499999999995003e-03 9.933500000000011765e-03 -3.311499999999995003e-03 -1.655749999999997502e-03 2.387705855974765257e+01
4.867549999999999932e-01 2.986750000000000238e-01 3.311000000000008381e-03 6.622500000000003384e-03 -2.499999999933111283e-07 -1.655250000000010879e-03 -1.349833845379211539e+01
4.933770000000000100e-01 3.052980000000000138e-01 3.311000000000008381e-03 6.622999999999990006e-03 2.499999999933111283e-07 0.000000000000000000e+00 -4.078540896885765599e-03
4.933770000000000100e-01 3.119210000000000038e-01 3.311499999999995003e-03 6.622500000000003384e-03 2.499999999933111283e-07 -3.311499999999995003e-03 -2.701870242040896741e+01
5.000000000000000000e-01 3.185430000000000206e-01 3.311499999999995003e-03 0.000000000000000000e+00 -1.655749999999997502e-03 -8.278250000000000886e-03 -7.548992936802667373e+02
5.000000000000000000e-01 3.119210000000000038e-01 0.000000000000000000e+00 -9.933999999999998387e-03 -1.655749999999997502e-03 -4.966999999999999194e-03 -1.677824193330093649e+01
5.000000000000000000e-01 2.986750000000000238e-01 0.000000000000000000e+00 -9.933999999999998387e-03 1.655750000000011379e-03 2.499999999933111283e-07 1.677824193330107860e+01
5.000000000000000000e-01 2.920530000000000070e-01 3.311500000000022759e-03 -9.933500000000011765e-03 3.311249999999987814e-03 -1.655500000000004190e-03 2.387561653423407293e+01
5.066230000000000455e-01 2.788080000000000003e-01 6.622499999999975628e-03 -1.324500000000000677e-02 3.310999999999980625e-03 -2.499999999933111283e-07 1.350435480358319040e+01
5.132449999999999513e-01 2.655629999999999935e-01 9.933499999999984009e-03 -9.933999999999998387e-03 3.311250000000015570e-03 3.311250000000001692e-03 2.372742017582370977e+01
5.264900000000000135e-01 2.589400000000000035e-01 1.324500000000000677e-02 -6.622500000000003384e-03 3.311499999999995003e-03 3.311499999999995003e-03 2.026035606844071424e+01
5.397349999999999648e-01 2.523179999999999867e-01 1.655649999999997402e-02 -3.311000000000008381e-03 3.311250000000015570e-03 3.311250000000001692e-03 1.366734393571160666e+01
5.596029999999999616e-01 2.523179999999999867e-01 1.986750000000003791e-02 0.000000000000000000e+00 -2.499999999794333405e-07 4.966750000000005882e-03 1.258304810960631315e+01
5.794700000000000406e-01 2.523179999999999867e-01 1.655600000000001515e-02 6.622500000000003384e-03 -3.311250000000015570e-03 8.278000000000007574e-03 2.804043117449361588e+01
5.927149999999999919e-01 2.655629999999999935e-01 1.324500000000000677e-02 1.655600000000001515e-02 -3.311000000000008381e-03 6.622500000000003384e-03 1.495451932946275875e+01
6.059600000000000541e-01 2.854300000000000170e-01 9.933999999999998387e-03 1.986750000000001015e-02 -3.311250000000015570e-03 1.655999999999990813e-03 7.503533451364879703e+00
6.125829999999999886e-01 3.052980000000000138e-01 6.622499999999975628e-03 1.986799999999999677e-02 -1.655749999999983624e-03 -1.387778780781445676e-17 3.581405564498842953e+00
6.192050000000000054e-01 3.251660000000000106e-01 6.622500000000031140e-03 1.986749999999998240e-02 -3.311249999999987814e-03 1.655249999999997002e-03 8.356069219893518252e+00
6.258280000000000509e-01 3.450329999999999786e-01 0.000000000000000000e+00 2.317849999999999078e-02 -6.622500000000031140e-03 1.655750000000011379e-03 1.232682733515467355e+01
6.192050000000000054e-01 3.715229999999999921e-01 -6.622500000000031140e-03 2.317900000000000515e-02 -1.158924999999999539e-02 1.655750000000011379e-03 1.839279368354108612e+01
6.125829999999999886e-01 3.913909999999999889e-01 -2.317849999999999078e-02 2.649000000000001354e-02 -1.158949999999997482e-02 -2.499999999933111283e-07 7.039914256547945115e+00
5.728480000000000238e-01 4.245030000000000192e-01 -2.980149999999998078e-02 2.317850000000001853e-02 -2.500000000071889161e-07 -6.622500000000017262e-03 3.667586674572645755e+00
5.529800000000000271e-01 4.377480000000000260e-01 -2.317900000000000515e-02 1.324499999999997901e-02 3.311499999999995003e-03 -6.622250000000010073e-03 5.762326850167444725e+00
5.264900000000000135e-01 4.509929999999999772e-01 -2.317849999999999078e-02 9.933999999999998387e-03 -4.966750000000005882e-03 -4.966749999999978127e-03 1.025541292183889652e+01
5.066230000000000455e-01 4.576160000000000228e-01 -3.311250000000001692e-02 3.311500000000022759e-03 -4.967250000000020260e-03 -4.966999999999999194e-03 4.909359505537503665e+00
4.602649999999999797e-01 4.576160000000000228e-01 -3.311300000000003130e-02 0.000000000000000000e+00 8.278000000000007574e-03 -1.655750000000011379e-03 1.510072175941434613e+00
4.403969999999999829e-01 4.576160000000000228e-01 -1.655650000000000177e-02 0.000000000000000000e+00 9.934000000000026143e-03 -1.655750000000011379e-03 6.040288703765749112e+00
4.271519999999999762e-01 4.576160000000000228e-01 -1.324499999999997901e-02 -3.311500000000022759e-03 1.655750000000011379e-03 -3.311250000000001692e-03 1.938869864739207571e+01
4.139070000000000249e-01 4.509929999999999772e-01 -1.324499999999997901e-02 -6.622500000000003384e-03 3.311249999999987814e-03 -1.655499999999976435e-03 1.350537450040073217e+01
4.006620000000000181e-01 4.443710000000000160e-01 -6.622500000000003384e-03 -6.622499999999975628e-03 9.933749999999991198e-03 1.655500000000004190e-03 6.673437698429935949e+01
4.006620000000000181e-01 4.377480000000000260e-01 6.622500000000003384e-03 -3.311499999999995003e-03 9.933749999999991198e-03 3.311249999999987814e-03 1.350588432109506130e+02
4.139070000000000249e-01 4.377480000000000260e-01 1.324499999999997901e-02 0.000000000000000000e+00 6.622499999999989506e-03 1.655749999999997502e-03 9.438236128621671384e+00
4.271519999999999762e-01 4.377480000000000260e-01 1.986749999999998240e-02 0.000000000000000000e+00 6.622500000000017262e-03 1.655749999999997502e-03 4.194771612720737508e+00
4.536419999999999897e-01 4.377480000000000260e-01 2.649000000000001354e-02 3.311499999999995003e-03 3.311500000000022759e-03 1.655749999999997502e-03 1.728938690820293944e+00
4.801320000000000032e-01 4.443710000000000160e-01 2.649050000000002791e-02 3.311499999999995003e-03 2.499999999794333405e-07 -2.500000000071889161e-07 -3.915739061351339811e-04
5.066230000000000455e-01 4.443710000000000160e-01 2.649049999999997240e-02 3.310999999999980625e-03 8.277749999999972630e-03 1.655500000000004190e-03 8.644271672881423951e-01
5.331129999999999480e-01 4.509929999999999772e-01 4.304599999999997317e-02 6.622500000000003384e-03 8.277750000000028141e-03 1.655750000000011379e-03 1.991747200468579060e-01
5.927149999999999919e-01 4.576160000000000228e-01 4.304600000000002868e-02 6.622500000000003384e-03 -8.277999999999979819e-03 -1.655750000000011379e-03 -1.991546788202451235e-01
6.192050000000000054e-01 4.642379999999999840e-01 2.649000000000001354e-02 3.310999999999980625e-03 -3.311000000000008381e-03 -3.311250000000001692e-03 -4.034102372076450393e+00
6.456950000000000189e-01 4.642379999999999840e-01 3.642400000000001192e-02 0.000000000000000000e+00 3.311499999999995003e-03 -1.655499999999990313e-03 -1.247825655315967008e+00
6.920530000000000292e-01 4.642379999999999840e-01 3.311300000000000354e-02 0.000000000000000000e+00 -8.278250000000014763e-03 0.000000000000000000e+00 0.000000000000000000e+00
7.119210000000000260e-01 4.642379999999999840e-01 1.986749999999998240e-02 0.000000000000000000e+00 -3.311499999999995003e-03 -1.655499999999990313e-03 -4.194138248442790484e+00
7.317879999999999940e-01 4.642379999999999840e-01 2.649000000000001354e-02 -3.310999999999980625e-03 1.655750000000011379e-03 -3.311250000000001692e-03 -4.322159311288714001e+00
7.649010000000000531e-01 4.576160000000000228e-01 2.317900000000000515e-02 -6.622500000000003384e-03 -4.967000000000026949e-03 -3.311500000000008881e-03 -7.827277696087702630e+00
7.781460000000000043e-01 4.509929999999999772e-01 1.655599999999995964e-02 -9.933999999999998387e-03 -4.966999999999999194e-03 -3.311249999999987814e-03 -1.447191315431604508e+01
7.980129999999999724e-01 4.377480000000000260e-01 1.324500000000000677e-02 -1.324499999999997901e-02 -6.622249999999968439e-03 -3.311000000000008381e-03 -2.001900311597533744e+01
8.046360000000000179e-01 4.245030000000000192e-01 3.311500000000022759e-03 -1.655600000000001515e-02 -4.966999999999999194e-03 -1.655500000000018068e-03 -1.822456728687338767e+01
8.046360000000000179e-01 4.046359999999999957e-01 3.311000000000008381e-03 -1.655600000000001515e-02 -2.500000000071889161e-07 3.311000000000008381e-03 2.276885158434278633e+00
8.112580000000000346e-01 3.913909999999999889e-01 3.311000000000008381e-03 -9.933999999999998387e-03 -6.622250000000023951e-03 4.966750000000005882e-03 -4.297423496731826731e+01
8.112580000000000346e-01 3.847679999999999989e-01 -9.933500000000039520e-03 -6.622500000000003384e-03 -8.278000000000007574e-03 3.311499999999995003e-03 -5.154775859201904353e+01
7.913909999999999556e-01 3.781459999999999821e-01 -1.324500000000000677e-02 -3.311000000000008381e-03 -2.499999999794333405e-07 3.311250000000001692e-03 -1.723489416032211352e+01
7.847680000000000211e-01 3.781459999999999821e-01 -9.933999999999998387e-03 0.000000000000000000e+00 0.000000000000000000e+00 3.311000000000008381e-03 -3.355141720740427758e+01
7.715229999999999588e-01 3.781459999999999821e-01 -1.324500000000000677e-02 3.311000000000008381e-03 2.500000000071889161e-07 3.311250000000001692e-03 -1.723489416032215260e+01
7.582780000000000076e-01 3.847679999999999989e-01 -9.933499999999984009e-03 6.622500000000003384e-03 3.311249999999987814e-03 4.966999999999999194e-03 -4.188215860363352050e+01
7.516559999999999908e-01 3.913909999999999889e-01 -6.622500000000031140e-03 1.324500000000000677e-02 3.310999999999980625e-03 4.966750000000005882e-03 -2.363402298939471535e+01
7.450329999999999453e-01 4.112580000000000124e-01 -3.311500000000022759e-03 1.655600000000001515e-02 3.311250000000015570e-03 -1.655500000000004190e-03 -1.025105037334984637e+01
7.450329999999999453e-01 4.245030000000000192e-01 0.000000000000000000e+00 9.933999999999998387e-03 1.655750000000011379e-03 -4.966750000000005882e-03 -1.677824193330107860e+01
7.450329999999999453e-01 4.311260000000000092e-01 0.000000000000000000e+00 6.622500000000003384e-03 1.655750000000011379e-03 -1.655749999999997502e-03 -3.775294451448683475e+01
7.450329999999999453e-01 4.377480000000000260e-01 3.311500000000022759e-03 6.622500000000003384e-03 3.311500000000022759e-03 2.499999999933111283e-07 -5.402312927016285471e+01
7.516559999999999908e-01 4.443710000000000160e-01 6.623000000000045517e-03 6.622999999999990006e-03 3.311500000000022759e-03 4.999999999866222566e-07 -2.668730242550424592e+01
