4.470199999999999729e-01 3.384110000000000174e-01 -6.622999999999990006e-03 -6.622999999999990006e-03 5.000000000143778323e-07 4.999999999866222566e-07 2.237153216537584742e-13
4.403969999999999829e-01 3.317880000000000273e-01 -6.622499999999975628e-03 -6.622500000000003384e-03 2.499999999933111283e-07 -1.655250000000010879e-03 1.334566618518504733e+01
4.337750000000000217e-01 3.251660000000000106e-01 -6.622500000000003384e-03 -9.933500000000011765e-03 -1.387778780781445676e-17 -8.278250000000000886e-03 3.221753157244164356e+01
4.271519999999999762e-01 3.119210000000000038e-01 -6.622500000000003384e-03 -2.317900000000000515e-02 1.387778780781445676e-17 -6.622749999999996695e-03 3.130816529324114139e+00
4.205300000000000149e-01 2.788080000000000003e-01 -6.622499999999975628e-03 -2.317900000000000515e-02 1.655500000000004190e-03 0.000000000000000000e+00 2.739183773552630985e+00
4.139070000000000249e-01 2.655629999999999935e-01 -3.311499999999995003e-03 -2.317900000000000515e-02 3.311249999999987814e-03 -3.311249999999994753e-03 6.833378353624410373e+00
4.139070000000000249e-01 2.324499999999999900e-01 0.000000000000000000e+00 -2.980149999999999466e-02 3.311499999999995003e-03 1.655750000000004440e-03 3.728623319541717329e+00
4.139070000000000249e-01 2.059600000000000042e-01 3.311499999999995003e-03 -1.986749999999999627e-02 6.622499999999989506e-03 8.278249999999993947e-03 1.945707577147811662e+01
4.205300000000000149e-01 1.927149999999999974e-01 1.324499999999997901e-02 -1.324500000000000677e-02 4.966749999999992005e-03 4.966999999999999194e-03 2.002001079237111369e+01
4.403969999999999829e-01 1.794699999999999906e-01 1.324499999999997901e-02 -9.933499999999997887e-03 1.655750000000011379e-03 4.967000000000006132e-03 1.812108504385748731e+01
4.470199999999999729e-01 1.728480000000000016e-01 1.655650000000000177e-02 -3.310999999999994503e-03 3.311250000000015570e-03 8.278000000000000635e-03 3.075135186768419615e+01
4.735099999999999865e-01 1.728480000000000016e-01 1.986750000000001015e-02 6.622500000000003384e-03 -3.311499999999995003e-03 6.622249999999996195e-03 1.671231869842065976e+01
4.867549999999999932e-01 1.860930000000000084e-01 9.933500000000011765e-03 9.933499999999997887e-03 -6.622500000000003384e-03 -6.938893903907228378e-18 2.372861452658721149e+01
4.933770000000000100e-01 1.927149999999999974e-01 6.622500000000003384e-03 6.622499999999989506e-03 -3.311000000000008381e-03 -1.655499999999997252e-03 1.334566618518506331e+01
5.000000000000000000e-01 1.993379999999999874e-01 3.311499999999995003e-03 6.622500000000003384e-03 -1.655499999999990313e-03 -1.655749999999990563e-03 1.350119385123533355e+01
5.000000000000000000e-01 2.059600000000000042e-01 3.311500000000022759e-03 3.311000000000008381e-03 1.655499999999990313e-03 -4.966750000000005882e-03 -2.135467799593757263e+02
5.066230000000000455e-01 2.059600000000000042e-01 6.622499999999975628e-03 -3.311000000000008381e-03 -2.500000000349444917e-07 -4.966750000000005882e-03 -8.103897684741440344e+01
5.132449999999999513e-01 1.993379999999999874e-01 3.310999999999952870e-03 -6.622500000000003384e-03 2.775557561562891351e-17 -1.655749999999990563e-03 -1.350649608990780415e+01
5.132449999999999513e-01 1.927149999999999974e-01 6.622500000000031140e-03 -6.622499999999989506e-03 3.311500000000022759e-03 1.655750000000004440e-03 4.004304461392948866e+01
5.264900000000000135e-01 1.860930000000000084e-01 9.933999999999998387e-03 -3.310999999999994503e-03 4.966999999999971438e-03 3.311249999999994753e-03 4.297351401988228048e+01
5.331129999999999480e-01 1.860930000000000084e-01 1.655649999999997402e-02 0.000000000000000000e+00 6.622250000000023951e-03 1.655499999999997252e-03 6.039376686748691547e+00
5.596029999999999616e-01 1.860930000000000084e-01 2.317850000000004629e-02 0.000000000000000000e+00 -2.499999999794333405e-07 3.311249999999994753e-03 6.163413667577268384e+00
5.794700000000000406e-01 1.860930000000000084e-01 1.655600000000001515e-02 6.622499999999989506e-03 -8.278000000000035330e-03 4.966749999999998944e-03 2.417268480098535477e+01
5.927149999999999919e-01 1.993379999999999874e-01 6.622499999999975628e-03 9.933499999999997887e-03 -8.278000000000007574e-03 4.966750000000005882e-03 6.765336232245313397e+01
5.927149999999999919e-01 2.059600000000000042e-01 0.000000000000000000e+00 1.655600000000000127e-02 -3.311249999999987814e-03 6.622749999999996695e-03 1.208039502616285077e+01
5.927149999999999919e-01 2.324499999999999900e-01 0.000000000000000000e+00 2.317899999999999128e-02 -1.655500000000004190e-03 2.500000000002500222e-07 3.081341223276766517e+00
5.927149999999999919e-01 2.523179999999999867e-01 -3.311000000000008381e-03 1.655650000000000177e-02 -4.966749999999992005e-03 -1.655749999999990563e-03 1.822295325345626082e+01
5.860929999999999751e-01 2.655629999999999935e-01 -9.933499999999984009e-03 1.986750000000001015e-02 -6.622749999999982817e-03 1.655500000000004190e-03 1.050533960629948460e+01
5.728480000000000238e-01 2.920530000000000070e-01 -1.655649999999997402e-02 1.986750000000001015e-02 -3.311500000000022759e-03 -4.966750000000005882e-03 8.557583110206461896e+00
5.529800000000000271e-01 3.052980000000000138e-01 -1.655650000000002953e-02 9.933999999999998387e-03 2.499999999794333405e-07 -4.966750000000005882e-03 1.142379188944283896e+01
5.397349999999999648e-01 3.119210000000000038e-01 -1.655600000000001515e-02 9.933999999999998387e-03 2.500000000349444917e-07 1.655500000000004190e-03 -3.808337677710544433e+00
5.198679999999999968e-01 3.251660000000000106e-01 -1.655599999999995964e-02 1.324500000000000677e-02 1.655250000000010879e-03 -1.655749999999997502e-03 5.758886961010591943e-01
5.066230000000000455e-01 3.384110000000000174e-01 -1.324549999999999339e-02 6.622500000000003384e-03 3.310999999999966747e-03 -4.967000000000013071e-03 1.350644510892583661e+01
4.933770000000000100e-01 3.384110000000000174e-01 -9.934000000000026143e-03 3.310999999999980625e-03 1.655999999999990813e-03 -1.655750000000011379e-03 9.550390898987718202e+00
4.867549999999999932e-01 3.450329999999999786e-01 -9.933500000000011765e-03 3.310999999999980625e-03 1.387778780781445676e-17 -1.655499999999990313e-03 1.432500937659701101e+01
4.735099999999999865e-01 3.450329999999999786e-01 -9.933999999999998387e-03 0.000000000000000000e+00 4.966750000000005882e-03 -1.655499999999990313e-03 1.677570860370199668e+01
4.668869999999999965e-01 3.450329999999999786e-01 0.000000000000000000e+00 0.000000000000000000e+00 8.278250000000000886e-03 0.000000000000000000e+00 0.000000000000000000e+00
4.735099999999999865e-01 3.450329999999999786e-01 6.622500000000003384e-03 0.000000000000000000e+00 3.311250000000001692e-03 0.000000000000000000e+00 0.000000000000000000e+00
4.801320000000000032e-01 3.450329999999999786e-01 6.622500000000003384e-03 0.000000000000000000e+00 6.622749999999996695e-03 0.000000000000000000e+00 0.000000000000000000e+00
4.867549999999999932e-01 3.450329999999999786e-01 1.986799999999999677e-02 0.000000000000000000e+00 1.490074999999999039e-02 1.655750000000011379e-03 4.194560483325269651e+00
5.198679999999999968e-01 3.450329999999999786e-01 3.642399999999998417e-02 3.311500000000022759e-03 9.933500000000011765e-03 3.311250000000001692e-03 1.792852230185976392e+00
5.596029999999999616e-01 3.516560000000000241e-01 3.973500000000002030e-02 6.622500000000003384e-03 -3.311499999999981125e-03 -2.500000000210667039e-07 3.353369992398767541e-01
5.993380000000000374e-01 3.582779999999999854e-01 2.980100000000002192e-02 3.310999999999980625e-03 -3.311250000000015570e-03 -3.311250000000001692e-03 -3.253787850771345802e+00
6.192050000000000054e-01 3.582779999999999854e-01 3.311249999999998916e-02 0.000000000000000000e+00 3.311499999999995003e-03 -1.655499999999990313e-03 -1.509889769439402674e+00
6.655630000000000157e-01 3.582779999999999854e-01 3.642400000000001192e-02 0.000000000000000000e+00 -3.311249999999987814e-03 0.000000000000000000e+00 0.000000000000000000e+00
6.920530000000000292e-01 3.582779999999999854e-01 2.649000000000001354e-02 0.000000000000000000e+00 -8.278250000000014763e-03 -1.655499999999990313e-03 -2.359202764749062542e+00
7.185430000000000428e-01 3.582779999999999854e-01 1.986749999999998240e-02 -3.310999999999980625e-03 -9.933750000000018954e-03 -3.311250000000001692e-03 -1.207646092888937162e+01
7.317879999999999940e-01 3.516560000000000241e-01 6.622499999999975628e-03 -6.622500000000003384e-03 -1.158924999999999539e-02 -6.622750000000010573e-03 -1.468144201537844822e+02
7.317879999999999940e-01 3.450329999999999786e-01 -3.311000000000008381e-03 -1.655650000000000177e-02 -6.622499999999975628e-03 -4.966749999999992005e-03 -1.936275849379686065e+01
7.251659999999999773e-01 3.185430000000000206e-01 -6.622499999999975628e-03 -1.655599999999998739e-02 -3.311499999999995003e-03 3.311250000000001692e-03 -1.353769632741780171e+01
7.185430000000000428e-01 3.119210000000000038e-01 -9.933999999999998387e-03 -9.933999999999998387e-03 -3.311250000000015570e-03 4.966499999999998693e-03 -2.965643894948737369e+01
7.052979999999999805e-01 2.986750000000000238e-01 -1.324500000000000677e-02 -6.622999999999990006e-03 0.000000000000000000e+00 8.278499999999994197e-03 -3.376471080273773850e+01
6.920530000000000292e-01 2.986750000000000238e-01 -9.933999999999998387e-03 6.622999999999990006e-03 4.966749999999992005e-03 1.158974999999999589e-02 -8.697573147425052298e+01
6.854299999999999837e-01 3.119210000000000038e-01 -3.311500000000022759e-03 1.655650000000000177e-02 6.622750000000010573e-03 4.966499999999998693e-03 -2.619648998985267596e+01
6.854299999999999837e-01 3.317880000000000273e-01 3.311500000000022759e-03 1.655599999999998739e-02 4.967000000000026949e-03 -1.655750000000011379e-03 -1.822473929301974493e+01
6.920530000000000292e-01 3.450329999999999786e-01 6.622500000000031140e-03 1.324499999999997901e-02 1.655249999999997002e-03 -1.655499999999990313e-03 -1.012762879217642542e+01
6.986750000000000460e-01 3.582779999999999854e-01 6.622000000000016762e-03 1.324500000000000677e-02 -5.000000000143778323e-07 2.775557561562891351e-17 2.039486020032076768e-03
