5.397349999999999648e-01 4.576160000000000228e-01 -1.324499999999995126e-02 0.000000000000000000e+00 -9.934000000000026143e-03 -3.311500000000022759e-03 1.887647225724357725e+01
5.264900000000000135e-01 4.576160000000000228e-01 -2.317899999999997740e-02 -3.311500000000022759e-03 -6.622500000000031140e-03 -6.622500000000003384e-03 1.024987406358003561e+01
4.933770000000000100e-01 4.509929999999999772e-01 -2.649000000000001354e-02 -1.324500000000000677e-02 1.655749999999983624e-03 -1.655599999999998739e-02 1.772628201465926523e+01
4.735099999999999865e-01 4.311260000000000092e-01 -1.986750000000001015e-02 -3.642349999999999755e-02 8.278000000000007574e-03 -1.324499999999999289e-02 7.906196019434204025e+00
4.536419999999999897e-01 3.781459999999999821e-01 -9.933999999999998387e-03 -3.973499999999999255e-02 9.933750000000005076e-03 6.622250000000010073e-03 4.787307249879145132e+00
4.536419999999999897e-01 3.516560000000000241e-01 0.000000000000000000e+00 -2.317899999999997740e-02 1.158950000000000258e-02 6.622249999999996195e-03 2.157124983821567454e+01
4.536419999999999897e-01 3.317880000000000273e-01 1.324500000000000677e-02 -2.649050000000000016e-02 1.490074999999999039e-02 1.655749999999983624e-03 1.603798911443537278e+01
4.801320000000000032e-01 2.986750000000000238e-01 2.980149999999998078e-02 -1.986750000000001015e-02 4.966999999999999194e-03 1.324525000000000008e-02 1.073855489121810969e+01
5.132449999999999513e-01 2.920530000000000070e-01 2.317900000000000515e-02 0.000000000000000000e+00 -9.933749999999991198e-03 1.655625000000000846e-02 3.081573882686547705e+01
5.264900000000000135e-01 2.986750000000000238e-01 9.933999999999998387e-03 1.324500000000000677e-02 -9.933750000000018954e-03 8.278250000000000886e-03 4.711156690532514801e+01
5.331129999999999480e-01 3.185430000000000206e-01 3.311499999999967248e-03 1.655650000000000177e-02 -6.622749999999982817e-03 -4.966750000000005882e-03 1.936276512918295367e+01
5.331129999999999480e-01 3.317880000000000273e-01 -3.311499999999967248e-03 3.311499999999995003e-03 -3.311499999999967248e-03 -1.324500000000000677e-02 5.337944096742538704e+02
5.264900000000000135e-01 3.251660000000000106e-01 -3.311499999999967248e-03 -9.933500000000011765e-03 1.655749999999983624e-03 -9.933999999999998387e-03 4.298101299678745590e+01
5.264900000000000135e-01 3.119210000000000038e-01 0.000000000000000000e+00 -1.655650000000000177e-02 4.966999999999971438e-03 -8.278499999999994197e-03 1.811995409427998993e+01
5.264900000000000135e-01 2.920530000000000070e-01 6.622499999999975628e-03 -2.649050000000000016e-02 6.622500000000003384e-03 -1.655500000000004190e-03 8.078369303748702990e+00
5.397349999999999648e-01 2.589400000000000035e-01 1.324500000000000677e-02 -1.986750000000001015e-02 9.933750000000018954e-03 9.933999999999998387e-03 2.416176410058212909e+01
5.529800000000000271e-01 2.523179999999999867e-01 2.649000000000001354e-02 -6.622500000000003384e-03 9.933749999999991198e-03 1.490050000000001096e-02 2.261990763569849250e+01
5.927149999999999919e-01 2.456949999999999967e-01 3.311249999999998916e-02 9.933500000000011765e-03 -3.311250000000015570e-03 1.821200000000000596e-02 1.539221935985703027e+01
6.192050000000000054e-01 2.721850000000000103e-01 1.986749999999998240e-02 2.980150000000000854e-02 -1.655624999999999458e-02 1.655649999999998789e-02 1.789730922506393540e+01
6.324499999999999567e-01 3.052980000000000138e-01 0.000000000000000000e+00 4.304649999999998755e-02 -2.483424999999997440e-02 8.277999999999993697e-03 1.340217723870452815e+01
6.192050000000000054e-01 3.582779999999999854e-01 -2.980099999999996641e-02 4.635749999999999593e-02 -1.986750000000001015e-02 -8.278249999999987008e-03 6.976567406737417265e+00
5.728480000000000238e-01 3.980130000000000057e-01 -3.973500000000002030e-02 2.649000000000001354e-02 -6.622750000000024451e-03 -1.655624999999999458e-02 7.651209083412011225e+00
5.397349999999999648e-01 4.112580000000000124e-01 -4.304650000000001531e-02 1.324500000000000677e-02 -1.655749999999983624e-03 -6.622500000000003384e-03 3.360518102971957077e+00
4.867549999999999932e-01 4.245030000000000192e-01 -4.304649999999998755e-02 1.324500000000000677e-02 9.933750000000005076e-03 -3.311250000000001692e-03 1.200262705249528494e-01
4.536419999999999897e-01 4.377480000000000260e-01 -2.317900000000000515e-02 6.622500000000003384e-03 1.490074999999999039e-02 -6.622500000000003384e-03 3.913432023536630222e+00
4.403969999999999829e-01 4.377480000000000260e-01 -1.324500000000000677e-02 0.000000000000000000e+00 8.278250000000000886e-03 -1.655500000000004190e-03 9.436811058996328327e+00
4.271519999999999762e-01 4.377480000000000260e-01 -6.622500000000003384e-03 3.311499999999995003e-03 1.490075000000000427e-02 3.311249999999987814e-03 -1.755787394825951822e+02
4.271519999999999762e-01 4.443710000000000160e-01 1.655650000000000177e-02 6.622499999999975628e-03 2.483449999999999547e-02 4.966749999999992005e-03 -1.450320812411425919e+01
4.602649999999999797e-01 4.509929999999999772e-01 4.304649999999998755e-02 1.324499999999997901e-02 1.490050000000001096e-02 1.655750000000011379e-03 -1.380116353594964984e+00
5.132449999999999513e-01 4.708609999999999740e-01 4.635750000000002369e-02 9.933999999999998387e-03 6.622500000000031140e-03 -4.966999999999985316e-03 -2.778116739777112265e+00
5.529800000000000271e-01 4.708609999999999740e-01 5.629150000000004983e-02 3.311000000000008381e-03 1.158949999999998870e-02 -3.311499999999995003e-03 -1.253670646181169079e+00
6.258280000000000509e-01 4.774829999999999908e-01 6.953650000000000109e-02 3.311000000000008381e-03 -4.967000000000026949e-03 -3.311000000000008381e-03 -6.336841364360940032e-01
6.920530000000000292e-01 4.774829999999999908e-01 4.635749999999999593e-02 -3.311000000000008381e-03 -1.655624999999999458e-02 -8.278000000000007574e-03 -4.368771628764619663e+00
7.185430000000000428e-01 4.708609999999999740e-01 3.642400000000001192e-02 -1.324500000000000677e-02 -8.278000000000007574e-03 -9.933999999999984509e-03 -8.098356403422865668e+00
7.649010000000000531e-01 4.509929999999999772e-01 2.980149999999998078e-02 -2.317899999999997740e-02 -1.490075000000001815e-02 -3.311249999999987814e-03 -8.251695684082399396e+00
7.781460000000000043e-01 4.245030000000000192e-01 6.622499999999975628e-03 -1.986749999999998240e-02 -1.986774999999998959e-02 3.311499999999981125e-03 -4.058829575536658041e+01
7.781460000000000043e-01 4.112580000000000124e-01 -9.933999999999998387e-03 -1.655600000000001515e-02 -1.158950000000000258e-02 6.622499999999989506e-03 -3.579848905578542428e+01
7.582780000000000076e-01 3.913909999999999889e-01 -1.655650000000002953e-02 -6.622500000000003384e-03 -3.311000000000008381e-03 1.490050000000001096e-02 -4.737619267219430697e+01
7.450329999999999453e-01 3.980130000000000057e-01 -1.655600000000001515e-02 1.324500000000000677e-02 2.500000000349444917e-07 1.655624999999999458e-02 -2.875960631829475034e+01
7.251659999999999773e-01 4.178810000000000024e-01 -1.655599999999995964e-02 2.648999999999998578e-02 4.966750000000019760e-03 4.966749999999992005e-03 -7.013740673158594063e+00
7.119210000000000260e-01 4.509929999999999772e-01 -6.622499999999975628e-03 2.317849999999999078e-02 9.933499999999984009e-03 -4.966749999999992005e-03 -1.408845362072811724e+01
7.119210000000000260e-01 4.642379999999999840e-01 3.311000000000008381e-03 1.655650000000000177e-02 6.622249999999996195e-03 -1.655249999999997002e-03 -2.391699198811509675e+01
7.185430000000000428e-01 4.841059999999999808e-01 6.622000000000016762e-03 1.986799999999999677e-02 3.311000000000008381e-03 3.311499999999995003e-03 -4.774474393186508792e+00
