3.874170000000000114e-01 1.728480000000000016e-01 -1.324500000000000677e-02 -1.324500000000000677e-02 -3.311000000000008381e-03 -3.311499999999995003e-03 1.007676395713389458e-03
3.741720000000000046e-01 1.596029999999999949e-01 -1.655600000000001515e-02 -1.655650000000000177e-02 -1.655500000000004190e-03 -3.311249999999994753e-03 2.135532310846398385e+00
3.543049999999999811e-01 1.397349999999999981e-01 -1.655600000000001515e-02 -1.986749999999999627e-02 1.655500000000018068e-03 -3.311249999999998223e-03 5.071015419783146072e+00
3.410599999999999743e-01 1.198680000000000023e-01 -1.324499999999997901e-02 -2.317899999999999822e-02 3.311000000000008381e-03 -3.311500000000001942e-03 6.338903253712788732e+00
3.278150000000000230e-01 9.337700000000000167e-02 -9.933999999999998387e-03 -2.649050000000000016e-02 3.311249999999987814e-03 1.655749999999999236e-03 3.147106881509382337e+00
3.211919999999999775e-01 6.688700000000000201e-02 -6.622500000000003384e-03 -1.986749999999999974e-02 6.622750000000010573e-03 4.967249999999999444e-03 1.074413559803553930e+01
3.145700000000000163e-01 5.364200000000000218e-02 3.311500000000022759e-03 -1.655600000000000127e-02 9.933749999999991198e-03 6.622499999999999915e-03 3.872666803357303422e+01
3.278150000000000230e-01 3.377499999999999947e-02 1.324499999999997901e-02 -6.622499999999999915e-03 3.310999999999980625e-03 1.158925000000000059e-02 5.402251769842092699e+01
3.410599999999999743e-01 4.039700000000000235e-02 9.933499999999984009e-03 6.622499999999999915e-03 -1.655749999999983624e-03 8.278249999999999151e-03 5.476897664117140607e+01
3.476819999999999911e-01 4.701999999999999930e-02 9.933500000000011765e-03 9.933999999999998387e-03 1.655750000000011379e-03 6.622499999999999915e-03 1.779437083746202930e+01
3.609269999999999978e-01 6.026499999999999913e-02 1.324500000000000677e-02 1.986749999999999974e-02 2.499999999933111283e-07 3.311000000000001442e-03 3.220928050070817950e+00
3.741720000000000046e-01 8.675499999999999878e-02 9.933999999999998387e-03 1.655600000000000127e-02 -3.311250000000001692e-03 -6.622499999999998180e-03 -1.523680102129138625e+00
3.807949999999999946e-01 9.337700000000000167e-02 6.622500000000003384e-03 6.622500000000003384e-03 -3.311499999999995003e-03 -4.966500000000002163e-03 -1.334163547960208085e+01
3.874170000000000114e-01 1.000000000000000056e-01 3.311000000000008381e-03 6.622999999999996945e-03 -1.655500000000004190e-03 -1.655500000000004190e-03 1.350608787249118770e+01
3.874170000000000114e-01 1.066229999999999956e-01 3.311499999999995003e-03 3.311499999999995003e-03 1.655749999999997502e-03 -3.311499999999998473e-03 -1.601479951351084878e+02
3.940400000000000014e-01 1.066229999999999956e-01 6.622500000000003384e-03 0.000000000000000000e+00 1.655500000000004190e-03 -4.967249999999995974e-03 -1.132588335434596445e+02
4.006620000000000181e-01 1.066229999999999956e-01 6.622500000000003384e-03 -6.622999999999996945e-03 0.000000000000000000e+00 -4.966999999999999194e-03 -4.003649486000776392e+01
4.072850000000000081e-01 9.337700000000000167e-02 6.622500000000003384e-03 -9.933999999999998387e-03 3.311250000000001692e-03 -3.311000000000001442e-03 6.444194751457537507e+00
4.139070000000000249e-01 8.675499999999999878e-02 1.324500000000000677e-02 -1.324499999999999983e-02 4.966999999999985316e-03 -1.655500000000000721e-03 6.673840768988200445e+00
4.337750000000000217e-01 6.688700000000000201e-02 1.655649999999997402e-02 -1.324499999999999983e-02 -1.387778780781445676e-17 4.966999999999999194e-03 8.627778726552783439e+00
4.470199999999999729e-01 6.026499999999999913e-02 1.324499999999997901e-02 -3.311000000000001442e-03 -1.655749999999983624e-03 6.622499999999999915e-03 3.231481666524606311e+01
4.602649999999999797e-01 6.026499999999999913e-02 1.324500000000000677e-02 0.000000000000000000e+00 1.387778780781445676e-17 8.278000000000000635e-03 4.718690543423220163e+01
4.735099999999999865e-01 6.026499999999999913e-02 1.324500000000000677e-02 1.324499999999999983e-02 -1.655749999999997502e-03 9.933750000000001606e-03 2.335693117686522058e+01
4.867549999999999932e-01 8.675499999999999878e-02 9.933500000000011765e-03 1.986750000000000321e-02 -9.933750000000005076e-03 4.967000000000002663e-03 2.251014714410370843e+01
4.933770000000000100e-01 1.000000000000000056e-01 -6.622500000000003384e-03 2.317900000000000515e-02 -1.324475000000001346e-02 3.311249999999998223e-03 2.034936196288123256e+01
4.735099999999999865e-01 1.331130000000000091e-01 -1.655600000000001515e-02 2.648999999999999966e-02 -6.622499999999989506e-03 -4.967000000000006132e-03 8.452745681284325130e+00
4.602649999999999797e-01 1.529800000000000049e-01 -1.986749999999998240e-02 1.324499999999999289e-02 -4.966999999999985316e-03 -9.933749999999998137e-03 1.932933831249025758e+01
4.337750000000000217e-01 1.596029999999999949e-01 -2.648999999999998578e-02 6.622500000000003384e-03 -3.311250000000015570e-03 -3.311249999999994753e-03 5.385731020281419035e+00
4.072850000000000081e-01 1.662250000000000116e-01 -2.649000000000001354e-02 6.622500000000003384e-03 -8.278250000000014763e-03 -1.655500000000004190e-03 4.847035931140701415e+00
3.807949999999999946e-01 1.728480000000000016e-01 -4.304650000000001531e-02 3.311499999999995003e-03 -6.622499999999989506e-03 -3.311250000000001692e-03 2.043733965194247659e+00
3.211919999999999775e-01 1.728480000000000016e-01 -3.973499999999999255e-02 0.000000000000000000e+00 1.324500000000000677e-02 -1.655749999999997502e-03 1.048692903180182601e+00
3.013250000000000095e-01 1.728480000000000016e-01 -1.655650000000000177e-02 0.000000000000000000e+00 1.490049999999999708e-02 0.000000000000000000e+00 -0.000000000000000000e+00
2.880789999999999740e-01 1.728480000000000016e-01 -9.933999999999998387e-03 0.000000000000000000e+00 9.934000000000012265e-03 0.000000000000000000e+00 -0.000000000000000000e+00
2.814570000000000127e-01 1.728480000000000016e-01 3.311500000000022759e-03 0.000000000000000000e+00 2.152324999999999378e-02 1.655499999999997252e-03 1.509661801331994582e+02
2.947020000000000195e-01 1.728480000000000016e-01 3.311249999999998916e-02 3.310999999999994503e-03 1.986749999999998240e-02 3.311250000000001692e-03 1.190244311227037999e+00
3.476819999999999911e-01 1.794699999999999906e-01 4.304649999999998755e-02 6.622500000000003384e-03 1.655750000000011379e-03 1.655750000000004440e-03 7.300119016166504160e-01
3.807949999999999946e-01 1.860930000000000084e-01 3.642400000000001192e-02 6.622500000000003384e-03 -1.655749999999997502e-03 -6.938893903907228378e-18 2.161061572622424987e-01
4.205300000000000149e-01 1.927149999999999974e-01 3.973499999999999255e-02 6.622499999999989506e-03 1.158924999999998151e-02 0.000000000000000000e+00 -1.174110065994231844e+00
4.602649999999999797e-01 1.993379999999999874e-01 5.960249999999997494e-02 6.622500000000003384e-03 8.278250000000014763e-03 -1.655749999999990563e-03 -7.117848157420079147e-01
5.397349999999999648e-01 2.059600000000000042e-01 5.629150000000002207e-02 3.311000000000008381e-03 -1.324499999999996513e-02 -3.311250000000001692e-03 -7.949898210594309456e-01
5.728480000000000238e-01 2.059600000000000042e-01 3.311250000000004468e-02 0.000000000000000000e+00 -1.324525000000002783e-02 -1.655500000000004190e-03 -1.509889769439410223e+00
6.059600000000000541e-01 2.059600000000000042e-01 2.980099999999996641e-02 0.000000000000000000e+00 -1.655500000000031946e-03 -3.311250000000001692e-03 -3.728466938023102806e+00
6.324499999999999567e-01 2.059600000000000042e-01 2.980149999999998078e-02 -6.622500000000003384e-03 -4.966749999999964249e-03 -6.622500000000003384e-03 -8.092637383221529035e+00
6.655630000000000157e-01 1.927149999999999974e-01 1.986750000000003791e-02 -1.324500000000000677e-02 -1.158950000000000258e-02 -4.966749999999998944e-03 -1.852377186341828619e+01
6.721850000000000325e-01 1.794699999999999906e-01 6.622499999999975628e-03 -1.655600000000000127e-02 -8.278000000000035330e-03 -1.655499999999997252e-03 -2.610641197994900153e+01
6.788079999999999670e-01 1.596029999999999949e-01 3.311499999999967248e-03 -1.655600000000000127e-02 -8.278249999999987008e-03 1.655500000000004190e-03 -2.733659296004735140e+01
6.788079999999999670e-01 1.463579999999999881e-01 -9.933999999999998387e-03 -1.324499999999999289e-02 -9.933999999999970631e-03 3.311000000000001442e-03 -3.623947039615415378e+01
6.589399999999999702e-01 1.331130000000000091e-01 -1.655649999999997402e-02 -9.933999999999998387e-03 -1.655500000000004190e-03 4.966749999999992005e-03 -1.370887228666350843e+01
6.456950000000000189e-01 1.264899999999999913e-01 -1.324500000000000677e-02 -3.311500000000008881e-03 2.499999999794333405e-07 6.622750000000003634e-03 -3.446919513130155366e+01
6.324499999999999567e-01 1.264899999999999913e-01 -1.655600000000001515e-02 3.311500000000008881e-03 2.775557561562891351e-17 4.967000000000006132e-03 -1.708554258669754233e+01
6.125829999999999886e-01 1.331130000000000091e-01 -1.324499999999995126e-02 6.622500000000003384e-03 6.622250000000023951e-03 3.310999999999994503e-03 -2.701023915239305140e+01
6.059600000000000541e-01 1.397349999999999981e-01 -3.311499999999967248e-03 9.933499999999997887e-03 1.324499999999995126e-02 8.278250000000000886e-03 -1.384820368904487111e+02
6.059600000000000541e-01 1.529800000000000049e-01 1.324499999999995126e-02 2.317900000000000515e-02 1.490074999999993488e-02 1.158975000000000283e-02 -1.008484427341845446e+01
6.324499999999999567e-01 1.860930000000000084e-01 2.648999999999990251e-02 3.311300000000000354e-02 1.324499999999995126e-02 9.933999999999998387e-03 -2.300648353201169449e+00
