5.000000000000000000e-01 3.913909999999999889e-01 -6.622999999999990006e-03 0.000000000000000000e+00 -3.311000000000008381e-03 0.000000000000000000e+00 0.000000000000000000e+00
4.933770000000000100e-01 3.913909999999999889e-01 -9.933999999999998387e-03 0.000000000000000000e+00 -3.311000000000008381e-03 0.000000000000000000e+00 0.000000000000000000e+00
4.801320000000000032e-01 3.913909999999999889e-01 -1.324500000000000677e-02 0.000000000000000000e+00 -1.655500000000004190e-03 0.000000000000000000e+00 0.000000000000000000e+00
4.668869999999999965e-01 3.913909999999999889e-01 -1.324500000000000677e-02 0.000000000000000000e+00 -1.655499999999990313e-03 -1.655749999999997502e-03 9.438236128621628751e+00
4.536419999999999897e-01 3.913909999999999889e-01 -1.655599999999998739e-02 -3.311499999999995003e-03 -1.655499999999990313e-03 -6.622500000000003384e-03 2.164112544687559136e+01
4.337750000000000217e-01 3.847679999999999989e-01 -1.655599999999998739e-02 -1.324500000000000677e-02 1.655499999999990313e-03 -1.158924999999999539e-02 2.243186584212711310e+01
4.205300000000000149e-01 3.649009999999999754e-01 -1.324500000000000677e-02 -2.648999999999998578e-02 3.310999999999994503e-03 -8.278249999999987008e-03 7.596868753052100409e+00
4.072850000000000081e-01 3.317880000000000273e-01 -9.933999999999998387e-03 -2.980149999999998078e-02 3.311250000000001692e-03 1.655499999999990313e-03 2.652779520636900479e+00
4.006620000000000181e-01 3.052980000000000138e-01 -6.622500000000003384e-03 -2.317900000000000515e-02 3.311499999999995003e-03 3.311249999999987814e-03 3.913845672551048871e+00
3.940400000000000014e-01 2.854300000000000170e-01 -3.311000000000008381e-03 -2.317900000000000515e-02 3.311250000000001692e-03 1.655749999999997502e-03 5.552129910290688031e+00
3.940400000000000014e-01 2.589400000000000035e-01 0.000000000000000000e+00 -1.986750000000001015e-02 3.311000000000008381e-03 3.311500000000001942e-03 8.388276496885625377e+00
3.940400000000000014e-01 2.456949999999999967e-01 3.311000000000008381e-03 -1.655600000000000127e-02 4.966750000000005882e-03 3.311250000000008631e-03 1.936289742300840899e+01
4.006620000000000181e-01 2.258280000000000010e-01 9.933500000000011765e-03 -1.324499999999999289e-02 3.311499999999995003e-03 4.966749999999998944e-03 2.053679193777419698e+01
4.139070000000000249e-01 2.192050000000000110e-01 9.933999999999998387e-03 -6.622500000000003384e-03 2.499999999933111283e-07 4.966999999999992255e-03 2.899474176409823656e+01
4.205300000000000149e-01 2.125829999999999942e-01 9.933999999999998387e-03 -3.311000000000008381e-03 1.655499999999990313e-03 3.311250000000001692e-03 3.342384428607365265e+01
4.337750000000000217e-01 2.125829999999999942e-01 1.324499999999997901e-02 0.000000000000000000e+00 1.655499999999990313e-03 3.311000000000008381e-03 1.887362211799274192e+01
4.470199999999999729e-01 2.125829999999999942e-01 1.324499999999997901e-02 3.311000000000008381e-03 -1.655749999999983624e-03 4.966749999999998944e-03 2.800552381368832400e+01
4.602649999999999797e-01 2.192050000000000110e-01 9.933500000000011765e-03 9.933499999999997887e-03 -3.311249999999987814e-03 3.311499999999995003e-03 2.372951028402495055e+01
4.668869999999999965e-01 2.324499999999999900e-01 6.622500000000003384e-03 9.933999999999998387e-03 -1.655500000000004190e-03 -1.655499999999997252e-03 3.221367715750227845e+00
4.735099999999999865e-01 2.390730000000000077e-01 6.622500000000003384e-03 6.622500000000003384e-03 -1.655749999999997502e-03 -1.655750000000004440e-03 -5.567794131832555183e-14
4.801320000000000032e-01 2.456949999999999967e-01 3.311000000000008381e-03 6.622499999999989506e-03 -1.655500000000004190e-03 -1.655500000000004190e-03 1.350649608990841877e+01
4.801320000000000032e-01 2.523179999999999867e-01 3.311499999999995003e-03 3.311499999999995003e-03 2.499999999933111283e-07 -4.966999999999992255e-03 -1.601479951351081468e+02
4.867549999999999932e-01 2.523179999999999867e-01 3.311499999999995003e-03 -3.311499999999995003e-03 -1.655749999999997502e-03 -4.966999999999992255e-03 -2.135225999861168589e+02
4.867549999999999932e-01 2.456949999999999967e-01 0.000000000000000000e+00 -6.622499999999989506e-03 -1.655749999999997502e-03 -1.655500000000004190e-03 -3.775294451448668553e+01
4.867549999999999932e-01 2.390730000000000077e-01 0.000000000000000000e+00 -6.622500000000003384e-03 1.655500000000004190e-03 -1.655750000000004440e-03 3.774724423598531331e+01
4.867549999999999932e-01 2.324499999999999900e-01 3.311000000000008381e-03 -9.933999999999998387e-03 3.311250000000001692e-03 -1.655499999999997252e-03 2.387561644713641584e+01
4.933770000000000100e-01 2.192050000000000110e-01 6.622500000000003384e-03 -9.933499999999997887e-03 1.656000000000004690e-03 1.655749999999997502e-03 1.611095488481408822e+01
5.000000000000000000e-01 2.125829999999999942e-01 6.623000000000017762e-03 -6.622500000000003384e-03 -1.387778780781445676e-17 1.655499999999997252e-03 1.334516235650375648e+01
5.066230000000000455e-01 2.059600000000000042e-01 6.622499999999975628e-03 -6.622500000000003384e-03 1.655249999999983124e-03 1.655749999999997502e-03 2.669133237036992767e+01
5.132449999999999513e-01 1.993379999999999874e-01 9.933499999999984009e-03 -3.311000000000008381e-03 3.311250000000015570e-03 4.966750000000005882e-03 5.252743797447904228e+01
5.264900000000000135e-01 1.993379999999999874e-01 1.324500000000000677e-02 3.311000000000008381e-03 1.655750000000011379e-03 4.966750000000005882e-03 2.369688161785327551e+01
5.397349999999999648e-01 2.059600000000000042e-01 1.324500000000000677e-02 6.622500000000003384e-03 0.000000000000000000e+00 4.966999999999992255e-03 2.025933637162313872e+01
5.529800000000000271e-01 2.125829999999999942e-01 1.324500000000000677e-02 1.324499999999999289e-02 0.000000000000000000e+00 1.324499999999999983e-02 2.669334772316148729e+01
5.662249999999999783e-01 2.324499999999999900e-01 1.324500000000000677e-02 3.311250000000000304e-02 -3.311249999999987814e-03 1.158950000000000952e-02 5.801429500156734420e+00
5.794700000000000406e-01 2.788080000000000003e-01 6.622500000000031140e-03 3.642400000000001192e-02 -6.622500000000003384e-03 -4.966749999999998944e-03 4.105755950800446641e+00
5.794700000000000406e-01 3.052980000000000138e-01 0.000000000000000000e+00 2.317900000000000515e-02 -3.311250000000015570e-03 -8.278250000000014763e-03 6.163147765373121700e+00
5.794700000000000406e-01 3.251660000000000106e-01 0.000000000000000000e+00 1.986749999999998240e-02 -3.311250000000015570e-03 -1.655750000000011379e-03 8.388909861163597270e+00
5.794700000000000406e-01 3.450329999999999786e-01 -6.622500000000031140e-03 1.986749999999998240e-02 -6.622500000000003384e-03 1.387778780781445676e-17 1.432515361344679228e+01
5.662249999999999783e-01 3.649009999999999754e-01 -1.324500000000000677e-02 1.986750000000001015e-02 -4.966749999999992005e-03 -1.655749999999983624e-03 8.859163513819408919e+00
5.529800000000000271e-01 3.847679999999999989e-01 -1.655600000000001515e-02 1.655600000000001515e-02 -8.278250000000000886e-03 -3.311250000000001692e-03 1.494888740731355448e+01
5.331129999999999480e-01 3.980130000000000057e-01 -2.980150000000000854e-02 1.324500000000000677e-02 -6.622749999999982817e-03 -3.311000000000008381e-03 5.373812465639053570e+00
4.933770000000000100e-01 4.112580000000000124e-01 -2.980149999999998078e-02 9.933999999999998387e-03 4.966999999999999194e-03 -3.311250000000001692e-03 1.591582257405104395e+00
4.735099999999999865e-01 4.178810000000000024e-01 -1.986750000000001015e-02 6.622500000000003384e-03 6.622499999999989506e-03 -3.311499999999995003e-03 2.388066378141973090e+00
4.536419999999999897e-01 4.245030000000000192e-01 -1.655650000000000177e-02 3.311000000000008381e-03 3.311250000000001692e-03 -3.311250000000001692e-03 9.111906586156644394e+00
4.403969999999999829e-01 4.245030000000000192e-01 -1.324500000000000677e-02 0.000000000000000000e+00 -1.655499999999990313e-03 -1.655500000000004190e-03 9.436811058996328327e+00
4.271519999999999762e-01 4.245030000000000192e-01 -1.986749999999998240e-02 0.000000000000000000e+00 -1.655499999999990313e-03 0.000000000000000000e+00 0.000000000000000000e+00
4.006620000000000181e-01 4.245030000000000192e-01 -1.655599999999998739e-02 0.000000000000000000e+00 8.278249999999987008e-03 -1.655500000000004190e-03 6.039741477029146210e+00
3.940400000000000014e-01 4.245030000000000192e-01 -3.311000000000008381e-03 -3.311000000000008381e-03 1.158924999999999539e-02 -3.311250000000001692e-03 4.805487886205484642e+02
3.940400000000000014e-01 4.178810000000000024e-01 6.622500000000003384e-03 -6.622500000000003384e-03 8.278000000000007574e-03 -2.499999999933111283e-07 6.673034627871651026e+01
4.072850000000000081e-01 4.112580000000000124e-01 1.324500000000000677e-02 -3.311499999999995003e-03 3.311250000000001692e-03 3.311250000000001692e-03 2.154296233960980800e+01
4.205300000000000149e-01 4.112580000000000124e-01 1.324500000000000677e-02 0.000000000000000000e+00 1.655499999999990313e-03 3.311499999999995003e-03 1.887647225724325750e+01
4.337750000000000217e-01 4.112580000000000124e-01 1.655599999999998739e-02 3.311499999999995003e-03 4.966749999999992005e-03 1.655749999999997502e-03 2.278221406497972890e+00
4.536419999999999897e-01 4.178810000000000024e-01 2.317849999999999078e-02 3.311499999999995003e-03 4.967250000000020260e-03 -2.499999999933111283e-07 -1.281960449215397979e+00
4.801320000000000032e-01 4.178810000000000024e-01 2.649050000000002791e-02 3.311000000000008381e-03 1.655999999999990813e-03 1.655500000000004190e-03 2.016721197482413963e+00
5.066230000000000455e-01 4.245030000000000192e-01 2.649049999999997240e-02 6.622500000000003384e-03 6.622249999999968439e-03 1.655749999999997502e-03 2.846244969064517811e-04
5.331129999999999480e-01 4.311260000000000092e-01 3.973499999999996479e-02 6.622500000000003384e-03 8.277750000000028141e-03 -1.655749999999997502e-03 -1.845087995289045102e+00
5.860929999999999751e-01 4.377480000000000260e-01 4.304600000000002868e-02 3.311000000000008381e-03 2.775557561562891351e-17 -3.311250000000001692e-03 -1.771265148717400706e+00
6.192050000000000054e-01 4.377480000000000260e-01 3.973500000000002030e-02 0.000000000000000000e+00 -4.966750000000019760e-03 -1.655500000000004190e-03 -1.048534562110703172e+00
6.655630000000000157e-01 4.377480000000000260e-01 3.311249999999998916e-02 0.000000000000000000e+00 -4.966750000000019760e-03 -3.311250000000001692e-03 -3.020007550018878995e+00
6.854299999999999837e-01 4.377480000000000260e-01 2.980149999999998078e-02 -6.622500000000003384e-03 -1.655500000000004190e-03 -4.966750000000005882e-03 -5.587636961114396783e+00
7.251659999999999773e-01 4.245030000000000192e-01 2.980149999999998078e-02 -9.933500000000011765e-03 -4.966999999999971438e-03 -3.311250000000001692e-03 -4.775005804600240822e+00
7.450329999999999453e-01 4.178810000000000024e-01 1.986750000000003791e-02 -1.324500000000000677e-02 -9.933749999999963443e-03 -3.311499999999995003e-03 -1.449727736427556124e+01
7.649010000000000531e-01 3.980130000000000057e-01 9.934000000000053898e-03 -1.655650000000000177e-02 -9.933750000000018954e-03 0.000000000000000000e+00 -2.284884885359273099e+01
7.649010000000000531e-01 3.847679999999999989e-01 0.000000000000000000e+00 -1.324500000000000677e-02 -4.967000000000026949e-03 1.655749999999997502e-03 -2.831328331623974748e+01
7.649010000000000531e-01 3.715229999999999921e-01 0.000000000000000000e+00 -1.324500000000000677e-02 -3.311250000000015570e-03 0.000000000000000000e+00 -1.887504718761803701e+01
7.649010000000000531e-01 3.582779999999999854e-01 -6.622500000000031140e-03 -1.324500000000000677e-02 -4.967000000000026949e-03 3.311250000000001692e-03 -2.701227854602803546e+01
7.516559999999999908e-01 3.450329999999999786e-01 -9.934000000000053898e-03 -6.622500000000003384e-03 -3.311249999999987814e-03 9.933750000000005076e-03 -7.087154943371483284e+01
7.450329999999999453e-01 3.450329999999999786e-01 -1.324500000000000677e-02 6.622500000000003384e-03 -1.655499999999948679e-03 9.933750000000005076e-03 -3.714143688343088456e+01
7.251659999999999773e-01 3.582779999999999854e-01 -1.324499999999995126e-02 1.324500000000000677e-02 4.966750000000019760e-03 4.966999999999999194e-03 -2.002001079237120962e+01
7.185430000000000428e-01 3.715229999999999921e-01 -3.311499999999967248e-03 1.655650000000000177e-02 6.622499999999975628e-03 1.655749999999997502e-03 -2.391795112063761408e+01
7.185430000000000428e-01 3.913909999999999889e-01 0.000000000000000000e+00 1.655650000000000177e-02 1.655749999999983624e-03 -1.655749999999997502e-03 -6.040288703765647860e+00
7.185430000000000428e-01 4.046359999999999957e-01 0.000000000000000000e+00 1.324500000000000677e-02 4.966999999999999194e-03 -2.499999999933111283e-07 -2.831328331623959116e+01
7.185430000000000428e-01 4.178810000000000024e-01 9.933999999999998387e-03 1.655600000000001515e-02 6.622499999999975628e-03 1.655499999999990313e-03 -1.294823305218681675e+01
7.384110000000000396e-01 4.377480000000000260e-01 1.324499999999995126e-02 1.655599999999998739e-02 -1.655750000000011379e-03 -3.311000000000008381e-03 -1.725060466702760475e+00
7.450329999999999453e-01 4.509929999999999772e-01 6.622499999999975628e-03 9.933999999999998387e-03 -3.310999999999952870e-03 -4.966499999999970938e-03 4.863910184419312764e-04
7.516559999999999908e-01 4.576160000000000228e-01 6.623000000000045517e-03 6.623000000000045517e-03 5.000000000698889835e-07 -3.310999999999952870e-03 -2.669133252251784327e+01
