4.072850000000000081e-01 3.185430000000000206e-01 -6.622999999999990006e-03 0.000000000000000000e+00 4.999999999866222566e-07 -3.311000000000008381e-03 7.548309006660130649e+01
4.006620000000000181e-01 3.185430000000000206e-01 -6.622500000000003384e-03 -3.311000000000008381e-03 -1.655250000000010879e-03 -4.966999999999999194e-03 6.753859906158319859e+01
3.940400000000000014e-01 3.119210000000000038e-01 -9.933500000000011765e-03 -9.933999999999998387e-03 -1.655749999999997502e-03 -4.967249999999992505e-03 1.186400861361112646e+01
3.807949999999999946e-01 2.986750000000000238e-01 -9.933999999999998387e-03 -1.324549999999999339e-02 -2.499999999933111283e-07 -1.655500000000004190e-03 3.622735926075442148e+00
3.741720000000000046e-01 2.854300000000000170e-01 -9.933999999999998387e-03 -1.324500000000000677e-02 -1.655500000000004190e-03 -1.655250000000010879e-03 -1.208335015299613957e+00
3.609269999999999978e-01 2.721850000000000103e-01 -1.324500000000000677e-02 -1.655600000000001515e-02 2.499999999933111283e-07 -3.311250000000001692e-03 4.601985173540684926e+00
3.476819999999999911e-01 2.523179999999999867e-01 -9.933500000000011765e-03 -1.986750000000001015e-02 3.311250000000001692e-03 -2.499999999863722344e-07 6.002932502866288544e+00
3.410599999999999743e-01 2.324499999999999900e-01 -6.622500000000003384e-03 -1.655649999999998789e-02 1.655500000000018068e-03 3.311250000000008631e-03 9.665690767692330931e-01
3.344369999999999843e-01 2.192050000000000110e-01 -6.622499999999975628e-03 -1.324499999999999289e-02 1.655750000000011379e-03 2.499999999933111283e-07 6.752942174404882536e+00
3.278150000000000230e-01 2.059600000000000042e-01 -3.310999999999980625e-03 -1.655600000000000127e-02 1.655499999999976435e-03 -1.655500000000004190e-03 6.833579345050929454e+00
3.278150000000000230e-01 1.860930000000000084e-01 -3.311500000000022759e-03 -1.655600000000000127e-02 -2.500000000210667039e-07 1.655499999999997252e-03 -1.139884652993892411e+00
3.211919999999999775e-01 1.728480000000000016e-01 -3.311500000000022759e-03 -1.324500000000000677e-02 1.655750000000011379e-03 1.655499999999997252e-03 6.463441715038328539e+00
3.211919999999999775e-01 1.596029999999999949e-01 0.000000000000000000e+00 -1.324500000000000677e-02 3.311500000000022759e-03 1.655500000000004190e-03 1.887647225724341737e+01
3.211919999999999775e-01 1.463579999999999881e-01 3.311500000000022759e-03 -9.933999999999998387e-03 4.966999999999999194e-03 6.938893903907228378e-18 4.297373040917294418e+01
3.278150000000000230e-01 1.397349999999999981e-01 9.933999999999998387e-03 -1.324499999999999289e-02 3.310999999999980625e-03 -1.655500000000000721e-03 6.039303728692646089e+00
3.410599999999999743e-01 1.198680000000000023e-01 9.933499999999984009e-03 -1.324499999999999983e-02 -1.655749999999997502e-03 3.311249999999994753e-03 2.415524466274529658e+00
3.476819999999999911e-01 1.132449999999999984e-01 6.622500000000003384e-03 -6.622500000000003384e-03 2.500000000071889161e-07 4.966999999999999194e-03 4.004304461392944603e+01
3.543049999999999811e-01 1.066229999999999956e-01 9.933999999999998387e-03 -3.311000000000001442e-03 1.655500000000004190e-03 3.311250000000001692e-03 3.342384428607370239e+01
3.675499999999999878e-01 1.066229999999999956e-01 9.933500000000011765e-03 0.000000000000000000e+00 -1.655749999999997502e-03 1.655500000000000721e-03 1.677739744759434615e+01
3.741720000000000046e-01 1.066229999999999956e-01 6.622500000000003384e-03 0.000000000000000000e+00 2.499999999933111283e-07 0.000000000000000000e+00 0.000000000000000000e+00
3.807949999999999946e-01 1.066229999999999956e-01 9.933999999999998387e-03 0.000000000000000000e+00 3.311250000000001692e-03 4.966749999999998944e-03 5.032965914070513946e+01
3.940400000000000014e-01 1.066229999999999956e-01 1.324500000000000677e-02 9.933499999999997887e-03 -2.499999999933111283e-07 6.622500000000003384e-03 1.932912089091349372e+01
4.072850000000000081e-01 1.264899999999999913e-01 9.933500000000011765e-03 1.324500000000000677e-02 -3.311250000000001692e-03 -1.655499999999997252e-03 6.040544090565019175e+00
4.139070000000000249e-01 1.331130000000000091e-01 6.622500000000003384e-03 6.622500000000003384e-03 -1.655500000000018068e-03 -1.655750000000004440e-03 -2.015352791371100797e-03
4.205300000000000149e-01 1.397349999999999981e-01 6.622499999999975628e-03 9.933499999999997887e-03 0.000000000000000000e+00 1.655749999999997502e-03 6.443895497366042946e+00
4.271519999999999762e-01 1.529800000000000049e-01 6.622500000000003384e-03 9.933999999999998387e-03 -1.655499999999976435e-03 -1.655499999999997252e-03 3.221367715750066640e+00
4.337750000000000217e-01 1.596029999999999949e-01 3.311500000000022759e-03 6.622500000000003384e-03 -3.311250000000001692e-03 -4.966999999999999194e-03 1.350119385123509907e+01
4.337750000000000217e-01 1.662250000000000116e-01 0.000000000000000000e+00 0.000000000000000000e+00 -1.655750000000011379e-03 -6.622500000000003384e-03 0.000000000000000000e+00
4.337750000000000217e-01 1.596029999999999949e-01 0.000000000000000000e+00 -6.622500000000003384e-03 1.655499999999990313e-03 -3.311250000000001692e-03 3.774724423598500067e+01
4.337750000000000217e-01 1.529800000000000049e-01 3.310999999999980625e-03 -6.622500000000003384e-03 1.655499999999990313e-03 0.000000000000000000e+00 2.701095284777843730e+01
4.403969999999999829e-01 1.463579999999999881e-01 3.310999999999980625e-03 -6.622500000000003384e-03 2.500000000071889161e-07 1.655500000000004190e-03 1.350853572991002594e+01
4.403969999999999829e-01 1.397349999999999981e-01 3.311499999999995003e-03 -3.311499999999995003e-03 3.311500000000008881e-03 1.655750000000004440e-03 1.601479951351090847e+02
4.470199999999999729e-01 1.397349999999999981e-01 9.933999999999998387e-03 -3.310999999999994503e-03 3.311000000000008381e-03 -1.655500000000004190e-03 -4.775555814340135541e+00
4.602649999999999797e-01 1.331130000000000091e-01 9.933500000000011765e-03 -6.622500000000003384e-03 -2.499999999933111283e-07 -2.500000000071889161e-07 -2.432356256357761943e-03
4.668869999999999965e-01 1.264899999999999913e-01 9.933500000000011765e-03 -3.311500000000008881e-03 1.655749999999997502e-03 3.311250000000001692e-03 3.342687263111618989e+01
4.801320000000000032e-01 1.264899999999999913e-01 1.324500000000000677e-02 0.000000000000000000e+00 1.656000000000004690e-03 1.655750000000004440e-03 9.438236128621667831e+00
4.933770000000000100e-01 1.264899999999999913e-01 1.324550000000002115e-02 0.000000000000000000e+00 -1.655500000000018068e-03 0.000000000000000000e+00 0.000000000000000000e+00
5.066230000000000455e-01 1.264899999999999913e-01 9.933999999999970631e-03 0.000000000000000000e+00 -2.500000000349444917e-07 3.311250000000001692e-03 3.355395053700326713e+01
5.132449999999999513e-01 1.264899999999999913e-01 1.324499999999995126e-02 6.622500000000003384e-03 1.655500000000018068e-03 4.966999999999999194e-03 1.688312020862521479e+01
5.331129999999999480e-01 1.397349999999999981e-01 1.324500000000000677e-02 9.933999999999998387e-03 -3.311249999999960059e-03 0.000000000000000000e+00 7.248003524357578442e+00
5.397349999999999648e-01 1.463579999999999881e-01 6.622500000000031140e-03 6.622500000000003384e-03 -4.966749999999992005e-03 1.655500000000004190e-03 5.338468009353110233e+01
5.463580000000000103e-01 1.529800000000000049e-01 3.311500000000022759e-03 1.324500000000000677e-02 -3.311250000000015570e-03 4.966999999999999194e-03 2.369755135102012744e+01
5.463580000000000103e-01 1.728480000000000016e-01 0.000000000000000000e+00 1.655650000000000177e-02 -1.655750000000011379e-03 -6.938893903907228378e-18 6.040288703765749112e+00
5.463580000000000103e-01 1.860930000000000084e-01 0.000000000000000000e+00 1.324499999999999289e-02 -3.311250000000015570e-03 1.655499999999997252e-03 1.887504718761807965e+01
5.463580000000000103e-01 1.993379999999999874e-01 -6.622500000000031140e-03 1.986749999999999627e-02 -4.966999999999999194e-03 3.311250000000008631e-03 8.356609995794357815e+00
5.331129999999999480e-01 2.258280000000000010e-01 -9.933999999999998387e-03 1.986750000000001015e-02 -1.655749999999983624e-03 -3.311250000000001692e-03 6.002826754248647312e+00
5.264900000000000135e-01 2.390730000000000077e-01 -9.933999999999998387e-03 1.324499999999999289e-02 2.500000000071889161e-07 -4.967000000000006132e-03 1.087154928353676198e+01
5.132449999999999513e-01 2.523179999999999867e-01 -9.933499999999984009e-03 9.933499999999997887e-03 -3.311249999999987814e-03 6.938893903907228378e-18 1.186430726329359508e+01
5.066230000000000455e-01 2.589400000000000035e-01 -1.655649999999997402e-02 1.324500000000000677e-02 -4.967250000000020260e-03 1.655750000000004440e-03 4.026395163900869711e+00
4.801320000000000032e-01 2.788080000000000003e-01 -1.986800000000002453e-02 1.324500000000000677e-02 3.311499999999981125e-03 -4.966999999999999194e-03 4.026831279167779165e+00
4.668869999999999965e-01 2.854300000000000170e-01 -9.933500000000011765e-03 3.311000000000008381e-03 4.967250000000006382e-03 -4.966750000000005882e-03 2.865073990750143906e+01
4.602649999999999797e-01 2.854300000000000170e-01 -9.933500000000011765e-03 3.311499999999995003e-03 -2.499999999933111283e-07 2.499999999933111283e-07 -1.442025513360759058e-03
4.470199999999999729e-01 2.920530000000000070e-01 -9.933999999999998387e-03 3.311499999999995003e-03 -1.655749999999983624e-03 -2.499999999933111283e-07 4.777502566756665736e+00
4.403969999999999829e-01 2.920530000000000070e-01 -1.324499999999997901e-02 3.311000000000008381e-03 -1.655499999999990313e-03 -2.499999999933111283e-07 2.155297032380606215e+00
4.205300000000000149e-01 2.986750000000000238e-01 -1.324499999999997901e-02 3.311000000000008381e-03 3.311249999999987814e-03 -1.655500000000004190e-03 4.308316917094563436e+00
4.139070000000000249e-01 2.986750000000000238e-01 -6.622500000000003384e-03 0.000000000000000000e+00 3.311249999999987814e-03 2.499999999933111283e-07 -5.700278501204359728e-03
4.072850000000000081e-01 2.986750000000000238e-01 -6.622500000000003384e-03 3.311499999999995003e-03 3.311250000000001692e-03 1.655749999999997502e-03 -5.402516872538064518e+01
4.006620000000000181e-01 3.052980000000000138e-01 0.000000000000000000e+00 3.311499999999995003e-03 6.622500000000003384e-03 0.000000000000000000e+00 -6.039103158756462335e+02
4.072850000000000081e-01 3.052980000000000138e-01 6.622500000000003384e-03 3.311499999999995003e-03 9.933749999999991198e-03 1.655500000000004190e-03 -5.402924732788121531e+01
4.139070000000000249e-01 3.119210000000000038e-01 1.986749999999998240e-02 6.622500000000003384e-03 8.278249999999987008e-03 -2.499999999933111283e-07 -5.969444910820477901e+00
4.470199999999999729e-01 3.185430000000000206e-01 2.317899999999997740e-02 3.311000000000008381e-03 -1.655749999999983624e-03 -1.655500000000004190e-03 -2.562298262922798386e+00
4.602649999999999797e-01 3.185430000000000206e-01 1.655600000000001515e-02 3.311499999999995003e-03 -1.655749999999983624e-03 1.655749999999997502e-03 6.834664219493876480e+00
4.801320000000000032e-01 3.251660000000000106e-01 1.986750000000001015e-02 6.622500000000003384e-03 6.622749999999982817e-03 1.655500000000004190e-03 -1.194213447704582931e+00
5.000000000000000000e-01 3.317880000000000273e-01 2.980149999999998078e-02 6.622500000000003384e-03 4.966999999999985316e-03 -1.655500000000004190e-03 -2.890129959942340232e+00
5.397349999999999648e-01 3.384110000000000174e-01 2.980149999999998078e-02 3.311499999999995003e-03 3.311250000000015570e-03 -3.311250000000001692e-03 -4.067071541192012418e+00
5.596029999999999616e-01 3.384110000000000174e-01 3.642400000000001192e-02 0.000000000000000000e+00 1.655500000000031946e-03 -1.655749999999997502e-03 -1.248014091687962068e+00
6.125829999999999886e-01 3.384110000000000174e-01 3.311250000000004468e-02 0.000000000000000000e+00 -9.933999999999998387e-03 -3.311250000000001692e-03 -3.020007550018868336e+00
6.258280000000000509e-01 3.384110000000000174e-01 1.655600000000001515e-02 -6.622500000000003384e-03 -8.278250000000042519e-03 -8.278250000000000886e-03 -3.384292677047611164e+01
6.456950000000000189e-01 3.251660000000000106e-01 1.655599999999995964e-02 -1.655650000000000177e-02 -4.966750000000019760e-03 -3.311499999999995003e-03 -1.067753255217706787e+01
6.589399999999999702e-01 3.052980000000000138e-01 6.622499999999975628e-03 -1.324549999999999339e-02 -8.277999999999979819e-03 3.311250000000001692e-03 -2.701008624791158752e+01
6.589399999999999702e-01 2.986750000000000238e-01 0.000000000000000000e+00 -9.933999999999998387e-03 -3.311249999999987814e-03 2.499999999933111283e-07 -3.355395053700293317e+01
6.589399999999999702e-01 2.854300000000000170e-01 0.000000000000000000e+00 -1.324500000000000677e-02 -1.655500000000004190e-03 2.499999999933111283e-07 -9.436811058996328327e+00
6.589399999999999702e-01 2.721850000000000103e-01 -3.311000000000008381e-03 -9.933500000000011765e-03 -6.622500000000003384e-03 3.311250000000001692e-03 -6.685461059622477364e+01
6.523179999999999534e-01 2.655629999999999935e-01 -1.324500000000000677e-02 -6.622500000000003384e-03 -4.966999999999971438e-03 3.311000000000008381e-03 -2.363453283780356529e+01
6.324499999999999567e-01 2.589400000000000035e-01 -1.324499999999995126e-02 -3.311499999999995003e-03 3.311250000000015570e-03 3.311250000000001692e-03 -1.292525693235377560e+01
6.258280000000000509e-01 2.589400000000000035e-01 -6.622499999999975628e-03 0.000000000000000000e+00 3.311249999999960059e-03 6.622749999999996695e-03 -1.510060777794461444e+02
6.192050000000000054e-01 2.589400000000000035e-01 -6.622500000000031140e-03 9.933999999999998387e-03 1.655749999999983624e-03 9.933750000000005076e-03 -4.832148888554380761e+01
6.125829999999999886e-01 2.788080000000000003e-01 -3.311000000000008381e-03 1.986750000000001015e-02 6.622500000000031140e-03 3.311250000000001692e-03 -1.744411460025747473e+01
6.125829999999999886e-01 2.986750000000000238e-01 6.622500000000031140e-03 1.655650000000000177e-02 6.622249999999996195e-03 -3.311000000000008381e-03 -2.320393580836587333e+01
6.258280000000000509e-01 3.119210000000000038e-01 9.933499999999984009e-03 1.324549999999999339e-02 1.655499999999976435e-03 -3.311499999999995003e-03 -1.207966534644647183e+01
6.324499999999999567e-01 3.251660000000000106e-01 9.933499999999984009e-03 9.933500000000011765e-03 1.655750000000039135e-03 -3.311749999999988314e-03 -1.779870028853497743e+01
6.456950000000000189e-01 3.317880000000000273e-01 1.324500000000006228e-02 6.622000000000016762e-03 3.311500000000078270e-03 -3.311499999999995003e-03 -2.026076395486335358e+01
