6.125829999999999886e-01 4.046359999999999957e-01 -6.622999999999934495e-03 0.000000000000000000e+00 -3.311000000000063892e-03 0.000000000000000000e+00 0.000000000000000000e+00
6.059600000000000541e-01 4.046359999999999957e-01 -9.933999999999998387e-03 0.000000000000000000e+00 -3.311000000000036136e-03 0.000000000000000000e+00 0.000000000000000000e+00
5.927149999999999919e-01 4.046359999999999957e-01 -1.324500000000000677e-02 0.000000000000000000e+00 -1.655500000000004190e-03 0.000000000000000000e+00 0.000000000000000000e+00
5.794700000000000406e-01 4.046359999999999957e-01 -1.324500000000000677e-02 0.000000000000000000e+00 0.000000000000000000e+00 -1.655749999999997502e-03 9.438236128621628751e+00
5.662249999999999783e-01 4.046359999999999957e-01 -1.324500000000000677e-02 -3.311499999999995003e-03 -1.655500000000004190e-03 -6.622500000000003384e-03 3.231395557974570920e+01
5.529800000000000271e-01 3.980130000000000057e-01 -1.655600000000001515e-02 -1.324500000000000677e-02 -1.655500000000004190e-03 -9.933499999999997887e-03 1.495451932946272855e+01
5.331129999999999480e-01 3.781459999999999821e-01 -1.655600000000001515e-02 -2.317849999999999078e-02 3.311000000000008381e-03 -4.966999999999985316e-03 6.879051700418568061e+00
5.198679999999999968e-01 3.516560000000000241e-01 -9.933999999999998387e-03 -2.317899999999997740e-02 4.966750000000019760e-03 -2.500000000071889161e-07 7.178628857153410259e+00
5.132449999999999513e-01 3.317880000000000273e-01 -6.622499999999975628e-03 -2.317900000000000515e-02 3.311500000000022759e-03 -1.655500000000018068e-03 6.261810339346681964e+00
5.066230000000000455e-01 3.052980000000000138e-01 -3.310999999999952870e-03 -2.649000000000001354e-02 3.311249999999987814e-03 0.000000000000000000e+00 4.610303263622609116e+00
5.066230000000000455e-01 2.788080000000000003e-01 0.000000000000000000e+00 -2.317900000000000515e-02 3.310999999999952870e-03 4.966750000000005882e-03 6.162682446553422011e+00
5.066230000000000455e-01 2.589400000000000035e-01 3.310999999999952870e-03 -1.655650000000000177e-02 8.277999999999979819e-03 3.311500000000001942e-03 3.075152383587399996e+01
5.132449999999999513e-01 2.456949999999999967e-01 1.655599999999995964e-02 -1.655600000000000127e-02 9.934000000000026143e-03 1.655750000000004440e-03 1.494920987349873087e+01
5.397349999999999648e-01 2.258280000000000010e-01 2.317900000000000515e-02 -1.324499999999999289e-02 2.500000000349444917e-07 6.622250000000003134e-03 8.067762291690330656e+00
5.596029999999999616e-01 2.192050000000000110e-01 1.655650000000002953e-02 -3.311499999999995003e-03 -4.966999999999999194e-03 8.278249999999993947e-03 2.505687659888879182e+01
5.728480000000000238e-01 2.192050000000000110e-01 1.324500000000000677e-02 3.311499999999995003e-03 -1.655750000000011379e-03 4.966999999999992255e-03 2.800640405464806904e+01
5.860929999999999751e-01 2.258280000000000010e-01 1.324500000000000677e-02 6.622499999999989506e-03 -1.655749999999983624e-03 1.655500000000004190e-03 1.012915833740278515e+01
5.993380000000000374e-01 2.324499999999999900e-01 9.933500000000039520e-03 6.622500000000003384e-03 -1.655750000000011379e-03 1.655750000000004440e-03 1.610949548575193191e+01
6.059600000000000541e-01 2.390730000000000077e-01 9.933499999999984009e-03 9.933999999999998387e-03 -1.655500000000031946e-03 -1.655750000000004440e-03 -5.971415671718071673e-04
6.192050000000000054e-01 2.523179999999999867e-01 6.622499999999975628e-03 3.310999999999994503e-03 -3.310999999999980625e-03 -9.933999999999998387e-03 -1.350731194590911741e+02
6.192050000000000054e-01 2.456949999999999967e-01 3.311500000000022759e-03 -9.933999999999998387e-03 -1.655499999999976435e-03 -6.622249999999996195e-03 -3.342233017615398438e+01
6.258280000000000509e-01 2.324499999999999900e-01 3.311500000000022759e-03 -9.933499999999997887e-03 -2.500000000349444917e-07 1.655750000000004440e-03 4.773825462108256090e+00
6.258280000000000509e-01 2.258280000000000010e-01 3.310999999999952870e-03 -6.622499999999989506e-03 6.622249999999968439e-03 1.655499999999997252e-03 1.215523471210246100e+02
6.324499999999999567e-01 2.192050000000000110e-01 1.655599999999995964e-02 -6.622500000000003384e-03 8.278250000000042519e-03 1.655749999999990563e-03 1.450448691851614669e+01
6.589399999999999702e-01 2.125829999999999942e-01 1.986750000000003791e-02 -3.311000000000008381e-03 -1.655499999999976435e-03 3.311250000000001692e-03 7.380346500245858365e+00
6.721850000000000325e-01 2.125829999999999942e-01 1.324500000000000677e-02 0.000000000000000000e+00 -3.311250000000015570e-03 4.966750000000005882e-03 2.831185824661428541e+01
6.854299999999999837e-01 2.125829999999999942e-01 1.324500000000000677e-02 6.622500000000003384e-03 -1.655500000000004190e-03 8.278000000000000635e-03 3.714041718661319180e+01
6.986750000000000460e-01 2.258280000000000010e-01 9.933999999999998387e-03 1.655600000000000127e-02 -3.311000000000008381e-03 6.622499999999996445e-03 1.675622568495892040e+01
7.052979999999999805e-01 2.456949999999999967e-01 6.622999999999990006e-03 1.986749999999999627e-02 -3.311249999999987814e-03 1.655750000000004440e-03 8.356330594061640582e+00
7.119210000000000260e-01 2.655629999999999935e-01 3.311500000000022759e-03 1.986750000000001015e-02 -4.967250000000006382e-03 6.938893903907228378e-18 1.207752879019380643e+01
7.119210000000000260e-01 2.854300000000000170e-01 -3.311500000000022759e-03 1.986750000000001015e-02 -4.967250000000006382e-03 1.655749999999997502e-03 1.140650430986618424e+01
7.052979999999999805e-01 3.052980000000000138e-01 -6.622999999999990006e-03 2.317900000000000515e-02 -4.966749999999992005e-03 1.655749999999997502e-03 7.435045094632365625e+00
6.986750000000000460e-01 3.317880000000000273e-01 -1.324500000000000677e-02 2.317900000000000515e-02 -6.622250000000023951e-03 -3.311250000000015570e-03 1.037267562961809553e+01
6.788079999999999670e-01 3.516560000000000241e-01 -1.986750000000003791e-02 1.655649999999997402e-02 -3.311249999999987814e-03 -3.311500000000008881e-03 6.972985527222793856e+00
6.589399999999999702e-01 3.649009999999999754e-01 -1.986749999999998240e-02 1.655599999999998739e-02 -6.622499999999975628e-03 1.655500000000018068e-03 4.437353860664885907e+00
6.390730000000000022e-01 3.847679999999999989e-01 -3.311249999999998916e-02 1.986750000000001015e-02 -6.622500000000003384e-03 2.500000000071889161e-07 2.284828392461770719e+00
5.927149999999999919e-01 4.046359999999999957e-01 -3.311249999999998916e-02 1.655650000000000177e-02 6.622500000000003384e-03 -4.966999999999999194e-03 1.080509903819115047e+00
5.728480000000000238e-01 4.178810000000000024e-01 -1.986749999999998240e-02 9.933500000000011765e-03 6.622499999999975628e-03 -6.622749999999996695e-03 6.003310179759917986e+00
5.529800000000000271e-01 4.245030000000000192e-01 -1.986750000000003791e-02 3.311000000000008381e-03 -3.311250000000015570e-03 -3.311000000000008381e-03 9.392330160529802185e+00
5.331129999999999480e-01 4.245030000000000192e-01 -2.649000000000001354e-02 3.311499999999995003e-03 -1.655749999999969746e-03 2.499999999933111283e-07 2.878373806810078372e-01
5.000000000000000000e-01 4.311260000000000092e-01 -2.317899999999997740e-02 3.311499999999995003e-03 8.278000000000007574e-03 -1.655749999999997502e-03 8.542851547383389921e-01
4.867549999999999932e-01 4.311260000000000092e-01 -9.933999999999998387e-03 0.000000000000000000e+00 8.278249999999987008e-03 -1.655749999999997502e-03 1.677824193330093649e+01
4.801320000000000032e-01 4.311260000000000092e-01 -6.622500000000003384e-03 0.000000000000000000e+00 4.966999999999999194e-03 0.000000000000000000e+00 -0.000000000000000000e+00
4.735099999999999865e-01 4.311260000000000092e-01 0.000000000000000000e+00 0.000000000000000000e+00 8.278000000000007574e-03 1.655500000000004190e-03 0.000000000000000000e+00
4.801320000000000032e-01 4.311260000000000092e-01 9.933500000000011765e-03 3.311000000000008381e-03 8.278249999999987008e-03 1.655500000000004190e-03 -9.550967644959195368e+00
4.933770000000000100e-01 4.377480000000000260e-01 1.655649999999997402e-02 3.311000000000008381e-03 6.622749999999982817e-03 -1.655500000000004190e-03 -1.024999198878335882e+01
5.132449999999999513e-01 4.377480000000000260e-01 2.317899999999997740e-02 0.000000000000000000e+00 6.622500000000031140e-03 -1.655500000000004190e-03 -3.081341223276770069e+00
5.397349999999999648e-01 4.377480000000000260e-01 2.980150000000003629e-02 0.000000000000000000e+00 3.311250000000029448e-03 0.000000000000000000e+00 0.000000000000000000e+00
5.728480000000000238e-01 4.377480000000000260e-01 2.980150000000003629e-02 0.000000000000000000e+00 6.622249999999968439e-03 0.000000000000000000e+00 0.000000000000000000e+00
5.993380000000000374e-01 4.377480000000000260e-01 4.304599999999997317e-02 0.000000000000000000e+00 6.622249999999968439e-03 0.000000000000000000e+00 0.000000000000000000e+00
6.589399999999999702e-01 4.377480000000000260e-01 4.304599999999997317e-02 0.000000000000000000e+00 -9.933499999999984009e-03 0.000000000000000000e+00 0.000000000000000000e+00
6.854299999999999837e-01 4.377480000000000260e-01 2.317900000000000515e-02 0.000000000000000000e+00 -3.310999999999980625e-03 -1.655500000000004190e-03 -3.081341223276762520e+00
7.052979999999999805e-01 4.377480000000000260e-01 3.642400000000001192e-02 -3.311000000000008381e-03 6.622500000000003384e-03 -3.311250000000001692e-03 -2.017036042921396266e+00
7.582780000000000076e-01 4.311260000000000092e-01 3.642400000000001192e-02 -6.622500000000003384e-03 -8.278250000000014763e-03 -1.655749999999997502e-03 -2.269057549985868949e+00
7.781460000000000043e-01 4.245030000000000192e-01 1.986749999999998240e-02 -6.622500000000003384e-03 -8.278250000000014763e-03 0.000000000000000000e+00 -5.968904134919664983e+00
7.980129999999999724e-01 4.178810000000000024e-01 1.986749999999998240e-02 -6.622500000000003384e-03 2.775557561562891351e-17 -3.311250000000001692e-03 -7.162576806723389033e+00
8.178809999999999691e-01 4.112580000000000124e-01 1.986750000000003791e-02 -1.324500000000000677e-02 -3.311249999999987814e-03 -4.966750000000005882e-03 -1.046980995879346210e+01
8.377480000000000482e-01 3.913909999999999889e-01 1.324500000000000677e-02 -1.655600000000001515e-02 -6.622500000000031140e-03 -1.655749999999997502e-03 -1.380465272293695911e+01
8.443709999999999827e-01 3.781459999999999821e-01 6.622499999999975628e-03 -1.655650000000000177e-02 -4.966999999999999194e-03 1.655500000000018068e-03 -1.256992396316586280e+01
8.509929999999999994e-01 3.582779999999999854e-01 3.311000000000008381e-03 -1.324499999999997901e-02 -4.966749999999992005e-03 4.966999999999999194e-03 -1.938856470075874938e+01
8.509929999999999994e-01 3.516560000000000241e-01 -3.311000000000008381e-03 -6.622500000000003384e-03 -6.622249999999996195e-03 3.311249999999987814e-03 -1.350588432109320252e+02
8.443709999999999827e-01 3.450329999999999786e-01 -9.933499999999984009e-03 -6.622500000000003384e-03 -4.966999999999999194e-03 3.311250000000001692e-03 -3.866045411261373488e+01
8.311260000000000314e-01 3.384110000000000174e-01 -1.324500000000000677e-02 0.000000000000000000e+00 -1.655750000000011379e-03 8.277999999999993697e-03 -4.718690543423216610e+01
8.178809999999999691e-01 3.450329999999999786e-01 -1.324500000000000677e-02 9.933499999999984009e-03 1.655500000000004190e-03 6.622500000000003384e-03 -2.295231640404879059e+01
8.046360000000000179e-01 3.582779999999999854e-01 -9.933999999999998387e-03 1.324500000000000677e-02 4.966749999999992005e-03 4.967000000000013071e-03 -2.536755633225209650e+01
7.980129999999999724e-01 3.715229999999999921e-01 -3.311500000000022759e-03 1.986750000000001015e-02 4.966999999999999194e-03 3.311250000000001692e-03 -1.341886857563984847e+01
7.980129999999999724e-01 3.980130000000000057e-01 0.000000000000000000e+00 1.986750000000001015e-02 1.655750000000011379e-03 -4.966750000000005882e-03 -4.194771612720759713e+00
7.980129999999999724e-01 4.112580000000000124e-01 0.000000000000000000e+00 9.933999999999998387e-03 3.311250000000015570e-03 -3.311250000000001692e-03 -3.355395053700321739e+01
7.980129999999999724e-01 4.178810000000000024e-01 6.622500000000031140e-03 1.324500000000000677e-02 4.966999999999999194e-03 1.655500000000004190e-03 -1.688312020862509755e+01
8.112580000000000346e-01 4.377480000000000260e-01 9.933999999999998387e-03 1.324500000000000677e-02 2.499999999516777649e-07 -3.311000000000008381e-03 -7.248185914540216324e+00
8.178809999999999691e-01 4.443710000000000160e-01 6.622999999999934495e-03 6.622999999999990006e-03 -3.311000000000063892e-03 -6.622000000000016762e-03 -2.668730242550379828e+01
