5.066230000000000455e-01 3.185430000000000206e-01 -6.623000000000045517e-03 0.000000000000000000e+00 -3.310999999999980625e-03 0.000000000000000000e+00 0.000000000000000000e+00
5.000000000000000000e-01 3.185430000000000206e-01 -9.934000000000026143e-03 0.000000000000000000e+00 -3.310999999999980625e-03 -1.655500000000004190e-03 1.677570860370204286e+01
4.867549999999999932e-01 3.185430000000000206e-01 -1.324500000000000677e-02 -3.311000000000008381e-03 -1.655499999999990313e-03 -4.966999999999999194e-03 2.369850810979729872e+01
4.735099999999999865e-01 3.119210000000000038e-01 -1.324500000000000677e-02 -9.933999999999998387e-03 -1.655749999999997502e-03 -8.278499999999994197e-03 2.053622278340753127e+01
4.602649999999999797e-01 2.986750000000000238e-01 -1.655650000000000177e-02 -1.986799999999999677e-02 1.387778780781445676e-17 -8.278000000000007574e-03 7.923113463986789284e+00
4.403969999999999829e-01 2.721850000000000103e-01 -1.324499999999997901e-02 -2.649000000000001354e-02 4.966999999999999194e-03 -1.655250000000003940e-03 5.908760671553102917e+00
4.337750000000000217e-01 2.456949999999999967e-01 -6.622500000000003384e-03 -2.317850000000000465e-02 4.966749999999978127e-03 3.311250000000008631e-03 6.652836554867885610e+00
4.271519999999999762e-01 2.258280000000000010e-01 -3.311500000000022759e-03 -1.986749999999999627e-02 3.311250000000001692e-03 1.655500000000004190e-03 7.380154839193139082e+00
4.271519999999999762e-01 2.059600000000000042e-01 0.000000000000000000e+00 -1.986749999999999627e-02 3.311500000000022759e-03 3.311249999999994753e-03 8.389543225441531860e+00
4.271519999999999762e-01 1.860930000000000084e-01 3.311500000000022759e-03 -1.324500000000000677e-02 4.966999999999999194e-03 4.966749999999998944e-03 3.231493143908371479e+01
4.337750000000000217e-01 1.794699999999999906e-01 9.933999999999998387e-03 -9.933999999999998387e-03 3.310999999999980625e-03 3.311250000000008631e-03 2.372533029304365115e+01
4.470199999999999729e-01 1.662250000000000116e-01 9.933499999999984009e-03 -6.622499999999989506e-03 -2.499999999933111283e-07 4.966999999999999194e-03 2.899436760890149856e+01
4.536419999999999897e-01 1.662250000000000116e-01 9.933500000000011765e-03 0.000000000000000000e+00 1.655750000000011379e-03 4.966999999999992255e-03 5.033725951205131111e+01
4.668869999999999965e-01 1.662250000000000116e-01 1.324500000000000677e-02 3.311499999999995003e-03 2.499999999933111283e-07 3.311249999999994753e-03 1.723378431678931122e+01
4.801320000000000032e-01 1.728480000000000016e-01 9.933999999999998387e-03 6.622499999999989506e-03 -3.311250000000001692e-03 -2.500000000002500222e-07 1.288401161649442450e+01
4.867549999999999932e-01 1.794699999999999906e-01 6.622500000000003384e-03 3.310999999999994503e-03 -1.655749999999997502e-03 -3.311249999999994753e-03 -4.051948857768842061e+01
4.933770000000000100e-01 1.794699999999999906e-01 6.622500000000003384e-03 0.000000000000000000e+00 1.655749999999983624e-03 -3.310999999999994503e-03 -7.549448847197031398e+01
5.000000000000000000e-01 1.794699999999999906e-01 9.933999999999970631e-03 -3.310999999999994503e-03 3.311250000000001692e-03 -1.655499999999997252e-03 -4.774834866904351216e+00
5.132449999999999513e-01 1.728480000000000016e-01 1.324500000000000677e-02 -3.310999999999994503e-03 1.655500000000018068e-03 1.655499999999997252e-03 1.077062965336610745e+01
5.264900000000000135e-01 1.728480000000000016e-01 1.324500000000000677e-02 0.000000000000000000e+00 3.311249999999987814e-03 1.655499999999997252e-03 9.436811058996289248e+00
5.397349999999999648e-01 1.728480000000000016e-01 1.986749999999998240e-02 0.000000000000000000e+00 3.311250000000015570e-03 1.655499999999997252e-03 4.194138248442807360e+00
5.662249999999999783e-01 1.728480000000000016e-01 1.986750000000003791e-02 3.310999999999994503e-03 -6.622499999999975628e-03 4.966749999999998944e-03 1.475998383189779695e+01
5.794700000000000406e-01 1.794699999999999906e-01 6.622500000000031140e-03 9.933499999999997887e-03 -9.933750000000018954e-03 6.622750000000003634e-03 8.376383076539899264e+01
5.794700000000000406e-01 1.927149999999999974e-01 0.000000000000000000e+00 1.655650000000000177e-02 -4.966750000000019760e-03 4.966999999999999194e-03 1.811904207726314198e+01
5.794700000000000406e-01 2.125829999999999942e-01 -3.311000000000008381e-03 1.986749999999999627e-02 -4.966750000000019760e-03 1.655499999999997252e-03 1.140563085475869975e+01
5.728480000000000238e-01 2.324499999999999900e-01 -9.933500000000039520e-03 1.986749999999999627e-02 -4.966999999999999194e-03 -1.655499999999997252e-03 1.050481087233528932e+01
5.596029999999999616e-01 2.523179999999999867e-01 -1.324500000000000677e-02 1.655650000000000177e-02 -1.655749999999983624e-03 -1.655749999999990563e-03 5.176893046443455049e+00
5.463580000000000103e-01 2.655629999999999935e-01 -1.324500000000000677e-02 1.655600000000001515e-02 -1.655750000000011379e-03 -1.655749999999997502e-03 5.177092185784663236e+00
5.331129999999999480e-01 2.854300000000000170e-01 -1.655650000000002953e-02 1.324500000000000677e-02 -4.966999999999985316e-03 -1.655250000000010879e-03 9.777321242806893409e+00
5.132449999999999513e-01 2.920530000000000070e-01 -2.317899999999997740e-02 1.324549999999999339e-02 -1.655499999999976435e-03 0.000000000000000000e+00 1.152468046735248164e+00
4.867549999999999932e-01 3.119210000000000038e-01 -1.986749999999998240e-02 1.324500000000000677e-02 6.622499999999989506e-03 -4.967249999999992505e-03 8.059312889491778709e-01
4.735099999999999865e-01 3.185430000000000206e-01 -9.933999999999998387e-03 3.311000000000008381e-03 6.622499999999989506e-03 -4.966750000000005882e-03 2.387561644713643716e+01
4.668869999999999965e-01 3.185430000000000206e-01 -6.622500000000003384e-03 3.311499999999995003e-03 4.966999999999999194e-03 1.655749999999997502e-03 -6.753248063433478876e+01
4.602649999999999797e-01 3.251660000000000106e-01 0.000000000000000000e+00 6.622500000000003384e-03 8.278000000000007574e-03 -2.499999999933111283e-07 -1.887476217369289770e+02
4.668869999999999965e-01 3.317880000000000273e-01 9.933500000000011765e-03 3.311000000000008381e-03 8.278250000000000886e-03 -1.655500000000004190e-03 -3.820098639815350339e+01
4.801320000000000032e-01 3.317880000000000273e-01 1.655650000000000177e-02 3.311499999999995003e-03 8.278499999999980319e-03 1.655749999999983624e-03 -1.719911625601423767e-04
5.000000000000000000e-01 3.384110000000000174e-01 2.649049999999997240e-02 6.622499999999975628e-03 6.622499999999989506e-03 -2.500000000071889161e-07 -2.154502888498458280e+00
5.331129999999999480e-01 3.450329999999999786e-01 2.980149999999998078e-02 3.310999999999980625e-03 1.655250000000024757e-03 -1.655499999999976435e-03 -2.033332063622313335e+00
5.596029999999999616e-01 3.450329999999999786e-01 2.980100000000002192e-02 3.311500000000022759e-03 1.655500000000031946e-03 2.500000000210667039e-07 -2.030842505947606236e-01
5.927149999999999919e-01 3.516560000000000241e-01 3.311250000000004468e-02 3.311500000000022759e-03 1.655749999999983624e-03 -1.655750000000011379e-03 -1.636528046088520982e+00
6.258280000000000509e-01 3.516560000000000241e-01 3.311249999999998916e-02 0.000000000000000000e+00 3.311249999999960059e-03 -3.311500000000022759e-03 -3.020235561158952198e+00
6.589399999999999702e-01 3.516560000000000241e-01 3.973499999999996479e-02 -3.311500000000022759e-03 -1.655499999999976435e-03 -4.966999999999999194e-03 -3.199909601240285451e+00
7.052979999999999805e-01 3.450329999999999786e-01 2.980150000000003629e-02 -9.933999999999998387e-03 -1.158924999999996763e-02 -6.622249999999982317e-03 -1.008022569894402665e+01
7.185430000000000428e-01 3.317880000000000273e-01 1.655650000000002953e-02 -1.655599999999998739e-02 -9.933750000000018954e-03 -3.311250000000001692e-03 -1.708361355440180773e+01
7.384110000000000396e-01 3.119210000000000038e-01 9.933999999999998387e-03 -1.655650000000000177e-02 -9.934000000000026143e-03 1.655249999999997002e-03 -2.056503353107932597e+01
7.384110000000000396e-01 2.986750000000000238e-01 -3.311500000000022759e-03 -1.324549999999999339e-02 -1.158950000000000258e-02 1.655749999999997502e-03 -6.247024161931666697e+01
7.317879999999999940e-01 2.854300000000000170e-01 -1.324500000000000677e-02 -1.324500000000000677e-02 -6.622499999999975628e-03 3.311499999999995003e-03 -2.002051463056889702e+01
7.119210000000000260e-01 2.721850000000000103e-01 -1.655649999999997402e-02 -6.622500000000003384e-03 1.655500000000004190e-03 6.622500000000003384e-03 -1.740393734015598071e+01
6.986750000000000460e-01 2.721850000000000103e-01 -9.933999999999998387e-03 0.000000000000000000e+00 3.311499999999967248e-03 4.966999999999999194e-03 -5.033219247030401533e+01
6.920530000000000292e-01 2.721850000000000103e-01 -9.933500000000039520e-03 3.311499999999995003e-03 0.000000000000000000e+00 4.966999999999999194e-03 -4.297740760635983293e+01
6.788079999999999670e-01 2.788080000000000003e-01 -9.933999999999998387e-03 9.933999999999998387e-03 4.966750000000019760e-03 4.966750000000005882e-03 -3.558844327320021250e+01
6.721850000000000325e-01 2.920530000000000070e-01 0.000000000000000000e+00 1.324500000000000677e-02 6.622749999999982817e-03 0.000000000000000000e+00 -3.775151944486113820e+01
6.788079999999999670e-01 3.052980000000000138e-01 3.311499999999967248e-03 9.933999999999998387e-03 0.000000000000000000e+00 -3.311000000000008381e-03 -9.549237162082105712e+00
6.788079999999999670e-01 3.119210000000000038e-01 0.000000000000000000e+00 6.622999999999990006e-03 -3.311499999999967248e-03 -3.311000000000008381e-03 7.549448890230961240e+01
