5.331129999999999480e-01 2.721850000000000103e-01 -1.324499999999995126e-02 0.000000000000000000e+00 0.000000000000000000e+00 0.000000000000000000e+00 -0.000000000000000000e+00
5.198679999999999968e-01 2.721850000000000103e-01 -1.324499999999995126e-02 0.000000000000000000e+00 -2.500000000210667039e-07 0.000000000000000000e+00 0.000000000000000000e+00
5.066230000000000455e-01 2.721850000000000103e-01 -1.324549999999999339e-02 0.000000000000000000e+00 -2.500000000349444917e-07 0.000000000000000000e+00 0.000000000000000000e+00
4.933770000000000100e-01 2.721850000000000103e-01 -1.324550000000002115e-02 0.000000000000000000e+00 2.499999999933111283e-07 -3.311250000000001692e-03 1.887362219868328950e+01
4.801320000000000032e-01 2.721850000000000103e-01 -1.324500000000000677e-02 -6.622500000000003384e-03 -1.655249999999997002e-03 -8.278000000000000635e-03 3.038849470902597361e+01
4.668869999999999965e-01 2.589400000000000035e-01 -1.655600000000001515e-02 -1.655600000000000127e-02 0.000000000000000000e+00 -4.966749999999998944e-03 6.406435698716479443e+00
4.470199999999999729e-01 2.390730000000000077e-01 -1.324500000000000677e-02 -1.655600000000000127e-02 4.966750000000019760e-03 1.655499999999997252e-03 6.326958792310521495e+00
4.403969999999999829e-01 2.258280000000000010e-01 -6.622499999999975628e-03 -1.324500000000000677e-02 4.967000000000013071e-03 -1.655749999999997502e-03 2.363606238303005469e+01
4.337750000000000217e-01 2.125829999999999942e-01 -3.310999999999980625e-03 -1.986749999999999627e-02 6.622499999999975628e-03 -3.311249999999994753e-03 1.744411460025736815e+01
4.337750000000000217e-01 1.860930000000000084e-01 6.622499999999975628e-03 -1.986749999999999627e-02 6.622249999999982317e-03 6.622499999999996445e-03 1.909966404202818069e+01
4.470199999999999729e-01 1.728480000000000016e-01 9.933499999999984009e-03 -6.622500000000003384e-03 1.655500000000018068e-03 8.278000000000000635e-03 5.476654428491518445e+01
4.536419999999999897e-01 1.728480000000000016e-01 9.933500000000011765e-03 -3.311499999999995003e-03 1.655750000000011379e-03 1.655500000000004190e-03 1.910034904661242194e+01
4.668869999999999965e-01 1.662250000000000116e-01 1.324500000000000677e-02 -3.311499999999995003e-03 2.499999999933111283e-07 3.311499999999995003e-03 1.723573613370460222e+01
4.801320000000000032e-01 1.662250000000000116e-01 9.933999999999998387e-03 3.311499999999995003e-03 -3.311250000000001692e-03 3.311499999999995003e-03 3.820055376655646029e+01
4.867549999999999932e-01 1.728480000000000016e-01 6.622500000000003384e-03 3.311499999999995003e-03 -1.655749999999997502e-03 -1.655749999999997502e-03 -1.350527245373617724e+01
4.933770000000000100e-01 1.728480000000000016e-01 6.622500000000003384e-03 0.000000000000000000e+00 2.500000000071889161e-07 -1.655749999999997502e-03 -3.775294451448651500e+01
5.000000000000000000e-01 1.728480000000000016e-01 6.623000000000017762e-03 0.000000000000000000e+00 -1.387778780781445676e-17 0.000000000000000000e+00 0.000000000000000000e+00
5.066230000000000455e-01 1.728480000000000016e-01 6.622499999999975628e-03 0.000000000000000000e+00 -2.500000000210667039e-07 -1.655749999999997502e-03 -3.775294451448684185e+01
5.132449999999999513e-01 1.728480000000000016e-01 6.622499999999975628e-03 -3.311499999999995003e-03 1.655750000000011379e-03 -3.311250000000001692e-03 -4.051377821392589595e+01
5.198679999999999968e-01 1.662250000000000116e-01 9.933999999999998387e-03 -6.622500000000003384e-03 3.311250000000015570e-03 2.499999999933111283e-07 1.288693025640873913e+01
5.331129999999999480e-01 1.596029999999999949e-01 1.324500000000000677e-02 -3.311000000000008381e-03 8.278000000000007574e-03 1.655500000000004190e-03 1.938726348755519879e+01
5.463580000000000103e-01 1.596029999999999949e-01 2.649000000000001354e-02 -3.311499999999995003e-03 6.622500000000003384e-03 -2.499999999933111283e-07 1.152306726091162137e+00
5.860929999999999751e-01 1.529800000000000049e-01 2.649000000000001354e-02 -3.311499999999995003e-03 -6.622500000000003384e-03 3.311499999999995003e-03 3.457964407295742504e+00
5.993380000000000374e-01 1.529800000000000049e-01 1.324500000000000677e-02 3.311499999999995003e-03 -6.622500000000003384e-03 6.622749999999996695e-03 4.308722585775004177e+01
6.125829999999999886e-01 1.596029999999999949e-01 1.324500000000000677e-02 9.933999999999998387e-03 -1.655750000000011379e-03 4.966750000000005882e-03 1.811955280789446476e+01
6.258280000000000509e-01 1.728480000000000016e-01 9.933499999999984009e-03 1.324500000000000677e-02 -4.967000000000026949e-03 1.655499999999997252e-03 1.812053781601983715e+01
6.324499999999999567e-01 1.860930000000000084e-01 3.310999999999952870e-03 1.324499999999999289e-02 -6.622249999999968439e-03 1.655499999999997252e-03 3.662183236913682549e+01
6.324499999999999567e-01 1.993379999999999874e-01 -3.310999999999952870e-03 1.655600000000000127e-02 -6.622249999999968439e-03 1.655500000000004190e-03 2.164081453241590225e+01
6.258280000000000509e-01 2.192050000000000110e-01 -9.933499999999984009e-03 1.655600000000000127e-02 -6.622750000000038328e-03 -1.655500000000004190e-03 1.751916852007243008e+01
6.125829999999999886e-01 2.324499999999999900e-01 -1.655650000000002953e-02 1.324499999999999289e-02 -9.933999999999998387e-03 -1.655499999999997252e-03 1.667987425681474534e+01
5.927149999999999919e-01 2.456949999999999967e-01 -2.980149999999998078e-02 1.324500000000000677e-02 -4.966749999999992005e-03 -1.655499999999997252e-03 3.319035229460340020e+00
5.529800000000000271e-01 2.589400000000000035e-01 -2.649000000000001354e-02 9.933999999999998387e-03 8.278249999999987008e-03 -3.311250000000001692e-03 2.419509346090464863e-01
5.397349999999999648e-01 2.655629999999999935e-01 -1.324500000000000677e-02 6.622500000000003384e-03 4.967000000000026949e-03 -3.311499999999995003e-03 3.377235859815503449e+00
5.264900000000000135e-01 2.721850000000000103e-01 -1.655599999999995964e-02 3.311000000000008381e-03 0.000000000000000000e+00 -3.311250000000001692e-03 1.139027353166778234e+01
5.066230000000000455e-01 2.721850000000000103e-01 -1.324500000000000677e-02 0.000000000000000000e+00 4.966499999999970938e-03 2.499999999933111283e-07 -1.425069625301089932e-03
5.000000000000000000e-01 2.721850000000000103e-01 -6.623000000000017762e-03 3.311499999999995003e-03 3.311250000000001692e-03 1.655749999999997502e-03 -5.401741983017294046e+01
4.933770000000000100e-01 2.788080000000000003e-01 -6.622500000000003384e-03 3.311499999999995003e-03 3.311500000000008881e-03 -1.655749999999997502e-03 -2.039455218080788584e-03
4.867549999999999932e-01 2.788080000000000003e-01 0.000000000000000000e+00 0.000000000000000000e+00 6.622500000000003384e-03 -1.655749999999997502e-03 0.000000000000000000e+00
4.933770000000000100e-01 2.788080000000000003e-01 6.622500000000003384e-03 0.000000000000000000e+00 3.311500000000008881e-03 0.000000000000000000e+00 0.000000000000000000e+00
5.000000000000000000e-01 2.788080000000000003e-01 6.623000000000017762e-03 0.000000000000000000e+00 3.311250000000001692e-03 0.000000000000000000e+00 0.000000000000000000e+00
5.066230000000000455e-01 2.788080000000000003e-01 1.324500000000000677e-02 0.000000000000000000e+00 6.622249999999982317e-03 0.000000000000000000e+00 0.000000000000000000e+00
5.264900000000000135e-01 2.788080000000000003e-01 1.986749999999998240e-02 0.000000000000000000e+00 4.966999999999999194e-03 0.000000000000000000e+00 0.000000000000000000e+00
5.463580000000000103e-01 2.788080000000000003e-01 2.317900000000000515e-02 0.000000000000000000e+00 1.324500000000000677e-02 0.000000000000000000e+00 0.000000000000000000e+00
5.728480000000000238e-01 2.788080000000000003e-01 4.635749999999999593e-02 0.000000000000000000e+00 1.324474999999999958e-02 0.000000000000000000e+00 0.000000000000000000e+00
6.390730000000000022e-01 2.788080000000000003e-01 4.966850000000000431e-02 0.000000000000000000e+00 -6.622500000000003384e-03 0.000000000000000000e+00 0.000000000000000000e+00
6.721850000000000325e-01 2.788080000000000003e-01 3.311249999999998916e-02 0.000000000000000000e+00 -9.933500000000011765e-03 0.000000000000000000e+00 0.000000000000000000e+00
7.052979999999999805e-01 2.788080000000000003e-01 2.980149999999998078e-02 0.000000000000000000e+00 0.000000000000000000e+00 -3.311250000000001692e-03 -3.728341829029910404e+00
7.317879999999999940e-01 2.788080000000000003e-01 3.311249999999998916e-02 -6.622500000000003384e-03 -1.655749999999983624e-03 -3.311250000000001692e-03 -3.132230294922968117e+00
7.715229999999999588e-01 2.655629999999999935e-01 2.649000000000001354e-02 -6.622500000000003384e-03 -9.933749999999991198e-03 0.000000000000000000e+00 -3.231438612168842539e+00
7.847680000000000211e-01 2.655629999999999935e-01 1.324500000000000677e-02 -6.622500000000003384e-03 -9.933750000000018954e-03 -3.311249999999994753e-03 -3.376471087202398280e+01
7.980129999999999724e-01 2.523179999999999867e-01 6.622499999999975628e-03 -1.324499999999999289e-02 -6.622500000000003384e-03 -1.655749999999997502e-03 -3.038849470902609085e+01
7.980129999999999724e-01 2.390730000000000077e-01 0.000000000000000000e+00 -9.933999999999998387e-03 -8.277999999999979819e-03 1.655499999999997252e-03 -8.388360967770800869e+01
7.980129999999999724e-01 2.324499999999999900e-01 -9.933499999999984009e-03 -9.933999999999998387e-03 -8.277999999999979819e-03 1.655750000000004440e-03 -3.559172738276056691e+01
7.781460000000000043e-01 2.192050000000000110e-01 -1.655599999999995964e-02 -6.622499999999989506e-03 -3.311500000000022759e-03 4.966999999999999194e-03 -1.837223329202441491e+01
7.649010000000000531e-01 2.192050000000000110e-01 -1.655650000000002953e-02 0.000000000000000000e+00 1.655499999999976435e-03 6.622499999999989506e-03 -2.415933078102865750e+01
7.450329999999999453e-01 2.192050000000000110e-01 -1.324500000000000677e-02 6.622499999999989506e-03 6.622750000000038328e-03 4.966999999999999194e-03 -3.376573056884163293e+01
7.384110000000000396e-01 2.324499999999999900e-01 -3.310999999999952870e-03 9.933999999999998387e-03 6.622500000000003384e-03 6.938893903907228378e-18 -5.729946073321040245e+01
7.384110000000000396e-01 2.390730000000000077e-01 0.000000000000000000e+00 6.622500000000003384e-03 3.310999999999952870e-03 -3.311500000000001942e-03 -7.549448847196936185e+01
7.384110000000000396e-01 2.456949999999999967e-01 3.310999999999952870e-03 3.310999999999994503e-03 3.311249999999987814e-03 -1.655500000000004190e-03 -1.601802419973263056e+02
7.450329999999999453e-01 2.456949999999999967e-01 6.622499999999975628e-03 3.311499999999995003e-03 1.656000000000046324e-03 1.655999999999997752e-03 1.350731160101857142e+01
7.516559999999999908e-01 2.523179999999999867e-01 6.623000000000045517e-03 6.622999999999990006e-03 5.000000000698889835e-07 3.311499999999995003e-03 2.668730242550357090e+01
