4.602649999999999797e-01 2.788080000000000003e-01 -6.622999999999990006e-03 0.000000000000000000e+00 -3.311000000000008381e-03 0.000000000000000000e+00 0.000000000000000000e+00
4.536419999999999897e-01 2.788080000000000003e-01 -9.933999999999998387e-03 0.000000000000000000e+00 -3.311000000000008381e-03 -1.655749999999997502e-03 1.677824193330093649e+01
4.403969999999999829e-01 2.788080000000000003e-01 -1.324500000000000677e-02 -3.311499999999995003e-03 -1.655499999999990313e-03 -4.966999999999999194e-03 2.369755135102005994e+01
4.271519999999999762e-01 2.721850000000000103e-01 -1.324499999999997901e-02 -9.933999999999998387e-03 1.387778780781445676e-17 -6.622250000000003134e-03 1.932679337192582025e+01
4.139070000000000249e-01 2.589400000000000035e-01 -1.324499999999997901e-02 -1.655600000000000127e-02 -1.387778780781445676e-17 -6.622250000000003134e-03 9.202754397329194092e+00
4.006620000000000181e-01 2.390730000000000077e-01 -1.324500000000000677e-02 -2.317850000000000465e-02 1.655749999999983624e-03 -3.311500000000001942e-03 4.322554251679698645e+00
3.874170000000000114e-01 2.125829999999999942e-01 -9.933500000000011765e-03 -2.317900000000000515e-02 4.966999999999999194e-03 3.311000000000001442e-03 5.128139879813000235e+00
3.807949999999999946e-01 1.927149999999999974e-01 -3.311000000000008381e-03 -1.655650000000000177e-02 6.622250000000010073e-03 4.967000000000006132e-03 1.936172660675010704e+01
3.807949999999999946e-01 1.794699999999999906e-01 3.311000000000008381e-03 -1.324499999999999289e-02 4.966750000000005882e-03 1.655750000000004440e-03 2.800552381368832755e+01
3.874170000000000114e-01 1.662250000000000116e-01 6.622500000000003384e-03 -1.324499999999999289e-02 3.311499999999995003e-03 3.311249999999994753e-03 2.025984622003196378e+01
3.940400000000000014e-01 1.529800000000000049e-01 9.933999999999998387e-03 -6.622500000000003384e-03 3.311250000000001692e-03 4.966999999999992255e-03 4.187923984506199560e+01
4.072850000000000081e-01 1.529800000000000049e-01 1.324500000000000677e-02 -3.311000000000008381e-03 -2.500000000071889161e-07 1.655749999999997502e-03 8.617609768652183533e+00
4.205300000000000149e-01 1.463579999999999881e-01 9.933499999999984009e-03 -3.311000000000008381e-03 -1.655750000000011379e-03 4.966750000000005882e-03 3.820170755246085292e+01
4.271519999999999762e-01 1.463579999999999881e-01 9.933499999999984009e-03 6.622500000000003384e-03 2.500000000071889161e-07 6.622250000000010073e-03 3.865704879916314241e+01
4.403969999999999829e-01 1.596029999999999949e-01 9.933999999999998387e-03 9.933500000000011765e-03 -1.655499999999990313e-03 0.000000000000000000e+00 5.931257913659661263e+00
4.470199999999999729e-01 1.662250000000000116e-01 6.622500000000003384e-03 6.622500000000003384e-03 -1.655749999999997502e-03 -3.311000000000008381e-03 -1.334365083239359073e+01
4.536419999999999897e-01 1.728480000000000016e-01 6.622500000000003384e-03 3.311499999999995003e-03 0.000000000000000000e+00 -4.966999999999999194e-03 -8.103367448557030173e+01
4.602649999999999797e-01 1.728480000000000016e-01 6.622500000000003384e-03 -3.311499999999995003e-03 0.000000000000000000e+00 -4.966999999999999194e-03 -8.103367448557030173e+01
4.668869999999999965e-01 1.662250000000000116e-01 6.622500000000003384e-03 -6.622500000000003384e-03 1.655749999999997502e-03 2.499999999933111283e-07 1.334969689076787169e+01
4.735099999999999865e-01 1.596029999999999949e-01 9.933999999999998387e-03 -3.311000000000008381e-03 4.967000000000013071e-03 3.311250000000001692e-03 4.297351401988246522e+01
4.867549999999999932e-01 1.596029999999999949e-01 1.655650000000002953e-02 0.000000000000000000e+00 3.311250000000001692e-03 1.655500000000004190e-03 6.039376686748676448e+00
5.066230000000000455e-01 1.596029999999999949e-01 1.655650000000000177e-02 0.000000000000000000e+00 1.655499999999976435e-03 1.655500000000004190e-03 6.039376686748696876e+00
5.198679999999999968e-01 1.596029999999999949e-01 1.986749999999998240e-02 3.311000000000008381e-03 -2.499999999933111283e-07 3.311250000000001692e-03 8.051277877619440915e+00
5.463580000000000103e-01 1.662250000000000116e-01 1.655600000000001515e-02 6.622500000000003384e-03 -8.278249999999987008e-03 3.311499999999995003e-03 1.933946189547073757e+01
5.529800000000000271e-01 1.728480000000000016e-01 3.311000000000008381e-03 9.933999999999998387e-03 -8.278000000000007574e-03 3.311249999999994753e-03 8.117219317286047442e+01
5.529800000000000271e-01 1.860930000000000084e-01 0.000000000000000000e+00 1.324499999999999289e-02 -3.311000000000008381e-03 1.655499999999997252e-03 1.887362211799269929e+01
5.529800000000000271e-01 1.993379999999999874e-01 -3.311000000000008381e-03 1.324499999999999289e-02 -6.622500000000003384e-03 6.938893903907228378e-18 3.446913776316345945e+01
5.463580000000000103e-01 2.125829999999999942e-01 -1.324500000000000677e-02 1.324500000000000677e-02 -6.622750000000010573e-03 6.938893903907228378e-18 1.334717769977860158e+01
5.264900000000000135e-01 2.258280000000000010e-01 -1.655650000000002953e-02 1.324500000000000677e-02 -1.655749999999997502e-03 -6.938893903907228378e-18 2.300822052586084077e+00
5.132449999999999513e-01 2.390730000000000077e-01 -1.655650000000000177e-02 1.324499999999999289e-02 2.775557561562891351e-17 -1.655750000000004440e-03 2.876070993857387403e+00
4.933770000000000100e-01 2.523179999999999867e-01 -1.655649999999997402e-02 9.933499999999997887e-03 2.499999999933111283e-07 -3.311249999999994753e-03 7.616242360214563689e+00
4.801320000000000032e-01 2.589400000000000035e-01 -1.655600000000001515e-02 6.622500000000003384e-03 1.655749999999983624e-03 -3.311000000000001442e-03 7.734470703505818889e+00
4.602649999999999797e-01 2.655629999999999935e-01 -1.324500000000000677e-02 3.311499999999995003e-03 3.311000000000008381e-03 -1.655749999999997502e-03 4.309178022820460363e+00
4.536419999999999897e-01 2.655629999999999935e-01 -9.933999999999998387e-03 3.311000000000008381e-03 0.000000000000000000e+00 -2.499999999933111283e-07 2.163060050270932018e-03
4.403969999999999829e-01 2.721850000000000103e-01 -1.324500000000000677e-02 3.311000000000008381e-03 2.500000000071889161e-07 -1.655500000000004190e-03 8.616308555448625839e+00
4.271519999999999762e-01 2.721850000000000103e-01 -9.933499999999984009e-03 0.000000000000000000e+00 4.967000000000013071e-03 2.499999999933111283e-07 -2.533584634120438633e-03
4.205300000000000149e-01 2.721850000000000103e-01 -3.310999999999980625e-03 3.311499999999995003e-03 3.310999999999994503e-03 1.655749999999997502e-03 -1.601600840565771477e+02
4.205300000000000149e-01 2.788080000000000003e-01 -3.311499999999995003e-03 3.311499999999995003e-03 1.655499999999990313e-03 -1.655749999999997502e-03 8.060194027872096684e-03
4.139070000000000249e-01 2.788080000000000003e-01 0.000000000000000000e+00 0.000000000000000000e+00 4.966999999999985316e-03 -1.655749999999997502e-03 0.000000000000000000e+00
4.205300000000000149e-01 2.788080000000000003e-01 6.622499999999975628e-03 0.000000000000000000e+00 4.966749999999992005e-03 1.655500000000004190e-03 3.774724423598564016e+01
4.271519999999999762e-01 2.788080000000000003e-01 9.933499999999984009e-03 3.311000000000008381e-03 6.622500000000017262e-03 1.655500000000004190e-03 -4.775483822479735352e+00
4.403969999999999829e-01 2.854300000000000170e-01 1.986750000000001015e-02 3.311000000000008381e-03 8.278250000000014763e-03 2.499999999933111283e-07 -3.353846415031065842e+00
4.668869999999999965e-01 2.854300000000000170e-01 2.649000000000001354e-02 3.311499999999995003e-03 4.966999999999999194e-03 1.655749999999997502e-03 1.440796746626106462e+00
4.933770000000000100e-01 2.920530000000000070e-01 2.980150000000000854e-02 6.622500000000003384e-03 3.311499999999981125e-03 1.655500000000004190e-03 9.632311779501691040e-01
5.264900000000000135e-01 2.986750000000000238e-01 3.311299999999997579e-02 6.622500000000003384e-03 9.933750000000005076e-03 1.655749999999997502e-03 -2.846048652852243843e-01
5.596029999999999616e-01 3.052980000000000138e-01 4.966900000000001869e-02 9.933999999999998387e-03 6.622250000000010073e-03 0.000000000000000000e+00 -5.062003730463621176e-01
6.258280000000000509e-01 3.185430000000000206e-01 4.635749999999999593e-02 6.622500000000003384e-03 -1.490075000000001815e-02 -4.966999999999999194e-03 -1.281329059178744512e+00
6.523179999999999534e-01 3.185430000000000206e-01 1.986749999999998240e-02 0.000000000000000000e+00 -1.324499999999997901e-02 -4.966750000000005882e-03 -1.258304810960638775e+01
6.655630000000000157e-01 3.185430000000000206e-01 1.986750000000003791e-02 -3.311000000000008381e-03 -1.655749999999983624e-03 -4.966999999999999194e-03 -1.274800017161388155e+01
6.920530000000000292e-01 3.119210000000000038e-01 1.655600000000001515e-02 -9.933999999999998387e-03 -8.278250000000014763e-03 -4.967249999999992505e-03 -2.285117610027860735e+01
6.986750000000000460e-01 2.986750000000000238e-01 3.311000000000008381e-03 -1.324549999999999339e-02 -9.933500000000011765e-03 -1.655500000000004190e-03 -5.385261269079594371e+01
6.986750000000000460e-01 2.854300000000000170e-01 -3.311000000000008381e-03 -1.324500000000000677e-02 -8.278000000000007574e-03 2.499999999933111283e-07 -4.308609687609290972e+01
6.920530000000000292e-01 2.721850000000000103e-01 -1.324500000000000677e-02 -1.324500000000000677e-02 -6.622750000000010573e-03 1.655749999999997502e-03 -1.668409808427272623e+01
6.721850000000000325e-01 2.589400000000000035e-01 -1.655650000000002953e-02 -9.933500000000011765e-03 1.655749999999983624e-03 4.966999999999999194e-03 -9.140111879230451208e+00
6.589399999999999702e-01 2.523179999999999867e-01 -9.933500000000039520e-03 -3.311000000000008381e-03 3.311500000000022759e-03 4.966750000000005882e-03 -3.342622372998088309e+01
6.523179999999999534e-01 2.523179999999999867e-01 -9.933499999999984009e-03 0.000000000000000000e+00 -2.499999999794333405e-07 4.966750000000005882e-03 -5.033472592741755136e+01
6.390730000000000022e-01 2.523179999999999867e-01 -9.933999999999998387e-03 6.622500000000003384e-03 3.310999999999980625e-03 6.622500000000003384e-03 -5.154188374580619580e+01
6.324499999999999567e-01 2.655629999999999935e-01 -3.311500000000022759e-03 1.324500000000000677e-02 4.966999999999999194e-03 3.311250000000001692e-03 -3.016066774686589014e+01
6.324499999999999567e-01 2.788080000000000003e-01 0.000000000000000000e+00 1.324500000000000677e-02 1.655750000000011379e-03 -1.655749999999997502e-03 -9.438236128621708687e+00
6.324499999999999567e-01 2.920530000000000070e-01 0.000000000000000000e+00 9.933500000000011765e-03 0.000000000000000000e+00 -3.311499999999995003e-03 -0.000000000000000000e+00
6.324499999999999567e-01 2.986750000000000238e-01 0.000000000000000000e+00 6.622000000000016762e-03 0.000000000000000000e+00 -3.311499999999995003e-03 -0.000000000000000000e+00
