5.927149999999999919e-01 2.390730000000000077e-01 0.000000000000000000e+00 6.621999999999989006e-03 -9.933499999999984009e-03 -3.310999999999994503e-03 2.265290706568199823e+02
5.927149999999999919e-01 2.456949999999999967e-01 -9.933499999999984009e-03 3.310999999999994503e-03 -8.278000000000007574e-03 -3.310999999999994503e-03 5.252527472932995067e+01
5.728480000000000238e-01 2.456949999999999967e-01 -1.655600000000001515e-02 0.000000000000000000e+00 -4.967000000000026949e-03 -6.622249999999996195e-03 2.415987798022108279e+01
5.596029999999999616e-01 2.456949999999999967e-01 -1.986750000000003791e-02 -9.933499999999997887e-03 -1.655749999999983624e-03 -9.933749999999998137e-03 1.650736570971368167e+01
5.331129999999999480e-01 2.258280000000000010e-01 -1.986749999999998240e-02 -1.986749999999999627e-02 3.311250000000043325e-03 -3.311500000000001942e-03 5.932078977679429599e+00
5.198679999999999968e-01 2.059600000000000042e-01 -1.324499999999995126e-02 -1.655650000000000177e-02 4.966749999999992005e-03 1.655749999999997502e-03 6.326522418947278403e+00
5.066230000000000455e-01 1.927149999999999974e-01 -9.933999999999998387e-03 -1.655600000000000127e-02 4.966749999999964249e-03 -1.655499999999997252e-03 1.370944053244211602e+01
5.000000000000000000e-01 1.728480000000000016e-01 -3.311500000000022759e-03 -1.986749999999999627e-02 6.622750000000010573e-03 -2.500000000002500222e-07 1.610286517964998865e+01
5.000000000000000000e-01 1.529800000000000049e-01 3.311500000000022759e-03 -1.655650000000000177e-02 6.622750000000010573e-03 4.966999999999999194e-03 2.619683397217772836e+01
5.066230000000000455e-01 1.397349999999999981e-01 9.933999999999998387e-03 -9.933499999999997887e-03 4.966749999999964249e-03 4.966999999999999194e-03 3.559113028627744058e+01
5.198679999999999968e-01 1.331130000000000091e-01 1.324499999999995126e-02 -6.622500000000003384e-03 1.655500000000004190e-03 3.310999999999994503e-03 1.688108081499011348e+01
5.331129999999999480e-01 1.264899999999999913e-01 1.324500000000000677e-02 -3.311500000000008881e-03 2.775557561562891351e-17 4.967000000000006132e-03 2.585181504323789881e+01
5.463580000000000103e-01 1.264899999999999913e-01 1.324500000000000677e-02 3.311500000000008881e-03 -1.655750000000011379e-03 4.967000000000006132e-03 2.800640405464812233e+01
5.596029999999999616e-01 1.331130000000000091e-01 9.933499999999984009e-03 6.622500000000003384e-03 -3.311249999999987814e-03 1.655499999999990313e-03 2.255095862686162533e+01
5.662249999999999783e-01 1.397349999999999981e-01 6.622500000000031140e-03 6.622499999999989506e-03 -1.655499999999976435e-03 -1.655500000000004190e-03 -3.072597502381659703e-13
5.728480000000000238e-01 1.463579999999999881e-01 6.622500000000031140e-03 3.311499999999995003e-03 -2.775557561562891351e-17 -1.655749999999990563e-03 -2.701258436268982877e+01
5.794700000000000406e-01 1.463579999999999881e-01 6.622499999999975628e-03 3.311000000000008381e-03 -2.775557561562891351e-17 -2.499999999933111283e-07 -4.078972039498132349e-03
5.860929999999999751e-01 1.529800000000000049e-01 6.622499999999975628e-03 3.311000000000008381e-03 2.775557561562891351e-17 -3.311000000000008381e-03 -5.402190569555760646e+01
5.927149999999999919e-01 1.529800000000000049e-01 6.622500000000031140e-03 -3.311000000000008381e-03 2.775557561562891351e-17 -3.311000000000008381e-03 -5.402190569555651223e+01
5.993380000000000374e-01 1.463579999999999881e-01 6.622500000000031140e-03 -3.311000000000008381e-03 1.655499999999976435e-03 -2.499999999933111283e-07 1.350037778583003600e+01
6.059600000000000541e-01 1.463579999999999881e-01 9.933499999999984009e-03 -3.311499999999995003e-03 4.966999999999971438e-03 -1.655749999999990563e-03 7.211216381205850416e-04
6.192050000000000054e-01 1.397349999999999981e-01 1.655649999999997402e-02 -6.622499999999989506e-03 1.655750000000011379e-03 2.500000000002500222e-07 1.934598139457161636e+00
6.390730000000000022e-01 1.331130000000000091e-01 1.324500000000000677e-02 -3.310999999999994503e-03 -4.966999999999999194e-03 3.311249999999994753e-03 1.077193086656968291e+01
6.456950000000000189e-01 1.331130000000000091e-01 6.622499999999975628e-03 0.000000000000000000e+00 -3.311250000000015570e-03 3.310999999999994503e-03 7.549448847197095347e+01
6.523179999999999534e-01 1.331130000000000091e-01 6.622499999999975628e-03 3.310999999999994503e-03 -1.655749999999983624e-03 4.966749999999998944e-03 9.454343360528427809e+01
6.589399999999999702e-01 1.397349999999999981e-01 3.311000000000008381e-03 9.933499999999997887e-03 -4.966749999999992005e-03 4.967000000000006132e-03 5.730292179695837262e+01
6.589399999999999702e-01 1.529800000000000049e-01 -3.311000000000008381e-03 1.324500000000000677e-02 -6.622249999999996195e-03 1.655749999999997502e-03 3.231351545204228870e+01
6.523179999999999534e-01 1.662250000000000116e-01 -9.933499999999984009e-03 1.324499999999999289e-02 -6.622749999999982817e-03 1.655749999999990563e-03 1.570501334974522045e+01
6.390730000000000022e-01 1.794699999999999906e-01 -1.655649999999997402e-02 1.655649999999998789e-02 -3.311499999999995003e-03 1.655750000000004440e-03 2.135564551378612563e+00
6.192050000000000054e-01 1.993379999999999874e-01 -1.655649999999997402e-02 1.655650000000000177e-02 2.499999999794333405e-07 -1.655749999999990563e-03 2.135242104669984542e+00
6.059600000000000541e-01 2.125829999999999942e-01 -1.655600000000001515e-02 1.324500000000000677e-02 2.499999999794333405e-07 -3.311500000000001942e-03 5.751938627999547471e+00
5.860929999999999751e-01 2.258280000000000010e-01 -1.655600000000001515e-02 9.933499999999997887e-03 -2.499999999794333405e-07 -1.655750000000004440e-03 3.809064963371050272e+00
5.728480000000000238e-01 2.324499999999999900e-01 -1.655649999999997402e-02 9.933499999999997887e-03 3.311000000000008381e-03 2.500000000002500222e-07 -4.569998448129908297e+00
5.529800000000000271e-01 2.456949999999999967e-01 -9.933999999999998387e-03 9.933999999999998387e-03 1.158949999999997482e-02 -1.655499999999997252e-03 -3.559023460773837400e+01
5.529800000000000271e-01 2.523179999999999867e-01 6.622499999999975628e-03 6.622500000000003384e-03 1.158950000000000258e-02 -1.655749999999997502e-03 -1.067754062454379067e+02
5.662249999999999783e-01 2.589400000000000035e-01 1.324500000000000677e-02 6.622500000000003384e-03 6.622500000000031140e-03 -1.655500000000004190e-03 -2.025831667480566978e+01
5.794700000000000406e-01 2.655629999999999935e-01 1.986750000000003791e-02 3.311499999999995003e-03 6.622499999999975628e-03 -1.655749999999997502e-03 -6.709738216774288944e+00
6.059600000000000541e-01 2.655629999999999935e-01 2.648999999999995802e-02 3.311000000000008381e-03 3.311249999999960059e-03 -2.499999999933111283e-07 -5.765924768735918304e-01
6.324499999999999567e-01 2.721850000000000103e-01 2.648999999999995802e-02 3.311000000000008381e-03 1.655750000000039135e-03 -1.655500000000004190e-03 -2.593121544761949337e+00
6.589399999999999702e-01 2.721850000000000103e-01 2.980150000000003629e-02 0.000000000000000000e+00 1.655750000000039135e-03 -1.655500000000004190e-03 -1.864030169259043079e+00
6.920530000000000292e-01 2.721850000000000103e-01 2.980150000000003629e-02 0.000000000000000000e+00 3.311249999999987814e-03 -3.311250000000001692e-03 -3.728341829029896637e+00
7.185430000000000428e-01 2.721850000000000103e-01 3.642400000000001192e-02 -6.622500000000003384e-03 -1.655750000000039135e-03 -6.622500000000003384e-03 -4.970115320553882832e+00
7.649010000000000531e-01 2.589400000000000035e-01 2.648999999999995802e-02 -1.324500000000000677e-02 -1.490075000000001815e-02 -3.311250000000001692e-03 -1.097359476445894977e+01
7.715229999999999588e-01 2.456949999999999967e-01 6.622499999999975628e-03 -1.324500000000000677e-02 -1.490049999999995545e-02 6.938893903907228378e-18 -6.077596972123431129e+01
7.781460000000000043e-01 2.324499999999999900e-01 -3.310999999999952870e-03 -1.324499999999999289e-02 -8.278249999999987008e-03 1.655750000000004440e-03 -4.524139390847365405e+01
7.649010000000000531e-01 2.192050000000000110e-01 -9.933999999999998387e-03 -9.933499999999997887e-03 -1.655750000000039135e-03 3.311249999999994753e-03 -1.779616226216403163e+01
7.582780000000000076e-01 2.125829999999999942e-01 -6.622500000000031140e-03 -6.622500000000003384e-03 2.500000000071889161e-07 3.311000000000001442e-03 -2.668931701757838226e+01
7.516559999999999908e-01 2.059600000000000042e-01 -9.933499999999984009e-03 -3.311499999999995003e-03 2.775557561562891351e-17 4.966999999999999194e-03 -4.297740760636015978e+01
7.384110000000000396e-01 2.059600000000000042e-01 -6.622499999999975628e-03 3.311499999999995003e-03 3.310999999999980625e-03 6.622749999999996695e-03 -1.350568037557336538e+02
7.384110000000000396e-01 2.125829999999999942e-01 -3.311500000000022759e-03 9.933999999999998387e-03 1.655499999999976435e-03 4.966750000000005882e-03 -2.864771159511291998e+01
7.317879999999999940e-01 2.258280000000000010e-01 -3.311500000000022759e-03 1.324500000000000677e-02 3.311500000000022759e-03 1.655499999999997252e-03 -1.938967450673012394e+01
7.317879999999999940e-01 2.390730000000000077e-01 3.311500000000022759e-03 1.324499999999999289e-02 4.967250000000034138e-03 -1.387778780781445676e-17 -2.585311622176852708e+01
7.384110000000000396e-01 2.523179999999999867e-01 6.623000000000045517e-03 1.324499999999997901e-02 3.311500000000022759e-03 -1.387778780781445676e-17 -1.350629218134527854e+01
