5.198679999999999968e-01 3.450329999999999786e-01 6.622000000000016762e-03 0.000000000000000000e+00 4.999999999588666810e-07 3.311500000000022759e-03 7.551729173806405981e+01
5.264900000000000135e-01 3.450329999999999786e-01 6.622499999999975628e-03 3.311500000000022759e-03 -1.655250000000024757e-03 3.311250000000001692e-03 6.752432312139853821e+01
5.331129999999999480e-01 3.516560000000000241e-01 3.311499999999967248e-03 6.622500000000003384e-03 -4.966999999999971438e-03 -2.500000000210667039e-07 8.103163503035207782e+01
5.331129999999999480e-01 3.582779999999999854e-01 -3.311499999999967248e-03 3.310999999999980625e-03 -4.966999999999971438e-03 -3.311250000000001692e-03 2.669334746449064824e+02
5.264900000000000135e-01 3.582779999999999854e-01 -6.622499999999975628e-03 0.000000000000000000e+00 -1.655500000000031946e-03 -1.655499999999990313e-03 3.774724423598532042e+01
5.198679999999999968e-01 3.582779999999999854e-01 -6.622500000000031140e-03 0.000000000000000000e+00 0.000000000000000000e+00 0.000000000000000000e+00 -0.000000000000000000e+00
5.132449999999999513e-01 3.582779999999999854e-01 -6.622499999999975628e-03 0.000000000000000000e+00 2.775557561562891351e-17 -1.655499999999990313e-03 3.774724423598532042e+01
5.066230000000000455e-01 3.582779999999999854e-01 -6.622499999999975628e-03 -3.310999999999980625e-03 -1.655750000000025257e-03 -3.311250000000001692e-03 4.051948857768864087e+01
5.000000000000000000e-01 3.516560000000000241e-01 -9.934000000000026143e-03 -6.622500000000003384e-03 -1.655750000000011379e-03 -1.655750000000011379e-03 3.221854180219529518e+00
4.867549999999999932e-01 3.450329999999999786e-01 -9.933999999999998387e-03 -6.622500000000003384e-03 1.655750000000011379e-03 1.387778780781445676e-17 6.443221895969668545e+00
4.801320000000000032e-01 3.384110000000000174e-01 -6.622500000000003384e-03 -6.622499999999975628e-03 1.655749999999997502e-03 -1.655749999999997502e-03 2.669536307595300784e+01
4.735099999999999865e-01 3.317880000000000273e-01 -6.622500000000003384e-03 -9.933999999999998387e-03 0.000000000000000000e+00 -3.311250000000015570e-03 1.288547093645163066e+01
4.668869999999999965e-01 3.185430000000000206e-01 -6.622500000000003384e-03 -1.324500000000000677e-02 1.655749999999997502e-03 -1.655500000000004190e-03 1.012966818581158179e+01
4.602649999999999797e-01 3.052980000000000138e-01 -3.311000000000008381e-03 -1.324500000000000677e-02 1.655500000000004190e-03 -1.655749999999997502e-03 1.077095493210655519e+01
4.602649999999999797e-01 2.920530000000000070e-01 -3.311499999999995003e-03 -1.655650000000000177e-02 -2.499999999933111283e-07 -1.655749999999997502e-03 1.138237565538644525e+00
4.536419999999999897e-01 2.721850000000000103e-01 -3.311499999999995003e-03 -1.655650000000000177e-02 2.499999999933111283e-07 1.655749999999997502e-03 -1.138237565538644525e+00
4.536419999999999897e-01 2.589400000000000035e-01 -3.311000000000008381e-03 -1.324500000000000677e-02 2.499999999933111283e-07 2.500000000002500222e-07 9.759344631197985030e-04
4.470199999999999729e-01 2.456949999999999967e-01 -3.311000000000008381e-03 -1.655600000000000127e-02 1.655500000000004190e-03 -1.655499999999997252e-03 6.833579345051023601e+00
4.470199999999999729e-01 2.258280000000000010e-01 0.000000000000000000e+00 -1.655600000000000127e-02 1.655500000000004190e-03 -2.500000000002500222e-07 6.039741477029134664e+00
4.470199999999999729e-01 2.125829999999999942e-01 0.000000000000000000e+00 -1.655650000000000177e-02 1.655500000000004190e-03 -2.500000000002500222e-07 6.039376686748696876e+00
4.470199999999999729e-01 1.927149999999999974e-01 3.311000000000008381e-03 -1.655650000000000177e-02 3.311250000000001692e-03 1.655750000000004440e-03 1.252857058241775867e+01
4.536419999999999897e-01 1.794699999999999906e-01 6.622500000000003384e-03 -1.324499999999999289e-02 2.499999999933111283e-07 3.311500000000001942e-03 6.754471719631153448e+00
4.602649999999999797e-01 1.662250000000000116e-01 3.311499999999995003e-03 -9.933499999999997887e-03 0.000000000000000000e+00 1.655749999999990563e-03 4.775988609260008566e+00
4.602649999999999797e-01 1.596029999999999949e-01 6.622500000000003384e-03 -9.933500000000011765e-03 3.311000000000008381e-03 1.655499999999997252e-03 2.577120371881939320e+01
4.735099999999999865e-01 1.463579999999999881e-01 9.933500000000011765e-03 -6.622500000000003384e-03 0.000000000000000000e+00 4.966750000000005882e-03 2.899388116703347507e+01
4.801320000000000032e-01 1.463579999999999881e-01 6.622500000000003384e-03 0.000000000000000000e+00 -1.655500000000004190e-03 3.311250000000001692e-03 7.550018875047183542e+01
4.867549999999999932e-01 1.463579999999999881e-01 6.622500000000003384e-03 0.000000000000000000e+00 0.000000000000000000e+00 1.655500000000004190e-03 3.774724423598531331e+01
4.933770000000000100e-01 1.463579999999999881e-01 6.622500000000003384e-03 3.311000000000008381e-03 -1.655500000000004190e-03 3.311250000000001692e-03 6.753044142546690409e+01
5.000000000000000000e-01 1.529800000000000049e-01 3.311499999999995003e-03 6.622500000000003384e-03 -3.311250000000001692e-03 3.311499999999995003e-03 8.103571394078826984e+01
5.000000000000000000e-01 1.596029999999999949e-01 0.000000000000000000e+00 9.933999999999998387e-03 -1.655749999999997502e-03 1.655499999999997252e-03 1.677824193330093649e+01
5.000000000000000000e-01 1.728480000000000016e-01 0.000000000000000000e+00 9.933499999999997887e-03 0.000000000000000000e+00 -1.655749999999997502e-03 -0.000000000000000000e+00
5.000000000000000000e-01 1.794699999999999906e-01 0.000000000000000000e+00 6.622500000000003384e-03 0.000000000000000000e+00 -1.655499999999997252e-03 -0.000000000000000000e+00
5.000000000000000000e-01 1.860930000000000084e-01 0.000000000000000000e+00 6.622500000000003384e-03 0.000000000000000000e+00 -6.938893903907228378e-18 -0.000000000000000000e+00
5.000000000000000000e-01 1.927149999999999974e-01 0.000000000000000000e+00 6.622499999999989506e-03 0.000000000000000000e+00 0.000000000000000000e+00 0.000000000000000000e+00
5.000000000000000000e-01 1.993379999999999874e-01 0.000000000000000000e+00 6.622500000000003384e-03 1.655750000000011379e-03 -1.655749999999990563e-03 -3.775294451448683475e+01
5.000000000000000000e-01 2.059600000000000042e-01 3.311500000000022759e-03 3.311000000000008381e-03 3.311249999999987814e-03 -3.311250000000001692e-03 -2.135467799593753000e+02
5.066230000000000455e-01 2.059600000000000042e-01 6.622499999999975628e-03 0.000000000000000000e+00 1.655499999999976435e-03 -1.655500000000004190e-03 -3.774724423598564016e+01
5.132449999999999513e-01 2.059600000000000042e-01 6.622499999999975628e-03 0.000000000000000000e+00 2.775557561562891351e-17 -1.655500000000004190e-03 -3.774724423598564016e+01
5.198679999999999968e-01 2.059600000000000042e-01 6.622500000000031140e-03 -3.311000000000008381e-03 1.655500000000004190e-03 -3.311250000000001692e-03 -4.052152790972647978e+01
5.264900000000000135e-01 1.993379999999999874e-01 9.933499999999984009e-03 -6.622500000000003384e-03 1.655749999999983624e-03 -2.499999999933111283e-07 6.442436098303935488e+00
5.397349999999999648e-01 1.927149999999999974e-01 9.933999999999998387e-03 -3.311499999999995003e-03 2.500000000071889161e-07 3.311250000000001692e-03 2.864915364240427564e+01
5.463580000000000103e-01 1.927149999999999974e-01 9.933999999999998387e-03 0.000000000000000000e+00 1.655500000000004190e-03 1.655749999999997502e-03 1.677824193330093649e+01
5.596029999999999616e-01 1.927149999999999974e-01 1.324500000000000677e-02 0.000000000000000000e+00 1.655500000000004190e-03 0.000000000000000000e+00 0.000000000000000000e+00
5.728480000000000238e-01 1.927149999999999974e-01 1.324500000000000677e-02 0.000000000000000000e+00 0.000000000000000000e+00 1.655749999999997502e-03 9.438236128621628751e+00
5.860929999999999751e-01 1.927149999999999974e-01 1.324500000000000677e-02 3.311499999999995003e-03 -1.655749999999983624e-03 1.655749999999997502e-03 1.077229441866630566e+01
5.993380000000000374e-01 1.993379999999999874e-01 9.933500000000039520e-03 3.311499999999995003e-03 -3.311250000000015570e-03 -2.499999999933111283e-07 9.549092949730429325e+00
6.059600000000000541e-01 1.993379999999999874e-01 6.622499999999975628e-03 3.311000000000008381e-03 -1.655500000000031946e-03 3.311000000000008381e-03 6.752636245342786481e+01
6.125829999999999886e-01 2.059600000000000042e-01 6.622499999999975628e-03 9.933500000000011765e-03 2.775557561562891351e-17 3.311499999999995003e-03 1.288779099473188872e+01
6.192050000000000054e-01 2.192050000000000110e-01 6.622500000000031140e-03 9.933999999999998387e-03 -1.655499999999976435e-03 2.499999999933111283e-07 9.664589611719694773e+00
6.258280000000000509e-01 2.258280000000000010e-01 3.311500000000022759e-03 9.933999999999998387e-03 -3.311250000000015570e-03 1.655499999999997252e-03 3.342305119979980077e+01
6.258280000000000509e-01 2.390730000000000077e-01 0.000000000000000000e+00 1.324499999999999289e-02 -1.655750000000011379e-03 1.655499999999997252e-03 9.438236128621730003e+00
6.258280000000000509e-01 2.523179999999999867e-01 0.000000000000000000e+00 1.324499999999999289e-02 -1.655750000000011379e-03 1.655500000000011129e-03 9.438236128621730003e+00
6.258280000000000509e-01 2.655629999999999935e-01 -3.311500000000022759e-03 1.655600000000001515e-02 -8.278250000000014763e-03 4.967000000000006132e-03 2.505819954740314870e+01
6.192050000000000054e-01 2.854300000000000170e-01 -1.655650000000002953e-02 2.317900000000000515e-02 -9.933499999999984009e-03 1.655999999999990813e-03 8.775966493428999371e+00
5.927149999999999919e-01 3.119210000000000038e-01 -2.317849999999999078e-02 1.986799999999999677e-02 2.500000000071889161e-07 -4.966999999999999194e-03 4.046230884725092736e+00
5.728480000000000238e-01 3.251660000000000106e-01 -1.655600000000001515e-02 1.324500000000000677e-02 -2.500000000071889161e-07 -1.656000000000004690e-03 2.876924706837943546e+00
5.596029999999999616e-01 3.384110000000000174e-01 -2.317900000000000515e-02 1.655599999999998739e-02 -3.311499999999995003e-03 -1.655750000000011379e-03 4.032808273569989055e+00
5.264900000000000135e-01 3.582779999999999854e-01 -2.317900000000000515e-02 9.933499999999984009e-03 4.966999999999999194e-03 -6.622249999999996195e-03 6.494797301156699731e+00
5.132449999999999513e-01 3.582779999999999854e-01 -1.324500000000000677e-02 3.311499999999995003e-03 4.967000000000013071e-03 -3.310999999999994503e-03 1.076936674241296465e+01
5.000000000000000000e-01 3.649009999999999754e-01 -1.324499999999997901e-02 3.311499999999995003e-03 -1.655749999999997502e-03 -1.655749999999997502e-03 1.077229441866637139e+01
4.867549999999999932e-01 3.649009999999999754e-01 -1.655650000000000177e-02 0.000000000000000000e+00 -1.655750000000011379e-03 -1.655749999999997502e-03 6.040288703765698486e+00
4.668869999999999965e-01 3.649009999999999754e-01 -1.655650000000000177e-02 0.000000000000000000e+00 3.311499999999995003e-03 -1.655749999999997502e-03 6.040288703765698486e+00
4.536419999999999897e-01 3.649009999999999754e-01 -9.933500000000011765e-03 -3.311499999999995003e-03 4.966999999999999194e-03 -1.655749999999997502e-03 2.865376829064576114e+01
4.470199999999999729e-01 3.582779999999999854e-01 -6.622500000000003384e-03 -3.311499999999995003e-03 1.655500000000018068e-03 -1.655500000000004190e-03 4.051377821392594569e+01
4.403969999999999829e-01 3.582779999999999854e-01 -6.622499999999975628e-03 -6.622500000000003384e-03 1.655750000000011379e-03 -3.310999999999994503e-03 4.003901390834662521e+01
4.337750000000000217e-01 3.450329999999999786e-01 -3.310999999999980625e-03 -9.933499999999984009e-03 3.311249999999987814e-03 1.387778780781445676e-17 2.865218199834324864e+01
4.337750000000000217e-01 3.384110000000000174e-01 0.000000000000000000e+00 -6.622499999999975628e-03 3.310999999999980625e-03 3.310999999999994503e-03 7.549448847197064083e+01
4.337750000000000217e-01 3.317880000000000273e-01 3.310999999999980625e-03 -3.311499999999995003e-03 3.311249999999987814e-03 4.966999999999985316e-03 2.669334746449039812e+02
4.403969999999999829e-01 3.317880000000000273e-01 6.622499999999975628e-03 3.311499999999995003e-03 1.655750000000011379e-03 4.966999999999985316e-03 6.752636257661616526e+01
4.470199999999999729e-01 3.384110000000000174e-01 6.622500000000003384e-03 6.622499999999975628e-03 1.387778780781445676e-17 1.655500000000004190e-03 1.334566618518499226e+01
4.536419999999999897e-01 3.450329999999999786e-01 6.622500000000003384e-03 6.622500000000003384e-03 0.000000000000000000e+00 -1.655499999999976435e-03 -1.334566618518479508e+01
4.602649999999999797e-01 3.516560000000000241e-01 6.622500000000003384e-03 3.311500000000022759e-03 4.966750000000005882e-03 -1.387778780781445676e-17 -4.051785681642686399e+01
4.668869999999999965e-01 3.516560000000000241e-01 1.655600000000001515e-02 6.622499999999975628e-03 4.966999999999999194e-03 3.310999999999980625e-03 3.866724329997515142e+00
4.933770000000000100e-01 3.649009999999999754e-01 1.655650000000000177e-02 9.933499999999984009e-03 -1.655250000000010879e-03 1.387778780781445676e-17 2.284366678794921057e+00
5.000000000000000000e-01 3.715229999999999921e-01 1.324549999999999339e-02 6.622500000000003384e-03 -1.387778780781445676e-17 -1.655499999999990313e-03 -6.752075470602371787e+00
5.198679999999999968e-01 3.781459999999999821e-01 1.655649999999997402e-02 6.622500000000003384e-03 6.622250000000010073e-03 1.655500000000004190e-03 -2.900583230677060698e+00
5.331129999999999480e-01 3.847679999999999989e-01 2.649000000000001354e-02 9.933500000000011765e-03 4.966750000000019760e-03 1.655749999999997502e-03 -2.418457693562620914e-01
5.728480000000000238e-01 3.980130000000000057e-01 2.649000000000001354e-02 9.933999999999998387e-03 0.000000000000000000e+00 2.499999999933111283e-07 2.924541040810862947e-04
5.860929999999999751e-01 4.046359999999999957e-01 2.649000000000001354e-02 9.933999999999998387e-03 0.000000000000000000e+00 -2.499999999933111283e-07 -2.924541040810862947e-04
6.258280000000000509e-01 4.178810000000000024e-01 2.649000000000001354e-02 9.933500000000011765e-03 -3.311250000000015570e-03 -1.655749999999997502e-03 -4.843861273803352074e-01
6.390730000000000022e-01 4.245030000000000192e-01 1.986749999999998240e-02 6.622500000000003384e-03 -3.311250000000015570e-03 -3.311000000000008381e-03 -4.774510428581425714e+00
6.655630000000000157e-01 4.311260000000000092e-01 1.986749999999998240e-02 3.311499999999995003e-03 -1.655749999999983624e-03 -3.311250000000001692e-03 -7.380053521892800283e+00
6.788079999999999670e-01 4.311260000000000092e-01 1.655600000000001515e-02 0.000000000000000000e+00 -1.655499999999976435e-03 -1.655749999999997502e-03 -6.040653549133756961e+00
6.986750000000000460e-01 4.311260000000000092e-01 1.655650000000002953e-02 0.000000000000000000e+00 -1.655250000000024757e-03 0.000000000000000000e+00 0.000000000000000000e+00
7.119210000000000260e-01 4.311260000000000092e-01 1.324549999999996563e-02 0.000000000000000000e+00 -4.967000000000026949e-03 -1.655749999999997502e-03 -9.437523580360906550e+00
7.251659999999999773e-01 4.311260000000000092e-01 6.622499999999975628e-03 -3.311499999999995003e-03 -4.967249999999978627e-03 -1.655749999999997502e-03 -6.753452008955321162e+01
7.251659999999999773e-01 4.245030000000000192e-01 3.311000000000008381e-03 -3.311499999999995003e-03 -1.655749999999983624e-03 -1.655500000000004190e-03 -1.067733905883263645e+02
7.317879999999999940e-01 4.245030000000000192e-01 3.311000000000008381e-03 -6.622500000000003384e-03 -3.311000000000008381e-03 -4.966750000000005882e-03 -9.453731530120570881e+01
7.317879999999999940e-01 4.112580000000000124e-01 -3.311000000000008381e-03 -1.324500000000000677e-02 -4.966749999999992005e-03 -1.655500000000004190e-03 -2.369720689659364865e+01
7.251659999999999773e-01 3.980130000000000057e-01 -6.622499999999975628e-03 -9.933500000000011765e-03 -4.967249999999978627e-03 3.311250000000001692e-03 -4.188361800269551338e+01
7.185430000000000428e-01 3.913909999999999889e-01 -1.324549999999996563e-02 -6.622500000000003384e-03 -3.311250000000015570e-03 3.311000000000008381e-03 -2.025648133216205693e+01
6.986750000000000460e-01 3.847679999999999989e-01 -1.324500000000000677e-02 -3.311499999999995003e-03 2.499999999794333405e-07 4.966999999999999194e-03 -2.585148972404546086e+01
6.920530000000000292e-01 3.847679999999999989e-01 -1.324500000000000677e-02 3.311499999999995003e-03 0.000000000000000000e+00 4.966999999999999194e-03 -2.585181504323785617e+01
6.721850000000000325e-01 3.913909999999999889e-01 -1.324500000000000677e-02 6.622500000000003384e-03 4.966999999999999194e-03 1.655500000000004190e-03 -1.688210051180760374e+01
6.655630000000000157e-01 3.980130000000000057e-01 -3.311000000000008381e-03 6.622500000000003384e-03 6.622500000000003384e-03 0.000000000000000000e+00 -1.080519693351935615e+02
6.655630000000000157e-01 4.046359999999999957e-01 0.000000000000000000e+00 6.622500000000003384e-03 3.311000000000008381e-03 0.000000000000000000e+00 -7.549448847197062662e+01
6.655630000000000157e-01 4.112580000000000124e-01 3.311000000000008381e-03 6.622500000000003384e-03 3.311249999999987814e-03 0.000000000000000000e+00 -5.402598466759654627e+01
6.721850000000000325e-01 4.178810000000000024e-01 6.622499999999975628e-03 6.622500000000003384e-03 1.655749999999983624e-03 -1.655749999999997502e-03 -2.669536307595289060e+01
6.788079999999999670e-01 4.245030000000000192e-01 6.622499999999975628e-03 3.311000000000008381e-03 -2.499999999794333405e-07 -3.311250000000001692e-03 -5.402394533555892764e+01
6.854299999999999837e-01 4.245030000000000192e-01 6.622000000000016762e-03 0.000000000000000000e+00 -4.999999999588666810e-07 -3.311000000000008381e-03 -7.550588945937762730e+01
