4.470199999999999729e-01 6.026499999999999913e-02 6.622000000000016762e-03 0.000000000000000000e+00 4.999999999866222566e-07 6.622500000000003384e-03 1.510231811974410618e+02
4.536419999999999897e-01 6.026499999999999913e-02 6.622500000000003384e-03 6.622500000000003384e-03 -1.655250000000010879e-03 4.966749999999998944e-03 5.338266474074001167e+01
4.602649999999999797e-01 7.351000000000000589e-02 3.311499999999995003e-03 9.933499999999997887e-03 -1.655749999999997502e-03 1.655499999999997252e-03 1.910179107212577421e+01
4.602649999999999797e-01 8.013199999999999490e-02 3.311000000000008381e-03 9.933499999999997887e-03 -1.655749999999997502e-03 2.500000000037194692e-07 1.432789366716698787e+01
4.668869999999999965e-01 9.337700000000000167e-02 0.000000000000000000e+00 9.934000000000005326e-03 -6.622250000000010073e-03 -3.310999999999997973e-03 6.710536774440727470e+01
4.602649999999999797e-01 1.000000000000000056e-01 -9.933500000000011765e-03 3.311500000000001942e-03 -6.622499999999989506e-03 -6.622750000000003634e-03 7.640644338462773533e+01
4.470199999999999729e-01 1.000000000000000056e-01 -1.324499999999997901e-02 -3.311500000000001942e-03 -1.655749999999983624e-03 -8.278250000000000886e-03 4.093133566780953458e+01
4.337750000000000217e-01 9.337700000000000167e-02 -1.324499999999997901e-02 -1.324499999999999983e-02 1.655499999999990313e-03 -6.622249999999999664e-03 1.668258656967911691e+01
4.205300000000000149e-01 7.351000000000000589e-02 -9.933999999999998387e-03 -1.655600000000000127e-02 1.655499999999990313e-03 -3.311250000000001692e-03 8.378112842479435329e+00
4.139070000000000249e-01 6.026499999999999913e-02 -9.933999999999998387e-03 -1.986750000000000321e-02 2.499999999933111283e-07 -3.311499999999998473e-03 3.002017638483368334e+00
4.006620000000000181e-01 3.377499999999999947e-02 -9.933500000000011765e-03 -2.317899999999999822e-02 3.311499999999995003e-03 3.311250000000001692e-03 2.735224739490981438e+00
3.940400000000000014e-01 1.390699999999999922e-02 -3.311000000000008381e-03 -1.324499999999999983e-02 8.278000000000007574e-03 6.622749999999999297e-03 3.446881248442299750e+01
3.940400000000000014e-01 7.284999999999999809e-03 6.622500000000003384e-03 -9.933499999999999622e-03 8.278000000000007574e-03 1.655499999999999854e-03 5.476654428491504945e+01
4.072850000000000081e-01 -5.960000000000000020e-03 1.324500000000000677e-02 -9.934000000000000122e-03 4.966749999999992005e-03 4.966749999999999811e-03 2.536700910661791042e+01
4.205300000000000149e-01 -1.258300000000000043e-02 1.655599999999998739e-02 0.000000000000000000e+00 -1.387778780781445676e-17 6.622750000000000165e-03 2.416170212443048726e+01
4.403969999999999829e-01 -5.960000000000000020e-03 1.324499999999997901e-02 3.311500000000000207e-03 -3.310999999999994503e-03 1.655500000000000070e-03 1.292493161316131989e+01
4.470199999999999729e-01 -5.960000000000000020e-03 9.933999999999998387e-03 3.311000000000000141e-03 -1.655749999999983624e-03 1.655499999999999854e-03 1.909861852018167738e+01
4.602649999999999797e-01 6.620000000000000450e-04 9.933500000000011765e-03 6.622499999999999915e-03 -1.655749999999997502e-03 2.499999999998163414e-07 6.445354896428139746e+00
4.668869999999999965e-01 7.284999999999999809e-03 6.622500000000003384e-03 3.311499999999999774e-03 2.499999999933111283e-07 -6.622499999999999915e-03 -1.080442197009777772e+02
4.735099999999999865e-01 7.284999999999999809e-03 9.933999999999998387e-03 -6.622499999999999915e-03 1.655500000000004190e-03 -4.967000000000000061e-03 -2.255151986812860088e+01
4.867549999999999932e-01 -5.960000000000000020e-03 9.933500000000011765e-03 -6.622499999999999915e-03 1.387778780781445676e-17 3.311249999999999957e-03 1.932974057770973175e+01
4.933770000000000100e-01 -5.960000000000000020e-03 9.934000000000026143e-03 0.000000000000000000e+00 3.311499999999995003e-03 3.311249999999999957e-03 3.355395053700287633e+01
5.066230000000000455e-01 -5.960000000000000020e-03 1.655650000000000177e-02 0.000000000000000000e+00 3.310999999999966747e-03 4.966749999999999811e-03 1.811904207726307092e+01
5.264900000000000135e-01 -5.960000000000000020e-03 1.655599999999995964e-02 9.933499999999999622e-03 -4.967000000000013071e-03 1.158925000000000059e-02 3.351402095817599758e+01
5.397349999999999648e-01 1.390699999999999922e-02 6.622499999999975628e-03 2.317850000000000119e-02 -8.277999999999979819e-03 4.967000000000001796e-03 1.604549353939975376e+01
5.397349999999999648e-01 4.039700000000000235e-02 0.000000000000000000e+00 1.986750000000000321e-02 -8.277999999999979819e-03 -3.310999999999999707e-03 2.097195797076983226e+01
5.397349999999999648e-01 5.364200000000000218e-02 -9.933499999999984009e-03 1.655650000000000177e-02 -1.158949999999998870e-02 -1.734723475976807094e-18 2.665834335196527149e+01
5.198679999999999968e-01 7.351000000000000589e-02 -2.317899999999997740e-02 1.986749999999999974e-02 -6.622750000000010573e-03 -1.655750000000000971e-03 5.973438426177888338e+00
4.933770000000000100e-01 9.337700000000000167e-02 -2.317900000000000515e-02 1.324499999999999983e-02 3.311499999999981125e-03 -6.622250000000001399e-03 5.762326850167432291e+00
4.735099999999999865e-01 1.000000000000000056e-01 -1.655600000000001515e-02 6.622999999999996945e-03 3.311250000000001692e-03 -4.966750000000002413e-03 1.063509420714950160e+01
4.602649999999999797e-01 1.066229999999999956e-01 -1.655650000000000177e-02 3.311499999999995003e-03 -2.499999999933111283e-07 -1.655999999999997752e-03 5.696175259781145250e+00
4.403969999999999829e-01 1.066229999999999956e-01 -1.655650000000000177e-02 3.311000000000001442e-03 3.311500000000008881e-03 -2.499999999967805753e-07 -2.277030724110332471e+00
4.271519999999999762e-01 1.132449999999999984e-01 -9.933499999999984009e-03 3.311000000000001442e-03 4.967000000000013071e-03 -1.655500000000000721e-03 -7.210454209400645083e-04
4.205300000000000149e-01 1.132449999999999984e-01 -6.622499999999975628e-03 0.000000000000000000e+00 -2.500000000071889161e-07 -1.655500000000000721e-03 3.774724423598555489e+01
4.139070000000000249e-01 1.132449999999999984e-01 -9.933999999999998387e-03 0.000000000000000000e+00 -3.311250000000015570e-03 -1.655500000000000721e-03 1.677570860370210326e+01
4.006620000000000181e-01 1.132449999999999984e-01 -1.324500000000000677e-02 -3.311000000000001442e-03 -1.655500000000004190e-03 -1.655500000000000721e-03 6.462638015012007742e+00
3.874170000000000114e-01 1.066229999999999956e-01 -1.324500000000000677e-02 -3.311000000000001442e-03 1.655749999999997502e-03 1.655500000000000721e-03 -6.462312736271578650e+00
3.741720000000000046e-01 1.066229999999999956e-01 -9.933500000000011765e-03 0.000000000000000000e+00 3.311250000000001692e-03 1.655500000000000721e-03 -1.677739744759434615e+01
3.675499999999999878e-01 1.066229999999999956e-01 -6.622500000000003384e-03 0.000000000000000000e+00 1.158925000000000927e-02 0.000000000000000000e+00 -0.000000000000000000e+00
3.609269999999999978e-01 1.066229999999999956e-01 1.324500000000000677e-02 0.000000000000000000e+00 2.317874999999999797e-02 1.655500000000000721e-03 9.436811058996308788e+00
3.940400000000000014e-01 1.066229999999999956e-01 3.973499999999999255e-02 3.311000000000001442e-03 1.158924999999999539e-02 1.655500000000000721e-03 4.323848609628528350e-01
4.403969999999999829e-01 1.132449999999999984e-01 3.642349999999999755e-02 3.311000000000001442e-03 -1.655500000000004190e-03 2.500000000002500222e-07 1.122285241420657304e-01
4.668869999999999965e-01 1.132449999999999984e-01 3.642399999999998417e-02 3.311500000000001942e-03 1.656000000000004690e-03 2.500000000002500222e-07 -1.119020402567665884e-01
5.132449999999999513e-01 1.198680000000000023e-01 3.973550000000000693e-02 3.311500000000001942e-03 -4.966999999999985316e-03 -2.500000000037194692e-07 2.593054660171684178e-01
5.463580000000000103e-01 1.198680000000000023e-01 2.649000000000001354e-02 3.310999999999994503e-03 -1.158974999999999589e-02 -2.500000000037194692e-07 2.016572574449134958e+00
5.662249999999999783e-01 1.264899999999999913e-01 1.655600000000001515e-02 3.310999999999994503e-03 -8.278000000000007574e-03 -3.310999999999994503e-03 -5.694706781933064121e+00
5.794700000000000406e-01 1.264899999999999913e-01 9.933999999999998387e-03 -3.310999999999994503e-03 -6.622250000000023951e-03 -4.966749999999995474e-03 -6.207069064519269119e+01
5.860929999999999751e-01 1.198680000000000023e-01 3.311499999999967248e-03 -6.622499999999996445e-03 -6.622749999999982817e-03 -2.500000000037194692e-07 -1.080482983034791857e+02
5.860929999999999751e-01 1.132449999999999984e-01 -3.311499999999967248e-03 -3.311500000000001942e-03 -4.966999999999971438e-03 -1.655750000000000971e-03 -1.067572698960456137e+02
5.794700000000000406e-01 1.132449999999999984e-01 -6.622499999999975628e-03 -9.933999999999998387e-03 2.499999999794333405e-07 -4.966749999999998944e-03 1.932917929689045167e+01
5.728480000000000238e-01 9.337700000000000167e-02 -3.311000000000008381e-03 -1.324499999999999983e-02 9.933749999999991198e-03 2.500000000002500222e-07 5.170338136600464196e+01
5.728480000000000238e-01 8.675499999999999878e-02 1.324500000000000677e-02 -9.933499999999997887e-03 1.490050000000001096e-02 4.966749999999998944e-03 4.711193899967366150e+01
5.993380000000000374e-01 7.351000000000000589e-02 2.649000000000001354e-02 -3.311500000000001942e-03 1.655499999999976435e-03 8.277999999999997166e-03 1.181364573949105612e+01
6.258280000000000509e-01 8.013199999999999490e-02 1.655599999999995964e-02 6.622499999999996445e-03 -9.933750000000018954e-03 8.278500000000001136e-03 3.577738397736931830e+01
6.324499999999999567e-01 8.675499999999999878e-02 6.622499999999975628e-03 1.324550000000000033e-02 -6.622249999999968439e-03 3.311250000000001692e-03 3.376165191629490892e+01
6.390730000000000022e-01 1.066229999999999956e-01 3.311500000000022759e-03 1.324499999999999983e-02 -9.933749999999991198e-03 -3.311499999999998473e-03 4.739315088512468321e+01
6.390730000000000022e-01 1.132449999999999984e-01 -1.324500000000000677e-02 6.622500000000003384e-03 -1.324525000000001396e-02 -3.311250000000001692e-03 4.051816289483758737e+01
6.125829999999999886e-01 1.198680000000000023e-01 -2.317900000000000515e-02 6.622499999999996445e-03 0.000000000000000000e+00 -3.311250000000001692e-03 5.478781196119677510e+00
5.927149999999999919e-01 1.264899999999999913e-01 -1.324500000000000677e-02 0.000000000000000000e+00 8.278499999999994197e-03 -6.622249999999992726e-03 3.774866930561051959e+01
5.860929999999999751e-01 1.198680000000000023e-01 -6.622000000000016762e-03 -6.621999999999989006e-03 6.622999999999990006e-03 -6.621999999999989006e-03 1.067895155410755024e+02
