4.933770000000000100e-01 3.384110000000000174e-01 -6.622000000000016762e-03 0.000000000000000000e+00 -4.999999999866222566e-07 0.000000000000000000e+00 0.000000000000000000e+00
4.867549999999999932e-01 3.384110000000000174e-01 -6.622500000000003384e-03 0.000000000000000000e+00 -1.655999999999990813e-03 0.000000000000000000e+00 0.000000000000000000e+00
4.801320000000000032e-01 3.384110000000000174e-01 -9.933999999999998387e-03 0.000000000000000000e+00 -3.311250000000001692e-03 -1.655749999999997502e-03 1.677824193330093649e+01
4.668869999999999965e-01 3.384110000000000174e-01 -1.324500000000000677e-02 -3.311499999999995003e-03 2.499999999933111283e-07 -6.622500000000003384e-03 3.446854459115593272e+01
4.536419999999999897e-01 3.317880000000000273e-01 -9.933500000000011765e-03 -1.324500000000000677e-02 3.311250000000001692e-03 -6.622500000000003384e-03 2.416035225110482898e+01
4.470199999999999729e-01 3.119210000000000038e-01 -6.622500000000003384e-03 -1.655650000000000177e-02 -2.499999999933111283e-07 -1.655749999999997502e-03 1.933138153538405124e+00
4.403969999999999829e-01 2.986750000000000238e-01 -9.933999999999998387e-03 -1.655650000000000177e-02 0.000000000000000000e+00 -1.655500000000004190e-03 2.284735375267296309e+00
4.271519999999999762e-01 2.788080000000000003e-01 -6.622500000000003384e-03 -1.986750000000001015e-02 4.966999999999999194e-03 0.000000000000000000e+00 1.074413559803550378e+01
4.271519999999999762e-01 2.589400000000000035e-01 0.000000000000000000e+00 -1.655650000000000177e-02 4.967000000000013071e-03 3.311250000000001692e-03 1.811995409428014270e+01
4.271519999999999762e-01 2.456949999999999967e-01 3.311500000000022759e-03 -1.324500000000000677e-02 3.311250000000001692e-03 1.655750000000004440e-03 1.938869864739198690e+01
4.337750000000000217e-01 2.324499999999999900e-01 6.622500000000003384e-03 -1.324499999999999289e-02 1.655499999999976435e-03 1.655750000000004440e-03 1.012915833740272831e+01
4.403969999999999829e-01 2.192050000000000110e-01 6.622499999999975628e-03 -9.933499999999997887e-03 3.311250000000001692e-03 3.311249999999994753e-03 3.221655861524764219e+01
4.470199999999999729e-01 2.125829999999999942e-01 1.324500000000000677e-02 -6.622500000000003384e-03 3.311250000000015570e-03 4.966749999999998944e-03 2.701125884921041376e+01
4.668869999999999965e-01 2.059600000000000042e-01 1.324500000000000677e-02 0.000000000000000000e+00 -3.311250000000001692e-03 4.966999999999999194e-03 2.831328331623959116e+01
4.735099999999999865e-01 2.125829999999999942e-01 6.622500000000003384e-03 3.311499999999995003e-03 -3.311250000000001692e-03 1.655500000000004190e-03 5.402109012287997558e+01
4.801320000000000032e-01 2.125829999999999942e-01 6.622500000000003384e-03 3.311000000000008381e-03 0.000000000000000000e+00 1.655500000000004190e-03 2.701095284777852612e+01
4.867549999999999932e-01 2.192050000000000110e-01 6.622500000000003384e-03 6.622500000000003384e-03 -1.655749999999997502e-03 1.655749999999990563e-03 2.669536307595283375e+01
4.933770000000000100e-01 2.258280000000000010e-01 3.311000000000008381e-03 6.622499999999989506e-03 -1.655500000000004190e-03 -1.655750000000004440e-03 1.350445675787007893e+01
4.933770000000000100e-01 2.324499999999999900e-01 3.311499999999995003e-03 3.310999999999994503e-03 1.656000000000004690e-03 -3.311249999999994753e-03 -1.601762068787706426e+02
5.000000000000000000e-01 2.324499999999999900e-01 6.623000000000017762e-03 0.000000000000000000e+00 1.387778780781445676e-17 -3.310999999999994503e-03 -7.548309006660035436e+01
5.066230000000000455e-01 2.324499999999999900e-01 3.311500000000022759e-03 -3.310999999999994503e-03 -1.656000000000032446e-03 -1.655499999999997252e-03 -1.067814501735101089e+02
5.066230000000000455e-01 2.258280000000000010e-01 3.310999999999952870e-03 -3.310999999999994503e-03 1.655499999999976435e-03 -2.500000000002500222e-07 5.338266382766841645e+01
5.132449999999999513e-01 2.258280000000000010e-01 6.622499999999975628e-03 -3.311499999999995003e-03 3.311500000000022759e-03 -2.500000000002500222e-07 2.701054521540800479e+01
5.198679999999999968e-01 2.192050000000000110e-01 9.933999999999998387e-03 -3.311499999999995003e-03 3.311250000000015570e-03 2.499999999933111283e-07 9.552121147797826950e+00
5.331129999999999480e-01 2.192050000000000110e-01 1.324500000000000677e-02 -3.311000000000008381e-03 3.311000000000008381e-03 1.655749999999997502e-03 1.292592668574673809e+01
5.463580000000000103e-01 2.125829999999999942e-01 1.655600000000001515e-02 0.000000000000000000e+00 1.655500000000004190e-03 4.966750000000005882e-03 1.812013650319200764e+01
5.662249999999999783e-01 2.192050000000000110e-01 1.655600000000001515e-02 6.622500000000003384e-03 -4.966749999999992005e-03 3.311249999999994753e-03 1.547069347845176601e+01
5.794700000000000406e-01 2.258280000000000010e-01 6.622500000000031140e-03 6.622499999999989506e-03 -8.278000000000007574e-03 1.655499999999997252e-03 8.007802781669256831e+01
5.794700000000000406e-01 2.324499999999999900e-01 0.000000000000000000e+00 9.933499999999997887e-03 -3.311250000000015570e-03 4.967000000000006132e-03 3.355732847982311284e+01
5.794700000000000406e-01 2.456949999999999967e-01 0.000000000000000000e+00 1.655650000000000177e-02 -1.655500000000004190e-03 3.311500000000001942e-03 6.039376686748696876e+00
5.794700000000000406e-01 2.655629999999999935e-01 -3.311000000000008381e-03 1.655650000000000177e-02 -4.966750000000019760e-03 -1.655749999999997502e-03 1.822295325345636385e+01
5.728480000000000238e-01 2.788080000000000003e-01 -9.933500000000039520e-03 1.324500000000000677e-02 -4.966999999999999194e-03 -1.655749999999997502e-03 1.812108504385732743e+01
5.596029999999999616e-01 2.920530000000000070e-01 -1.324500000000000677e-02 1.324500000000000677e-02 -4.966999999999971438e-03 3.311250000000001692e-03 3.336920384494054037e+00
5.463580000000000103e-01 3.052980000000000138e-01 -1.986749999999998240e-02 1.986750000000001015e-02 -3.311249999999987814e-03 1.655749999999997502e-03 1.482851798353882922e+00
5.198679999999999968e-01 3.317880000000000273e-01 -1.986749999999998240e-02 1.655650000000000177e-02 3.310999999999994503e-03 -6.622500000000017262e-03 4.437332676456303915e+00
5.066230000000000455e-01 3.384110000000000174e-01 -1.324549999999999339e-02 6.622499999999975628e-03 3.310999999999980625e-03 -4.966999999999999194e-03 1.350644510892581884e+01
4.933770000000000100e-01 3.450329999999999786e-01 -1.324550000000002115e-02 6.622500000000003384e-03 1.655999999999990813e-03 1.387778780781445676e-17 -3.376929898807074615e+00
4.801320000000000032e-01 3.516560000000000241e-01 -9.933500000000011765e-03 6.622500000000003384e-03 8.278500000000008074e-03 -1.387778780781445676e-17 -3.221850452963590072e+01
4.735099999999999865e-01 3.582779999999999854e-01 3.311499999999995003e-03 6.622499999999975628e-03 1.158925000000000927e-02 -1.655500000000004190e-03 -2.025770485825670164e+02
4.867549999999999932e-01 3.649009999999999754e-01 1.324500000000000677e-02 3.311499999999995003e-03 6.622500000000003384e-03 -3.311249999999987814e-03 -2.585181504323778157e+01
5.000000000000000000e-01 3.649009999999999754e-01 1.655650000000000177e-02 0.000000000000000000e+00 3.311249999999987814e-03 -1.655749999999997502e-03 -6.040288703765698486e+00
5.198679999999999968e-01 3.649009999999999754e-01 1.986749999999998240e-02 0.000000000000000000e+00 4.966750000000005882e-03 0.000000000000000000e+00 0.000000000000000000e+00
5.397349999999999648e-01 3.649009999999999754e-01 2.649000000000001354e-02 0.000000000000000000e+00 4.967000000000026949e-03 0.000000000000000000e+00 0.000000000000000000e+00
5.728480000000000238e-01 3.649009999999999754e-01 2.980150000000003629e-02 0.000000000000000000e+00 8.277999999999979819e-03 0.000000000000000000e+00 0.000000000000000000e+00
5.993380000000000374e-01 3.649009999999999754e-01 4.304599999999997317e-02 0.000000000000000000e+00 6.622249999999968439e-03 -1.655749999999997502e-03 -8.935711960798575770e-01
6.589399999999999702e-01 3.649009999999999754e-01 4.304599999999997317e-02 -3.311499999999995003e-03 -6.622249999999968439e-03 -6.622499999999989506e-03 -3.815034330800541440e+00
6.854299999999999837e-01 3.582779999999999854e-01 2.980150000000003629e-02 -1.324499999999997901e-02 -9.933499999999984009e-03 -4.966749999999992005e-03 -8.060694833727342967e+00
7.185430000000000428e-01 3.384110000000000174e-01 2.317900000000000515e-02 -1.324499999999997901e-02 -8.278250000000042519e-03 1.655499999999990313e-03 -3.745984525053758230e+00
7.317879999999999940e-01 3.317880000000000273e-01 1.324499999999995126e-02 -9.933999999999998387e-03 -8.278250000000014763e-03 1.655749999999983624e-03 -1.328803686886739222e+01
7.450329999999999453e-01 3.185430000000000206e-01 6.622499999999975628e-03 -9.933500000000011765e-03 -6.622499999999975628e-03 0.000000000000000000e+00 -3.865948115541934271e+01
7.450329999999999453e-01 3.119210000000000038e-01 0.000000000000000000e+00 -9.933999999999998387e-03 -6.622499999999975628e-03 -1.655999999999990813e-03 -6.710790107400586635e+01
7.450329999999999453e-01 2.986750000000000238e-01 -6.622499999999975628e-03 -1.324549999999999339e-02 -4.966749999999992005e-03 1.655749999999997502e-03 -2.363366615132356685e+01
7.317879999999999940e-01 2.854300000000000170e-01 -9.933499999999984009e-03 -6.622500000000003384e-03 -3.311250000000015570e-03 4.967249999999992505e-03 -4.188361800269570523e+01
7.251659999999999773e-01 2.854300000000000170e-01 -1.324500000000000677e-02 -3.311000000000008381e-03 -3.311499999999995003e-03 3.311250000000001692e-03 -2.154321107741666808e+01
7.052979999999999805e-01 2.788080000000000003e-01 -1.655649999999997402e-02 0.000000000000000000e+00 1.655500000000004190e-03 8.278000000000007574e-03 -3.019870746777759152e+01
6.920530000000000292e-01 2.854300000000000170e-01 -9.933999999999998387e-03 1.324500000000000677e-02 6.622499999999975628e-03 6.622749999999996695e-03 -3.382407726209197563e+01
6.854299999999999837e-01 3.052980000000000138e-01 -3.311500000000022759e-03 1.324549999999999339e-02 4.966999999999999194e-03 -3.311250000000001692e-03 -2.154164209297823973e+01
6.854299999999999837e-01 3.119210000000000038e-01 0.000000000000000000e+00 6.622500000000003384e-03 1.655750000000011379e-03 -3.311499999999995003e-03 -3.775294451448683475e+01
6.854299999999999837e-01 3.185430000000000206e-01 0.000000000000000000e+00 6.622500000000003384e-03 0.000000000000000000e+00 2.499999999933111283e-07 0.000000000000000000e+00
6.854299999999999837e-01 3.251660000000000106e-01 0.000000000000000000e+00 6.622999999999990006e-03 0.000000000000000000e+00 4.999999999866222566e-07 0.000000000000000000e+00
