5.132449999999999513e-01 2.788080000000000003e-01 -1.324499999999995126e-02 -1.324500000000000677e-02 -2.775557561562891351e-17 0.000000000000000000e+00 -5.593727679611085010e-14
5.000000000000000000e-01 2.655629999999999935e-01 -1.324499999999997901e-02 -1.324500000000000677e-02 -2.775557561562891351e-17 -1.655749999999997502e-03 3.336920384494058922e+00
4.867549999999999932e-01 2.523179999999999867e-01 -1.324500000000000677e-02 -1.655650000000000177e-02 1.655499999999990313e-03 -3.311249999999994753e-03 7.476933445240268483e+00
4.735099999999999865e-01 2.324499999999999900e-01 -9.933999999999998387e-03 -1.986749999999999627e-02 4.966750000000005882e-03 -1.655499999999997252e-03 1.050411596555636251e+01
4.668869999999999965e-01 2.125829999999999942e-01 -3.311499999999995003e-03 -1.986749999999999627e-02 4.966999999999999194e-03 1.655499999999997252e-03 1.140599776925775188e+01
4.668869999999999965e-01 1.927149999999999974e-01 0.000000000000000000e+00 -1.655650000000000177e-02 1.655749999999997502e-03 3.311250000000001692e-03 6.040288703765698486e+00
4.668869999999999965e-01 1.794699999999999906e-01 0.000000000000000000e+00 -1.324499999999999289e-02 1.655749999999997502e-03 3.311500000000001942e-03 9.438236128621650067e+00
4.668869999999999965e-01 1.662250000000000116e-01 3.311499999999995003e-03 -9.933499999999997887e-03 4.966999999999999194e-03 3.311249999999994753e-03 5.252866370324206713e+01
4.735099999999999865e-01 1.596029999999999949e-01 9.933999999999998387e-03 -6.622500000000003384e-03 4.966750000000005882e-03 3.311000000000001442e-03 3.865495348939758458e+01
4.867549999999999932e-01 1.529800000000000049e-01 1.324500000000000677e-02 -3.311499999999995003e-03 1.655499999999990313e-03 3.311250000000001692e-03 1.938837332819955961e+01
5.000000000000000000e-01 1.529800000000000049e-01 1.324499999999997901e-02 0.000000000000000000e+00 -1.655500000000004190e-03 1.655749999999997502e-03 9.438236128621671384e+00
5.132449999999999513e-01 1.529800000000000049e-01 9.933999999999998387e-03 0.000000000000000000e+00 -3.311249999999973936e-03 1.655749999999997502e-03 1.677824193330093649e+01
5.198679999999999968e-01 1.529800000000000049e-01 6.622500000000031140e-03 3.311499999999995003e-03 -1.655750000000011379e-03 3.311250000000001692e-03 6.752840203183377810e+01
5.264900000000000135e-01 1.596029999999999949e-01 6.622499999999975628e-03 6.622500000000003384e-03 -2.775557561562891351e-17 -2.499999999933111283e-07 -2.015352791203001755e-03
5.331129999999999480e-01 1.662250000000000116e-01 6.622499999999975628e-03 3.311000000000008381e-03 2.775557561562891351e-17 -1.655500000000004190e-03 -2.701095284777891337e+01
5.397349999999999648e-01 1.662250000000000116e-01 6.622500000000031140e-03 3.311499999999995003e-03 2.775557561562891351e-17 2.499999999933111283e-07 4.078602500448114121e-03
5.463580000000000103e-01 1.728480000000000016e-01 6.622500000000031140e-03 3.311499999999995003e-03 -2.775557561562891351e-17 -3.311499999999995003e-03 -5.402516872538010517e+01
5.529800000000000271e-01 1.728480000000000016e-01 6.622499999999975628e-03 -3.311499999999995003e-03 1.655749999999983624e-03 -4.966999999999999194e-03 -6.752636257661660579e+01
5.596029999999999616e-01 1.662250000000000116e-01 9.933999999999998387e-03 -6.622500000000003384e-03 1.655500000000031946e-03 -1.655500000000004190e-03 -3.221367715750092398e+00
5.728480000000000238e-01 1.596029999999999949e-01 9.933500000000039520e-03 -6.622500000000003384e-03 -2.500000000071889161e-07 1.655500000000004190e-03 9.663167632129516349e+00
5.794700000000000406e-01 1.529800000000000049e-01 9.933499999999984009e-03 -3.311499999999995003e-03 1.655749999999983624e-03 3.311250000000001692e-03 3.342687263111634621e+01
5.927149999999999919e-01 1.529800000000000049e-01 1.324500000000000677e-02 0.000000000000000000e+00 1.655750000000011379e-03 1.655749999999997502e-03 9.438236128621628751e+00
6.059600000000000541e-01 1.529800000000000049e-01 1.324500000000000677e-02 0.000000000000000000e+00 -1.655500000000004190e-03 1.655749999999997502e-03 9.438236128621628751e+00
6.192050000000000054e-01 1.529800000000000049e-01 9.933999999999998387e-03 3.311499999999995003e-03 -3.311250000000015570e-03 3.311250000000001692e-03 3.819839080448643642e+01
6.258280000000000509e-01 1.596029999999999949e-01 6.622499999999975628e-03 6.622500000000003384e-03 -1.655750000000011379e-03 3.311000000000001442e-03 4.003901390834668206e+01
6.324499999999999567e-01 1.662250000000000116e-01 6.622499999999975628e-03 9.933499999999997887e-03 -1.655499999999976435e-03 3.311249999999994753e-03 2.255095862686155073e+01
6.390730000000000022e-01 1.794699999999999906e-01 3.311500000000022759e-03 1.324499999999999289e-02 -4.966999999999999194e-03 1.655750000000004440e-03 2.800640405464812588e+01
6.390730000000000022e-01 1.927149999999999974e-01 -3.311500000000022759e-03 1.324500000000000677e-02 -4.966999999999999194e-03 -1.655499999999997252e-03 2.800607873545563820e+01
6.324499999999999567e-01 2.059600000000000042e-01 -6.622499999999975628e-03 9.933999999999998387e-03 -8.277999999999979819e-03 -6.938893903907228378e-18 4.832100242107468091e+01
6.258280000000000509e-01 2.125829999999999942e-01 -1.986749999999998240e-02 1.324499999999999289e-02 -9.933750000000018954e-03 1.655500000000004190e-03 7.248638682137852562e+00
5.927149999999999919e-01 2.324499999999999900e-01 -2.649000000000001354e-02 1.324500000000000677e-02 1.655749999999983624e-03 -3.311249999999994753e-03 2.532289584350702061e+00
5.728480000000000238e-01 2.390730000000000077e-01 -1.655600000000001515e-02 6.622500000000003384e-03 6.622500000000003384e-03 -3.311250000000008631e-03 1.933727178963533744e+00
5.596029999999999616e-01 2.456949999999999967e-01 -1.324500000000000677e-02 6.622499999999989506e-03 1.655500000000004190e-03 -1.655500000000004190e-03 3.376216162998022075e+00
5.463580000000000103e-01 2.523179999999999867e-01 -1.324500000000000677e-02 3.311499999999995003e-03 1.655500000000004190e-03 -1.655749999999990563e-03 6.463441715038241497e+00
5.331129999999999480e-01 2.523179999999999867e-01 -9.933999999999998387e-03 3.311000000000008381e-03 1.655500000000004190e-03 -2.499999999933111283e-07 -4.771950859418377711e+00
5.264900000000000135e-01 2.589400000000000035e-01 -9.933999999999998387e-03 3.311000000000008381e-03 1.655749999999983624e-03 2.499999999933111283e-07 -4.776997926954599016e+00
5.132449999999999513e-01 2.589400000000000035e-01 -6.622500000000031140e-03 3.311499999999995003e-03 3.311500000000022759e-03 2.499999999933111283e-07 -2.701870242040892123e+01
5.132449999999999513e-01 2.655629999999999935e-01 -3.310999999999952870e-03 3.311499999999995003e-03 3.311250000000015570e-03 -2.499999999933111283e-07 -1.067733905883299315e+02
5.066230000000000455e-01 2.655629999999999935e-01 0.000000000000000000e+00 3.311000000000008381e-03 6.622249999999968439e-03 1.655500000000004190e-03 -6.040699202323888812e+02
5.132449999999999513e-01 2.721850000000000103e-01 9.933499999999984009e-03 6.622500000000003384e-03 9.933750000000018954e-03 1.655749999999997502e-03 -2.899485412422792763e+01
5.264900000000000135e-01 2.788080000000000003e-01 1.986750000000003791e-02 6.622500000000003384e-03 8.278250000000014763e-03 0.000000000000000000e+00 -5.968904134919619686e+00
5.529800000000000271e-01 2.854300000000000170e-01 2.649000000000001354e-02 6.622500000000003384e-03 3.311249999999987814e-03 0.000000000000000000e+00 -1.077146204056277812e+00
5.794700000000000406e-01 2.920530000000000070e-01 2.649000000000001354e-02 6.622500000000003384e-03 4.966999999999971438e-03 0.000000000000000000e+00 -1.615759968455272366e+00
6.059600000000000541e-01 2.986750000000000238e-01 3.642399999999995641e-02 6.622500000000003384e-03 4.966999999999971438e-03 -1.655500000000004190e-03 -1.836698400814586130e+00
6.523179999999999534e-01 3.052980000000000138e-01 3.642399999999995641e-02 3.311499999999995003e-03 -4.966999999999971438e-03 -3.311250000000001692e-03 -2.129015193736027101e+00
6.788079999999999670e-01 3.052980000000000138e-01 2.649000000000001354e-02 0.000000000000000000e+00 -6.622499999999975628e-03 -1.655749999999997502e-03 -2.359559032155407188e+00
7.052979999999999805e-01 3.052980000000000138e-01 2.317900000000000515e-02 0.000000000000000000e+00 0.000000000000000000e+00 -4.966999999999999194e-03 -9.244954307469429367e+00
7.251659999999999773e-01 3.052980000000000138e-01 2.649000000000001354e-02 -9.933999999999998387e-03 -1.655749999999983624e-03 -6.622500000000003384e-03 -8.473473821344599699e+00
7.582780000000000076e-01 2.854300000000000170e-01 1.986750000000003791e-02 -1.324500000000000677e-02 -9.933750000000018954e-03 2.499999999933111283e-07 -9.664243509721597292e+00
7.649010000000000531e-01 2.788080000000000003e-01 6.622499999999975628e-03 -9.933500000000011765e-03 -8.278250000000042519e-03 1.655500000000004190e-03 -4.188215860363384735e+01
7.715229999999999588e-01 2.655629999999999935e-01 3.310999999999952870e-03 -9.933999999999998387e-03 -8.277999999999979819e-03 -1.655749999999990563e-03 -7.639807925339188444e+01
7.715229999999999588e-01 2.589400000000000035e-01 -9.933499999999984009e-03 -1.324499999999999289e-02 -8.277999999999979819e-03 2.500000000002500222e-07 -2.416089947894250756e+01
7.516559999999999908e-01 2.390730000000000077e-01 -1.324500000000000677e-02 -9.933499999999997887e-03 1.655500000000004190e-03 6.622499999999996445e-03 -1.570483092210292497e+01
7.450329999999999453e-01 2.390730000000000077e-01 -6.622499999999975628e-03 0.000000000000000000e+00 1.655750000000011379e-03 8.277999999999993697e-03 -1.887476217369302844e+02
7.384110000000000396e-01 2.390730000000000077e-01 -9.933499999999984009e-03 6.622499999999989506e-03 -2.775557561562891351e-17 6.622499999999996445e-03 -3.865948115541939956e+01
7.251659999999999773e-01 2.523179999999999867e-01 -6.622500000000031140e-03 1.324499999999999289e-02 6.622249999999996195e-03 3.311250000000008631e-03 -3.376369117520638952e+01
7.251659999999999773e-01 2.655629999999999935e-01 3.311000000000008381e-03 1.324500000000000677e-02 9.933750000000018954e-03 3.311250000000008631e-03 -4.739538972765063107e+01
7.317879999999999940e-01 2.788080000000000003e-01 1.324500000000000677e-02 1.986750000000001015e-02 8.278499999999994197e-03 6.622500000000003384e-03 -5.638235463748622500e+00
7.516559999999999908e-01 3.052980000000000138e-01 1.986799999999999677e-02 2.649000000000001354e-02 6.622999999999990006e-03 6.622500000000003384e-03 -1.208243792665213645e+00
