4.470199999999999729e-01 2.589400000000000035e-01 0.000000000000000000e+00 6.622999999999990006e-03 -3.311499999999995003e-03 -3.311499999999995003e-03 7.549448890231025189e+01
4.470199999999999729e-01 2.655629999999999935e-01 -3.311499999999995003e-03 3.311499999999995003e-03 -3.311249999999987814e-03 -3.311499999999995003e-03 2.135225999861166599e+02
4.403969999999999829e-01 2.655629999999999935e-01 -6.622499999999975628e-03 0.000000000000000000e+00 -3.310999999999994503e-03 -3.311499999999995003e-03 7.550588902897368371e+01
4.337750000000000217e-01 2.655629999999999935e-01 -9.933499999999984009e-03 -3.311499999999995003e-03 -4.967000000000013071e-03 -4.966999999999999194e-03 2.865016290021815593e+01
4.205300000000000149e-01 2.589400000000000035e-01 -1.655650000000000177e-02 -9.933999999999998387e-03 -3.311500000000008881e-03 -4.966750000000005882e-03 6.853976116954861197e+00
4.006620000000000181e-01 2.456949999999999967e-01 -1.655650000000000177e-02 -1.324500000000000677e-02 1.655749999999997502e-03 -1.655499999999997252e-03 5.176458791424032313e+00
3.874170000000000114e-01 2.324499999999999900e-01 -1.324500000000000677e-02 -1.324499999999999289e-02 3.311499999999995003e-03 6.938893903907228378e-18 6.673840768988211103e+00
3.741720000000000046e-01 2.192050000000000110e-01 -9.933500000000011765e-03 -1.324499999999999289e-02 3.311250000000001692e-03 -6.938893903907228378e-18 9.664286831537937772e+00
3.675499999999999878e-01 2.059600000000000042e-01 -6.622500000000003384e-03 -1.324500000000000677e-02 3.311000000000008381e-03 1.655749999999997502e-03 1.012813864058525759e+01
3.609269999999999978e-01 1.927149999999999974e-01 -3.311499999999995003e-03 -9.933499999999997887e-03 3.311250000000001692e-03 1.655750000000004440e-03 2.387489541259622428e+01
3.609269999999999978e-01 1.860930000000000084e-01 0.000000000000000000e+00 -9.933499999999997887e-03 3.311499999999995003e-03 -2.500000000002500222e-07 3.355986206445709996e+01
3.609269999999999978e-01 1.728480000000000016e-01 3.311499999999995003e-03 -9.933999999999998387e-03 6.622500000000003384e-03 3.311000000000001442e-03 6.684610239959948785e+01
3.675499999999999878e-01 1.662250000000000116e-01 1.324500000000000677e-02 -3.311499999999995003e-03 4.966750000000005882e-03 4.966999999999999194e-03 3.231493143908372190e+01
3.874170000000000114e-01 1.662250000000000116e-01 1.324500000000000677e-02 0.000000000000000000e+00 -3.311250000000001692e-03 1.655749999999997502e-03 9.438236128621628751e+00
3.940400000000000014e-01 1.662250000000000116e-01 6.622500000000003384e-03 0.000000000000000000e+00 -3.311250000000001692e-03 0.000000000000000000e+00 0.000000000000000000e+00
4.006620000000000181e-01 1.662250000000000116e-01 6.622500000000003384e-03 0.000000000000000000e+00 0.000000000000000000e+00 1.655749999999997502e-03 3.775294451448651500e+01
4.072850000000000081e-01 1.662250000000000116e-01 6.622500000000003384e-03 3.311499999999995003e-03 0.000000000000000000e+00 1.655749999999997502e-03 2.701258436269032259e+01
4.139070000000000249e-01 1.728480000000000016e-01 6.622500000000003384e-03 3.311499999999995003e-03 -1.387778780781445676e-17 -1.655749999999997502e-03 -2.701258436269021246e+01
4.205300000000000149e-01 1.728480000000000016e-01 6.622499999999975628e-03 0.000000000000000000e+00 0.000000000000000000e+00 -1.655749999999997502e-03 -3.775294451448684185e+01
4.271519999999999762e-01 1.728480000000000016e-01 6.622500000000003384e-03 0.000000000000000000e+00 1.387778780781445676e-17 -1.655749999999997502e-03 -3.775294451448651500e+01
4.337750000000000217e-01 1.728480000000000016e-01 6.622500000000003384e-03 -3.311499999999995003e-03 1.655499999999990313e-03 -1.655749999999997502e-03 -1.350731190895425904e+01
4.403969999999999829e-01 1.662250000000000116e-01 9.933499999999984009e-03 -3.311499999999995003e-03 1.655749999999997502e-03 1.655749999999997502e-03 1.910251219376394971e+01
4.536419999999999897e-01 1.662250000000000116e-01 9.933999999999998387e-03 0.000000000000000000e+00 2.500000000071889161e-07 1.655749999999997502e-03 1.677824193330093649e+01
4.602649999999999797e-01 1.662250000000000116e-01 9.933999999999998387e-03 0.000000000000000000e+00 1.655500000000004190e-03 0.000000000000000000e+00 0.000000000000000000e+00
4.735099999999999865e-01 1.662250000000000116e-01 1.324500000000000677e-02 0.000000000000000000e+00 1.655500000000004190e-03 0.000000000000000000e+00 0.000000000000000000e+00
4.867549999999999932e-01 1.662250000000000116e-01 1.324500000000000677e-02 0.000000000000000000e+00 -1.655499999999990313e-03 1.655749999999997502e-03 9.438236128621628751e+00
5.000000000000000000e-01 1.662250000000000116e-01 9.934000000000026143e-03 3.311499999999995003e-03 -3.311250000000015570e-03 4.966999999999999194e-03 5.252368859490051278e+01
5.066230000000000455e-01 1.728480000000000016e-01 6.622499999999975628e-03 9.933999999999998387e-03 -3.311500000000036636e-03 3.311000000000001442e-03 3.221465023334243227e+01
5.132449999999999513e-01 1.860930000000000084e-01 3.310999999999952870e-03 9.933499999999997887e-03 -4.966749999999964249e-03 -2.500000000002500222e-07 4.297647032951941526e+01
5.132449999999999513e-01 1.927149999999999974e-01 -3.310999999999952870e-03 9.933499999999997887e-03 -6.622499999999961751e-03 3.311500000000001942e-03 4.775339635172728947e+01
5.066230000000000455e-01 2.059600000000000042e-01 -9.933999999999970631e-03 1.655650000000000177e-02 -4.967250000000034138e-03 3.311500000000001942e-03 6.855126178555748240e+00
4.933770000000000100e-01 2.258280000000000010e-01 -1.324550000000002115e-02 1.655650000000000177e-02 2.499999999794333405e-07 -3.311500000000001942e-03 4.601180210831653739e+00
4.801320000000000032e-01 2.390730000000000077e-01 -9.933500000000011765e-03 9.933499999999997887e-03 1.656000000000004690e-03 -4.967000000000006132e-03 1.186341150585587201e+01
4.735099999999999865e-01 2.456949999999999967e-01 -9.933500000000011765e-03 6.622499999999989506e-03 -1.655749999999997502e-03 -1.655499999999997252e-03 1.610803608668981113e+01
4.602649999999999797e-01 2.523179999999999867e-01 -1.324500000000000677e-02 6.622500000000003384e-03 -2.499999999933111283e-07 6.938893903907228378e-18 5.098484087466404044e-04
4.470199999999999729e-01 2.589400000000000035e-01 -9.933999999999998387e-03 6.622500000000003384e-03 1.655500000000004190e-03 0.000000000000000000e+00 -6.442249040481880407e+00
4.403969999999999829e-01 2.655629999999999935e-01 -9.933999999999998387e-03 6.622500000000003384e-03 2.500000000071889161e-07 -1.655749999999997502e-03 9.664103220701319330e+00
4.271519999999999762e-01 2.721850000000000103e-01 -9.933499999999984009e-03 3.311000000000008381e-03 4.966999999999999194e-03 -3.311250000000001692e-03 1.432645157632523514e+01
4.205300000000000149e-01 2.721850000000000103e-01 0.000000000000000000e+00 0.000000000000000000e+00 8.277999999999993697e-03 2.499999999933111283e-07 0.000000000000000000e+00
4.271519999999999762e-01 2.721850000000000103e-01 6.622500000000003384e-03 3.311499999999995003e-03 3.311250000000001692e-03 1.655749999999997502e-03 0.000000000000000000e+00
4.337750000000000217e-01 2.788080000000000003e-01 6.622500000000003384e-03 3.311499999999995003e-03 3.311249999999987814e-03 -2.499999999933111283e-07 -2.701666296519088561e+01
4.403969999999999829e-01 2.788080000000000003e-01 1.324499999999997901e-02 3.311000000000008381e-03 6.622500000000003384e-03 -2.499999999933111283e-07 -8.617935047392682790e+00
4.602649999999999797e-01 2.854300000000000170e-01 1.986750000000001015e-02 3.311000000000008381e-03 4.967000000000026949e-03 2.499999999933111283e-07 -2.012084963526810988e+00
4.801320000000000032e-01 2.854300000000000170e-01 2.317900000000003291e-02 3.311499999999995003e-03 3.311499999999981125e-03 1.655749999999997502e-03 2.135519405382452440e+00
5.066230000000000455e-01 2.920530000000000070e-01 2.649049999999997240e-02 6.622500000000003384e-03 9.933499999999970131e-03 -2.499999999933111283e-07 -3.231510368454633131e+00
5.331129999999999480e-01 2.986750000000000238e-01 4.304599999999997317e-02 3.311000000000008381e-03 6.622250000000023951e-03 -3.311250000000001692e-03 -2.043738201543503497e+00
5.927149999999999919e-01 2.986750000000000238e-01 3.973500000000002030e-02 0.000000000000000000e+00 -1.158924999999999539e-02 -1.655500000000004190e-03 -1.048534562110703172e+00
6.125829999999999886e-01 2.986750000000000238e-01 1.986749999999998240e-02 0.000000000000000000e+00 -6.622500000000003384e-03 -1.655500000000004190e-03 -4.194138248442825123e+00
6.324499999999999567e-01 2.986750000000000238e-01 2.649000000000001354e-02 -3.311000000000008381e-03 2.775557561562891351e-17 -3.311250000000001692e-03 -4.610303263622620662e+00
6.655630000000000157e-01 2.920530000000000070e-01 1.986750000000003791e-02 -6.622500000000003384e-03 -9.933750000000018954e-03 -4.966999999999999194e-03 -1.790671240475885284e+01
6.721850000000000325e-01 2.854300000000000170e-01 6.622499999999975628e-03 -1.324500000000000677e-02 -8.278000000000035330e-03 -3.311250000000001692e-03 -4.051714319802020015e+01
6.788079999999999670e-01 2.655629999999999935e-01 3.311499999999967248e-03 -1.324500000000000677e-02 -4.966999999999971438e-03 3.311250000000001692e-03 -2.154296233960972629e+01
6.788079999999999670e-01 2.589400000000000035e-01 -3.311499999999967248e-03 -6.622500000000003384e-03 -6.622749999999982817e-03 3.311250000000001692e-03 -1.350588432109512098e+02
6.721850000000000325e-01 2.523179999999999867e-01 -9.933999999999998387e-03 -6.622500000000003384e-03 -4.966750000000019760e-03 1.655500000000004190e-03 -2.899133673316558912e+01
6.589399999999999702e-01 2.456949999999999967e-01 -1.324500000000000677e-02 -3.311499999999995003e-03 -1.655500000000004190e-03 3.311250000000001692e-03 -1.938837332819957737e+01
6.456950000000000189e-01 2.456949999999999967e-01 -1.324500000000000677e-02 0.000000000000000000e+00 3.311249999999987814e-03 3.311499999999995003e-03 -1.887647225724325750e+01
6.324499999999999567e-01 2.456949999999999967e-01 -6.622500000000031140e-03 3.311499999999995003e-03 4.967000000000026949e-03 4.966999999999999194e-03 -1.215535707572141177e+02
6.324499999999999567e-01 2.523179999999999867e-01 -3.310999999999952870e-03 9.933999999999998387e-03 1.655750000000039135e-03 3.311000000000008381e-03 -2.387417455226526997e+01
6.258280000000000509e-01 2.655629999999999935e-01 -3.310999999999952870e-03 9.933500000000011765e-03 1.655499999999976435e-03 -1.655749999999997502e-03 -9.549525554117405335e+00
6.258280000000000509e-01 2.721850000000000103e-01 0.000000000000000000e+00 6.622500000000003384e-03 1.655499999999976435e-03 -1.655250000000010879e-03 -3.774724423598468093e+01
6.258280000000000509e-01 2.788080000000000003e-01 0.000000000000000000e+00 6.622999999999990006e-03 0.000000000000000000e+00 4.999999999866222566e-07 0.000000000000000000e+00
