5.198679999999999968e-01 2.854300000000000170e-01 0.000000000000000000e+00 6.622999999999990006e-03 -3.311500000000022759e-03 -3.311499999999995003e-03 7.549448890231087717e+01
5.198679999999999968e-01 2.920530000000000070e-01 -3.311500000000022759e-03 3.311499999999995003e-03 -3.311249999999987814e-03 -3.311499999999995003e-03 2.135225999861148409e+02
5.132449999999999513e-01 2.920530000000000070e-01 -6.622499999999975628e-03 0.000000000000000000e+00 -4.966749999999978127e-03 -1.655749999999997502e-03 3.775294451448684185e+01
5.066230000000000455e-01 2.920530000000000070e-01 -1.324499999999997901e-02 0.000000000000000000e+00 -8.278250000000028641e-03 -6.622500000000003384e-03 3.775009437523608113e+01
4.867549999999999932e-01 2.920530000000000070e-01 -2.317900000000003291e-02 -1.324500000000000677e-02 -3.311250000000015570e-03 -9.933750000000005076e-03 9.796751858851491690e+00
4.602649999999999797e-01 2.655629999999999935e-01 -1.986750000000001015e-02 -1.986750000000001015e-02 6.622500000000017262e-03 -4.966999999999992255e-03 1.038085830082898831e+01
4.470199999999999729e-01 2.523179999999999867e-01 -9.933999999999998387e-03 -2.317899999999999128e-02 9.933750000000005076e-03 -4.966999999999992255e-03 1.743399728429507078e+01
4.403969999999999829e-01 2.192050000000000110e-01 0.000000000000000000e+00 -2.980149999999999466e-02 1.324525000000000008e-02 1.655749999999990563e-03 1.491364880663143744e+01
4.470199999999999729e-01 1.927149999999999974e-01 1.655650000000000177e-02 -1.986750000000001015e-02 1.490075000000001815e-02 9.933999999999998387e-03 2.662337388852613174e+01
4.735099999999999865e-01 1.794699999999999906e-01 2.980150000000003629e-02 -9.933499999999997887e-03 3.311250000000001692e-03 8.278250000000007824e-03 9.019565197095170461e+00
5.066230000000000455e-01 1.728480000000000016e-01 2.317900000000000515e-02 -3.310999999999994503e-03 -8.278250000000042519e-03 6.622249999999996195e-03 9.822691499829472761e+00
5.198679999999999968e-01 1.728480000000000016e-01 1.324499999999995126e-02 3.310999999999994503e-03 -6.622750000000010573e-03 4.966749999999998944e-03 3.446816182870055911e+01
5.331129999999999480e-01 1.794699999999999906e-01 9.933499999999984009e-03 6.622500000000003384e-03 -3.311249999999960059e-03 2.500000000071889161e-07 1.288827743659992286e+01
5.397349999999999648e-01 1.860930000000000084e-01 6.622500000000031140e-03 3.311500000000008881e-03 -1.655499999999976435e-03 -6.622500000000003384e-03 -9.453690779202321437e+01
5.463580000000000103e-01 1.860930000000000084e-01 6.622500000000031140e-03 -6.622500000000003384e-03 3.311249999999987814e-03 -6.622750000000003634e-03 -2.669536307595311087e+01
5.529800000000000271e-01 1.728480000000000016e-01 1.324500000000000677e-02 -9.933999999999998387e-03 4.966999999999971438e-03 1.655500000000004190e-03 1.570379483838075174e+01
5.728480000000000238e-01 1.662250000000000116e-01 1.655649999999997402e-02 -3.311499999999995003e-03 1.655500000000004190e-03 6.622749999999996695e-03 2.391863903335032049e+01
5.860929999999999751e-01 1.662250000000000116e-01 1.655600000000001515e-02 3.311499999999995003e-03 -1.655749999999983624e-03 4.966999999999992255e-03 1.822473929301955309e+01
6.059600000000000541e-01 1.728480000000000016e-01 1.324500000000000677e-02 6.622499999999989506e-03 -4.966750000000019760e-03 3.311000000000001442e-03 2.363402298939486101e+01
6.125829999999999886e-01 1.794699999999999906e-01 6.622499999999975628e-03 9.933499999999997887e-03 -6.622500000000003384e-03 8.278250000000007824e-03 7.087701272786139839e+01
6.192050000000000054e-01 1.927149999999999974e-01 0.000000000000000000e+00 2.317900000000000515e-02 -1.158924999999999539e-02 9.933999999999998387e-03 2.157078451939602104e+01
6.125829999999999886e-01 2.258280000000000010e-01 -1.655600000000001515e-02 2.980149999999999466e-02 -1.821200000000000596e-02 -2.500000000002500222e-07 1.369811013519072418e+01
5.860929999999999751e-01 2.523179999999999867e-01 -3.642400000000001192e-02 2.317850000000000465e-02 -8.278249999999987008e-03 -8.278249999999993947e-03 6.131283584926899621e+00
5.397349999999999648e-01 2.721850000000000103e-01 -3.311249999999998916e-02 1.324500000000000677e-02 3.311250000000015570e-03 -8.278000000000000635e-03 5.076127623374694586e+00
5.198679999999999968e-01 2.788080000000000003e-01 -2.980149999999998078e-02 6.622500000000003384e-03 1.655499999999990313e-03 -3.311250000000001692e-03 3.082956585393717752e+00
4.801320000000000032e-01 2.854300000000000170e-01 -2.980150000000000854e-02 6.622500000000003384e-03 1.158949999999998870e-02 -1.655500000000004190e-03 -9.635512243366239904e-01
4.602649999999999797e-01 2.920530000000000070e-01 -6.622500000000003384e-03 3.311499999999995003e-03 2.317875000000001184e-02 -1.655749999999997502e-03 -1.620755061761419711e+02
4.668869999999999965e-01 2.920530000000000070e-01 1.655600000000001515e-02 3.311000000000008381e-03 2.317900000000000515e-02 1.655500000000004190e-03 -1.025088496709166819e+01
4.933770000000000100e-01 2.986750000000000238e-01 3.973550000000000693e-02 6.622500000000003384e-03 2.152349999999998709e-02 3.311499999999995003e-03 -1.675863595104676307e-01
5.463580000000000103e-01 3.052980000000000138e-01 5.960299999999998932e-02 9.933999999999998387e-03 4.966499999999998693e-03 0.000000000000000000e+00 -2.236252354154306676e-01
6.125829999999999886e-01 3.185430000000000206e-01 4.966850000000000431e-02 6.622500000000003384e-03 -8.278499999999980319e-03 -4.966999999999999194e-03 -1.525123166836367616e+00
6.456950000000000189e-01 3.185430000000000206e-01 4.304600000000002868e-02 0.000000000000000000e+00 -3.311000000000008381e-03 -4.966750000000005882e-03 -2.680443749436589584e+00
6.986750000000000460e-01 3.185430000000000206e-01 4.304649999999998755e-02 -3.311000000000008381e-03 -9.933500000000039520e-03 -8.278250000000000886e-03 -4.836828338720017939e+00
7.317879999999999940e-01 3.119210000000000038e-01 2.317899999999994964e-02 -1.655650000000000177e-02 -1.821200000000000596e-02 -9.933999999999998387e-03 -2.300903503461514887e+01
7.450329999999999453e-01 2.854300000000000170e-01 6.622499999999975628e-03 -2.317900000000000515e-02 -1.490074999999996264e-02 1.655749999999997502e-03 -2.387198852867518539e+01
7.450329999999999453e-01 2.655629999999999935e-01 -6.622499999999975628e-03 -1.324500000000000677e-02 -1.490074999999996264e-02 6.622500000000003384e-03 -7.428287376686151333e+01
7.317879999999999940e-01 2.589400000000000035e-01 -2.317899999999994964e-02 -9.933999999999998387e-03 -8.278250000000014763e-03 3.311250000000001692e-03 -9.913531417771881848e+00
6.986750000000000460e-01 2.456949999999999967e-01 -2.317900000000000515e-02 -6.622500000000003384e-03 6.622749999999955062e-03 8.278250000000000886e-03 -1.056634328548232737e+01
6.854299999999999837e-01 2.456949999999999967e-01 -9.933500000000039520e-03 6.622500000000003384e-03 9.933999999999998387e-03 9.933750000000005076e-03 -9.665064880293640215e+01
6.788079999999999670e-01 2.589400000000000035e-01 -3.311000000000008381e-03 1.324500000000000677e-02 6.622250000000023951e-03 1.655749999999997502e-03 -3.662215764787740113e+01
6.788079999999999670e-01 2.721850000000000103e-01 3.311000000000008381e-03 9.933999999999998387e-03 4.966500000000012571e-03 -3.311000000000008381e-03 -5.251957879876945157e+01
6.854299999999999837e-01 2.788080000000000003e-01 6.622000000000016762e-03 6.622999999999990006e-03 3.311000000000008381e-03 -3.311000000000008381e-03 -5.338266428429599131e+01
