5.264900000000000135e-01 2.655629999999999935e-01 0.000000000000000000e+00 6.622000000000016762e-03 -6.622500000000031140e-03 -3.311000000000008381e-03 1.510231811974416871e+02
5.264900000000000135e-01 2.721850000000000103e-01 -6.622500000000031140e-03 3.311000000000008381e-03 -1.158950000000000258e-02 -8.277750000000014263e-03 2.295981978441746207e+02
5.132449999999999513e-01 2.721850000000000103e-01 -2.317900000000000515e-02 -9.933500000000011765e-03 -8.278249999999973130e-03 -1.158925000000000927e-02 1.162278232868534111e+01
4.801320000000000032e-01 2.523179999999999867e-01 -2.317899999999997740e-02 -1.986750000000001015e-02 3.311499999999995003e-03 -9.933999999999991448e-03 1.040530305931644506e+01
4.668869999999999965e-01 2.324499999999999900e-01 -1.655600000000001515e-02 -2.980149999999999466e-02 6.622749999999982817e-03 -3.311249999999994753e-03 6.364841759662699161e+00
4.470199999999999729e-01 1.927149999999999974e-01 -9.933500000000011765e-03 -2.648999999999999966e-02 1.324475000000001346e-02 4.966999999999999194e-03 1.331529939629929338e+01
4.470199999999999729e-01 1.794699999999999906e-01 9.933500000000011765e-03 -1.986749999999999627e-02 1.986750000000002403e-02 6.622500000000003384e-03 4.201879027250667065e+01
4.668869999999999965e-01 1.529800000000000049e-01 2.980150000000003629e-02 -1.324499999999999289e-02 6.622749999999982817e-03 1.158949999999999564e-02 1.248671953907234666e+01
5.066230000000000455e-01 1.529800000000000049e-01 2.317899999999997740e-02 3.311499999999995003e-03 -9.934000000000026143e-03 8.278249999999993947e-03 1.751084642210804532e+01
5.132449999999999513e-01 1.596029999999999949e-01 9.933499999999984009e-03 3.311499999999995003e-03 -4.966999999999985316e-03 -1.655749999999997502e-03 7.211216380999263282e-04
5.264900000000000135e-01 1.596029999999999949e-01 1.324500000000000677e-02 0.000000000000000000e+00 1.655750000000011379e-03 -3.311499999999995003e-03 -1.887647225724325750e+01
5.397349999999999648e-01 1.596029999999999949e-01 1.324500000000000677e-02 -3.311499999999995003e-03 0.000000000000000000e+00 -3.311250000000001692e-03 -1.723410963598175982e+01
5.529800000000000271e-01 1.529800000000000049e-01 1.324500000000000677e-02 -6.622500000000003384e-03 3.311249999999987814e-03 -1.655500000000004190e-03 5.098484087462581147e-04
5.662249999999999783e-01 1.463579999999999881e-01 1.986749999999998240e-02 -6.622500000000003384e-03 6.622500000000003384e-03 3.311250000000001692e-03 1.193762801120568895e+01
5.927149999999999919e-01 1.397349999999999981e-01 2.649000000000001354e-02 0.000000000000000000e+00 -3.311249999999987814e-03 1.158950000000000258e-02 1.651584442286887366e+01
6.192050000000000054e-01 1.463579999999999881e-01 1.324500000000000677e-02 1.655650000000000177e-02 -1.324500000000000677e-02 9.933750000000005076e-03 3.681072104998851557e+01
6.192050000000000054e-01 1.728480000000000016e-01 0.000000000000000000e+00 1.986750000000001015e-02 -1.490050000000001096e-02 4.966749999999998944e-03 3.774977769309695930e+01
6.192050000000000054e-01 1.860930000000000084e-01 -1.655600000000001515e-02 2.648999999999999966e-02 -1.324500000000000677e-02 3.311249999999994753e-03 9.711661207404118201e+00
5.860929999999999751e-01 2.258280000000000010e-01 -2.649000000000001354e-02 2.648999999999999966e-02 -6.622749999999982817e-03 -3.311250000000001692e-03 5.005128657642234025e+00
5.662249999999999783e-01 2.390730000000000077e-01 -2.980149999999998078e-02 1.986749999999999627e-02 -1.655499999999976435e-03 -3.311250000000001692e-03 2.863501734082428030e+00
5.264900000000000135e-01 2.655629999999999935e-01 -2.980099999999996641e-02 1.986749999999999627e-02 8.278249999999987008e-03 -6.622499999999996445e-03 7.158193025822076061e-01
5.066230000000000455e-01 2.788080000000000003e-01 -1.324500000000000677e-02 6.622500000000003384e-03 1.324474999999997182e-02 -8.278249999999993947e-03 6.753961871222406543e+00
5.000000000000000000e-01 2.788080000000000003e-01 -3.311500000000022759e-03 3.311000000000008381e-03 1.324500000000000677e-02 0.000000000000000000e+00 -4.270613142743625872e+02
5.000000000000000000e-01 2.854300000000000170e-01 1.324500000000000677e-02 6.622500000000003384e-03 2.317900000000000515e-02 1.655749999999997502e-03 -4.051765304642878363e+01
5.264900000000000135e-01 2.920530000000000070e-01 4.304649999999998755e-02 6.622500000000003384e-03 1.821200000000000596e-02 -1.655749999999997502e-03 -2.322654006754097278e+00
5.860929999999999751e-01 2.986750000000000238e-01 4.966900000000001869e-02 3.311000000000008381e-03 1.158925000000002314e-02 -1.655500000000004190e-03 -9.776854926829937620e-01
6.258280000000000509e-01 2.986750000000000238e-01 6.622500000000003384e-02 3.311499999999995003e-03 6.622499999999975628e-03 -1.655500000000004190e-03 -4.512847006337176170e-01
7.185430000000000428e-01 3.052980000000000138e-01 6.291399999999996995e-02 0.000000000000000000e+00 -2.152300000000001434e-02 -6.622749999999996695e-03 -1.673184240251126997e+00
7.516559999999999908e-01 2.986750000000000238e-01 2.317900000000000515e-02 -9.933999999999998387e-03 -2.814574999999996940e-02 -8.278000000000007574e-03 -2.939844753104480191e+01
7.649010000000000531e-01 2.854300000000000170e-01 6.622500000000031140e-03 -1.655600000000001515e-02 -1.490075000000001815e-02 -3.311000000000008381e-03 -4.737930903880186406e+01
7.649010000000000531e-01 2.655629999999999935e-01 -6.622500000000031140e-03 -1.655600000000001515e-02 -1.324500000000003452e-02 3.311000000000008381e-03 -4.254433406184717370e+01
7.516559999999999908e-01 2.523179999999999867e-01 -1.986750000000003791e-02 -9.933999999999998387e-03 -4.966999999999971438e-03 6.622250000000010073e-03 -1.650671612963650858e+01
7.251659999999999773e-01 2.456949999999999967e-01 -1.655649999999997402e-02 -3.311499999999995003e-03 4.966750000000019760e-03 8.278250000000000886e-03 -2.505704859005147256e+01
7.185430000000000428e-01 2.456949999999999967e-01 -9.933999999999998387e-03 6.622500000000003384e-03 4.966999999999971438e-03 9.933999999999998387e-03 -7.731623064964207970e+01
7.052979999999999805e-01 2.589400000000000035e-01 -6.622500000000031140e-03 1.655650000000000177e-02 4.966999999999999194e-03 4.966999999999999194e-03 -2.030481256360760156e+01
7.052979999999999805e-01 2.788080000000000003e-01 0.000000000000000000e+00 1.655650000000000177e-02 3.311250000000015570e-03 -1.655749999999997502e-03 -1.207966539051444599e+01
7.052979999999999805e-01 2.920530000000000070e-01 0.000000000000000000e+00 1.324500000000000677e-02 0.000000000000000000e+00 -3.311499999999995003e-03 -0.000000000000000000e+00
