5.794700000000000406e-01 1.198680000000000023e-01 -1.324500000000006228e-02 0.000000000000000000e+00 5.551115123125782702e-17 0.000000000000000000e+00 -0.000000000000000000e+00
5.662249999999999783e-01 1.198680000000000023e-01 -1.324500000000000677e-02 0.000000000000000000e+00 -3.311249999999960059e-03 0.000000000000000000e+00 0.000000000000000000e+00
5.529800000000000271e-01 1.198680000000000023e-01 -1.986749999999998240e-02 0.000000000000000000e+00 -6.622500000000003384e-03 -3.311250000000001692e-03 8.388909861163561743e+00
5.264900000000000135e-01 1.198680000000000023e-01 -2.649000000000001354e-02 -6.622500000000003384e-03 -1.655750000000011379e-03 -8.278250000000000886e-03 1.023301092564725145e+01
5.000000000000000000e-01 1.066229999999999956e-01 -2.317900000000000515e-02 -1.655650000000000177e-02 6.622500000000003384e-03 -3.311499999999998473e-03 8.065154782325437921e+00
4.801320000000000032e-01 8.675499999999999878e-02 -1.324500000000000677e-02 -1.324550000000000033e-02 6.622749999999996695e-03 1.734723475976807094e-18 1.334692576403751829e+01
4.735099999999999865e-01 8.013199999999999490e-02 -9.933500000000011765e-03 -1.655649999999999830e-02 0.000000000000000000e+00 -4.966499999999998693e-03 6.854135091517745693e+00
4.602649999999999797e-01 5.364200000000000218e-02 -1.324500000000000677e-02 -2.317849999999999772e-02 1.655500000000004190e-03 2.499999999985152987e-07 2.016701765347223230e+00
4.470199999999999729e-01 3.377499999999999947e-02 -6.622500000000003384e-03 -1.655600000000000127e-02 8.278000000000007574e-03 3.310999999999999707e-03 2.030523044305834901e+01
4.470199999999999729e-01 2.052999999999999964e-02 3.311000000000008381e-03 -1.655649999999999830e-02 8.278000000000007574e-03 1.655500000000000721e-03 2.961240654620056034e+01
4.536419999999999897e-01 6.620000000000000450e-04 9.933500000000011765e-03 -1.324499999999999983e-02 3.311499999999995003e-03 6.622749999999999297e-03 2.416162913442240168e+01
4.668869999999999965e-01 -5.960000000000000020e-03 9.933999999999998387e-03 -3.311000000000000141e-03 3.311499999999995003e-03 6.622499999999999915e-03 6.684913046701882422e+01
4.735099999999999865e-01 -5.960000000000000020e-03 1.655650000000000177e-02 0.000000000000000000e+00 4.966749999999992005e-03 3.311000000000000141e-03 1.207875337349736355e+01
5.000000000000000000e-01 -5.960000000000000020e-03 1.986749999999998240e-02 3.311000000000000141e-03 -1.655749999999997502e-03 3.311249999999999957e-03 8.722107951750148302e+00
5.132449999999999513e-01 6.620000000000000450e-04 1.324500000000000677e-02 6.622499999999999915e-03 -3.311249999999987814e-03 3.311500000000000207e-03 2.025984622003193891e+01
5.264900000000000135e-01 7.284999999999999809e-03 1.324500000000000677e-02 9.934000000000000122e-03 -3.311250000000015570e-03 3.311249999999999957e-03 1.691176501822898004e+01
5.397349999999999648e-01 2.052999999999999964e-02 6.622499999999975628e-03 1.324499999999999983e-02 -6.622500000000003384e-03 -2.499999999993826605e-07 2.701125884921048836e+01
5.397349999999999648e-01 3.377499999999999947e-02 0.000000000000000000e+00 9.933500000000001356e-03 -3.311249999999987814e-03 -3.311249999999999957e-03 3.355732847982280731e+01
5.397349999999999648e-01 4.039700000000000235e-02 0.000000000000000000e+00 6.622499999999999915e-03 0.000000000000000000e+00 -1.655500000000000721e-03 -0.000000000000000000e+00
5.397349999999999648e-01 4.701999999999999930e-02 0.000000000000000000e+00 6.622499999999999915e-03 -1.655500000000004190e-03 -1.655749999999999236e-03 3.774724423598535594e+01
5.397349999999999648e-01 5.364200000000000218e-02 -3.311000000000008381e-03 3.311000000000001442e-03 -1.655500000000004190e-03 -4.966750000000000678e-03 2.135709684535712256e+02
5.331129999999999480e-01 5.364200000000000218e-02 -3.311000000000008381e-03 -3.311000000000001442e-03 3.311000000000008381e-03 -8.278000000000000635e-03 3.737512104508945754e+02
5.331129999999999480e-01 4.701999999999999930e-02 3.311000000000008381e-03 -1.324500000000000156e-02 3.311000000000008381e-03 -6.622750000000000165e-03 8.616308555448645379e+00
5.397349999999999648e-01 2.715199999999999905e-02 3.311000000000008381e-03 -1.655650000000000177e-02 1.655750000000011379e-03 -1.655499999999999854e-03 4.556469236601791373e+00
5.397349999999999648e-01 1.390699999999999922e-02 6.622500000000031140e-03 -1.655600000000000127e-02 4.966999999999999194e-03 1.655750000000000971e-03 1.643821409747952700e+01
5.529800000000000271e-01 -5.960000000000000020e-03 1.324500000000000677e-02 -1.324499999999999983e-02 3.311249999999987814e-03 6.622250000000000532e-03 2.001950695417320958e+01
5.662249999999999783e-01 -1.258300000000000043e-02 1.324500000000000677e-02 -3.311500000000000207e-03 1.655750000000011379e-03 9.933749999999999872e-03 5.385691791935548167e+01
5.794700000000000406e-01 -1.258300000000000043e-02 1.655650000000002953e-02 6.622499999999999915e-03 0.000000000000000000e+00 6.622750000000000165e-03 1.933824348683837613e+01
5.993380000000000374e-01 6.620000000000000450e-04 1.324500000000000677e-02 9.934000000000000122e-03 -3.311500000000022759e-03 3.311249999999999957e-03 1.691231224386314835e+01
6.059600000000000541e-01 7.284999999999999809e-03 9.933499999999984009e-03 1.324499999999999983e-02 -3.311250000000015570e-03 4.966749999999999811e-03 2.053606228229435615e+01
6.192050000000000054e-01 2.715199999999999905e-02 6.622499999999975628e-03 1.986749999999999974e-02 -4.966749999999992005e-03 1.655750000000000971e-03 1.193744775257203727e+01
6.192050000000000054e-01 4.701999999999999930e-02 0.000000000000000000e+00 1.655650000000000177e-02 -3.311249999999987814e-03 -3.311249999999998223e-03 1.207966539051434296e+01
6.192050000000000054e-01 6.026499999999999913e-02 0.000000000000000000e+00 1.324500000000000330e-02 -3.311249999999987814e-03 -2.500000000002500222e-07 1.887504718761789135e+01
6.192050000000000054e-01 7.351000000000000589e-02 -6.622499999999975628e-03 1.655600000000000127e-02 -4.966749999999992005e-03 -1.734723475976807094e-18 1.450346487500532078e+01
6.059600000000000541e-01 9.337700000000000167e-02 -9.933499999999984009e-03 1.324499999999999983e-02 -2.775557561562891351e-17 -3.311000000000001442e-03 7.247485481945889596e+00
5.993380000000000374e-01 1.000000000000000056e-01 -6.622500000000031140e-03 9.933999999999998387e-03 -1.655750000000011379e-03 -3.469446951953614189e-18 9.665076076189246024e+00
5.927149999999999919e-01 1.132449999999999984e-01 -1.324500000000000677e-02 1.324499999999999289e-02 -6.622499999999975628e-03 3.469446951953614189e-18 1.334667386158067615e+01
5.728480000000000238e-01 1.264899999999999913e-01 -1.986749999999998240e-02 9.934000000000005326e-03 -3.311250000000015570e-03 -3.311249999999994753e-03 9.003862471587812166e+00
5.529800000000000271e-01 1.331130000000000091e-01 -1.986750000000003791e-02 6.622500000000003384e-03 -1.655500000000004190e-03 -3.311500000000005411e-03 8.356790254427986397e+00
5.331129999999999480e-01 1.397349999999999981e-01 -2.317849999999999078e-02 3.310999999999994503e-03 -3.311499999999967248e-03 -3.311250000000001692e-03 6.833680170326372760e+00
5.066230000000000455e-01 1.397349999999999981e-01 -2.649049999999997240e-02 0.000000000000000000e+00 -3.311500000000022759e-03 -1.655499999999997252e-03 2.359113707143517757e+00
4.801320000000000032e-01 1.397349999999999981e-01 -2.980150000000003629e-02 0.000000000000000000e+00 1.655999999999990813e-03 0.000000000000000000e+00 -0.000000000000000000e+00
4.470199999999999729e-01 1.397349999999999981e-01 -2.317849999999999078e-02 0.000000000000000000e+00 4.967000000000026949e-03 -1.655499999999997252e-03 3.081474164341024391e+00
4.337750000000000217e-01 1.397349999999999981e-01 -1.986749999999998240e-02 -3.310999999999994503e-03 3.310999999999994503e-03 -1.655499999999997252e-03 5.366944502774186887e+00
4.072850000000000081e-01 1.331130000000000091e-01 -1.655650000000000177e-02 -3.310999999999994503e-03 1.158924999999999539e-02 1.655499999999997252e-03 2.277546706587572967e+00
4.006620000000000181e-01 1.331130000000000091e-01 3.311000000000008381e-03 0.000000000000000000e+00 1.490074999999999039e-02 1.655499999999997252e-03 1.510117789187546293e+02
4.139070000000000249e-01 1.331130000000000091e-01 1.324499999999997901e-02 0.000000000000000000e+00 4.966999999999985316e-03 0.000000000000000000e+00 0.000000000000000000e+00
4.271519999999999762e-01 1.331130000000000091e-01 1.324499999999997901e-02 0.000000000000000000e+00 1.324525000000002783e-02 0.000000000000000000e+00 0.000000000000000000e+00
4.403969999999999829e-01 1.331130000000000091e-01 3.973550000000003468e-02 0.000000000000000000e+00 1.655650000000000177e-02 0.000000000000000000e+00 0.000000000000000000e+00
5.066230000000000455e-01 1.331130000000000091e-01 4.635799999999998255e-02 0.000000000000000000e+00 3.310999999999980625e-03 0.000000000000000000e+00 0.000000000000000000e+00
5.331129999999999480e-01 1.331130000000000091e-01 4.635749999999999593e-02 0.000000000000000000e+00 3.311000000000022259e-03 1.655499999999997252e-03 7.703519231833714231e-01
5.993380000000000374e-01 1.331130000000000091e-01 5.298000000000002707e-02 3.310999999999994503e-03 -3.311250000000015570e-03 1.655499999999997252e-03 6.596574100726934065e-01
6.390730000000000022e-01 1.397349999999999981e-01 3.973499999999996479e-02 3.310999999999994503e-03 -8.278000000000007574e-03 -1.655499999999997252e-03 -6.053361937763380718e-01
6.788079999999999670e-01 1.397349999999999981e-01 3.642400000000001192e-02 0.000000000000000000e+00 -6.622499999999975628e-03 -3.310999999999994503e-03 -2.495651310631944675e+00
7.119210000000000260e-01 1.397349999999999981e-01 2.649000000000001354e-02 -3.310999999999994503e-03 -9.934000000000026143e-03 -3.311250000000001692e-03 -6.339079964504460207e+00
7.317879999999999940e-01 1.331130000000000091e-01 1.655599999999995964e-02 -6.622500000000003384e-03 -4.966749999999992005e-03 -1.655750000000004440e-03 -1.063644852942659824e+01
7.450329999999999453e-01 1.264899999999999913e-01 1.655650000000002953e-02 -6.622500000000003384e-03 -1.655499999999976435e-03 -1.655499999999997252e-03 -6.767589530713133072e+00
7.649010000000000531e-01 1.198680000000000023e-01 1.324500000000000677e-02 -9.933499999999997887e-03 -4.967000000000026949e-03 -3.311499999999998473e-03 -2.053733916561190753e+01
7.715229999999999588e-01 1.066229999999999956e-01 6.622499999999975628e-03 -1.324550000000000033e-02 -4.966749999999992005e-03 -3.311499999999998473e-03 -2.701008624791156976e+01
7.781460000000000043e-01 9.337700000000000167e-02 3.311500000000022759e-03 -1.655649999999999483e-02 -4.966999999999999194e-03 -1.655250000000000471e-03 -1.822332367744418846e+01
7.781460000000000043e-01 7.351000000000000589e-02 -3.311500000000022759e-03 -1.655600000000000127e-02 -6.622750000000010573e-03 1.655749999999995767e-03 -2.392020680619145878e+01
7.715229999999999588e-01 6.026499999999999913e-02 -9.933999999999998387e-03 -1.324500000000000330e-02 -6.622249999999968439e-03 4.966750000000000678e-03 -3.019852504564508422e+01
7.582780000000000076e-01 4.701999999999999930e-02 -1.655599999999995964e-02 -6.622499999999999915e-03 -6.622249999999996195e-03 6.622500000000001649e-03 -2.707364058339549828e+01
7.384110000000000396e-01 4.701999999999999930e-02 -2.317849999999999078e-02 0.000000000000000000e+00 -2.500000000349444917e-07 3.311249999999999957e-03 -6.163413667577307464e+00
7.119210000000000260e-01 4.701999999999999930e-02 -1.655650000000002953e-02 0.000000000000000000e+00 6.622249999999996195e-03 4.966750000000000678e-03 -1.811904207726301053e+01
7.052979999999999805e-01 4.701999999999999930e-02 -9.933999999999998387e-03 9.933500000000001356e-03 6.622500000000031140e-03 9.933749999999999872e-03 -5.931884901034277391e+01
6.920530000000000292e-01 6.688700000000000201e-02 -3.311499999999967248e-03 1.986749999999999974e-02 8.278249999999987008e-03 4.967249999999997709e-03 -2.214107237548821061e+01
6.986750000000000460e-01 8.675499999999999878e-02 6.622499999999975628e-03 1.986799999999999677e-02 8.278499999999966441e-03 -1.655499999999998986e-03 -1.910007863484412383e+01
7.052979999999999805e-01 1.066229999999999956e-01 1.324549999999996563e-02 1.655650000000000177e-02 6.622750000000010573e-03 -3.311499999999995003e-03 -1.610495577024768821e+01
7.251659999999999773e-01 1.198680000000000023e-01 1.986799999999999677e-02 1.324500000000000677e-02 6.622500000000031140e-03 -3.311499999999995003e-03 -1.127527350632040992e+01
