5.529800000000000271e-01 1.397349999999999981e-01 -6.622000000000016762e-03 0.000000000000000000e+00 -5.000000000143778323e-07 0.000000000000000000e+00 0.000000000000000000e+00
5.463580000000000103e-01 1.397349999999999981e-01 -6.622500000000031140e-03 0.000000000000000000e+00 -2.500000000071889161e-07 0.000000000000000000e+00 0.000000000000000000e+00
5.397349999999999648e-01 1.397349999999999981e-01 -6.622500000000031140e-03 0.000000000000000000e+00 2.775557561562891351e-17 0.000000000000000000e+00 -0.000000000000000000e+00
5.331129999999999480e-01 1.397349999999999981e-01 -6.622499999999975628e-03 0.000000000000000000e+00 2.775557561562891351e-17 0.000000000000000000e+00 -0.000000000000000000e+00
5.264900000000000135e-01 1.397349999999999981e-01 -6.622499999999975628e-03 0.000000000000000000e+00 1.655749999999983624e-03 -1.655499999999997252e-03 3.774724423598547673e+01
5.198679999999999968e-01 1.397349999999999981e-01 -3.311000000000008381e-03 -3.310999999999994503e-03 1.655499999999976435e-03 -1.655499999999997252e-03 1.067814529124948990e+02
5.198679999999999968e-01 1.331130000000000091e-01 -3.311500000000022759e-03 -3.310999999999994503e-03 -1.655749999999983624e-03 -2.500000000071889161e-07 -5.337863266578906263e+01
5.132449999999999513e-01 1.331130000000000091e-01 -6.622499999999975628e-03 -3.311500000000008881e-03 2.500000000349444917e-07 -1.655750000000004440e-03 2.701462381790884137e+01
5.066230000000000455e-01 1.264899999999999913e-01 -3.310999999999952870e-03 -6.622500000000003384e-03 1.655499999999976435e-03 -1.655499999999993782e-03 4.051540960564828708e+01
5.066230000000000455e-01 1.198680000000000023e-01 -3.311500000000022759e-03 -6.622499999999996445e-03 -2.500000000349444917e-07 0.000000000000000000e+00 -4.078602501353772482e-03
5.000000000000000000e-01 1.132449999999999984e-01 -3.311500000000022759e-03 -6.622500000000003384e-03 1.655750000000011379e-03 0.000000000000000000e+00 2.701258436269041141e+01
5.000000000000000000e-01 1.066229999999999956e-01 0.000000000000000000e+00 -6.622499999999996445e-03 1.655750000000011379e-03 -2.499999999967805753e-07 3.775294451448692001e+01
5.000000000000000000e-01 1.000000000000000056e-01 0.000000000000000000e+00 -6.622999999999996945e-03 0.000000000000000000e+00 -3.469446951953614189e-18 0.000000000000000000e+00
5.000000000000000000e-01 9.337700000000000167e-02 0.000000000000000000e+00 -6.622500000000003384e-03 0.000000000000000000e+00 2.499999999967805753e-07 0.000000000000000000e+00
5.000000000000000000e-01 8.675499999999999878e-02 0.000000000000000000e+00 -6.622500000000003384e-03 0.000000000000000000e+00 3.469446951953614189e-18 0.000000000000000000e+00
5.000000000000000000e-01 8.013199999999999490e-02 0.000000000000000000e+00 -6.622499999999996445e-03 1.655750000000011379e-03 3.469446951953614189e-18 3.775294451448692001e+01
5.000000000000000000e-01 7.351000000000000589e-02 3.311500000000022759e-03 -6.622499999999996445e-03 3.311249999999987814e-03 1.655499999999997252e-03 6.752636257661576735e+01
5.066230000000000455e-01 6.688700000000000201e-02 6.622499999999975628e-03 -3.311500000000001942e-03 1.655499999999976435e-03 3.311249999999998223e-03 6.752636257661626473e+01
5.132449999999999513e-01 6.688700000000000201e-02 6.622499999999975628e-03 0.000000000000000000e+00 2.775557561562891351e-17 1.655750000000000971e-03 3.775294451448692001e+01
5.198679999999999968e-01 6.688700000000000201e-02 6.622500000000031140e-03 0.000000000000000000e+00 0.000000000000000000e+00 0.000000000000000000e+00 0.000000000000000000e+00
5.264900000000000135e-01 6.688700000000000201e-02 6.622499999999975628e-03 0.000000000000000000e+00 -2.775557561562891351e-17 1.655750000000000971e-03 3.775294451448692001e+01
5.331129999999999480e-01 6.688700000000000201e-02 6.622499999999975628e-03 3.311500000000001942e-03 2.775557561562891351e-17 3.311249999999998223e-03 5.402109012287994716e+01
5.397349999999999648e-01 7.351000000000000589e-02 6.622500000000031140e-03 6.622499999999996445e-03 2.775557561562891351e-17 1.655499999999997252e-03 1.334566618518473113e+01
5.463580000000000103e-01 8.013199999999999490e-02 6.622500000000031140e-03 6.622499999999996445e-03 -2.775557561562891351e-17 -1.655499999999997252e-03 -1.334566618518473113e+01
5.529800000000000271e-01 8.675499999999999878e-02 6.622499999999975628e-03 3.311500000000001942e-03 -2.775557561562891351e-17 -3.311249999999998223e-03 -5.402109012287994716e+01
5.596029999999999616e-01 8.675499999999999878e-02 6.622499999999975628e-03 0.000000000000000000e+00 2.775557561562891351e-17 -1.655750000000000971e-03 -3.775294451448692001e+01
5.662249999999999783e-01 8.675499999999999878e-02 6.622500000000031140e-03 0.000000000000000000e+00 -1.655499999999976435e-03 -1.655750000000000971e-03 -3.775294451448628053e+01
5.728480000000000238e-01 8.675499999999999878e-02 3.311500000000022759e-03 -3.311500000000001942e-03 -1.655750000000011379e-03 -1.655750000000000971e-03 -1.067653300900717284e+02
5.728480000000000238e-01 8.013199999999999490e-02 3.311000000000008381e-03 -3.311500000000001942e-03 1.655499999999976435e-03 1.655750000000000971e-03 1.067733893710496744e+02
5.794700000000000406e-01 8.013199999999999490e-02 6.622499999999975628e-03 0.000000000000000000e+00 1.655749999999983624e-03 1.655750000000000971e-03 3.775294451448692001e+01
5.860929999999999751e-01 8.013199999999999490e-02 6.622499999999975628e-03 0.000000000000000000e+00 2.775557561562891351e-17 1.655750000000000971e-03 3.775294451448692001e+01
5.927149999999999919e-01 8.013199999999999490e-02 6.622500000000031140e-03 3.311500000000001942e-03 2.775557561562891351e-17 3.311250000000001692e-03 5.402109012287937873e+01
5.993380000000000374e-01 8.675499999999999878e-02 6.622500000000031140e-03 6.622500000000003384e-03 -1.655750000000011379e-03 1.655500000000000721e-03 2.669334772316143400e+01
6.059600000000000541e-01 9.337700000000000167e-02 3.311000000000008381e-03 6.622500000000003384e-03 -3.311250000000015570e-03 2.499999999967805753e-07 5.402802399963531599e+01
6.059600000000000541e-01 1.000000000000000056e-01 0.000000000000000000e+00 6.622999999999996945e-03 -1.655500000000004190e-03 -3.469446951953614189e-18 3.774154503330057508e+01
6.059600000000000541e-01 1.066229999999999956e-01 0.000000000000000000e+00 6.622499999999996445e-03 -1.655500000000004190e-03 -1.655999999999997752e-03 3.774724423598539857e+01
6.059600000000000541e-01 1.132449999999999984e-01 -3.311000000000008381e-03 3.311000000000001442e-03 -1.655500000000004190e-03 -1.655499999999997252e-03 1.067814529124955527e+02
5.993380000000000374e-01 1.132449999999999984e-01 -3.311000000000008381e-03 3.311500000000001942e-03 -2.500000000071889161e-07 2.500000000002500222e-07 1.217276342587687682e-06
5.993380000000000374e-01 1.198680000000000023e-01 -3.311500000000022759e-03 3.311500000000001942e-03 -1.655750000000011379e-03 -2.500000000037194692e-07 5.339072523906362022e+01
5.927149999999999919e-01 1.198680000000000023e-01 -6.622500000000031140e-03 3.310999999999994503e-03 -1.655499999999976435e-03 -2.500000000037194692e-07 1.350853572990963158e+01
5.860929999999999751e-01 1.264899999999999913e-01 -6.622499999999975628e-03 3.310999999999994503e-03 2.775557561562891351e-17 2.500000000071889161e-07 -4.078972040177392816e-03
5.794700000000000406e-01 1.264899999999999913e-01 -6.622499999999975628e-03 3.311500000000008881e-03 -2.775557561562891351e-17 2.500000000071889161e-07 -4.078602500674560587e-03
5.728480000000000238e-01 1.331130000000000091e-01 -6.622500000000031140e-03 3.311500000000008881e-03 -2.775557561562891351e-17 -1.655750000000004440e-03 2.701258436269043983e+01
5.662249999999999783e-01 1.331130000000000091e-01 -6.622500000000031140e-03 0.000000000000000000e+00 2.775557561562891351e-17 -1.655750000000004440e-03 3.775294451448635868e+01
5.596029999999999616e-01 1.331130000000000091e-01 -6.622499999999975628e-03 0.000000000000000000e+00 2.775557561562891351e-17 0.000000000000000000e+00 -0.000000000000000000e+00
5.529800000000000271e-01 1.331130000000000091e-01 -6.622499999999975628e-03 0.000000000000000000e+00 -2.775557561562891351e-17 0.000000000000000000e+00 0.000000000000000000e+00
5.463580000000000103e-01 1.331130000000000091e-01 -6.622500000000031140e-03 0.000000000000000000e+00 -2.775557561562891351e-17 0.000000000000000000e+00 0.000000000000000000e+00
5.397349999999999648e-01 1.331130000000000091e-01 -6.622500000000031140e-03 0.000000000000000000e+00 2.775557561562891351e-17 0.000000000000000000e+00 -0.000000000000000000e+00
5.331129999999999480e-01 1.331130000000000091e-01 -6.622499999999975628e-03 0.000000000000000000e+00 2.775557561562891351e-17 0.000000000000000000e+00 -0.000000000000000000e+00
5.264900000000000135e-01 1.331130000000000091e-01 -6.622499999999975628e-03 0.000000000000000000e+00 -2.775557561562891351e-17 0.000000000000000000e+00 0.000000000000000000e+00
5.198679999999999968e-01 1.331130000000000091e-01 -6.622500000000031140e-03 0.000000000000000000e+00 0.000000000000000000e+00 0.000000000000000000e+00 -0.000000000000000000e+00
5.132449999999999513e-01 1.331130000000000091e-01 -6.622499999999975628e-03 0.000000000000000000e+00 2.775557561562891351e-17 0.000000000000000000e+00 -0.000000000000000000e+00
5.066230000000000455e-01 1.331130000000000091e-01 -6.622499999999975628e-03 0.000000000000000000e+00 3.311249999999987814e-03 0.000000000000000000e+00 -0.000000000000000000e+00
5.000000000000000000e-01 1.331130000000000091e-01 0.000000000000000000e+00 0.000000000000000000e+00 6.622499999999975628e-03 0.000000000000000000e+00 0.000000000000000000e+00
5.066230000000000455e-01 1.331130000000000091e-01 6.622499999999975628e-03 0.000000000000000000e+00 3.311249999999987814e-03 0.000000000000000000e+00 0.000000000000000000e+00
5.132449999999999513e-01 1.331130000000000091e-01 6.622499999999975628e-03 0.000000000000000000e+00 2.775557561562891351e-17 0.000000000000000000e+00 0.000000000000000000e+00
5.198679999999999968e-01 1.331130000000000091e-01 6.622500000000031140e-03 0.000000000000000000e+00 1.655500000000004190e-03 1.655499999999997252e-03 3.774724423598483725e+01
5.264900000000000135e-01 1.331130000000000091e-01 9.933499999999984009e-03 3.310999999999994503e-03 1.655749999999983624e-03 1.655499999999997252e-03 9.549525554117561654e+00
5.397349999999999648e-01 1.397349999999999981e-01 9.933999999999998387e-03 3.310999999999994503e-03 1.655750000000011379e-03 2.500000000002500222e-07 -4.772671806854064336e+00
5.463580000000000103e-01 1.397349999999999981e-01 1.324500000000000677e-02 3.311499999999995003e-03 1.655500000000004190e-03 2.500000000002500222e-07 -2.152962513687352697e+00
5.662249999999999783e-01 1.463579999999999881e-01 1.324500000000000677e-02 3.311499999999995003e-03 -1.655500000000004190e-03 -2.499999999933111283e-07 2.152962513687388668e+00
5.728480000000000238e-01 1.463579999999999881e-01 9.933999999999998387e-03 3.311000000000008381e-03 -1.655750000000011379e-03 -2.499999999933111283e-07 4.772671806854138055e+00
5.860929999999999751e-01 1.529800000000000049e-01 9.933499999999984009e-03 3.311000000000008381e-03 -2.499999999794333405e-07 -1.655500000000004190e-03 -1.432428833117638689e+01
5.927149999999999919e-01 1.529800000000000049e-01 9.933500000000039520e-03 0.000000000000000000e+00 2.500000000071889161e-07 -1.655500000000004190e-03 -1.677739744759428930e+01
6.059600000000000541e-01 1.529800000000000049e-01 9.933999999999998387e-03 0.000000000000000000e+00 -1.655500000000031946e-03 0.000000000000000000e+00 0.000000000000000000e+00
6.125829999999999886e-01 1.529800000000000049e-01 6.622499999999975628e-03 0.000000000000000000e+00 -1.655749999999983624e-03 0.000000000000000000e+00 0.000000000000000000e+00
6.192050000000000054e-01 1.529800000000000049e-01 6.622500000000031140e-03 0.000000000000000000e+00 1.655750000000011379e-03 0.000000000000000000e+00 0.000000000000000000e+00
6.258280000000000509e-01 1.529800000000000049e-01 9.933999999999998387e-03 0.000000000000000000e+00 1.655499999999976435e-03 0.000000000000000000e+00 0.000000000000000000e+00
6.390730000000000022e-01 1.529800000000000049e-01 9.933499999999984009e-03 0.000000000000000000e+00 -1.655750000000011379e-03 0.000000000000000000e+00 0.000000000000000000e+00
6.456950000000000189e-01 1.529800000000000049e-01 6.622499999999975628e-03 0.000000000000000000e+00 -1.655500000000004190e-03 0.000000000000000000e+00 0.000000000000000000e+00
6.523179999999999534e-01 1.529800000000000049e-01 6.622499999999975628e-03 0.000000000000000000e+00 2.775557561562891351e-17 0.000000000000000000e+00 0.000000000000000000e+00
6.589399999999999702e-01 1.529800000000000049e-01 6.622500000000031140e-03 0.000000000000000000e+00 -1.655499999999976435e-03 -1.655500000000004190e-03 -3.774724423598499357e+01
6.655630000000000157e-01 1.529800000000000049e-01 3.311500000000022759e-03 -3.311000000000008381e-03 -3.311250000000015570e-03 -3.311250000000001692e-03 -2.135467799593761811e+02
6.655630000000000157e-01 1.463579999999999881e-01 0.000000000000000000e+00 -6.622500000000003384e-03 -1.655750000000011379e-03 -1.655749999999990563e-03 -3.775294451448683475e+01
6.655630000000000157e-01 1.397349999999999981e-01 0.000000000000000000e+00 -6.622499999999989506e-03 0.000000000000000000e+00 0.000000000000000000e+00 0.000000000000000000e+00
6.655630000000000157e-01 1.331130000000000091e-01 0.000000000000000000e+00 -6.622500000000003384e-03 0.000000000000000000e+00 -6.938893903907228378e-18 0.000000000000000000e+00
6.655630000000000157e-01 1.264899999999999913e-01 0.000000000000000000e+00 -6.622500000000003384e-03 -1.655750000000011379e-03 3.469446951953614189e-18 -3.775294451448683475e+01
6.655630000000000157e-01 1.198680000000000023e-01 -3.311500000000022759e-03 -6.622499999999996445e-03 -1.655750000000011379e-03 0.000000000000000000e+00 -2.701258436269045760e+01
6.589399999999999702e-01 1.132449999999999984e-01 -3.311500000000022759e-03 -6.622500000000003384e-03 1.655750000000011379e-03 0.000000000000000000e+00 2.701258436269041141e+01
6.589399999999999702e-01 1.066229999999999956e-01 0.000000000000000000e+00 -6.622499999999996445e-03 1.655750000000011379e-03 -2.499999999967805753e-07 3.775294451448692001e+01
6.589399999999999702e-01 1.000000000000000056e-01 0.000000000000000000e+00 -6.622999999999996945e-03 1.655750000000011379e-03 -3.469446951953614189e-18 3.774724445115536042e+01
6.589399999999999702e-01 9.337700000000000167e-02 3.311500000000022759e-03 -6.622500000000003384e-03 3.311250000000015570e-03 2.499999999967805753e-07 5.402312957809792238e+01
6.655630000000000157e-01 8.675499999999999878e-02 6.622500000000031140e-03 -6.622500000000003384e-03 1.655499999999976435e-03 1.655500000000000721e-03 2.669133237036967188e+01
6.721850000000000325e-01 8.013199999999999490e-02 6.622499999999975628e-03 -3.311500000000001942e-03 -2.775557561562891351e-17 3.311250000000001692e-03 5.402109012287999690e+01
6.788079999999999670e-01 8.013199999999999490e-02 6.622499999999975628e-03 0.000000000000000000e+00 2.775557561562891351e-17 1.655750000000000971e-03 3.775294451448692001e+01
6.854299999999999837e-01 8.013199999999999490e-02 6.622500000000031140e-03 0.000000000000000000e+00 2.775557561562891351e-17 0.000000000000000000e+00 0.000000000000000000e+00
6.920530000000000292e-01 8.013199999999999490e-02 6.622500000000031140e-03 0.000000000000000000e+00 -2.775557561562891351e-17 0.000000000000000000e+00 0.000000000000000000e+00
6.986750000000000460e-01 8.013199999999999490e-02 6.622499999999975628e-03 0.000000000000000000e+00 2.499999999794333405e-07 1.655750000000000971e-03 3.775294451448692001e+01
7.052979999999999805e-01 8.013199999999999490e-02 6.622999999999990006e-03 3.311500000000001942e-03 2.775557561562891351e-17 3.311250000000001692e-03 5.401538074445231530e+01
7.119210000000000260e-01 8.675499999999999878e-02 6.622500000000031140e-03 6.622500000000003384e-03 -2.500000000071889161e-07 1.655500000000000721e-03 1.334768153797650037e+01
7.185430000000000428e-01 9.337700000000000167e-02 6.622499999999975628e-03 6.622500000000003384e-03 -1.655500000000031946e-03 2.499999999967805753e-07 1.334768153797678458e+01
7.251659999999999773e-01 1.000000000000000056e-01 3.311499999999967248e-03 6.622999999999996945e-03 -3.311249999999987814e-03 -3.469446951953614189e-18 5.401538074445256399e+01
7.251659999999999773e-01 1.066229999999999956e-01 0.000000000000000000e+00 6.622499999999996445e-03 -1.655749999999983624e-03 -2.499999999967805753e-07 3.775294451448628763e+01
7.251659999999999773e-01 1.132449999999999984e-01 0.000000000000000000e+00 6.622500000000003384e-03 -1.655749999999983624e-03 0.000000000000000000e+00 3.775294451448620237e+01
7.251659999999999773e-01 1.198680000000000023e-01 -3.311499999999967248e-03 6.622499999999996445e-03 -3.311249999999987814e-03 0.000000000000000000e+00 5.402109012288011769e+01
7.185430000000000428e-01 1.264899999999999913e-01 -6.622499999999975628e-03 6.622500000000003384e-03 -1.655500000000031946e-03 3.469446951953614189e-18 1.334566618518529957e+01
7.119210000000000260e-01 1.331130000000000091e-01 -6.622500000000031140e-03 6.622500000000003384e-03 -2.500000000071889161e-07 -1.655750000000004440e-03 1.334969689076801025e+01
7.052979999999999805e-01 1.397349999999999981e-01 -6.622999999999990006e-03 3.310999999999994503e-03 2.775557561562891351e-17 -3.311250000000001692e-03 5.402027418069723552e+01
6.986750000000000460e-01 1.397349999999999981e-01 -6.622499999999975628e-03 0.000000000000000000e+00 -1.655250000000024757e-03 2.500000000002500222e-07 -5.700278501362622888e-03
6.920530000000000292e-01 1.397349999999999981e-01 -9.933500000000039520e-03 3.311499999999995003e-03 -1.655750000000011379e-03 1.655749999999997502e-03 -9.550534975243751390e+00
6.788079999999999670e-01 1.463579999999999881e-01 -9.933999999999998387e-03 3.311499999999995003e-03 1.655500000000031946e-03 -1.655749999999997502e-03 9.550679209373205580e+00
6.721850000000000325e-01 1.463579999999999881e-01 -6.622499999999975628e-03 0.000000000000000000e+00 1.655749999999983624e-03 -2.499999999933111283e-07 5.700278501204409168e-03
6.655630000000000157e-01 1.463579999999999881e-01 -6.622500000000031140e-03 3.311000000000008381e-03 -2.775557561562891351e-17 1.655500000000004190e-03 -2.701095284777814243e+01
6.589399999999999702e-01 1.529800000000000049e-01 -6.622500000000031140e-03 3.311000000000008381e-03 2.775557561562891351e-17 -1.655500000000004190e-03 2.701095284777814243e+01
6.523179999999999534e-01 1.529800000000000049e-01 -6.622499999999975628e-03 0.000000000000000000e+00 2.775557561562891351e-17 -1.655500000000004190e-03 3.774724423598564016e+01
6.456950000000000189e-01 1.529800000000000049e-01 -6.622499999999975628e-03 0.000000000000000000e+00 2.499999999794333405e-07 0.000000000000000000e+00 -0.000000000000000000e+00
6.390730000000000022e-01 1.529800000000000049e-01 -6.622000000000016762e-03 0.000000000000000000e+00 4.999999999588666810e-07 0.000000000000000000e+00 -0.000000000000000000e+00
