4.139070000000000249e-01 1.529800000000000049e-01 6.622999999999990006e-03 6.622999999999990006e-03 -6.622999999999990006e-03 -3.311499999999995003e-03 2.669133252251806354e+01
4.205300000000000149e-01 1.596029999999999949e-01 0.000000000000000000e+00 3.311499999999995003e-03 -6.622749999999996695e-03 -4.967249999999992505e-03 6.039331135470640675e+02
4.139070000000000249e-01 1.596029999999999949e-01 -6.622500000000003384e-03 -3.311499999999995003e-03 -3.311250000000001692e-03 -4.966999999999999194e-03 5.402109012287997558e+01
4.072850000000000081e-01 1.529800000000000049e-01 -6.622500000000003384e-03 -6.622500000000003384e-03 0.000000000000000000e+00 -1.655500000000004190e-03 1.334566618518501713e+01
4.006620000000000181e-01 1.463579999999999881e-01 -6.622500000000003384e-03 -6.622500000000003384e-03 -1.655500000000004190e-03 6.938893903907228378e-18 -1.334566618518507397e+01
3.940400000000000014e-01 1.397349999999999981e-01 -9.933500000000011765e-03 -6.622499999999989506e-03 -1.655749999999997502e-03 -1.655499999999997252e-03 3.220245091957754102e+00
3.807949999999999946e-01 1.331130000000000091e-01 -9.933999999999998387e-03 -9.933499999999997887e-03 1.655500000000004190e-03 -1.655750000000007910e-03 1.186371011045400081e+01
3.741720000000000046e-01 1.198680000000000023e-01 -6.622500000000003384e-03 -9.934000000000005326e-03 1.655749999999997502e-03 -2.500000000002500222e-07 9.666048931677025280e+00
3.675499999999999878e-01 1.132449999999999984e-01 -6.622500000000003384e-03 -9.933999999999998387e-03 0.000000000000000000e+00 -1.655499999999997252e-03 6.442249040481853761e+00
3.609269999999999978e-01 1.000000000000000056e-01 -6.622500000000003384e-03 -1.324499999999999983e-02 0.000000000000000000e+00 -1.655500000000000721e-03 3.376216162998008308e+00
3.543049999999999811e-01 8.675499999999999878e-02 -6.622500000000003384e-03 -1.324499999999999983e-02 0.000000000000000000e+00 0.000000000000000000e+00 0.000000000000000000e+00
3.476819999999999911e-01 7.351000000000000589e-02 -6.622500000000003384e-03 -1.324499999999999983e-02 1.655749999999997502e-03 -1.734723475976807094e-18 6.753452022813580591e+00
3.410599999999999743e-01 6.026499999999999913e-02 -3.311000000000008381e-03 -1.324500000000000330e-02 1.655500000000004190e-03 0.000000000000000000e+00 8.616633834189077135e+00
3.410599999999999743e-01 4.701999999999999930e-02 -3.311499999999995003e-03 -1.324499999999999983e-02 -2.499999999933111283e-07 1.734723475976807094e-18 -1.301178530430393242e-03
3.344369999999999843e-01 3.377499999999999947e-02 -3.311499999999995003e-03 -1.324499999999999983e-02 1.655749999999997502e-03 0.000000000000000000e+00 8.617705407256103456e+00
3.344369999999999843e-01 2.052999999999999964e-02 0.000000000000000000e+00 -1.324499999999999983e-02 1.655749999999997502e-03 0.000000000000000000e+00 9.438236128621641186e+00
3.344369999999999843e-01 7.284999999999999809e-03 0.000000000000000000e+00 -1.324499999999999983e-02 0.000000000000000000e+00 1.655499999999999854e-03 0.000000000000000000e+00
3.344369999999999843e-01 -5.960000000000000020e-03 0.000000000000000000e+00 -9.934000000000000122e-03 1.655749999999997502e-03 3.311249999999999957e-03 1.677824193330092939e+01
3.344369999999999843e-01 -1.258300000000000043e-02 3.311499999999995003e-03 -6.622499999999999915e-03 1.655749999999997502e-03 1.655750000000000104e-03 4.051989627164452656e+01
3.410599999999999743e-01 -1.920499999999999985e-02 3.311499999999995003e-03 -6.622499999999999915e-03 -2.499999999933111283e-07 1.655499999999999854e-03 1.350119385123548454e+01
3.410599999999999743e-01 -2.582800000000000026e-02 3.311000000000008381e-03 -3.311500000000000207e-03 1.655500000000004190e-03 3.311249999999999957e-03 1.601520232541169833e+02
3.476819999999999911e-01 -2.582800000000000026e-02 6.622500000000003384e-03 0.000000000000000000e+00 1.655749999999997502e-03 3.311500000000000207e-03 7.550588902897315791e+01
3.543049999999999811e-01 -2.582800000000000026e-02 6.622500000000003384e-03 3.311500000000000207e-03 0.000000000000000000e+00 3.311249999999999957e-03 5.402109012287989742e+01
3.609269999999999978e-01 -1.920499999999999985e-02 6.622500000000003384e-03 6.622499999999999915e-03 1.655749999999997502e-03 4.966749999999999811e-03 2.669133237037001649e+01
3.675499999999999878e-01 -1.258300000000000043e-02 9.933999999999998387e-03 1.324499999999999983e-02 0.000000000000000000e+00 3.311249999999999957e-03 7.248003524357672589e+00
3.807949999999999946e-01 7.284999999999999809e-03 6.622500000000003384e-03 1.324499999999999983e-02 -3.311499999999995003e-03 -3.311249999999999957e-03 6.753961871222353253e+00
3.807949999999999946e-01 1.390699999999999922e-02 3.311000000000008381e-03 6.622499999999999915e-03 -1.655749999999997502e-03 -3.311249999999999957e-03 4.078972039724590957e-03
3.874170000000000114e-01 2.052999999999999964e-02 3.311000000000008381e-03 6.622499999999999915e-03 2.499999999933111283e-07 0.000000000000000000e+00 -4.078972039724522436e-03
3.874170000000000114e-01 2.715199999999999905e-02 3.311499999999995003e-03 6.622499999999999915e-03 2.499999999933111283e-07 8.673617379884035472e-19 -4.078602500667490721e-03
3.940400000000000014e-01 3.377499999999999947e-02 3.311499999999995003e-03 6.622500000000001649e-03 -1.655749999999997502e-03 0.000000000000000000e+00 2.701258436269033680e+01
3.940400000000000014e-01 4.039700000000000235e-02 0.000000000000000000e+00 6.622499999999999915e-03 -2.499999999933111283e-07 -1.655500000000001588e-03 5.700278501204365800e-03
3.940400000000000014e-01 4.701999999999999930e-02 3.311000000000008381e-03 3.311499999999998473e-03 1.655500000000004190e-03 -4.966999999999999194e-03 -2.135387179396424528e+02
4.006620000000000181e-01 4.701999999999999930e-02 3.311000000000008381e-03 -3.311499999999998473e-03 2.499999999933111283e-07 -4.966999999999999194e-03 -1.601439612343822603e+02
4.006620000000000181e-01 4.039700000000000235e-02 3.311499999999995003e-03 -6.622499999999999915e-03 2.499999999933111283e-07 -1.655500000000001588e-03 -1.350119385123550053e+01
4.072850000000000081e-01 3.377499999999999947e-02 3.311499999999995003e-03 -6.622500000000001649e-03 -2.499999999933111283e-07 0.000000000000000000e+00 -4.078602500674564924e-03
4.072850000000000081e-01 2.715199999999999905e-02 3.311000000000008381e-03 -6.622499999999999915e-03 1.655500000000004190e-03 1.655750000000000971e-03 4.051744893768699995e+01
4.139070000000000249e-01 2.052999999999999964e-02 6.622500000000003384e-03 -3.310999999999999707e-03 1.655749999999983624e-03 1.655499999999999854e-03 4.051744893768677258e+01
4.205300000000000149e-01 2.052999999999999964e-02 6.622499999999975628e-03 -3.311500000000000207e-03 0.000000000000000000e+00 -2.500000000002500222e-07 -4.078602500787787723e-03
4.271519999999999762e-01 1.390699999999999922e-02 6.622500000000003384e-03 -3.311500000000000207e-03 1.387778780781445676e-17 1.655750000000000104e-03 2.701258436269045404e+01
4.337750000000000217e-01 1.390699999999999922e-02 6.622500000000003384e-03 0.000000000000000000e+00 -1.387778780781445676e-17 1.655750000000000104e-03 3.775294451448657895e+01
4.403969999999999829e-01 1.390699999999999922e-02 6.622499999999975628e-03 0.000000000000000000e+00 1.655749999999997502e-03 1.655750000000000104e-03 3.775294451448689870e+01
4.470199999999999729e-01 1.390699999999999922e-02 9.933999999999998387e-03 3.311500000000000207e-03 1.387778780781445676e-17 3.311249999999999957e-03 2.864843261875859781e+01
4.602649999999999797e-01 2.052999999999999964e-02 6.622500000000003384e-03 6.622499999999999915e-03 -3.311499999999995003e-03 1.655499999999999854e-03 4.004102926113789351e+01
4.602649999999999797e-01 2.715199999999999905e-02 3.311000000000008381e-03 6.622499999999999915e-03 -1.655749999999997502e-03 8.673617379884035472e-19 2.701503181981828305e+01
4.668869999999999965e-01 3.377499999999999947e-02 3.311000000000008381e-03 6.622500000000001649e-03 2.499999999933111283e-07 1.655500000000000721e-03 1.350037778583037706e+01
4.668869999999999965e-01 4.039700000000000235e-02 3.311499999999995003e-03 9.933500000000001356e-03 2.499999999933111283e-07 4.967000000000000061e-03 1.432508155899051339e+01
4.735099999999999865e-01 5.364200000000000218e-02 3.311499999999995003e-03 1.655650000000000177e-02 -1.655749999999997502e-03 1.655749999999997502e-03 6.834240834157244038e+00
4.735099999999999865e-01 7.351000000000000589e-02 0.000000000000000000e+00 1.324499999999999636e-02 -3.311499999999995003e-03 -3.311500000000001942e-03 1.887647225724329303e+01
4.735099999999999865e-01 8.013199999999999490e-02 -3.311499999999995003e-03 9.933499999999997887e-03 -3.311250000000001692e-03 1.655750000000002706e-03 2.387489541259622783e+01
4.668869999999999965e-01 9.337700000000000167e-02 -6.622500000000003384e-03 1.655650000000000177e-02 2.499999999933111283e-07 1.656000000000001221e-03 -1.934890132231771975e+00
4.602649999999999797e-01 1.132449999999999984e-01 -3.311000000000008381e-03 1.324550000000000033e-02 1.655500000000004190e-03 -4.967000000000002663e-03 -2.154091486081207041e+00
4.602649999999999797e-01 1.198680000000000023e-01 -3.311499999999995003e-03 6.622499999999996445e-03 -4.966999999999985316e-03 -1.656000000000001221e-03 9.454302584974243473e+01
4.536419999999999897e-01 1.264899999999999913e-01 -1.324499999999997901e-02 9.933499999999997887e-03 -4.966750000000005882e-03 1.655750000000000971e-03 6.039267207247480229e+00
4.337750000000000217e-01 1.397349999999999981e-01 -1.324500000000000677e-02 9.933999999999998387e-03 3.311249999999987814e-03 -1.655499999999997252e-03 -2.416487585330417520e+00
4.271519999999999762e-01 1.463579999999999881e-01 -6.622500000000003384e-03 6.622500000000003384e-03 1.387778780781445676e-17 -1.655749999999997502e-03 1.334768153797633339e+01
4.205300000000000149e-01 1.529800000000000049e-01 -1.324499999999997901e-02 6.622500000000003384e-03 -3.311250000000001692e-03 -1.655500000000004190e-03 1.350537450040087606e+01
4.006620000000000181e-01 1.596029999999999949e-01 -1.324500000000000677e-02 3.311499999999995003e-03 3.311249999999987814e-03 -3.311250000000001692e-03 1.292525693235373296e+01
3.940400000000000014e-01 1.596029999999999949e-01 -6.622500000000003384e-03 0.000000000000000000e+00 3.311250000000001692e-03 -1.655749999999997502e-03 3.775294451448651500e+01
3.874170000000000114e-01 1.596029999999999949e-01 -6.622500000000003384e-03 0.000000000000000000e+00 0.000000000000000000e+00 0.000000000000000000e+00 -0.000000000000000000e+00
3.807949999999999946e-01 1.596029999999999949e-01 -6.622500000000003384e-03 0.000000000000000000e+00 3.311250000000001692e-03 1.655500000000004190e-03 -3.774724423598531331e+01
3.741720000000000046e-01 1.596029999999999949e-01 0.000000000000000000e+00 3.311000000000008381e-03 6.622500000000003384e-03 1.655500000000004190e-03 -6.040927247897642474e+02
3.807949999999999946e-01 1.662250000000000116e-01 6.622500000000003384e-03 3.311000000000008381e-03 3.311250000000001692e-03 -1.655500000000004190e-03 -5.402190569555705224e+01
3.874170000000000114e-01 1.662250000000000116e-01 6.622500000000003384e-03 0.000000000000000000e+00 0.000000000000000000e+00 2.499999999933111283e-07 5.700278501204359728e-03
3.940400000000000014e-01 1.662250000000000116e-01 6.622500000000003384e-03 3.311499999999995003e-03 0.000000000000000000e+00 1.655749999999997502e-03 2.701258436269032259e+01
4.006620000000000181e-01 1.728480000000000016e-01 6.622500000000003384e-03 3.311499999999995003e-03 4.966999999999999194e-03 -2.500000000002500222e-07 -4.052397487414525301e+01
4.072850000000000081e-01 1.728480000000000016e-01 1.655650000000000177e-02 3.310999999999994503e-03 6.622499999999989506e-03 -2.500000000002500222e-07 -4.556297268411875656e+00
4.337750000000000217e-01 1.794699999999999906e-01 1.986749999999998240e-02 3.310999999999994503e-03 -1.655750000000011379e-03 2.500000000071889161e-07 6.715392427246043017e-01
4.470199999999999729e-01 1.794699999999999906e-01 1.324499999999997901e-02 3.311500000000008881e-03 1.387778780781445676e-17 1.655750000000004440e-03 8.617705407256138983e+00
4.602649999999999797e-01 1.860930000000000084e-01 1.986750000000001015e-02 6.622500000000003384e-03 3.311250000000015570e-03 -2.500000000071889161e-07 -2.388066378142003732e+00
4.867549999999999932e-01 1.927149999999999974e-01 1.986750000000001015e-02 3.310999999999994503e-03 0.000000000000000000e+00 -3.311250000000001692e-03 -8.051176574376576411e+00
5.000000000000000000e-01 1.927149999999999974e-01 1.986750000000001015e-02 0.000000000000000000e+00 -1.387778780781445676e-17 -1.655499999999997252e-03 -4.194138248442795813e+00
5.264900000000000135e-01 1.927149999999999974e-01 1.986749999999998240e-02 0.000000000000000000e+00 -1.387778780781445676e-17 0.000000000000000000e+00 0.000000000000000000e+00
5.397349999999999648e-01 1.927149999999999974e-01 1.986749999999998240e-02 0.000000000000000000e+00 2.775557561562891351e-17 0.000000000000000000e+00 0.000000000000000000e+00
5.662249999999999783e-01 1.927149999999999974e-01 1.986750000000003791e-02 0.000000000000000000e+00 -3.311249999999987814e-03 0.000000000000000000e+00 0.000000000000000000e+00
5.794700000000000406e-01 1.927149999999999974e-01 1.324500000000000677e-02 0.000000000000000000e+00 -3.311250000000015570e-03 0.000000000000000000e+00 0.000000000000000000e+00
5.927149999999999919e-01 1.927149999999999974e-01 1.324500000000000677e-02 0.000000000000000000e+00 -1.655500000000004190e-03 -3.311250000000001692e-03 -1.887504718761795885e+01
6.059600000000000541e-01 1.927149999999999974e-01 9.933999999999998387e-03 -6.622500000000003384e-03 -3.311250000000015570e-03 -4.966749999999998944e-03 -4.187778052510493865e+01
6.125829999999999886e-01 1.794699999999999906e-01 6.622499999999975628e-03 -9.933499999999997887e-03 -3.311499999999995003e-03 6.938893903907228378e-18 -1.933119997677182766e+01
6.192050000000000054e-01 1.728480000000000016e-01 3.311000000000008381e-03 -6.622499999999989506e-03 -4.966749999999992005e-03 1.655499999999997252e-03 -6.753248075750518353e+01
6.192050000000000054e-01 1.662250000000000116e-01 -3.311000000000008381e-03 -6.622500000000003384e-03 -6.622249999999996195e-03 -6.938893903907228378e-18 -1.080478903631535559e+02
6.125829999999999886e-01 1.596029999999999949e-01 -9.933499999999984009e-03 -6.622500000000003384e-03 -4.966999999999999194e-03 0.000000000000000000e+00 -1.933071353490399602e+01
5.993380000000000374e-01 1.529800000000000049e-01 -1.324500000000000677e-02 -6.622500000000003384e-03 -1.655750000000011379e-03 0.000000000000000000e+00 -3.376726011406813832e+00
5.860929999999999751e-01 1.463579999999999881e-01 -1.324500000000000677e-02 -6.622500000000003384e-03 0.000000000000000000e+00 1.655500000000004190e-03 -6.752432325996021945e+00
5.728480000000000238e-01 1.397349999999999981e-01 -1.324500000000000677e-02 -3.311499999999995003e-03 1.655500000000004190e-03 3.311250000000001692e-03 -1.507984594376394405e+01
5.596029999999999616e-01 1.397349999999999981e-01 -9.933999999999998387e-03 0.000000000000000000e+00 1.655500000000004190e-03 3.311499999999995003e-03 -3.355648386660187299e+01
5.529800000000000271e-01 1.397349999999999981e-01 -9.933999999999998387e-03 3.311499999999995003e-03 2.499999999794333405e-07 3.311250000000001692e-03 -2.864915364240419393e+01
5.397349999999999648e-01 1.463579999999999881e-01 -9.933500000000039520e-03 6.622500000000003384e-03 1.655750000000011379e-03 1.655500000000004190e-03 -1.610803608668981468e+01
5.331129999999999480e-01 1.529800000000000049e-01 -6.622499999999975628e-03 6.622500000000003384e-03 3.311000000000036136e-03 1.655749999999997502e-03 -4.003901390834690233e+01
5.264900000000000135e-01 1.596029999999999949e-01 -3.311499999999967248e-03 9.933999999999998387e-03 3.311249999999987814e-03 1.655499999999997252e-03 -3.342305119979965866e+01
5.264900000000000135e-01 1.728480000000000016e-01 0.000000000000000000e+00 9.933499999999997887e-03 3.311499999999967248e-03 1.655499999999997252e-03 -3.355986206445681574e+01
5.264900000000000135e-01 1.794699999999999906e-01 3.311499999999967248e-03 1.324499999999999289e-02 3.311249999999987814e-03 1.655750000000004440e-03 -1.507952062457151321e+01
5.331129999999999480e-01 1.993379999999999874e-01 6.622499999999975628e-03 1.324500000000000677e-02 1.655250000000024757e-03 -3.311499999999988064e-03 -1.350486465199209185e+01
5.397349999999999648e-01 2.059600000000000042e-01 6.622000000000016762e-03 6.622000000000016762e-03 -4.999999999588666810e-07 -6.622999999999990006e-03 -5.339475777053786487e+01
