5.000000000000000000e-01 2.920530000000000070e-01 0.000000000000000000e+00 6.622000000000016762e-03 -6.622500000000003384e-03 -3.311000000000008381e-03 1.510231811974410618e+02
5.000000000000000000e-01 2.986750000000000238e-01 -6.622500000000003384e-03 3.311000000000008381e-03 -6.622500000000003384e-03 -4.966500000000012571e-03 1.350547642388926306e+02
4.867549999999999932e-01 2.986750000000000238e-01 -1.324500000000000677e-02 -3.311000000000008381e-03 -3.311250000000001692e-03 -6.622250000000010073e-03 3.015951963286530813e+01
4.735099999999999865e-01 2.920530000000000070e-01 -1.324500000000000677e-02 -9.933500000000011765e-03 0.000000000000000000e+00 -4.966999999999999194e-03 1.449679507504681730e+01
4.602649999999999797e-01 2.788080000000000003e-01 -1.324500000000000677e-02 -1.324500000000000677e-02 1.655500000000004190e-03 -1.655749999999997502e-03 6.673336930790365606e+00
4.470199999999999729e-01 2.655629999999999935e-01 -9.933999999999998387e-03 -1.324500000000000677e-02 3.311250000000015570e-03 -1.655749999999997502e-03 1.328803686886723412e+01
4.403969999999999829e-01 2.523179999999999867e-01 -6.622499999999975628e-03 -1.655650000000000177e-02 3.311500000000008881e-03 -1.655749999999990563e-03 1.160335488639669244e+01
4.337750000000000217e-01 2.324499999999999900e-01 -3.310999999999980625e-03 -1.655649999999998789e-02 3.311249999999987814e-03 1.655750000000004440e-03 1.025067993945042133e+01
4.337750000000000217e-01 2.192050000000000110e-01 0.000000000000000000e+00 -1.324499999999999289e-02 3.310999999999980625e-03 1.655749999999990563e-03 1.887362211799253942e+01
4.337750000000000217e-01 2.059600000000000042e-01 3.310999999999980625e-03 -1.324500000000000677e-02 6.622499999999989506e-03 -6.938893903907228378e-18 3.446913776316337419e+01
4.403969999999999829e-01 1.927149999999999974e-01 1.324499999999997901e-02 -1.324500000000000677e-02 6.622750000000010573e-03 3.311250000000001692e-03 2.002051463056903202e+01
4.602649999999999797e-01 1.794699999999999906e-01 1.655650000000000177e-02 -6.622500000000003384e-03 1.387778780781445676e-17 6.622500000000003384e-03 1.933751349387907226e+01
4.735099999999999865e-01 1.794699999999999906e-01 1.324500000000000677e-02 0.000000000000000000e+00 -3.311499999999995003e-03 4.967000000000006132e-03 2.831328331623962313e+01
4.867549999999999932e-01 1.794699999999999906e-01 9.933500000000011765e-03 3.311500000000008881e-03 -1.655499999999990313e-03 4.966999999999999194e-03 4.775267509398186405e+01
4.933770000000000100e-01 1.860930000000000084e-01 9.934000000000026143e-03 9.933999999999998387e-03 2.499999999794333405e-07 1.655499999999990313e-03 5.930212989174490801e+00
5.066230000000000455e-01 1.993379999999999874e-01 9.933999999999970631e-03 6.622499999999989506e-03 -1.655750000000025257e-03 -4.966999999999999194e-03 -2.255054701264077366e+01
5.132449999999999513e-01 1.993379999999999874e-01 6.622499999999975628e-03 0.000000000000000000e+00 -1.655749999999969746e-03 -3.311249999999994753e-03 -7.550018875047231859e+01
5.198679999999999968e-01 1.993379999999999874e-01 6.622500000000031140e-03 0.000000000000000000e+00 0.000000000000000000e+00 0.000000000000000000e+00 0.000000000000000000e+00
5.264900000000000135e-01 1.993379999999999874e-01 6.622499999999975628e-03 0.000000000000000000e+00 -1.655500000000031946e-03 -1.655749999999997502e-03 -3.775294451448684185e+01
5.331129999999999480e-01 1.993379999999999874e-01 3.311499999999967248e-03 -3.311499999999995003e-03 2.775557561562891351e-17 -3.311249999999994753e-03 -1.067572698960441784e+02
5.331129999999999480e-01 1.927149999999999974e-01 6.622500000000031140e-03 -6.622499999999989506e-03 3.311000000000036136e-03 -1.655500000000004190e-03 1.334566618518508996e+01
5.463580000000000103e-01 1.860930000000000084e-01 9.933500000000039520e-03 -6.622500000000003384e-03 1.655499999999976435e-03 1.655499999999990313e-03 1.610706312949537278e+01
5.529800000000000271e-01 1.794699999999999906e-01 9.933499999999984009e-03 -3.311500000000008881e-03 1.655749999999983624e-03 3.311250000000001692e-03 3.342687263111631779e+01
5.662249999999999783e-01 1.794699999999999906e-01 1.324500000000000677e-02 0.000000000000000000e+00 3.311500000000022759e-03 3.311500000000008881e-03 1.887647225724333566e+01
5.794700000000000406e-01 1.794699999999999906e-01 1.655650000000002953e-02 3.311500000000008881e-03 0.000000000000000000e+00 3.311250000000001692e-03 1.138942682561195063e+01
5.993380000000000374e-01 1.860930000000000084e-01 1.324500000000000677e-02 6.622500000000003384e-03 -4.967000000000026949e-03 3.310999999999994503e-03 2.363453283780362568e+01
6.059600000000000541e-01 1.927149999999999974e-01 6.622499999999975628e-03 9.933499999999997887e-03 -4.966750000000019760e-03 4.966999999999999194e-03 4.832459470193763451e+01
6.125829999999999886e-01 2.059600000000000042e-01 3.311499999999967248e-03 1.655650000000000177e-02 -4.966999999999971438e-03 3.311500000000001942e-03 1.936276512918286130e+01
6.125829999999999886e-01 2.258280000000000010e-01 -3.311499999999967248e-03 1.655650000000000177e-02 -8.278249999999987008e-03 3.311000000000001442e-03 2.619614605946512853e+01
6.059600000000000541e-01 2.390730000000000077e-01 -1.324500000000000677e-02 2.317850000000000465e-02 -6.622250000000023951e-03 1.655499999999997252e-03 6.915294912849953235e+00
5.860929999999999751e-01 2.721850000000000103e-01 -1.655600000000001515e-02 1.986749999999999627e-02 0.000000000000000000e+00 -6.622250000000003134e-03 6.338673559073576769e+00
5.728480000000000238e-01 2.788080000000000003e-01 -1.324500000000000677e-02 9.933999999999998387e-03 1.655500000000004190e-03 -4.966999999999992255e-03 1.087227889935355307e+01
5.596029999999999616e-01 2.920530000000000070e-01 -1.324500000000000677e-02 9.933500000000011765e-03 -3.311249999999987814e-03 -1.655749999999997502e-03 1.208054095329233313e+01
5.463580000000000103e-01 2.986750000000000238e-01 -1.986749999999998240e-02 6.622500000000003384e-03 -1.655750000000011379e-03 -3.311000000000008381e-03 8.355888961259960723e+00
5.198679999999999968e-01 3.052980000000000138e-01 -1.655650000000002953e-02 3.311499999999995003e-03 8.277999999999979819e-03 -1.655500000000004190e-03 -6.879127125195288886e-04
5.132449999999999513e-01 3.052980000000000138e-01 -3.311500000000022759e-03 3.311499999999995003e-03 6.622750000000038328e-03 0.000000000000000000e+00 -2.135225999861157788e+02
5.132449999999999513e-01 3.119210000000000038e-01 -3.310999999999952870e-03 3.311499999999995003e-03 2.500000000349444917e-07 -2.499999999933111283e-07 -1.217277461502278315e-06
5.066230000000000455e-01 3.119210000000000038e-01 -3.310999999999952870e-03 3.311000000000008381e-03 3.310999999999952870e-03 -2.499999999933111283e-07 -1.067733902839167826e+02
5.066230000000000455e-01 3.185430000000000206e-01 3.310999999999952870e-03 3.311000000000008381e-03 4.966749999999964249e-03 2.499999999933111283e-07 -1.601721793687460718e+02
5.132449999999999513e-01 3.185430000000000206e-01 6.622499999999975628e-03 3.311499999999995003e-03 4.967000000000026949e-03 2.499999999933111283e-07 -4.051581766914443250e+01
5.198679999999999968e-01 3.251660000000000106e-01 1.324500000000000677e-02 3.311499999999995003e-03 3.311250000000015570e-03 -1.655749999999997502e-03 -1.292655811088415874e+01
5.397349999999999648e-01 3.251660000000000106e-01 1.324500000000000677e-02 0.000000000000000000e+00 0.000000000000000000e+00 -2.499999999933111283e-07 -1.425069625301089932e-03
5.463580000000000103e-01 3.251660000000000106e-01 1.324500000000000677e-02 3.311000000000008381e-03 1.655500000000004190e-03 1.655500000000004190e-03 6.462638015012019288e+00
5.662249999999999783e-01 3.317880000000000273e-01 1.655600000000001515e-02 3.311000000000008381e-03 1.158950000000000258e-02 -1.655500000000004190e-03 -1.366750265644546403e+01
5.794700000000000406e-01 3.317880000000000273e-01 3.642400000000001192e-02 0.000000000000000000e+00 1.324524999999998620e-02 -1.655500000000004190e-03 -1.247825655315977444e+00
6.390730000000000022e-01 3.317880000000000273e-01 4.304649999999998755e-02 0.000000000000000000e+00 -4.966999999999999194e-03 0.000000000000000000e+00 0.000000000000000000e+00
6.655630000000000157e-01 3.317880000000000273e-01 2.649000000000001354e-02 0.000000000000000000e+00 -8.278249999999987008e-03 0.000000000000000000e+00 0.000000000000000000e+00
6.920530000000000292e-01 3.317880000000000273e-01 2.649000000000001354e-02 0.000000000000000000e+00 3.311249999999987814e-03 0.000000000000000000e+00 0.000000000000000000e+00
7.185430000000000428e-01 3.317880000000000273e-01 3.311249999999998916e-02 0.000000000000000000e+00 -2.775557561562891351e-17 0.000000000000000000e+00 0.000000000000000000e+00
7.582780000000000076e-01 3.317880000000000273e-01 2.648999999999995802e-02 0.000000000000000000e+00 -9.933749999999991198e-03 -1.655500000000004190e-03 -2.359202764749092740e+00
7.715229999999999588e-01 3.317880000000000273e-01 1.324500000000000677e-02 -3.311000000000008381e-03 -8.277999999999979819e-03 -3.311250000000001692e-03 -2.800519853494779454e+01
7.847680000000000211e-01 3.251660000000000106e-01 9.933999999999998387e-03 -6.622500000000003384e-03 -4.966750000000019760e-03 -4.967249999999992505e-03 -4.832294820550108483e+01
7.913909999999999556e-01 3.185430000000000206e-01 3.311499999999967248e-03 -1.324549999999999339e-02 -6.622749999999982817e-03 -3.311250000000001692e-03 -3.877554124020514337e+01
7.913909999999999556e-01 2.986750000000000238e-01 -3.311499999999967248e-03 -1.324500000000000677e-02 -4.966999999999971438e-03 1.655999999999990813e-03 -2.800672937384037198e+01
7.847680000000000211e-01 2.920530000000000070e-01 -6.622499999999975628e-03 -9.933500000000011765e-03 -4.966750000000019760e-03 1.655500000000004190e-03 -3.543680370720549888e+01
7.781460000000000043e-01 2.788080000000000003e-01 -1.324500000000000677e-02 -9.933999999999998387e-03 -3.311250000000015570e-03 3.311000000000008381e-03 -1.691103540241218184e+01
7.582780000000000076e-01 2.721850000000000103e-01 -1.324500000000000677e-02 -3.311499999999995003e-03 0.000000000000000000e+00 6.622749999999996695e-03 -3.446952045049394542e+01
7.516559999999999908e-01 2.721850000000000103e-01 -1.324500000000000677e-02 3.311499999999995003e-03 1.655500000000004190e-03 4.966999999999999194e-03 -2.800607873545567372e+01
7.317879999999999940e-01 2.788080000000000003e-01 -9.933999999999998387e-03 6.622500000000003384e-03 6.622500000000003384e-03 1.655500000000004190e-03 -3.543455862913523191e+01
7.317879999999999940e-01 2.854300000000000170e-01 0.000000000000000000e+00 6.622500000000003384e-03 4.966999999999999194e-03 1.655749999999997502e-03 -1.132531332649583646e+02
7.317879999999999940e-01 2.920530000000000070e-01 0.000000000000000000e+00 9.933999999999998387e-03 0.000000000000000000e+00 3.311250000000001692e-03 0.000000000000000000e+00
7.317879999999999940e-01 3.052980000000000138e-01 0.000000000000000000e+00 1.324500000000000677e-02 0.000000000000000000e+00 3.311000000000008381e-03 0.000000000000000000e+00
