4.271519999999999762e-01 2.324499999999999900e-01 -6.621999999999961251e-03 0.000000000000000000e+00 -5.000000000143778323e-07 0.000000000000000000e+00 0.000000000000000000e+00
4.205300000000000149e-01 2.324499999999999900e-01 -6.622499999999975628e-03 0.000000000000000000e+00 -2.500000000210667039e-07 0.000000000000000000e+00 0.000000000000000000e+00
4.139070000000000249e-01 2.324499999999999900e-01 -6.622500000000003384e-03 0.000000000000000000e+00 -1.387778780781445676e-17 0.000000000000000000e+00 0.000000000000000000e+00
4.072850000000000081e-01 2.324499999999999900e-01 -6.622500000000003384e-03 0.000000000000000000e+00 0.000000000000000000e+00 -1.655499999999997252e-03 3.774724423598515699e+01
4.006620000000000181e-01 2.324499999999999900e-01 -6.622500000000003384e-03 -3.310999999999994503e-03 0.000000000000000000e+00 -3.311249999999994753e-03 5.402598466759680207e+01
3.940400000000000014e-01 2.258280000000000010e-01 -6.622500000000003384e-03 -6.622499999999989506e-03 -1.655749999999997502e-03 -1.655750000000004440e-03 8.248583899011219837e-14
3.874170000000000114e-01 2.192050000000000110e-01 -9.933999999999998387e-03 -6.622500000000003384e-03 -1.655500000000004190e-03 -1.655500000000011129e-03 3.221367715750240723e+00
3.741720000000000046e-01 2.125829999999999942e-01 -9.933500000000011765e-03 -9.933500000000011765e-03 1.655749999999997502e-03 -3.311249999999994753e-03 1.779690877365926482e+01
3.675499999999999878e-01 1.993379999999999874e-01 -6.622500000000003384e-03 -1.324499999999999289e-02 1.655500000000004190e-03 -1.655749999999990563e-03 1.012915833740281180e+01
3.609269999999999978e-01 1.860930000000000084e-01 -6.622500000000003384e-03 -1.324499999999999289e-02 0.000000000000000000e+00 -6.938893903907228378e-18 1.415113606263965693e-14
3.543049999999999811e-01 1.728480000000000016e-01 -6.622500000000003384e-03 -1.324500000000000677e-02 1.655500000000004190e-03 -6.938893903907228378e-18 6.752432325996036155e+00
3.476819999999999911e-01 1.596029999999999949e-01 -3.311499999999995003e-03 -1.324500000000000677e-02 3.311250000000001692e-03 1.655500000000004190e-03 1.507984594376394405e+01
3.476819999999999911e-01 1.463579999999999881e-01 0.000000000000000000e+00 -9.933999999999998387e-03 1.655749999999997502e-03 1.655500000000004190e-03 1.677824193330093649e+01
3.476819999999999911e-01 1.397349999999999981e-01 0.000000000000000000e+00 -9.933999999999998387e-03 1.655749999999997502e-03 -1.655500000000000721e-03 1.677824193330093649e+01
3.476819999999999911e-01 1.264899999999999913e-01 3.311499999999995003e-03 -1.324499999999999983e-02 3.311250000000001692e-03 2.500000000002500222e-07 1.723443495517419777e+01
3.543049999999999811e-01 1.132449999999999984e-01 6.622500000000003384e-03 -9.933499999999997887e-03 3.311000000000008381e-03 3.311250000000001692e-03 3.221509921618551431e+01
3.609269999999999978e-01 1.066229999999999956e-01 9.933500000000011765e-03 -6.622499999999996445e-03 1.655749999999997502e-03 3.311000000000001442e-03 2.577217667601360773e+01
3.741720000000000046e-01 1.000000000000000056e-01 9.933999999999998387e-03 -3.311499999999995003e-03 1.655749999999997502e-03 1.655499999999997252e-03 1.909847443303088710e+01
3.807949999999999946e-01 1.000000000000000056e-01 1.324500000000000677e-02 -3.311500000000001942e-03 1.655500000000004190e-03 1.655749999999997502e-03 1.077196909947391035e+01
4.006620000000000181e-01 9.337700000000000167e-02 1.324500000000000677e-02 0.000000000000000000e+00 -3.311250000000001692e-03 3.311500000000001942e-03 1.887647225724330013e+01
4.072850000000000081e-01 1.000000000000000056e-01 6.622500000000003384e-03 3.311500000000001942e-03 -3.311250000000001692e-03 1.655749999999997502e-03 5.402516872538064518e+01
4.139070000000000249e-01 1.000000000000000056e-01 6.622500000000003384e-03 3.311499999999995003e-03 -1.387778780781445676e-17 1.655499999999997252e-03 2.700850576018964944e+01
4.205300000000000149e-01 1.066229999999999956e-01 6.622499999999975628e-03 6.622499999999996445e-03 0.000000000000000000e+00 3.311000000000001442e-03 2.669133237037007689e+01
4.271519999999999762e-01 1.132449999999999984e-01 6.622500000000003384e-03 9.933499999999997887e-03 1.387778780781445676e-17 3.311250000000001692e-03 1.288681803753780564e+01
4.337750000000000217e-01 1.264899999999999913e-01 6.622500000000003384e-03 1.324499999999999983e-02 -1.655750000000011379e-03 2.500000000002500222e-07 6.753961871222422531e+00
4.403969999999999829e-01 1.397349999999999981e-01 3.310999999999980625e-03 9.933999999999998387e-03 -3.311250000000001692e-03 -3.311249999999998223e-03 1.910078158023216233e+01
4.403969999999999829e-01 1.463579999999999881e-01 0.000000000000000000e+00 6.622500000000003384e-03 2.500000000071889161e-07 -4.966999999999999194e-03 -5.700278501520788903e-03
4.403969999999999829e-01 1.529800000000000049e-01 3.311499999999995003e-03 0.000000000000000000e+00 1.655749999999997502e-03 -6.622500000000003384e-03 -6.039103158756462335e+02
4.470199999999999729e-01 1.463579999999999881e-01 3.311499999999995003e-03 -6.622500000000003384e-03 -2.499999999933111283e-07 -3.311249999999994753e-03 -2.701666296519094246e+01
4.470199999999999729e-01 1.397349999999999981e-01 3.311000000000008381e-03 -6.622499999999989506e-03 -2.499999999933111283e-07 0.000000000000000000e+00 -4.078972039724531977e-03
4.536419999999999897e-01 1.331130000000000091e-01 3.311000000000008381e-03 -6.622500000000003384e-03 2.499999999933111283e-07 -6.938893903907228378e-18 4.078972039667916674e-03
4.536419999999999897e-01 1.264899999999999913e-01 3.311499999999995003e-03 -6.622500000000003384e-03 1.655749999999997502e-03 3.469446951953614189e-18 2.701258436269035457e+01
4.602649999999999797e-01 1.198680000000000023e-01 6.622500000000003384e-03 -6.622499999999996445e-03 1.655500000000004190e-03 0.000000000000000000e+00 1.334566618518502423e+01
4.668869999999999965e-01 1.132449999999999984e-01 6.622500000000003384e-03 -6.622500000000003384e-03 0.000000000000000000e+00 1.655749999999997502e-03 1.334768153797644352e+01
4.735099999999999865e-01 1.066229999999999956e-01 6.622500000000003384e-03 -3.311000000000001442e-03 3.311250000000001692e-03 1.655500000000004190e-03 5.402190569555705935e+01
4.801320000000000032e-01 1.066229999999999956e-01 1.324500000000000677e-02 -3.311499999999995003e-03 3.311500000000008881e-03 -2.499999999967805753e-07 4.307876844290032814e+00
5.000000000000000000e-01 1.000000000000000056e-01 1.324550000000002115e-02 -3.311499999999995003e-03 -3.311250000000015570e-03 3.311499999999995003e-03 1.292583096606993642e+01
5.066230000000000455e-01 1.000000000000000056e-01 6.622499999999975628e-03 3.311499999999995003e-03 -3.311500000000022759e-03 3.311499999999995003e-03 8.103979254328976367e+01
5.132449999999999513e-01 1.066229999999999956e-01 6.622499999999975628e-03 3.311499999999995003e-03 2.775557561562891351e-17 -2.499999999967805753e-07 -4.078602500957614549e-03
5.198679999999999968e-01 1.066229999999999956e-01 6.622500000000031140e-03 3.311000000000001442e-03 0.000000000000000000e+00 3.311000000000001442e-03 5.402190569555668276e+01
5.264900000000000135e-01 1.132449999999999984e-01 6.622499999999975628e-03 9.933499999999997887e-03 -1.655500000000031946e-03 3.311500000000001942e-03 2.255193158405612408e+01
5.331129999999999480e-01 1.264899999999999913e-01 3.311499999999967248e-03 9.934000000000005326e-03 -3.311249999999987814e-03 4.967000000000006132e-03 4.297373040917286602e+01
5.331129999999999480e-01 1.331130000000000091e-01 0.000000000000000000e+00 1.986750000000001015e-02 -3.311499999999967248e-03 6.622249999999992726e-03 8.389543225441379093e+00
5.331129999999999480e-01 1.662250000000000116e-01 -3.311499999999967248e-03 2.317849999999999078e-02 -3.311249999999987814e-03 -3.311250000000008631e-03 6.833682753912301955e+00
5.264900000000000135e-01 1.794699999999999906e-01 -6.622499999999975628e-03 1.324499999999999289e-02 -3.311000000000008381e-03 -3.310999999999994503e-03 2.025729697798810136e+01
5.198679999999999968e-01 1.927149999999999974e-01 -9.933499999999984009e-03 1.655650000000000177e-02 -6.622750000000010573e-03 3.311250000000001692e-03 1.066398139824640801e+01
5.066230000000000455e-01 2.125829999999999942e-01 -1.986799999999999677e-02 1.986749999999999627e-02 -4.967250000000020260e-03 -1.655749999999997502e-03 5.932116287756524997e+00
4.801320000000000032e-01 2.324499999999999900e-01 -1.986800000000002453e-02 1.324500000000000677e-02 3.311499999999995003e-03 -8.277999999999993697e-03 8.858639657283777780e+00
4.668869999999999965e-01 2.390730000000000077e-01 -1.324500000000000677e-02 3.311500000000008881e-03 3.311500000000008881e-03 -4.967000000000006132e-03 2.154263702041737005e+01
4.536419999999999897e-01 2.390730000000000077e-01 -1.324500000000000677e-02 3.310999999999994503e-03 -1.655499999999990313e-03 -2.500000000071889161e-07 2.155297032380658173e+00
4.403969999999999829e-01 2.456949999999999967e-01 -1.655599999999998739e-02 3.310999999999994503e-03 1.387778780781445676e-17 -1.655499999999997252e-03 5.694706781933072115e+00
4.205300000000000149e-01 2.456949999999999967e-01 -1.324499999999997901e-02 0.000000000000000000e+00 4.966749999999992005e-03 2.500000000002500222e-07 -1.425069625340650084e-03
4.139070000000000249e-01 2.456949999999999967e-01 -6.622500000000003384e-03 3.311499999999995003e-03 3.311249999999987814e-03 1.655749999999997502e-03 -5.402516872538053860e+01
4.072850000000000081e-01 2.523179999999999867e-01 -6.622500000000003384e-03 3.311499999999995003e-03 3.311250000000001692e-03 -1.655749999999997502e-03 0.000000000000000000e+00
4.006620000000000181e-01 2.523179999999999867e-01 0.000000000000000000e+00 0.000000000000000000e+00 6.622500000000003384e-03 -1.655749999999997502e-03 0.000000000000000000e+00
4.072850000000000081e-01 2.523179999999999867e-01 6.622500000000003384e-03 0.000000000000000000e+00 1.158924999999999539e-02 1.655500000000004190e-03 3.774724423598531331e+01
4.139070000000000249e-01 2.523179999999999867e-01 2.317849999999999078e-02 3.311000000000008381e-03 1.490074999999999039e-02 3.311250000000001692e-03 2.135738692321211385e+00
4.536419999999999897e-01 2.589400000000000035e-01 3.642399999999998417e-02 6.622500000000003384e-03 3.311499999999995003e-03 2.499999999933111283e-07 -4.320328502299256579e-01
4.867549999999999932e-01 2.655629999999999935e-01 2.980149999999998078e-02 3.311499999999995003e-03 -3.311249999999987814e-03 -1.655749999999997502e-03 -1.423576370387049872e+00
5.132449999999999513e-01 2.655629999999999935e-01 2.980150000000000854e-02 3.311000000000008381e-03 2.775557561562891351e-17 1.655500000000004190e-03 1.830041842656468631e+00
5.463580000000000103e-01 2.721850000000000103e-01 2.980150000000003629e-02 6.622500000000003384e-03 -3.311500000000008881e-03 2.499999999933111283e-07 7.710446452717177879e-01
5.728480000000000238e-01 2.788080000000000003e-01 2.317849999999999078e-02 3.311499999999995003e-03 -3.311500000000022759e-03 -1.655749999999997502e-03 -2.135590346335960010e+00
5.927149999999999919e-01 2.788080000000000003e-01 2.317849999999999078e-02 3.311000000000008381e-03 -3.310999999999980625e-03 -2.499999999933111283e-07 8.536376507024323601e-01
6.192050000000000054e-01 2.854300000000000170e-01 1.655650000000002953e-02 3.311000000000008381e-03 -8.278000000000007574e-03 -1.655500000000004190e-03 -1.719681898716548206e-04
6.258280000000000509e-01 2.854300000000000170e-01 6.622499999999975628e-03 0.000000000000000000e+00 -6.622750000000038328e-03 -3.311000000000008381e-03 -7.549448847197128032e+01
6.324499999999999567e-01 2.854300000000000170e-01 3.310999999999952870e-03 -3.311000000000008381e-03 -3.311249999999987814e-03 -3.311250000000001692e-03 -2.135790310821537048e+02
6.324499999999999567e-01 2.788080000000000003e-01 0.000000000000000000e+00 -6.622500000000003384e-03 -1.655499999999976435e-03 -3.311499999999995003e-03 -3.774724423598468093e+01
6.324499999999999567e-01 2.721850000000000103e-01 0.000000000000000000e+00 -9.933999999999998387e-03 0.000000000000000000e+00 -3.311250000000001692e-03 0.000000000000000000e+00
6.324499999999999567e-01 2.589400000000000035e-01 0.000000000000000000e+00 -1.324500000000000677e-02 0.000000000000000000e+00 -3.311000000000001442e-03 0.000000000000000000e+00
6.324499999999999567e-01 2.456949999999999967e-01 0.000000000000000000e+00 -1.655600000000000127e-02 0.000000000000000000e+00 -1.655499999999997252e-03 0.000000000000000000e+00
6.324499999999999567e-01 2.258280000000000010e-01 0.000000000000000000e+00 -1.655600000000000127e-02 3.311250000000015570e-03 1.655499999999997252e-03 1.208039502616295202e+01
6.324499999999999567e-01 2.125829999999999942e-01 6.622500000000031140e-03 -1.324500000000000677e-02 4.966999999999999194e-03 3.311000000000001442e-03 2.701176869761913579e+01
6.456950000000000189e-01 1.993379999999999874e-01 9.933999999999998387e-03 -9.933999999999998387e-03 1.655749999999983624e-03 3.311250000000008631e-03 1.779511730386920121e+01
6.523179999999999534e-01 1.927149999999999974e-01 9.933999999999998387e-03 -6.622499999999989506e-03 1.655500000000004190e-03 4.966999999999999194e-03 3.543601794909240255e+01
6.655630000000000157e-01 1.860930000000000084e-01 1.324500000000000677e-02 0.000000000000000000e+00 -2.500000000071889161e-07 6.622499999999989506e-03 3.775009437523583955e+01
6.788079999999999670e-01 1.927149999999999974e-01 9.933499999999984009e-03 6.622499999999989506e-03 -4.966999999999999194e-03 3.311250000000001692e-03 3.866045411261377041e+01
6.854299999999999837e-01 1.993379999999999874e-01 3.311000000000008381e-03 6.622500000000003384e-03 -4.966749999999992005e-03 4.966750000000005882e-03 1.215523471210237290e+02
6.854299999999999837e-01 2.059600000000000042e-01 0.000000000000000000e+00 1.655600000000000127e-02 -1.655500000000004190e-03 6.622499999999996445e-03 6.039741477029134664e+00
6.854299999999999837e-01 2.324499999999999900e-01 0.000000000000000000e+00 1.986749999999999627e-02 -1.655500000000004190e-03 2.500000000002500222e-07 4.194138248442819794e+00
6.854299999999999837e-01 2.456949999999999967e-01 -3.311000000000008381e-03 1.655650000000000177e-02 -4.966749999999992005e-03 -1.655499999999997252e-03 1.822278128526640018e+01
6.788079999999999670e-01 2.655629999999999935e-01 -9.933499999999984009e-03 1.655650000000000177e-02 -3.311499999999995003e-03 -3.311499999999995003e-03 1.218727586347753977e+01
6.655630000000000157e-01 2.788080000000000003e-01 -9.933999999999998387e-03 9.933500000000011765e-03 1.655499999999976435e-03 -4.966999999999999194e-03 1.186520294183005220e+01
6.589399999999999702e-01 2.854300000000000170e-01 -6.622500000000031140e-03 6.622500000000003384e-03 1.655999999999990813e-03 -1.655250000000010879e-03 -6.046058374224620897e-03
6.523179999999999534e-01 2.920530000000000070e-01 -6.622000000000016762e-03 6.622999999999990006e-03 5.000000000143778323e-07 4.999999999866222566e-07 -8.061411097002318601e-03
