4.801320000000000032e-01 3.582779999999999854e-01 -6.622000000000016762e-03 0.000000000000000000e+00 -4.999999999866222566e-07 -3.310999999999980625e-03 7.550588945937698782e+01
4.735099999999999865e-01 3.582779999999999854e-01 -6.622500000000003384e-03 -3.310999999999980625e-03 -1.655999999999990813e-03 -3.311250000000001692e-03 4.051744924565041117e+01
4.668869999999999965e-01 3.516560000000000241e-01 -9.933999999999998387e-03 -6.622500000000003384e-03 0.000000000000000000e+00 -3.311500000000008881e-03 1.933015215237846363e+01
4.536419999999999897e-01 3.450329999999999786e-01 -6.622500000000003384e-03 -9.933999999999998387e-03 3.311499999999995003e-03 -1.655499999999990313e-03 2.577240119286020459e+01
4.536419999999999897e-01 3.317880000000000273e-01 -3.311000000000008381e-03 -9.933499999999984009e-03 1.655749999999997502e-03 2.499999999933111283e-07 1.432645157632527599e+01
4.470199999999999729e-01 3.251660000000000106e-01 -3.311000000000008381e-03 -9.933500000000011765e-03 1.655500000000004190e-03 -2.500000000071889161e-07 1.432573042201803304e+01
4.470199999999999729e-01 3.119210000000000038e-01 0.000000000000000000e+00 -9.933999999999998387e-03 1.655500000000004190e-03 -2.499999999933111283e-07 1.677570860370213879e+01
4.470199999999999729e-01 3.052980000000000138e-01 0.000000000000000000e+00 -9.933999999999998387e-03 1.655500000000004190e-03 0.000000000000000000e+00 1.677570860370213879e+01
4.470199999999999729e-01 2.920530000000000070e-01 3.311000000000008381e-03 -9.933999999999998387e-03 3.311250000000001692e-03 1.655749999999997502e-03 3.342456523350941211e+01
4.536419999999999897e-01 2.854300000000000170e-01 6.622500000000003384e-03 -6.622500000000003384e-03 4.966999999999999194e-03 2.499999999933111283e-07 4.004304461392933945e+01
4.602649999999999797e-01 2.788080000000000003e-01 1.324500000000000677e-02 -9.933500000000011765e-03 4.966750000000005882e-03 0.000000000000000000e+00 1.087177545075636509e+01
4.801320000000000032e-01 2.655629999999999935e-01 1.655600000000001515e-02 -6.622500000000003384e-03 2.500000000071889161e-07 4.966750000000005882e-03 1.450375689058656192e+01
4.933770000000000100e-01 2.655629999999999935e-01 1.324550000000002115e-02 0.000000000000000000e+00 -1.655250000000010879e-03 4.966750000000005882e-03 2.830972081700574705e+01
5.066230000000000455e-01 2.655629999999999935e-01 1.324549999999999339e-02 3.311000000000008381e-03 -2.500000000349444917e-07 3.311250000000001692e-03 1.723370776821150940e+01
5.198679999999999968e-01 2.721850000000000103e-01 1.324499999999995126e-02 6.622500000000003384e-03 -1.656000000000004690e-03 3.311499999999995003e-03 1.688413990544284715e+01
5.331129999999999480e-01 2.788080000000000003e-01 9.933499999999984009e-03 9.933999999999998387e-03 -4.966999999999971438e-03 1.655500000000004190e-03 2.372771876914935874e+01
5.397349999999999648e-01 2.920530000000000070e-01 3.311000000000008381e-03 9.933500000000011765e-03 -4.966749999999992005e-03 -1.655749999999997502e-03 3.820170755246059713e+01
5.397349999999999648e-01 2.986750000000000238e-01 0.000000000000000000e+00 6.622500000000003384e-03 -1.655500000000004190e-03 -1.655250000000010879e-03 3.774724423598531331e+01
5.397349999999999648e-01 3.052980000000000138e-01 0.000000000000000000e+00 6.622999999999990006e-03 0.000000000000000000e+00 0.000000000000000000e+00 0.000000000000000000e+00
5.397349999999999648e-01 3.119210000000000038e-01 0.000000000000000000e+00 6.622500000000003384e-03 0.000000000000000000e+00 -2.499999999933111283e-07 -0.000000000000000000e+00
5.397349999999999648e-01 3.185430000000000206e-01 0.000000000000000000e+00 6.622500000000003384e-03 1.655750000000011379e-03 -1.655500000000004190e-03 -3.775294451448683475e+01
5.397349999999999648e-01 3.251660000000000106e-01 3.311500000000022759e-03 3.311499999999995003e-03 3.311250000000015570e-03 -4.966999999999999194e-03 -2.668972048371242636e+02
5.463580000000000103e-01 3.251660000000000106e-01 6.622500000000031140e-03 -3.311499999999995003e-03 -2.500000000071889161e-07 -4.966999999999999194e-03 -8.103571394078791457e+01
5.529800000000000271e-01 3.185430000000000206e-01 3.311000000000008381e-03 -6.622500000000003384e-03 -1.655500000000031946e-03 2.499999999933111283e-07 -2.700891351574070143e+01
5.529800000000000271e-01 3.119210000000000038e-01 3.311499999999967248e-03 -3.311000000000008381e-03 3.311499999999995003e-03 1.655500000000004190e-03 1.601600840565776025e+02
5.596029999999999616e-01 3.119210000000000038e-01 9.933999999999998387e-03 -3.311499999999995003e-03 3.311000000000036136e-03 -1.655999999999990813e-03 -4.778223590402189913e+00
5.728480000000000238e-01 3.052980000000000138e-01 9.933500000000039520e-03 -6.622999999999990006e-03 -2.500000000071889161e-07 0.000000000000000000e+00 -9.729628388013252319e-04
5.794700000000000406e-01 2.986750000000000238e-01 9.933499999999984009e-03 -3.311499999999995003e-03 3.311499999999967248e-03 4.967249999999992505e-03 5.253154797203171711e+01
5.927149999999999919e-01 2.986750000000000238e-01 1.655649999999997402e-02 3.311499999999995003e-03 3.311500000000022759e-03 3.311499999999995003e-03 9.112091790659636814e+00
6.125829999999999886e-01 3.052980000000000138e-01 1.655650000000002953e-02 3.311499999999995003e-03 -3.311499999999995003e-03 0.000000000000000000e+00 2.278194938827418525e+00
6.258280000000000509e-01 3.052980000000000138e-01 9.933499999999984009e-03 3.311499999999995003e-03 -6.622750000000038328e-03 1.655500000000004190e-03 3.342759375275464606e+01
6.324499999999999567e-01 3.119210000000000038e-01 3.310999999999952870e-03 6.622500000000003384e-03 -3.310999999999980625e-03 4.966750000000005882e-03 9.453731530120550985e+01
6.324499999999999567e-01 3.185430000000000206e-01 3.311500000000022759e-03 1.324500000000000677e-02 -1.655499999999976435e-03 3.311249999999987814e-03 1.292525693235356776e+01
6.390730000000000022e-01 3.384110000000000174e-01 0.000000000000000000e+00 1.324499999999997901e-02 -3.311500000000022759e-03 -3.311250000000001692e-03 1.887647225724350264e+01
6.324499999999999567e-01 3.450329999999999786e-01 -3.311500000000022759e-03 6.622500000000003384e-03 -4.966749999999992005e-03 -1.655499999999990313e-03 9.453486833680508994e+01
6.324499999999999567e-01 3.516560000000000241e-01 -9.933499999999984009e-03 9.933999999999998387e-03 -4.966749999999964249e-03 -1.387778780781445676e-17 1.779556512059659568e+01
6.125829999999999886e-01 3.649009999999999754e-01 -1.324499999999995126e-02 6.622499999999975628e-03 -2.500000000071889161e-07 -3.311499999999995003e-03 1.350741389403606263e+01
6.059600000000000541e-01 3.649009999999999754e-01 -9.933999999999998387e-03 3.311000000000008381e-03 -3.311250000000043325e-03 -1.655749999999983624e-03 2.387489549970067770e+01
5.927149999999999919e-01 3.715229999999999921e-01 -1.986750000000003791e-02 3.311000000000008381e-03 -3.311000000000008381e-03 -1.655500000000004190e-03 5.366944502774181558e+00
5.662249999999999783e-01 3.715229999999999921e-01 -1.655600000000001515e-02 0.000000000000000000e+00 4.967000000000026949e-03 -1.655500000000004190e-03 6.039741477029125782e+00
5.596029999999999616e-01 3.715229999999999921e-01 -9.933499999999984009e-03 0.000000000000000000e+00 1.655500000000004190e-03 0.000000000000000000e+00 -0.000000000000000000e+00
5.463580000000000103e-01 3.715229999999999921e-01 -1.324500000000000677e-02 0.000000000000000000e+00 -3.311500000000022759e-03 0.000000000000000000e+00 0.000000000000000000e+00
5.331129999999999480e-01 3.715229999999999921e-01 -1.655650000000002953e-02 0.000000000000000000e+00 2.775557561562891351e-17 0.000000000000000000e+00 -0.000000000000000000e+00
5.132449999999999513e-01 3.715229999999999921e-01 -1.324499999999995126e-02 0.000000000000000000e+00 1.655750000000025257e-03 0.000000000000000000e+00 -0.000000000000000000e+00
5.066230000000000455e-01 3.715229999999999921e-01 -1.324499999999997901e-02 0.000000000000000000e+00 -2.500000000349444917e-07 0.000000000000000000e+00 0.000000000000000000e+00
4.867549999999999932e-01 3.715229999999999921e-01 -1.324550000000002115e-02 0.000000000000000000e+00 1.655499999999990313e-03 0.000000000000000000e+00 -0.000000000000000000e+00
4.801320000000000032e-01 3.715229999999999921e-01 -9.933999999999998387e-03 0.000000000000000000e+00 1.656000000000004690e-03 -1.655500000000004190e-03 1.677570860370213879e+01
4.668869999999999965e-01 3.715229999999999921e-01 -9.933500000000011765e-03 -3.311000000000008381e-03 1.655749999999997502e-03 -1.655500000000004190e-03 1.910049319907675169e+01
4.602649999999999797e-01 3.649009999999999754e-01 -6.622500000000003384e-03 -3.311000000000008381e-03 1.655500000000004190e-03 1.655500000000004190e-03 -1.350649608990840456e+01
4.536419999999999897e-01 3.649009999999999754e-01 -6.622500000000003384e-03 0.000000000000000000e+00 0.000000000000000000e+00 1.655500000000004190e-03 -3.774724423598531331e+01
4.470199999999999729e-01 3.649009999999999754e-01 -6.622500000000003384e-03 0.000000000000000000e+00 3.311250000000001692e-03 0.000000000000000000e+00 -0.000000000000000000e+00
4.403969999999999829e-01 3.649009999999999754e-01 0.000000000000000000e+00 0.000000000000000000e+00 8.278250000000000886e-03 0.000000000000000000e+00 0.000000000000000000e+00
4.470199999999999729e-01 3.649009999999999754e-01 9.933999999999998387e-03 0.000000000000000000e+00 6.622500000000003384e-03 1.655500000000004190e-03 1.677570860370213879e+01
4.602649999999999797e-01 3.649009999999999754e-01 1.324500000000000677e-02 3.311000000000008381e-03 3.311000000000008381e-03 1.655500000000004190e-03 4.308642195834964994e+00
4.735099999999999865e-01 3.715229999999999921e-01 1.655600000000001515e-02 3.311000000000008381e-03 9.933749999999991198e-03 1.655749999999997502e-03 -1.138184578488097953e+00
4.933770000000000100e-01 3.715229999999999921e-01 3.311249999999998916e-02 6.622500000000003384e-03 8.278499999999980319e-03 3.311499999999995003e-03 1.423881759920229584e+00
5.397349999999999648e-01 3.847679999999999989e-01 3.311299999999997579e-02 9.933999999999998387e-03 -3.311249999999987814e-03 1.655749999999997502e-03 2.123079233664983523e+00
5.596029999999999616e-01 3.913909999999999889e-01 2.649000000000001354e-02 9.933999999999998387e-03 -3.311499999999981125e-03 -2.499999999933111283e-07 1.452436753954606807e+00
5.927149999999999919e-01 4.046359999999999957e-01 2.649000000000001354e-02 9.933500000000011765e-03 -3.311250000000015570e-03 -1.655749999999997502e-03 -4.843861273803352074e-01
6.125829999999999886e-01 4.112580000000000124e-01 1.986749999999998240e-02 6.622500000000003384e-03 -1.655750000000011379e-03 2.499999999933111283e-07 1.194393706338218175e+00
6.324499999999999567e-01 4.178810000000000024e-01 2.317849999999999078e-02 9.933999999999998387e-03 -1.655499999999976435e-03 1.655500000000004190e-03 3.418298906146735483e+00
6.589399999999999702e-01 4.311260000000000092e-01 1.655650000000002953e-02 9.933500000000011765e-03 -6.622249999999996195e-03 -1.655749999999997502e-03 5.330610590879522270e+00
6.655630000000000157e-01 4.377480000000000260e-01 9.933999999999998387e-03 6.622500000000003384e-03 -3.311500000000022759e-03 -3.311000000000008381e-03 -6.440789720524664475e+00
6.788079999999999670e-01 4.443710000000000160e-01 9.933499999999984009e-03 3.311499999999995003e-03 -1.655749999999983624e-03 -3.311250000000001692e-03 -2.387489541259633441e+01
6.854299999999999837e-01 4.443710000000000160e-01 6.622500000000031140e-03 0.000000000000000000e+00 -4.966749999999992005e-03 -1.655749999999997502e-03 -3.775294451448620237e+01
6.920530000000000292e-01 4.443710000000000160e-01 0.000000000000000000e+00 0.000000000000000000e+00 -4.967000000000026949e-03 -1.655749999999997502e-03 0.000000000000000000e+00
6.854299999999999837e-01 4.443710000000000160e-01 -3.311500000000022759e-03 -3.311499999999995003e-03 0.000000000000000000e+00 -3.311250000000001692e-03 1.067572698960443915e+02
6.854299999999999837e-01 4.377480000000000260e-01 0.000000000000000000e+00 -6.622500000000003384e-03 1.655750000000011379e-03 -3.311000000000008381e-03 3.775294451448683475e+01
6.854299999999999837e-01 4.311260000000000092e-01 0.000000000000000000e+00 -9.933500000000011765e-03 0.000000000000000000e+00 -1.655749999999997502e-03 0.000000000000000000e+00
6.854299999999999837e-01 4.178810000000000024e-01 0.000000000000000000e+00 -9.933999999999998387e-03 3.311250000000015570e-03 1.655500000000004190e-03 3.355395053700321739e+01
6.854299999999999837e-01 4.112580000000000124e-01 6.622500000000031140e-03 -6.622500000000003384e-03 4.966999999999999194e-03 1.655749999999997502e-03 5.338871079911406525e+01
6.986750000000000460e-01 4.046359999999999957e-01 9.933999999999998387e-03 -6.622500000000003384e-03 1.655749999999983624e-03 0.000000000000000000e+00 6.443221895969641011e+00
7.052979999999999805e-01 3.980130000000000057e-01 9.933999999999998387e-03 -6.622500000000003384e-03 1.655500000000004190e-03 0.000000000000000000e+00 6.442249040481880407e+00
7.185430000000000428e-01 3.913909999999999889e-01 1.324500000000000677e-02 -6.622500000000003384e-03 1.655499999999976435e-03 1.655500000000004190e-03 1.012864848899397607e+01
7.317879999999999940e-01 3.847679999999999989e-01 1.324499999999995126e-02 -3.311499999999995003e-03 0.000000000000000000e+00 3.311250000000001692e-03 1.723410963598189483e+01
7.450329999999999453e-01 3.847679999999999989e-01 1.324500000000000677e-02 0.000000000000000000e+00 -1.655499999999948679e-03 3.311499999999995003e-03 1.887647225724325750e+01
7.582780000000000076e-01 3.847679999999999989e-01 9.934000000000053898e-03 3.311499999999995003e-03 -4.966749999999992005e-03 4.966999999999999194e-03 5.729830717594116152e+01
7.649010000000000531e-01 3.913909999999999889e-01 3.311500000000022759e-03 9.933999999999998387e-03 -4.967000000000026949e-03 3.311000000000008381e-03 5.252296757125538562e+01
7.649010000000000531e-01 4.046359999999999957e-01 0.000000000000000000e+00 9.933500000000011765e-03 -1.655750000000011379e-03 -2.499999999933111283e-07 1.677993103222864235e+01
7.649010000000000531e-01 4.112580000000000124e-01 0.000000000000000000e+00 9.933500000000011765e-03 -1.655750000000011379e-03 2.499999999933111283e-07 1.677993103222864235e+01
7.649010000000000531e-01 4.245030000000000192e-01 -3.311500000000022759e-03 9.933999999999998387e-03 -3.311250000000015570e-03 -1.655500000000004190e-03 3.342305119979982919e+01
7.582780000000000076e-01 4.311260000000000092e-01 -6.622500000000031140e-03 6.622500000000003384e-03 -3.310999999999980625e-03 -1.655749999999997502e-03 4.003901390834605678e+01
7.516559999999999908e-01 4.377480000000000260e-01 -9.933499999999984009e-03 6.622500000000003384e-03 -3.311249999999987814e-03 -1.387778780781445676e-17 1.288681803753795485e+01
7.384110000000000396e-01 4.443710000000000160e-01 -1.324500000000000677e-02 6.622499999999975628e-03 -1.655750000000039135e-03 -2.500000000210667039e-07 3.377745708224528798e+00
7.251659999999999773e-01 4.509929999999999772e-01 -1.324500000000006228e-02 6.621999999999961251e-03 -5.551115123125782702e-17 -5.000000000143778323e-07 2.039486020088677760e-03
