4.337750000000000217e-01 2.721850000000000103e-01 -6.623000000000045517e-03 0.000000000000000000e+00 5.000000000421334079e-07 -3.311000000000008381e-03 7.548309006660004172e+01
4.271519999999999762e-01 2.721850000000000103e-01 -6.622500000000003384e-03 -3.311000000000008381e-03 2.500000000349444917e-07 -3.311250000000001692e-03 5.402802399963540125e+01
4.205300000000000149e-01 2.655629999999999935e-01 -6.622499999999975628e-03 -6.622500000000003384e-03 -1.655749999999997502e-03 -4.966999999999992255e-03 2.669334772316140558e+01
4.139070000000000249e-01 2.589400000000000035e-01 -9.933999999999998387e-03 -1.324499999999999289e-02 -3.311250000000015570e-03 -3.311250000000001692e-03 -2.415757969513655290e+00
4.006620000000000181e-01 2.390730000000000077e-01 -1.324500000000000677e-02 -1.324500000000000677e-02 2.499999999933111283e-07 1.655499999999997252e-03 -3.335912708098383916e+00
3.874170000000000114e-01 2.324499999999999900e-01 -9.933500000000011765e-03 -9.933999999999998387e-03 4.966999999999999194e-03 6.938893903907228378e-18 1.779646085548963796e+01
3.807949999999999946e-01 2.192050000000000110e-01 -3.311000000000008381e-03 -1.324499999999999289e-02 3.311000000000008381e-03 -3.311000000000001442e-03 2.154125930673228950e+01
3.807949999999999946e-01 2.059600000000000042e-01 -3.311499999999995003e-03 -1.655600000000000127e-02 -2.499999999933111283e-07 -6.938893903907228378e-18 -8.599528179054531998e-04
3.741720000000000046e-01 1.860930000000000084e-01 -3.311499999999995003e-03 -1.324500000000000677e-02 1.655749999999997502e-03 3.311000000000001442e-03 4.309178022820469245e+00
3.741720000000000046e-01 1.794699999999999906e-01 0.000000000000000000e+00 -9.933999999999998387e-03 3.311499999999995003e-03 6.938893903907228378e-18 3.355648386660187299e+01
3.741720000000000046e-01 1.662250000000000116e-01 3.311499999999995003e-03 -1.324499999999999289e-02 1.655749999999997502e-03 2.499999999933111283e-07 8.618030726448523637e+00
3.807949999999999946e-01 1.529800000000000049e-01 3.311499999999995003e-03 -9.933500000000011765e-03 1.655500000000004190e-03 1.655749999999997502e-03 1.910034904661238286e+01
3.807949999999999946e-01 1.463579999999999881e-01 6.622500000000003384e-03 -9.933499999999997887e-03 3.311000000000008381e-03 1.655500000000011129e-03 2.577120371881949623e+01
3.940400000000000014e-01 1.331130000000000091e-01 9.933500000000011765e-03 -6.622499999999989506e-03 0.000000000000000000e+00 3.310999999999994503e-03 1.932828117864756479e+01
4.006620000000000181e-01 1.331130000000000091e-01 6.622500000000003384e-03 -3.311500000000008881e-03 2.499999999933111283e-07 1.655499999999990313e-03 2.701054521540732622e+01
4.072850000000000081e-01 1.264899999999999913e-01 9.933999999999998387e-03 -3.311500000000008881e-03 4.966749999999992005e-03 4.967000000000006132e-03 5.729830717594183653e+01
4.205300000000000149e-01 1.264899999999999913e-01 1.655599999999998739e-02 6.622500000000003384e-03 1.655499999999990313e-03 6.622750000000003634e-03 1.740544270092609125e+01
4.403969999999999829e-01 1.397349999999999981e-01 1.324499999999997901e-02 9.933999999999998387e-03 -4.966749999999992005e-03 1.655749999999997502e-03 1.570397722856350775e+01
4.470199999999999729e-01 1.463579999999999881e-01 6.622500000000003384e-03 9.933999999999998387e-03 -4.966999999999985316e-03 -2.499999999933111283e-07 2.899279605312256436e+01
4.536419999999999897e-01 1.596029999999999949e-01 3.311000000000008381e-03 9.933500000000011765e-03 -1.655500000000004190e-03 -2.500000000002500222e-07 1.432428833117625544e+01
4.536419999999999897e-01 1.662250000000000116e-01 3.311499999999995003e-03 9.933499999999997887e-03 2.499999999933111283e-07 2.499999999933111283e-07 -1.442025513360761660e-03
4.602649999999999797e-01 1.794699999999999906e-01 3.311499999999995003e-03 9.933999999999998387e-03 -1.655749999999997502e-03 -1.655499999999997252e-03 9.550679209373305056e+00
4.602649999999999797e-01 1.860930000000000084e-01 0.000000000000000000e+00 6.622500000000003384e-03 -1.655749999999997502e-03 -4.966999999999999194e-03 3.775294451448651500e+01
4.602649999999999797e-01 1.927149999999999974e-01 0.000000000000000000e+00 0.000000000000000000e+00 1.655500000000004190e-03 -6.622500000000003384e-03 0.000000000000000000e+00
4.602649999999999797e-01 1.860930000000000084e-01 3.311000000000008381e-03 -6.622500000000003384e-03 1.655500000000004190e-03 -3.311250000000001692e-03 0.000000000000000000e+00
4.668869999999999965e-01 1.794699999999999906e-01 3.311000000000008381e-03 -6.622500000000003384e-03 2.499999999933111283e-07 6.938893903907228378e-18 4.078972039781122126e-03
4.668869999999999965e-01 1.728480000000000016e-01 3.311499999999995003e-03 -6.622499999999989506e-03 2.499999999933111283e-07 0.000000000000000000e+00 4.078602500674576199e-03
4.735099999999999865e-01 1.662250000000000116e-01 3.311499999999995003e-03 -6.622500000000003384e-03 -2.499999999933111283e-07 -6.938893903907228378e-18 -4.078602500731168951e-03
4.735099999999999865e-01 1.596029999999999949e-01 3.311000000000008381e-03 -6.622500000000003384e-03 3.311000000000008381e-03 0.000000000000000000e+00 5.402190569555705224e+01
4.801320000000000032e-01 1.529800000000000049e-01 9.933500000000011765e-03 -6.622500000000003384e-03 3.311499999999995003e-03 0.000000000000000000e+00 1.288779099473205036e+01
4.933770000000000100e-01 1.463579999999999881e-01 9.933999999999998387e-03 -6.622500000000003384e-03 1.655999999999990813e-03 6.938893903907228378e-18 6.444194751457550829e+00
5.000000000000000000e-01 1.397349999999999981e-01 1.324549999999999339e-02 -6.622499999999989506e-03 1.655500000000004190e-03 1.655750000000004440e-03 1.012900540789969028e+01
5.198679999999999968e-01 1.331130000000000091e-01 1.324500000000000677e-02 -3.310999999999994503e-03 -1.656000000000004690e-03 4.966749999999992005e-03 2.369655633911280290e+01
5.264900000000000135e-01 1.331130000000000091e-01 9.933499999999984009e-03 3.310999999999994503e-03 -3.311250000000015570e-03 6.622249999999996195e-03 6.685244735107617942e+01
5.397349999999999648e-01 1.397349999999999981e-01 6.622499999999975628e-03 9.933499999999997887e-03 -3.310999999999980625e-03 3.311500000000001942e-03 3.221607217337965778e+01
5.397349999999999648e-01 1.529800000000000049e-01 3.311500000000022759e-03 9.933999999999998387e-03 -1.655499999999976435e-03 1.655749999999997502e-03 1.909847443303069880e+01
5.463580000000000103e-01 1.596029999999999949e-01 3.311500000000022759e-03 1.324499999999999289e-02 -3.311500000000022759e-03 3.311000000000001442e-03 2.154393819894800899e+01
5.463580000000000103e-01 1.794699999999999906e-01 -3.311500000000022759e-03 1.655600000000000127e-02 -6.622750000000010573e-03 6.622500000000003384e-03 1.822456728687339833e+01
5.397349999999999648e-01 1.927149999999999974e-01 -9.933999999999998387e-03 2.648999999999999966e-02 -4.966749999999992005e-03 4.966999999999999194e-03 3.631201546895422183e+00
5.264900000000000135e-01 2.324499999999999900e-01 -1.324500000000000677e-02 2.648999999999999966e-02 -1.655500000000004190e-03 -4.966749999999998944e-03 4.220397665849707991e+00
5.132449999999999513e-01 2.456949999999999967e-01 -1.324500000000000677e-02 1.655650000000000177e-02 -4.966999999999985316e-03 -4.966749999999998944e-03 1.552955008677134430e+01
5.000000000000000000e-01 2.655629999999999935e-01 -2.317899999999997740e-02 1.655650000000000177e-02 -4.966999999999999194e-03 -3.311499999999995003e-03 6.879226917215246928e+00
4.668869999999999965e-01 2.788080000000000003e-01 -2.317900000000000515e-02 9.933500000000011765e-03 6.622749999999982817e-03 -6.622749999999996695e-03 5.469933291709986989e+00
4.536419999999999897e-01 2.854300000000000170e-01 -9.933500000000011765e-03 3.311000000000008381e-03 8.278250000000000886e-03 -4.966750000000005882e-03 1.910121435338396267e+01
4.470199999999999729e-01 2.854300000000000170e-01 -6.622500000000003384e-03 0.000000000000000000e+00 1.655500000000018068e-03 2.499999999933111283e-07 -5.700278501204359728e-03
4.403969999999999829e-01 2.854300000000000170e-01 -6.622499999999975628e-03 3.311499999999995003e-03 0.000000000000000000e+00 1.655749999999997502e-03 -2.701258436269048602e+01
4.337750000000000217e-01 2.920530000000000070e-01 -6.622500000000003384e-03 3.311499999999995003e-03 4.966749999999978127e-03 -2.499999999933111283e-07 -4.051377821392560463e+01
4.271519999999999762e-01 2.920530000000000070e-01 3.310999999999980625e-03 3.311000000000008381e-03 9.933750000000005076e-03 -2.499999999933111283e-07 -3.203766092518096684e+02
4.403969999999999829e-01 2.986750000000000238e-01 1.324500000000000677e-02 3.311000000000008381e-03 8.278250000000014763e-03 -1.655500000000004190e-03 -1.938758876629564654e+01
4.536419999999999897e-01 2.986750000000000238e-01 1.986750000000001015e-02 0.000000000000000000e+00 6.622750000000010573e-03 2.499999999933111283e-07 6.333642779115956217e-04
4.801320000000000032e-01 2.986750000000000238e-01 2.649050000000002791e-02 3.311499999999995003e-03 3.311499999999981125e-03 1.655749999999997502e-03 1.728885809791953276e+00
5.066230000000000455e-01 3.052980000000000138e-01 2.649049999999997240e-02 3.311499999999995003e-03 4.966499999999984816e-03 0.000000000000000000e+00 -8.643776392934925390e-01
5.331129999999999480e-01 3.052980000000000138e-01 3.642349999999999755e-02 3.311499999999995003e-03 1.655250000000024757e-03 0.000000000000000000e+00 -1.120419758451401404e-01
5.794700000000000406e-01 3.119210000000000038e-01 2.980100000000002192e-02 3.311499999999995003e-03 -1.324474999999999958e-02 -1.655749999999997502e-03 -2.033913258944480829e-01
5.927149999999999919e-01 3.119210000000000038e-01 9.933999999999998387e-03 0.000000000000000000e+00 -8.278000000000007574e-03 -1.655749999999997502e-03 -1.677824193330093649e+01
5.993380000000000374e-01 3.119210000000000038e-01 1.324500000000000677e-02 0.000000000000000000e+00 -2.500000000071889161e-07 -1.655749999999997502e-03 -9.438236128621628751e+00
6.192050000000000054e-01 3.119210000000000038e-01 9.933499999999984009e-03 -3.311499999999995003e-03 -6.622500000000003384e-03 -4.966999999999999194e-03 -6.207991980012422317e+01
6.192050000000000054e-01 3.052980000000000138e-01 0.000000000000000000e+00 -9.933999999999998387e-03 -6.622249999999996195e-03 -4.966750000000005882e-03 -6.710536774440721786e+01
6.192050000000000054e-01 2.920530000000000070e-01 -3.311000000000008381e-03 -1.324500000000000677e-02 -1.655500000000004190e-03 -1.655500000000004190e-03 -6.462638015012019288e+00
6.125829999999999886e-01 2.788080000000000003e-01 -3.311000000000008381e-03 -1.324500000000000677e-02 1.655500000000004190e-03 -3.311249999999994753e-03 1.292495075128360149e+01
6.125829999999999886e-01 2.655629999999999935e-01 0.000000000000000000e+00 -1.986749999999999627e-02 3.311000000000008381e-03 -1.655749999999997502e-03 8.388276496885639588e+00
6.125829999999999886e-01 2.390730000000000077e-01 3.311000000000008381e-03 -1.655650000000000177e-02 4.966749999999992005e-03 6.622499999999996445e-03 2.163944528152751090e+01
6.192050000000000054e-01 2.324499999999999900e-01 9.933499999999984009e-03 -6.622500000000003384e-03 4.966999999999999194e-03 3.311500000000001942e-03 3.866191351167585566e+01
6.324499999999999567e-01 2.258280000000000010e-01 1.324500000000000677e-02 -9.933499999999997887e-03 1.655750000000011379e-03 0.000000000000000000e+00 3.624289968810581186e+00
6.456950000000000189e-01 2.125829999999999942e-01 1.324500000000000677e-02 -6.622500000000003384e-03 -1.655500000000004190e-03 1.158925000000000233e-02 4.389386920942676085e+01
6.589399999999999702e-01 2.125829999999999942e-01 9.933999999999998387e-03 1.324500000000000677e-02 -4.966749999999992005e-03 1.324499999999999983e-02 4.348729153032914496e+01
6.655630000000000157e-01 2.390730000000000077e-01 3.311500000000022759e-03 1.986749999999999627e-02 -4.966999999999999194e-03 -6.938893903907228378e-18 1.207692093228498997e+01
6.655630000000000157e-01 2.523179999999999867e-01 0.000000000000000000e+00 1.324499999999999289e-02 -3.311500000000022759e-03 -3.311249999999994753e-03 1.887647225724346001e+01
6.655630000000000157e-01 2.655629999999999935e-01 -3.311500000000022759e-03 1.324500000000000677e-02 -3.311250000000015570e-03 1.655500000000011129e-03 1.507984594376396537e+01
6.589399999999999702e-01 2.788080000000000003e-01 -6.622500000000031140e-03 1.655600000000001515e-02 -1.655499999999976435e-03 -1.655749999999997502e-03 6.768264143569944657e+00
6.523179999999999534e-01 2.986750000000000238e-01 -6.622499999999975628e-03 9.933500000000011765e-03 1.655500000000031946e-03 -6.622250000000010073e-03 1.610852252855749711e+01
6.456950000000000189e-01 2.986750000000000238e-01 -3.311499999999967248e-03 3.311499999999995003e-03 3.311249999999987814e-03 -1.655250000000010879e-03 -5.339072523906423129e+01
6.456950000000000189e-01 3.052980000000000138e-01 0.000000000000000000e+00 6.622999999999990006e-03 3.311499999999967248e-03 3.311499999999995003e-03 -7.549448890230961240e+01
