5.000000000000000000e-01 2.920530000000000070e-01 0.000000000000000000e+00 6.622000000000016762e-03 -3.311499999999995003e-03 4.999999999866222566e-07 7.551729173806342033e+01
5.000000000000000000e-01 2.986750000000000238e-01 -3.311499999999995003e-03 6.622500000000003384e-03 -3.311250000000001692e-03 -1.655250000000010879e-03 6.752432312139818293e+01
4.933770000000000100e-01 3.052980000000000138e-01 -6.622500000000003384e-03 3.311499999999995003e-03 -3.311000000000008381e-03 -6.622500000000003384e-03 1.350527251532323021e+02
4.867549999999999932e-01 3.052980000000000138e-01 -9.933500000000011765e-03 -6.622500000000003384e-03 -1.655749999999997502e-03 -6.622749999999996695e-03 3.221704505711539923e+01
4.735099999999999865e-01 2.920530000000000070e-01 -9.933999999999998387e-03 -9.933999999999998387e-03 1.655500000000004190e-03 -1.655749999999997502e-03 1.186311298015643523e+01
4.668869999999999965e-01 2.854300000000000170e-01 -6.622500000000003384e-03 -9.933999999999998387e-03 1.655749999999997502e-03 -1.655500000000004190e-03 1.610732511667107048e+01
4.602649999999999797e-01 2.721850000000000103e-01 -6.622500000000003384e-03 -1.324500000000000677e-02 0.000000000000000000e+00 -1.655500000000004190e-03 3.376216162998010972e+00
4.536419999999999897e-01 2.589400000000000035e-01 -6.622500000000003384e-03 -1.324500000000000677e-02 1.655749999999997502e-03 -1.655499999999997252e-03 1.012966818581156936e+01
4.470199999999999729e-01 2.456949999999999967e-01 -3.311000000000008381e-03 -1.655600000000000127e-02 1.655500000000004190e-03 -1.655499999999997252e-03 6.833579345051023601e+00
4.470199999999999729e-01 2.258280000000000010e-01 -3.311499999999995003e-03 -1.655600000000000127e-02 -2.499999999933111283e-07 1.655499999999997252e-03 -1.139884652993788272e+00
4.403969999999999829e-01 2.125829999999999942e-01 -3.311499999999995003e-03 -1.324500000000000677e-02 1.655749999999997502e-03 1.655500000000004190e-03 6.463441715038277025e+00
4.403969999999999829e-01 1.993379999999999874e-01 0.000000000000000000e+00 -1.324499999999999289e-02 3.311499999999995003e-03 6.938893903907228378e-18 1.887647225724330013e+01
4.403969999999999829e-01 1.860930000000000084e-01 3.311499999999995003e-03 -1.324499999999999289e-02 3.311250000000001692e-03 1.655499999999997252e-03 1.938837332819960935e+01
4.470199999999999729e-01 1.728480000000000016e-01 6.622500000000003384e-03 -9.933999999999998387e-03 -2.499999999933111283e-07 1.655499999999997252e-03 6.440789720524744411e+00
4.536419999999999897e-01 1.662250000000000116e-01 3.311000000000008381e-03 -9.933999999999998387e-03 0.000000000000000000e+00 1.655749999999997502e-03 4.774834866904368091e+00
4.536419999999999897e-01 1.529800000000000049e-01 6.622500000000003384e-03 -6.622500000000003384e-03 4.966999999999999194e-03 3.311499999999995003e-03 6.673639233709079122e+01
4.668869999999999965e-01 1.529800000000000049e-01 1.324500000000000677e-02 -3.311000000000008381e-03 3.311250000000001692e-03 3.311250000000001692e-03 2.154288579867624165e+01
4.801320000000000032e-01 1.463579999999999881e-01 1.324500000000000677e-02 0.000000000000000000e+00 -1.655500000000004190e-03 4.966750000000005882e-03 2.831185824661428541e+01
4.933770000000000100e-01 1.529800000000000049e-01 9.933999999999998387e-03 6.622500000000003384e-03 -3.310999999999994503e-03 3.311250000000001692e-03 3.221319091338498453e+01
5.000000000000000000e-01 1.596029999999999949e-01 6.623000000000017762e-03 6.622500000000003384e-03 -1.655750000000011379e-03 3.311250000000001692e-03 4.003850998457286892e+01
5.066230000000000455e-01 1.662250000000000116e-01 6.622499999999975628e-03 1.324500000000000677e-02 -1.656000000000032446e-03 4.966999999999992255e-03 1.688413990544286136e+01
5.132449999999999513e-01 1.860930000000000084e-01 3.310999999999952870e-03 1.655649999999998789e-02 -3.311249999999987814e-03 -6.938893903907228378e-18 1.138962526093408378e+01
5.132449999999999513e-01 1.993379999999999874e-01 0.000000000000000000e+00 1.324499999999999289e-02 2.500000000349444917e-07 -3.311499999999988064e-03 -1.425069625538414849e-03
5.132449999999999513e-01 2.125829999999999942e-01 3.311500000000022759e-03 9.933500000000011765e-03 1.655750000000011379e-03 -3.311249999999994753e-03 -2.387777968138587781e+01
5.198679999999999968e-01 2.192050000000000110e-01 3.311500000000022759e-03 6.622500000000003384e-03 -1.655750000000011379e-03 -1.655500000000011129e-03 1.350731190895413114e+01
5.198679999999999968e-01 2.258280000000000010e-01 0.000000000000000000e+00 6.622499999999989506e-03 -1.655750000000011379e-03 -3.311250000000001692e-03 3.775294451448700528e+01
5.198679999999999968e-01 2.324499999999999900e-01 0.000000000000000000e+00 0.000000000000000000e+00 0.000000000000000000e+00 -6.622499999999989506e-03 0.000000000000000000e+00
5.198679999999999968e-01 2.258280000000000010e-01 0.000000000000000000e+00 -6.622499999999989506e-03 0.000000000000000000e+00 -3.311250000000001692e-03 0.000000000000000000e+00
5.198679999999999968e-01 2.192050000000000110e-01 0.000000000000000000e+00 -6.622500000000003384e-03 1.655500000000004190e-03 -6.938893903907228378e-18 3.774724423598531331e+01
5.198679999999999968e-01 2.125829999999999942e-01 3.311000000000008381e-03 -6.622500000000003384e-03 3.311249999999987814e-03 -1.655749999999997502e-03 4.051948857768814349e+01
5.264900000000000135e-01 2.059600000000000042e-01 6.622499999999975628e-03 -9.933999999999998387e-03 1.655749999999983624e-03 -1.655499999999997252e-03 3.222827035707295895e+00
5.331129999999999480e-01 1.927149999999999974e-01 6.622499999999975628e-03 -9.933499999999997887e-03 2.775557561562891351e-17 1.655749999999997502e-03 6.443895497366204594e+00
5.397349999999999648e-01 1.860930000000000084e-01 6.622500000000031140e-03 -6.622500000000003384e-03 2.775557561562891351e-17 1.655499999999997252e-03 1.334566618518515746e+01
5.463580000000000103e-01 1.794699999999999906e-01 6.622500000000031140e-03 -6.622500000000003384e-03 -2.775557561562891351e-17 1.655750000000004440e-03 1.334768153797624635e+01
5.529800000000000271e-01 1.728480000000000016e-01 6.622499999999975628e-03 -3.310999999999994503e-03 4.966999999999971438e-03 1.655500000000004190e-03 6.752840178546578898e+01
5.596029999999999616e-01 1.728480000000000016e-01 1.655649999999997402e-02 -3.311499999999995003e-03 4.966750000000019760e-03 -2.500000000002500222e-07 3.416088522041031972e+00
5.860929999999999751e-01 1.662250000000000116e-01 1.655600000000001515e-02 -3.311499999999995003e-03 -4.966999999999971438e-03 3.311499999999995003e-03 7.973516913523583938e+00
5.927149999999999919e-01 1.662250000000000116e-01 6.622500000000031140e-03 3.311499999999995003e-03 -4.966749999999992005e-03 4.966999999999992255e-03 1.215515313019956949e+02
5.993380000000000374e-01 1.728480000000000016e-01 6.622500000000031140e-03 6.622499999999989506e-03 -1.655750000000011379e-03 3.311000000000001442e-03 4.003901390834649732e+01
6.059600000000000541e-01 1.794699999999999906e-01 3.311000000000008381e-03 9.933499999999997887e-03 -1.655500000000031946e-03 3.311250000000008631e-03 2.387525597613583983e+01
6.059600000000000541e-01 1.927149999999999974e-01 3.311499999999967248e-03 1.324500000000000677e-02 2.499999999794333405e-07 1.655750000000004440e-03 2.153287832879868358e+00
6.125829999999999886e-01 2.059600000000000042e-01 3.311499999999967248e-03 1.324500000000000677e-02 -4.966999999999971438e-03 6.622499999999996445e-03 3.446952045049376068e+01
6.125829999999999886e-01 2.192050000000000110e-01 -6.622499999999975628e-03 2.648999999999999966e-02 -8.278249999999987008e-03 6.622499999999996445e-03 8.617332281933698823e+00
5.993380000000000374e-01 2.589400000000000035e-01 -1.324500000000000677e-02 2.648999999999999966e-02 -4.967000000000026949e-03 -4.966749999999998944e-03 7.597123677256525376e+00
5.860929999999999751e-01 2.721850000000000103e-01 -1.655650000000002953e-02 1.655650000000000177e-02 -1.655749999999983624e-03 -4.966749999999998944e-03 8.541613312097135591e+00
5.662249999999999783e-01 2.920530000000000070e-01 -1.655649999999997402e-02 1.655650000000000177e-02 -3.310999999999980625e-03 -1.655749999999997502e-03 6.406048760718538126e+00
5.529800000000000271e-01 3.052980000000000138e-01 -2.317849999999999078e-02 1.324500000000000677e-02 -4.966750000000019760e-03 -3.311250000000001692e-03 7.491768909658153675e+00
5.198679999999999968e-01 3.185430000000000206e-01 -2.649000000000001354e-02 9.933999999999998387e-03 3.310999999999994503e-03 -4.966750000000005882e-03 4.357675823973861107e+00
5.000000000000000000e-01 3.251660000000000106e-01 -1.655650000000000177e-02 3.311499999999995003e-03 4.966750000000005882e-03 -4.966999999999999194e-03 1.366762176443941890e+01
4.867549999999999932e-01 3.251660000000000106e-01 -1.655650000000000177e-02 0.000000000000000000e+00 1.655749999999997502e-03 -1.655749999999997502e-03 6.040288703765698486e+00
4.668869999999999965e-01 3.251660000000000106e-01 -1.324500000000000677e-02 0.000000000000000000e+00 1.655749999999997502e-03 0.000000000000000000e+00 -0.000000000000000000e+00
4.602649999999999797e-01 3.251660000000000106e-01 -1.324500000000000677e-02 0.000000000000000000e+00 1.655500000000004190e-03 -1.655749999999997502e-03 9.438236128621628751e+00
4.403969999999999829e-01 3.251660000000000106e-01 -9.933999999999998387e-03 -3.311499999999995003e-03 4.967000000000013071e-03 -1.655749999999997502e-03 2.865059558082877444e+01
4.403969999999999829e-01 3.185430000000000206e-01 -3.310999999999980625e-03 -3.311499999999995003e-03 3.311500000000008881e-03 2.499999999933111283e-07 1.067814526080634465e+02
4.337750000000000217e-01 3.185430000000000206e-01 -3.310999999999980625e-03 -3.311000000000008381e-03 6.622249999999982317e-03 2.499999999933111283e-07 2.135629058249929528e+02
4.337750000000000217e-01 3.119210000000000038e-01 9.933499999999984009e-03 -3.311000000000008381e-03 1.324474999999998570e-02 3.311000000000008381e-03 6.685028410592727255e+01
4.536419999999999897e-01 3.119210000000000038e-01 2.317849999999999078e-02 3.311000000000008381e-03 8.278500000000021952e-03 4.966750000000005882e-03 6.833486704054580585e+00
4.801320000000000032e-01 3.185430000000000206e-01 2.649050000000002791e-02 6.622500000000003384e-03 9.933999999999998387e-03 1.655749999999997502e-03 -1.076966816682469519e+00
5.066230000000000455e-01 3.251660000000000106e-01 4.304649999999998755e-02 6.622500000000003384e-03 9.933499999999984009e-03 0.000000000000000000e+00 -7.962909917521020509e-01
5.662249999999999783e-01 3.317880000000000273e-01 4.635749999999999593e-02 6.622500000000003384e-03 1.655500000000004190e-03 -1.387778780781445676e-17 -1.067653294814866205e-01
5.993380000000000374e-01 3.384110000000000174e-01 4.635749999999999593e-02 6.622499999999975628e-03 -1.655750000000011379e-03 0.000000000000000000e+00 1.067814523038122104e-01
6.589399999999999702e-01 3.450329999999999786e-01 4.304599999999997317e-02 6.622500000000003384e-03 -8.277999999999979819e-03 1.387778780781445676e-17 6.636050957378913928e-01
6.854299999999999837e-01 3.516560000000000241e-01 2.980150000000003629e-02 6.622500000000003384e-03 -1.158899999999998820e-02 -1.387778780781445676e-17 2.697448811319331341e+00
7.185430000000000428e-01 3.582779999999999854e-01 1.986799999999999677e-02 6.622499999999975628e-03 -1.158950000000003033e-02 -1.655500000000004190e-03 4.774997129613919533e+00
7.251659999999999773e-01 3.649009999999999754e-01 6.622499999999975628e-03 3.311499999999995003e-03 -6.622749999999982817e-03 -3.311249999999987814e-03 6.118057718980838069e-03
7.317879999999999940e-01 3.649009999999999754e-01 6.622500000000031140e-03 0.000000000000000000e+00 -1.655499999999976435e-03 -3.311499999999995003e-03 -7.550588902897240473e+01
7.384110000000000396e-01 3.649009999999999754e-01 3.311500000000022759e-03 -3.311499999999995003e-03 -8.278250000000014763e-03 -6.622499999999989506e-03 -4.804117446292112277e+02
7.384110000000000396e-01 3.582779999999999854e-01 -9.933999999999998387e-03 -1.324499999999997901e-02 -8.278250000000014763e-03 -6.622249999999996195e-03 -9.664308719505488199e+00
7.185430000000000428e-01 3.384110000000000174e-01 -1.324500000000000677e-02 -1.655599999999998739e-02 1.655749999999983624e-03 -3.311500000000008881e-03 7.478041348588502224e+00
7.119210000000000260e-01 3.251660000000000106e-01 -6.622500000000031140e-03 -1.986799999999999677e-02 4.966749999999992005e-03 -1.656000000000004690e-03 1.193708724585219905e+01
7.052979999999999805e-01 2.986750000000000238e-01 -3.311500000000022759e-03 -1.986799999999999677e-02 3.311250000000015570e-03 2.499999999933111283e-07 8.050587898640424456e+00
7.052979999999999805e-01 2.854300000000000170e-01 0.000000000000000000e+00 -1.986750000000001015e-02 1.655750000000011379e-03 1.655999999999990813e-03 4.194771612720759713e+00
7.052979999999999805e-01 2.589400000000000035e-01 0.000000000000000000e+00 -1.655600000000001515e-02 3.311250000000015570e-03 4.967000000000006132e-03 1.208039502616293426e+01
7.052979999999999805e-01 2.523179999999999867e-01 6.622500000000031140e-03 -9.933499999999997887e-03 4.966999999999999194e-03 4.966750000000012821e-03 4.832508114380524944e+01
7.185430000000000428e-01 2.390730000000000077e-01 9.933999999999998387e-03 -6.622499999999989506e-03 1.655749999999983624e-03 6.622249999999996195e-03 4.509914824085507234e+01
7.251659999999999773e-01 2.390730000000000077e-01 9.933999999999998387e-03 3.310999999999994503e-03 -1.655749999999983624e-03 8.277999999999993697e-03 7.639807925339175654e+01
7.384110000000000396e-01 2.456949999999999967e-01 6.622500000000031140e-03 9.933499999999997887e-03 -4.966999999999999194e-03 8.278250000000007824e-03 6.121287213853734954e+01
7.384110000000000396e-01 2.589400000000000035e-01 0.000000000000000000e+00 1.986750000000001015e-02 -3.311250000000015570e-03 4.967000000000006132e-03 8.388909861163572401e+00
7.384110000000000396e-01 2.854300000000000170e-01 0.000000000000000000e+00 1.986750000000001015e-02 -3.311250000000015570e-03 2.499999999933111283e-07 8.388909861163572401e+00
7.384110000000000396e-01 2.986750000000000238e-01 -6.622500000000031140e-03 1.986799999999999677e-02 -4.966999999999999194e-03 1.655749999999983624e-03 9.549904129230759153e+00
7.251659999999999773e-01 3.251660000000000106e-01 -9.933999999999998387e-03 2.317899999999997740e-02 -2.499999999516777649e-07 -5.000000000143778323e-07 6.710394221234730139e-04
7.185430000000000428e-01 3.450329999999999786e-01 -6.622999999999934495e-03 1.986699999999996802e-02 3.311000000000063892e-03 -3.312000000000009381e-03 -4.773825353227279855e+00
