4.337750000000000217e-01 2.655629999999999935e-01 -6.623000000000045517e-03 0.000000000000000000e+00 5.000000000421334079e-07 0.000000000000000000e+00 -0.000000000000000000e+00
4.271519999999999762e-01 2.655629999999999935e-01 -6.622500000000003384e-03 0.000000000000000000e+00 2.500000000349444917e-07 0.000000000000000000e+00 -0.000000000000000000e+00
4.205300000000000149e-01 2.655629999999999935e-01 -6.622499999999975628e-03 0.000000000000000000e+00 0.000000000000000000e+00 -3.311250000000001692e-03 7.550018875047247491e+01
4.139070000000000249e-01 2.655629999999999935e-01 -6.622500000000003384e-03 -6.622500000000003384e-03 -1.387778780781445676e-17 -6.622499999999996445e-03 5.338669544632275432e+01
4.072850000000000081e-01 2.523179999999999867e-01 -6.622500000000003384e-03 -1.324499999999999289e-02 -1.655749999999997502e-03 -4.966999999999992255e-03 3.376216162998013637e+00
4.006620000000000181e-01 2.390730000000000077e-01 -9.933999999999998387e-03 -1.655649999999998789e-02 -1.655500000000004190e-03 -1.655750000000004440e-03 -1.522773562977935979e+00
3.874170000000000114e-01 2.192050000000000110e-01 -9.933500000000011765e-03 -1.655650000000000177e-02 3.311499999999995003e-03 2.499999999933111283e-07 7.616817413999258157e+00
3.807949999999999946e-01 2.059600000000000042e-01 -3.311000000000008381e-03 -1.655600000000000127e-02 4.966750000000005882e-03 2.500000000002500222e-07 1.708480833042910518e+01
3.807949999999999946e-01 1.860930000000000084e-01 0.000000000000000000e+00 -1.655600000000000127e-02 1.655500000000004190e-03 3.311000000000001442e-03 6.039741477029134664e+00
3.807949999999999946e-01 1.728480000000000016e-01 0.000000000000000000e+00 -9.933999999999998387e-03 1.655500000000004190e-03 3.311000000000001442e-03 1.677570860370213879e+01
3.807949999999999946e-01 1.662250000000000116e-01 3.311000000000008381e-03 -9.933999999999998387e-03 3.311250000000001692e-03 2.499999999933111283e-07 2.865045131404076528e+01
3.874170000000000114e-01 1.529800000000000049e-01 6.622500000000003384e-03 -9.933500000000011765e-03 4.966999999999999194e-03 1.655749999999997502e-03 3.543923606346157840e+01
3.940400000000000014e-01 1.463579999999999881e-01 1.324500000000000677e-02 -6.622500000000003384e-03 3.311250000000001692e-03 3.311000000000008381e-03 2.025780682639684116e+01
4.139070000000000249e-01 1.397349999999999981e-01 1.324500000000000677e-02 -3.311499999999995003e-03 -3.311250000000015570e-03 3.311250000000001692e-03 1.292525693235369566e+01
4.205300000000000149e-01 1.397349999999999981e-01 6.622499999999975628e-03 0.000000000000000000e+00 -1.655750000000011379e-03 1.655749999999997502e-03 3.775294451448684185e+01
4.271519999999999762e-01 1.397349999999999981e-01 9.933499999999984009e-03 0.000000000000000000e+00 1.655750000000011379e-03 3.311250000000001692e-03 3.355732847982307021e+01
4.403969999999999829e-01 1.397349999999999981e-01 9.933999999999998387e-03 6.622500000000003384e-03 -3.310999999999994503e-03 6.622500000000003384e-03 5.154188374580625265e+01
4.470199999999999729e-01 1.529800000000000049e-01 3.311499999999995003e-03 1.324500000000000677e-02 -3.311499999999995003e-03 1.655749999999997502e-03 1.938999982592241977e+01
4.470199999999999729e-01 1.662250000000000116e-01 3.311000000000008381e-03 9.933999999999998387e-03 -2.499999999933111283e-07 -1.655500000000004190e-03 -4.771950859418377711e+00
4.536419999999999897e-01 1.728480000000000016e-01 3.311000000000008381e-03 9.933999999999998387e-03 -1.655500000000004190e-03 -2.500000000002500222e-07 1.432306270584164665e+01
4.536419999999999897e-01 1.860930000000000084e-01 0.000000000000000000e+00 9.933499999999997887e-03 2.499999999933111283e-07 -2.500000000002500222e-07 -2.533584634120431694e-03
4.536419999999999897e-01 1.927149999999999974e-01 3.311499999999995003e-03 9.933499999999997887e-03 1.655749999999997502e-03 -3.311000000000001442e-03 -2.387705855974770230e+01
4.602649999999999797e-01 2.059600000000000042e-01 3.311499999999995003e-03 3.311499999999995003e-03 -1.655749999999997502e-03 -8.278000000000000635e-03 -2.135064795980620147e+02
4.602649999999999797e-01 1.993379999999999874e-01 0.000000000000000000e+00 -6.622500000000003384e-03 -1.655749999999997502e-03 -4.966999999999992255e-03 -3.775294451448651500e+01
4.602649999999999797e-01 1.927149999999999974e-01 0.000000000000000000e+00 -6.622499999999989506e-03 1.655500000000004190e-03 -1.655499999999997252e-03 3.774724423598548384e+01
4.602649999999999797e-01 1.860930000000000084e-01 3.311000000000008381e-03 -9.933499999999997887e-03 1.655500000000004190e-03 -1.655750000000004440e-03 9.549525554117510140e+00
4.668869999999999965e-01 1.728480000000000016e-01 3.311000000000008381e-03 -9.933999999999998387e-03 2.499999999933111283e-07 1.655499999999997252e-03 4.776276979518899068e+00
4.668869999999999965e-01 1.662250000000000116e-01 3.311499999999995003e-03 -6.622500000000003384e-03 1.655749999999997502e-03 1.655749999999997502e-03 4.051989627164446972e+01
4.735099999999999865e-01 1.596029999999999949e-01 6.622500000000003384e-03 -6.622500000000003384e-03 3.311000000000008381e-03 0.000000000000000000e+00 2.669133237037003425e+01
4.801320000000000032e-01 1.529800000000000049e-01 9.933500000000011765e-03 -6.622500000000003384e-03 1.655749999999997502e-03 1.655749999999997502e-03 1.610949548575189993e+01
4.933770000000000100e-01 1.463579999999999881e-01 9.933999999999998387e-03 -3.311000000000008381e-03 -1.655249999999997002e-03 1.655500000000004190e-03 9.550390681244497415e+00
5.000000000000000000e-01 1.463579999999999881e-01 6.623000000000017762e-03 -3.311499999999995003e-03 1.655500000000004190e-03 1.655500000000004190e-03 4.050847692975801806e+01
5.066230000000000455e-01 1.397349999999999981e-01 1.324500000000000677e-02 0.000000000000000000e+00 1.655249999999983124e-03 4.966999999999999194e-03 2.831328331623959116e+01
5.264900000000000135e-01 1.463579999999999881e-01 9.933499999999984009e-03 6.622500000000003384e-03 -4.966750000000019760e-03 3.311250000000001692e-03 3.865948115541957719e+01
5.264900000000000135e-01 1.529800000000000049e-01 3.311499999999967248e-03 6.622500000000003384e-03 -3.311000000000008381e-03 1.655749999999997502e-03 6.752432342933367693e+01
5.331129999999999480e-01 1.596029999999999949e-01 3.311499999999967248e-03 9.933999999999998387e-03 -1.655749999999983624e-03 3.311250000000001692e-03 2.387525597614195405e+01
5.331129999999999480e-01 1.728480000000000016e-01 0.000000000000000000e+00 1.324500000000000677e-02 -4.966999999999971438e-03 6.622250000000003134e-03 2.831328331623942773e+01
5.331129999999999480e-01 1.860930000000000084e-01 -6.622499999999975628e-03 2.317850000000000465e-02 -4.966999999999999194e-03 6.622499999999996445e-03 5.087807388953104137e+00
5.198679999999999968e-01 2.192050000000000110e-01 -9.933999999999998387e-03 2.648999999999999966e-02 -1.655750000000011379e-03 -3.311000000000008381e-03 3.389433393341424239e+00
5.132449999999999513e-01 2.390730000000000077e-01 -9.933999999999998387e-03 1.655649999999998789e-02 -4.966749999999992005e-03 -3.311250000000001692e-03 1.599395268388415836e+01
5.000000000000000000e-01 2.523179999999999867e-01 -1.986749999999998240e-02 1.986749999999999627e-02 -4.966750000000005882e-03 -2.499999999863722344e-07 4.449003251237550138e+00
4.735099999999999865e-01 2.788080000000000003e-01 -1.986750000000001015e-02 1.655600000000001515e-02 1.655499999999990313e-03 -8.278249999999993947e-03 7.924047872125510317e+00
4.602649999999999797e-01 2.854300000000000170e-01 -1.655650000000000177e-02 3.311000000000008381e-03 1.655500000000004190e-03 -8.278000000000007574e-03 2.733485983961296029e+01
4.403969999999999829e-01 2.854300000000000170e-01 -1.655650000000000177e-02 0.000000000000000000e+00 1.655750000000011379e-03 -1.655500000000004190e-03 6.039376686748696876e+00
4.271519999999999762e-01 2.854300000000000170e-01 -1.324499999999997901e-02 0.000000000000000000e+00 3.311500000000008881e-03 0.000000000000000000e+00 -0.000000000000000000e+00
4.139070000000000249e-01 2.854300000000000170e-01 -9.933499999999984009e-03 0.000000000000000000e+00 1.655749999999983624e-03 0.000000000000000000e+00 -0.000000000000000000e+00
4.072850000000000081e-01 2.854300000000000170e-01 -9.933500000000011765e-03 0.000000000000000000e+00 -2.500000000071889161e-07 0.000000000000000000e+00 0.000000000000000000e+00
3.940400000000000014e-01 2.854300000000000170e-01 -9.933999999999998387e-03 0.000000000000000000e+00 6.622250000000010073e-03 0.000000000000000000e+00 -0.000000000000000000e+00
3.874170000000000114e-01 2.854300000000000170e-01 3.311000000000008381e-03 0.000000000000000000e+00 1.158950000000000258e-02 1.655749999999997502e-03 1.510345834761268407e+02
4.006620000000000181e-01 2.854300000000000170e-01 1.324500000000000677e-02 3.311499999999995003e-03 6.622749999999996695e-03 1.655749999999997502e-03 -3.253191924134356825e-04
4.139070000000000249e-01 2.920530000000000070e-01 1.655650000000000177e-02 3.311499999999995003e-03 3.311249999999987814e-03 -2.499999999933111283e-07 -2.278882851539968613e+00
4.337750000000000217e-01 2.920530000000000070e-01 1.986749999999998240e-02 3.311000000000008381e-03 1.158924999999998151e-02 -2.499999999933111283e-07 -4.696722293994510800e+00
4.536419999999999897e-01 2.986750000000000238e-01 3.973499999999996479e-02 3.311000000000008381e-03 9.933999999999998387e-03 2.499999999933111283e-07 -5.187103501681310513e-01
5.132449999999999513e-01 2.986750000000000238e-01 3.973549999999997917e-02 3.311499999999995003e-03 -9.933749999999963443e-03 2.499999999933111283e-07 5.190679779489999479e-01
5.331129999999999480e-01 3.052980000000000138e-01 1.986750000000003791e-02 3.311499999999995003e-03 -8.278499999999966441e-03 0.000000000000000000e+00 3.355021084337681536e+00
5.529800000000000271e-01 3.052980000000000138e-01 2.317850000000004629e-02 3.311499999999995003e-03 -2.775557561562891351e-17 1.655500000000004190e-03 2.989478235102371873e+00
5.794700000000000406e-01 3.119210000000000038e-01 1.986749999999998240e-02 6.622500000000003384e-03 -6.622250000000023951e-03 -2.499999999933111283e-07 4.774330169947845981e+00
5.927149999999999919e-01 3.185430000000000206e-01 9.933999999999998387e-03 3.311000000000008381e-03 -6.622499999999975628e-03 -3.311250000000001692e-03 -9.551832793859091453e+00
5.993380000000000374e-01 3.185430000000000206e-01 6.622500000000031140e-03 0.000000000000000000e+00 -3.311499999999995003e-03 -3.311000000000008381e-03 -7.549448847196998713e+01
6.059600000000000541e-01 3.185430000000000206e-01 3.311000000000008381e-03 -3.311000000000008381e-03 -3.311250000000015570e-03 -3.311250000000001692e-03 -2.135790310821510332e+02
6.059600000000000541e-01 3.119210000000000038e-01 0.000000000000000000e+00 -6.622500000000003384e-03 -3.311000000000008381e-03 -3.311499999999995003e-03 -7.549448847197062662e+01
6.059600000000000541e-01 3.052980000000000138e-01 -3.311000000000008381e-03 -9.933999999999998387e-03 -3.311250000000015570e-03 -1.655749999999997502e-03 -2.387489549970079494e+01
5.993380000000000374e-01 2.920530000000000070e-01 -6.622500000000031140e-03 -9.933999999999998387e-03 -1.655750000000011379e-03 -3.311250000000001692e-03 3.220394860262346448e+00
5.927149999999999919e-01 2.854300000000000170e-01 -6.622500000000031140e-03 -1.655650000000000177e-02 1.655750000000011379e-03 -6.622250000000003134e-03 1.256933997761660926e+01
5.860929999999999751e-01 2.589400000000000035e-01 -3.311000000000008381e-03 -2.317850000000000465e-02 4.966750000000019760e-03 1.655749999999997502e-03 8.541858372764330909e+00
5.860929999999999751e-01 2.390730000000000077e-01 3.311000000000008381e-03 -1.324500000000000677e-02 8.278000000000007574e-03 6.622250000000003134e-03 5.170208015280111624e+01
5.927149999999999919e-01 2.324499999999999900e-01 1.324500000000000677e-02 -9.933999999999998387e-03 4.966999999999999194e-03 3.311250000000008631e-03 2.053604039322488006e+01
6.125829999999999886e-01 2.192050000000000110e-01 1.324500000000000677e-02 -6.622499999999989506e-03 0.000000000000000000e+00 6.622749999999996695e-03 2.701278839443677171e+01
6.192050000000000054e-01 2.192050000000000110e-01 1.324500000000000677e-02 3.311499999999995003e-03 -1.655500000000004190e-03 6.622499999999989506e-03 3.662248296418126614e+01
6.390730000000000022e-01 2.258280000000000010e-01 9.933999999999998387e-03 6.622499999999989506e-03 -6.622500000000003384e-03 3.311000000000001442e-03 4.509817538536731263e+01
6.390730000000000022e-01 2.324499999999999900e-01 0.000000000000000000e+00 9.933499999999997887e-03 -4.966999999999999194e-03 6.622500000000010323e-03 5.033725951205151716e+01
6.390730000000000022e-01 2.456949999999999967e-01 0.000000000000000000e+00 1.986750000000001015e-02 0.000000000000000000e+00 4.967000000000006132e-03 0.000000000000000000e+00
6.390730000000000022e-01 2.721850000000000103e-01 0.000000000000000000e+00 1.986750000000001015e-02 -3.311249999999987814e-03 -1.655500000000004190e-03 8.388909861163501347e+00
6.390730000000000022e-01 2.854300000000000170e-01 -6.622499999999975628e-03 1.655650000000000177e-02 -4.966999999999999194e-03 -3.311000000000008381e-03 1.837065242433522982e+01
6.258280000000000509e-01 3.052980000000000138e-01 -9.933999999999998387e-03 1.324549999999999339e-02 -2.775557561562891351e-17 -4.966999999999999194e-03 1.087149092160842123e+01
6.192050000000000054e-01 3.119210000000000038e-01 -6.622500000000031140e-03 6.622500000000003384e-03 1.655999999999990813e-03 -3.311749999999988314e-03 1.334768153797647372e+01
6.125829999999999886e-01 3.185430000000000206e-01 -6.622000000000016762e-03 6.622000000000016762e-03 5.000000000143778323e-07 -4.999999999866222566e-07 -2.237829488727857909e-13
