4.337750000000000217e-01 2.854300000000000170e-01 6.621999999999961251e-03 6.622999999999990006e-03 -6.621999999999961251e-03 -4.999999999866222566e-07 5.338266428429621158e+01
4.403969999999999829e-01 2.920530000000000070e-01 0.000000000000000000e+00 6.622500000000003384e-03 -6.622249999999982317e-03 -1.655999999999990813e-03 1.509946772224418226e+02
4.337750000000000217e-01 2.986750000000000238e-01 -6.622500000000003384e-03 3.311000000000008381e-03 -3.311250000000001692e-03 -3.311250000000001692e-03 8.103693751537531398e+01
4.271519999999999762e-01 2.986750000000000238e-01 -6.622500000000003384e-03 0.000000000000000000e+00 1.387778780781445676e-17 -1.655500000000004190e-03 3.774724423598531331e+01
4.205300000000000149e-01 2.986750000000000238e-01 -6.622499999999975628e-03 0.000000000000000000e+00 0.000000000000000000e+00 0.000000000000000000e+00 -0.000000000000000000e+00
4.139070000000000249e-01 2.986750000000000238e-01 -6.622500000000003384e-03 0.000000000000000000e+00 -1.387778780781445676e-17 -1.655500000000004190e-03 3.774724423598531331e+01
4.072850000000000081e-01 2.986750000000000238e-01 -6.622500000000003384e-03 -3.311000000000008381e-03 0.000000000000000000e+00 -3.311250000000001692e-03 5.402598466759678075e+01
4.006620000000000181e-01 2.920530000000000070e-01 -6.622500000000003384e-03 -6.622500000000003384e-03 -1.655500000000004190e-03 -1.655749999999997502e-03 2.015352791426778915e-03
3.940400000000000014e-01 2.854300000000000170e-01 -9.933500000000011765e-03 -6.622500000000003384e-03 -1.655749999999997502e-03 -1.655500000000004190e-03 3.220245091957773642e+00
3.807949999999999946e-01 2.788080000000000003e-01 -9.933999999999998387e-03 -9.933500000000011765e-03 1.655500000000004190e-03 -1.655749999999997502e-03 1.186371011045394752e+01
3.741720000000000046e-01 2.655629999999999935e-01 -6.622500000000003384e-03 -9.933999999999998387e-03 1.655749999999997502e-03 -2.499999999933111283e-07 9.666048931677003964e+00
3.675499999999999878e-01 2.589400000000000035e-01 -6.622500000000003384e-03 -9.933999999999998387e-03 1.655500000000004190e-03 -1.655500000000004190e-03 1.610586579671396024e+01
3.609269999999999978e-01 2.456949999999999967e-01 -3.311499999999995003e-03 -1.324500000000000677e-02 1.655749999999997502e-03 -1.655499999999997252e-03 1.077196909947390147e+01
3.609269999999999978e-01 2.324499999999999900e-01 -3.311000000000008381e-03 -1.324499999999999289e-02 2.499999999933111283e-07 -1.655499999999997252e-03 2.155297032380608879e+00
3.543049999999999811e-01 2.192050000000000110e-01 -3.311000000000008381e-03 -1.655600000000000127e-02 1.655500000000004190e-03 -6.938893903907228378e-18 5.694706781933099649e+00
3.543049999999999811e-01 1.993379999999999874e-01 0.000000000000000000e+00 -1.324500000000000677e-02 3.311000000000008381e-03 3.311000000000001442e-03 1.887362211799265665e+01
3.543049999999999811e-01 1.927149999999999974e-01 3.311000000000008381e-03 -9.933999999999998387e-03 3.311250000000001692e-03 1.655750000000004440e-03 3.342456523350943343e+01
3.609269999999999978e-01 1.794699999999999906e-01 6.622500000000003384e-03 -9.933499999999997887e-03 2.499999999933111283e-07 1.655750000000004440e-03 6.445354896428145963e+00
3.675499999999999878e-01 1.728480000000000016e-01 3.311499999999995003e-03 -6.622499999999989506e-03 -1.655749999999997502e-03 1.655499999999997252e-03 -1.350731190895421818e+01
3.675499999999999878e-01 1.662250000000000116e-01 3.311000000000008381e-03 -6.622500000000003384e-03 4.966750000000005882e-03 -1.655500000000011129e-03 6.753248075750512669e+01
3.741720000000000046e-01 1.596029999999999949e-01 1.324500000000000677e-02 -9.933500000000011765e-03 4.966999999999999194e-03 0.000000000000000000e+00 1.087232267859400991e+01
3.940400000000000014e-01 1.463579999999999881e-01 1.324500000000000677e-02 -6.622500000000003384e-03 -3.311250000000001692e-03 4.966750000000005882e-03 1.350537450040081922e+01
4.006620000000000181e-01 1.463579999999999881e-01 6.622500000000003384e-03 0.000000000000000000e+00 -1.655500000000004190e-03 3.311250000000001692e-03 7.550018875047183542e+01
4.072850000000000081e-01 1.463579999999999881e-01 9.933999999999998387e-03 0.000000000000000000e+00 1.655499999999990313e-03 0.000000000000000000e+00 0.000000000000000000e+00
4.205300000000000149e-01 1.463579999999999881e-01 9.933499999999984009e-03 0.000000000000000000e+00 -1.655749999999997502e-03 1.655500000000004190e-03 1.677739744759447760e+01
4.271519999999999762e-01 1.463579999999999881e-01 6.622500000000003384e-03 3.311000000000008381e-03 -1.655499999999990313e-03 4.966750000000005882e-03 9.454139427324531653e+01
4.337750000000000217e-01 1.529800000000000049e-01 6.622500000000003384e-03 9.933500000000011765e-03 -1.387778780781445676e-17 3.311499999999995003e-03 1.288779099473213208e+01
4.403969999999999829e-01 1.662250000000000116e-01 6.622499999999975628e-03 9.933999999999998387e-03 0.000000000000000000e+00 -1.655500000000011129e-03 -6.442249040481906164e+00
4.470199999999999729e-01 1.728480000000000016e-01 6.622500000000003384e-03 6.622499999999989506e-03 -1.655749999999983624e-03 -1.655749999999997502e-03 -1.402259262831907284e-13
4.536419999999999897e-01 1.794699999999999906e-01 3.311000000000008381e-03 6.622500000000003384e-03 -3.311250000000001692e-03 6.938893903907228378e-18 5.402598466759684470e+01
4.536419999999999897e-01 1.860930000000000084e-01 0.000000000000000000e+00 6.622500000000003384e-03 2.499999999933111283e-07 -6.938893903907228378e-18 -5.700278501204359728e-03
4.536419999999999897e-01 1.927149999999999974e-01 3.311499999999995003e-03 6.622499999999989506e-03 1.655749999999997502e-03 0.000000000000000000e+00 -2.701258436269041141e+01
4.602649999999999797e-01 1.993379999999999874e-01 3.311499999999995003e-03 6.622500000000003384e-03 -1.655749999999997502e-03 -3.311249999999994753e-03 5.425291241667448291e-14
4.602649999999999797e-01 2.059600000000000042e-01 0.000000000000000000e+00 0.000000000000000000e+00 -1.655749999999997502e-03 -6.622500000000003384e-03 0.000000000000000000e+00
4.602649999999999797e-01 1.993379999999999874e-01 0.000000000000000000e+00 -6.622500000000003384e-03 0.000000000000000000e+00 -3.311249999999994753e-03 0.000000000000000000e+00
4.602649999999999797e-01 1.927149999999999974e-01 0.000000000000000000e+00 -6.622499999999989506e-03 0.000000000000000000e+00 0.000000000000000000e+00 0.000000000000000000e+00
4.602649999999999797e-01 1.860930000000000084e-01 0.000000000000000000e+00 -6.622500000000003384e-03 1.655500000000004190e-03 -6.938893903907228378e-18 3.774724423598531331e+01
4.602649999999999797e-01 1.794699999999999906e-01 3.311000000000008381e-03 -6.622500000000003384e-03 3.311250000000001692e-03 6.938893903907228378e-18 5.402598466759684470e+01
4.668869999999999965e-01 1.728480000000000016e-01 6.622500000000003384e-03 -6.622499999999989506e-03 2.499999999933111283e-07 0.000000000000000000e+00 2.015352791426748558e-03
4.735099999999999865e-01 1.662250000000000116e-01 3.311499999999995003e-03 -6.622500000000003384e-03 -1.655749999999997502e-03 -6.938893903907228378e-18 -2.701258436269038299e+01
4.735099999999999865e-01 1.596029999999999949e-01 3.311000000000008381e-03 -6.622500000000003384e-03 1.655500000000004190e-03 1.655500000000004190e-03 4.051540960564864946e+01
4.801320000000000032e-01 1.529800000000000049e-01 6.622500000000003384e-03 -3.311499999999995003e-03 3.311499999999995003e-03 1.655749999999997502e-03 5.402720818059861330e+01
4.867549999999999932e-01 1.529800000000000049e-01 9.933999999999998387e-03 -3.311000000000008381e-03 1.655750000000011379e-03 2.499999999933111283e-07 4.776997926954679841e+00
5.000000000000000000e-01 1.463579999999999881e-01 9.934000000000026143e-03 -3.311000000000008381e-03 0.000000000000000000e+00 1.655500000000004190e-03 1.432378365327731551e+01
5.066230000000000455e-01 1.463579999999999881e-01 9.933999999999998387e-03 0.000000000000000000e+00 -2.500000000210667039e-07 3.311000000000008381e-03 3.355141720740427758e+01
5.198679999999999968e-01 1.463579999999999881e-01 9.933499999999984009e-03 3.311000000000008381e-03 -3.311499999999995003e-03 3.311250000000001692e-03 3.820314964330265184e+01
5.264900000000000135e-01 1.529800000000000049e-01 3.311000000000008381e-03 6.622500000000003384e-03 -3.311000000000008381e-03 3.311499999999995003e-03 8.103489787537387201e+01
5.264900000000000135e-01 1.596029999999999949e-01 3.311499999999967248e-03 9.933999999999998387e-03 2.499999999794333405e-07 3.311250000000001692e-03 9.547795223657725927e+00
5.331129999999999480e-01 1.728480000000000016e-01 3.311499999999967248e-03 1.324500000000000677e-02 -1.655749999999983624e-03 -2.500000000002500222e-07 8.617380088063610444e+00
5.331129999999999480e-01 1.860930000000000084e-01 0.000000000000000000e+00 9.933499999999997887e-03 -3.311499999999967248e-03 1.655499999999997252e-03 3.355986206445681574e+01
5.331129999999999480e-01 1.927149999999999974e-01 -3.311499999999967248e-03 1.655600000000000127e-02 -3.311249999999987814e-03 4.966999999999999194e-03 7.972656960705652551e+00
5.264900000000000135e-01 2.192050000000000110e-01 -6.622499999999975628e-03 1.986749999999999627e-02 -1.655500000000031946e-03 2.499999999933111283e-07 3.580837756777737635e+00
5.198679999999999968e-01 2.324499999999999900e-01 -6.622500000000031140e-03 1.655649999999998789e-02 -1.655750000000011379e-03 1.655750000000004440e-03 2.900875223451702123e+00
5.132449999999999513e-01 2.523179999999999867e-01 -9.933999999999998387e-03 2.317900000000000515e-02 -1.655749999999969746e-03 -2.499999999863722344e-07 2.393220407698931407e+00
5.000000000000000000e-01 2.788080000000000003e-01 -9.933999999999970631e-03 1.655600000000001515e-02 -1.655500000000004190e-03 -4.966999999999999194e-03 1.066334546980238152e+01
4.933770000000000100e-01 2.854300000000000170e-01 -1.324500000000000677e-02 1.324500000000000677e-02 -3.311000000000022259e-03 -1.655250000000010879e-03 1.000874580069093511e+01
4.735099999999999865e-01 3.052980000000000138e-01 -1.655600000000001515e-02 1.324549999999999339e-02 1.655500000000004190e-03 -3.311250000000001692e-03 3.451010662262439688e+00
4.602649999999999797e-01 3.119210000000000038e-01 -9.933999999999998387e-03 6.622500000000003384e-03 -2.499999999933111283e-07 -3.311499999999995003e-03 1.933112500786619492e+01
4.536419999999999897e-01 3.185430000000000206e-01 -1.655650000000000177e-02 6.622500000000003384e-03 -3.310999999999994503e-03 0.000000000000000000e+00 3.867152307446226178e+00
4.271519999999999762e-01 3.251660000000000106e-01 -1.655599999999998739e-02 6.622500000000003384e-03 1.655750000000011379e-03 -1.655749999999997502e-03 2.900955782409989414e+00
4.205300000000000149e-01 3.317880000000000273e-01 -1.324499999999997901e-02 3.311000000000008381e-03 1.655499999999990313e-03 -3.311250000000001692e-03 1.508057306240472428e+01
4.006620000000000181e-01 3.317880000000000273e-01 -1.324500000000000677e-02 0.000000000000000000e+00 3.311249999999987814e-03 -1.655500000000004190e-03 9.436811058996328327e+00
3.940400000000000014e-01 3.317880000000000273e-01 -6.622500000000003384e-03 0.000000000000000000e+00 6.622500000000003384e-03 0.000000000000000000e+00 -0.000000000000000000e+00
3.874170000000000114e-01 3.317880000000000273e-01 0.000000000000000000e+00 0.000000000000000000e+00 8.278250000000000886e-03 0.000000000000000000e+00 0.000000000000000000e+00
3.940400000000000014e-01 3.317880000000000273e-01 9.933999999999998387e-03 0.000000000000000000e+00 1.158924999999999539e-02 -1.655500000000004190e-03 -1.677570860370213879e+01
4.072850000000000081e-01 3.317880000000000273e-01 2.317849999999999078e-02 -3.311000000000008381e-03 8.277999999999993697e-03 -1.655500000000004190e-03 -8.541535899762321415e-01
4.403969999999999829e-01 3.251660000000000106e-01 2.648999999999998578e-02 -3.311000000000008381e-03 -1.655499999999990313e-03 1.655500000000004190e-03 2.016877146654932673e+00
4.602649999999999797e-01 3.251660000000000106e-01 1.986750000000001015e-02 0.000000000000000000e+00 -3.311249999999987814e-03 3.311000000000008381e-03 8.388276496885625377e+00
4.801320000000000032e-01 3.251660000000000106e-01 1.986750000000001015e-02 3.311000000000008381e-03 6.622749999999996695e-03 3.311250000000001692e-03 5.367552368125210194e+00
5.000000000000000000e-01 3.317880000000000273e-01 3.311300000000000354e-02 6.622500000000003384e-03 6.622499999999989506e-03 2.499999999933111283e-07 -1.138720428820625408e+00
5.463580000000000103e-01 3.384110000000000174e-01 3.311249999999998916e-02 3.311499999999995003e-03 -3.311499999999995003e-03 -1.655750000000011379e-03 -1.190171581288770541e+00
5.662249999999999783e-01 3.384110000000000174e-01 2.649000000000001354e-02 3.310999999999980625e-03 -6.622499999999975628e-03 -2.500000000071889161e-07 1.152140717447384333e+00
5.993380000000000374e-01 3.450329999999999786e-01 1.986750000000003791e-02 3.310999999999980625e-03 -8.278250000000014763e-03 -1.655499999999990313e-03 -6.708300741307000603e-01
6.059600000000000541e-01 3.450329999999999786e-01 9.933499999999984009e-03 0.000000000000000000e+00 -6.622500000000031140e-03 -3.310999999999980625e-03 -3.355479489518867098e+01
6.192050000000000054e-01 3.450329999999999786e-01 6.622499999999975628e-03 -3.310999999999980625e-03 -4.966749999999992005e-03 -3.311249999999987814e-03 -9.454139427324595601e+01
6.192050000000000054e-01 3.384110000000000174e-01 0.000000000000000000e+00 -6.622499999999975628e-03 -3.311249999999987814e-03 -3.311500000000008881e-03 -7.550018875047216227e+01
6.192050000000000054e-01 3.317880000000000273e-01 0.000000000000000000e+00 -9.933999999999998387e-03 -1.655500000000004190e-03 -4.967000000000013071e-03 -1.677570860370213879e+01
6.192050000000000054e-01 3.185430000000000206e-01 -3.311000000000008381e-03 -1.655650000000000177e-02 -3.311249999999987814e-03 -4.966750000000005882e-03 -7.973133232862801734e+00
6.125829999999999886e-01 2.986750000000000238e-01 -6.622499999999975628e-03 -1.986750000000001015e-02 -2.499999999794333405e-07 -1.655500000000004190e-03 1.193131895902953543e+00
6.059600000000000541e-01 2.788080000000000003e-01 -3.311499999999967248e-03 -1.986750000000001015e-02 3.311249999999987814e-03 3.311250000000001692e-03 6.709130358865507127e+00
6.059600000000000541e-01 2.589400000000000035e-01 0.000000000000000000e+00 -1.324500000000000677e-02 3.311499999999967248e-03 6.622500000000003384e-03 1.887647225724310118e+01
6.059600000000000541e-01 2.523179999999999867e-01 3.311499999999967248e-03 -6.622500000000003384e-03 3.311249999999987814e-03 1.655500000000004190e-03 6.752636257661616526e+01
6.125829999999999886e-01 2.456949999999999967e-01 6.622499999999975628e-03 -9.933999999999998387e-03 4.966750000000019760e-03 -1.655499999999997252e-03 2.255006054817169314e+01
6.192050000000000054e-01 2.324499999999999900e-01 1.324500000000000677e-02 -9.933499999999997887e-03 4.966999999999999194e-03 3.311500000000001942e-03 2.053733916561185424e+01
6.390730000000000022e-01 2.258280000000000010e-01 1.655649999999997402e-02 -3.310999999999994503e-03 -1.655750000000011379e-03 6.622249999999996195e-03 2.163944528152758195e+01
6.523179999999999534e-01 2.258280000000000010e-01 9.933499999999984009e-03 3.310999999999994503e-03 -4.966999999999971438e-03 6.622249999999996195e-03 7.162793117355568029e+01
6.589399999999999702e-01 2.324499999999999900e-01 6.622500000000031140e-03 9.933499999999997887e-03 -1.655499999999976435e-03 8.278250000000007824e-03 4.188167216176547925e+01
6.655630000000000157e-01 2.456949999999999967e-01 6.622500000000031140e-03 1.986750000000001015e-02 -1.655750000000011379e-03 4.967000000000006132e-03 7.162937323990655081e+00
6.721850000000000325e-01 2.721850000000000103e-01 3.311000000000008381e-03 1.986750000000001015e-02 -6.622500000000031140e-03 -1.655500000000004190e-03 1.543152307462250761e+01
6.721850000000000325e-01 2.854300000000000170e-01 -6.622500000000031140e-03 1.655650000000000177e-02 -8.278000000000007574e-03 -1.655500000000004190e-03 2.610510302459222132e+01
6.589399999999999702e-01 3.052980000000000138e-01 -1.324500000000000677e-02 1.655650000000000177e-02 -1.655499999999976435e-03 -3.311250000000001692e-03 7.476933445240254272e+00
6.456950000000000189e-01 3.185430000000000206e-01 -9.933499999999984009e-03 9.933999999999998387e-03 1.655750000000011379e-03 -4.966999999999999194e-03 1.186311292380233340e+01
6.390730000000000022e-01 3.251660000000000106e-01 -9.933499999999984009e-03 6.622500000000003384e-03 -1.655750000000011379e-03 -1.655749999999997502e-03 1.610949548575202428e+01
6.258280000000000509e-01 3.317880000000000273e-01 -1.324500000000000677e-02 6.622500000000003384e-03 -1.655750000000039135e-03 2.499999999933111283e-07 3.375706314589320911e+00
6.125829999999999886e-01 3.384110000000000174e-01 -1.324500000000006228e-02 6.622999999999990006e-03 -5.551115123125782702e-17 4.999999999866222566e-07 -2.039301250224057060e-03
