3.940400000000000014e-01 2.986750000000000238e-01 -6.622999999999990006e-03 0.000000000000000000e+00 4.999999999866222566e-07 -6.622500000000003384e-03 1.509775789689115584e+02
3.874170000000000114e-01 2.986750000000000238e-01 -6.622500000000003384e-03 -6.622500000000003384e-03 -4.966500000000012571e-03 -1.324500000000000677e-02 6.673639233709080543e+01
3.807949999999999946e-01 2.854300000000000170e-01 -1.655600000000001515e-02 -2.649000000000001354e-02 -4.966999999999999194e-03 -9.933750000000005076e-03 1.078880353361572952e+00
3.543049999999999811e-01 2.456949999999999967e-01 -1.655650000000000177e-02 -2.649000000000001354e-02 6.622250000000010073e-03 1.655750000000004440e-03 4.855394731973911249e+00
3.476819999999999911e-01 2.324499999999999900e-01 -3.311499999999995003e-03 -2.317850000000000465e-02 8.278250000000000886e-03 1.655750000000011379e-03 1.452157584719444294e+01
3.476819999999999911e-01 1.993379999999999874e-01 0.000000000000000000e+00 -2.317849999999999078e-02 6.622749999999996695e-03 4.966750000000005882e-03 1.232729267404985940e+01
3.476819999999999911e-01 1.860930000000000084e-01 9.933999999999998387e-03 -1.324499999999999289e-02 8.278250000000000886e-03 6.622249999999996195e-03 3.865522836566785259e+01
3.675499999999999878e-01 1.728480000000000016e-01 1.655650000000000177e-02 -9.933999999999998387e-03 1.655500000000004190e-03 4.966749999999998944e-03 1.370887228666349067e+01
3.807949999999999946e-01 1.662250000000000116e-01 1.324500000000000677e-02 -3.311499999999995003e-03 -1.655749999999997502e-03 6.622749999999996695e-03 3.231493143908372190e+01
3.940400000000000014e-01 1.662250000000000116e-01 1.324500000000000677e-02 3.311499999999995003e-03 -1.655749999999997502e-03 6.622749999999996695e-03 3.662410946190417604e+01
4.072850000000000081e-01 1.728480000000000016e-01 9.933500000000011765e-03 9.933999999999998387e-03 -3.311250000000001692e-03 4.966749999999998944e-03 2.965867808948328133e+01
4.139070000000000249e-01 1.860930000000000084e-01 6.622500000000003384e-03 1.324499999999999289e-02 -1.655500000000018068e-03 -2.500000000002500222e-07 6.751922477587300797e+00
4.205300000000000149e-01 1.993379999999999874e-01 6.622499999999975628e-03 9.933499999999997887e-03 0.000000000000000000e+00 -6.622499999999996445e-03 -2.577363607507574272e+01
4.271519999999999762e-01 2.059600000000000042e-01 6.622500000000003384e-03 0.000000000000000000e+00 -1.655499999999976435e-03 -8.278000000000000635e-03 -1.887476217369288065e+02
4.337750000000000217e-01 1.993379999999999874e-01 3.311500000000022759e-03 -6.622500000000003384e-03 -3.311250000000001692e-03 -3.311249999999994753e-03 -8.103367448557006014e+01
4.337750000000000217e-01 1.927149999999999974e-01 0.000000000000000000e+00 -6.622499999999989506e-03 1.655499999999976435e-03 -1.655499999999997252e-03 3.774724423598485146e+01
4.337750000000000217e-01 1.860930000000000084e-01 6.622499999999975628e-03 -9.933499999999997887e-03 6.622499999999989506e-03 -3.311250000000008631e-03 2.577266311788156727e+01
4.470199999999999729e-01 1.728480000000000016e-01 1.324499999999997901e-02 -1.324500000000000677e-02 3.311250000000015570e-03 1.655499999999997252e-03 1.000975347708665808e+01
4.602649999999999797e-01 1.596029999999999949e-01 1.324500000000000677e-02 -6.622500000000003384e-03 1.387778780781445676e-17 6.622500000000003384e-03 2.701176869761921751e+01
4.735099999999999865e-01 1.596029999999999949e-01 1.324500000000000677e-02 0.000000000000000000e+00 0.000000000000000000e+00 6.622500000000003384e-03 3.775009437523591771e+01
4.867549999999999932e-01 1.596029999999999949e-01 1.324500000000000677e-02 6.622500000000003384e-03 -3.311250000000001692e-03 6.622500000000003384e-03 3.376471087202398280e+01
5.000000000000000000e-01 1.728480000000000016e-01 6.622500000000003384e-03 1.324500000000000677e-02 -8.278250000000000886e-03 9.933749999999998137e-03 5.402404724364713218e+01
5.000000000000000000e-01 1.860930000000000084e-01 -3.311499999999995003e-03 2.648999999999999966e-02 -1.158950000000000258e-02 1.490049999999999708e-02 1.354267145596653954e+01
4.933770000000000100e-01 2.258280000000000010e-01 -1.655650000000000177e-02 4.304600000000000093e-02 -9.933500000000011765e-03 1.655500000000004190e-03 4.079338815994125511e+00
4.668869999999999965e-01 2.721850000000000103e-01 -2.317850000000001853e-02 2.980100000000000804e-02 -4.966749999999992005e-03 -1.324474999999999958e-02 8.455509307680355136e+00
4.470199999999999729e-01 2.854300000000000170e-01 -2.648999999999998578e-02 1.655650000000000177e-02 -4.966999999999985316e-03 -6.622250000000003134e-03 8.452394787989760516e+00
4.139070000000000249e-01 3.052980000000000138e-01 -3.311249999999998916e-02 1.655650000000000177e-02 1.655749999999983624e-03 -4.966999999999999194e-03 2.701185026424944180e+00
3.807949999999999946e-01 3.185430000000000206e-01 -2.317850000000001853e-02 6.622500000000003384e-03 9.933749999999991198e-03 -8.278250000000000886e-03 9.001355370226754360e+00
3.675499999999999878e-01 3.185430000000000206e-01 -1.324500000000000677e-02 0.000000000000000000e+00 8.278000000000007574e-03 -4.966750000000005882e-03 2.831185824661428541e+01
3.543049999999999811e-01 3.185430000000000206e-01 -6.622500000000003384e-03 -3.311000000000008381e-03 9.933750000000005076e-03 -1.655500000000004190e-03 1.080438113911141045e+02
3.543049999999999811e-01 3.119210000000000038e-01 6.622500000000003384e-03 -3.311000000000008381e-03 1.986750000000001015e-02 3.311000000000008381e-03 2.160876227822282090e+02
3.675499999999999878e-01 3.119210000000000038e-01 3.311250000000001692e-02 3.311000000000008381e-03 2.648999999999999966e-02 4.966750000000005882e-03 2.082759069345634817e+00
4.205300000000000149e-01 3.185430000000000206e-01 5.960250000000000270e-02 6.622500000000003384e-03 6.622499999999975628e-03 2.499999999933111283e-07 -2.032870330636784295e-01
4.867549999999999932e-01 3.251660000000000106e-01 4.635749999999996818e-02 3.311499999999995003e-03 -1.324499999999999289e-02 -1.655749999999997502e-03 -3.276892790645807296e-01
5.132449999999999513e-01 3.251660000000000106e-01 3.311250000000001692e-02 3.311000000000008381e-03 -6.622499999999961751e-03 -2.499999999933111283e-07 5.947852050101819499e-01
5.529800000000000271e-01 3.317880000000000273e-01 3.311250000000004468e-02 3.311000000000008381e-03 -8.278000000000021452e-03 -1.655500000000004190e-03 -7.437735292709533041e-01
5.794700000000000406e-01 3.317880000000000273e-01 1.655649999999997402e-02 0.000000000000000000e+00 -1.324500000000003452e-02 -3.311000000000008381e-03 -1.207875337349743283e+01
5.860929999999999751e-01 3.317880000000000273e-01 6.622499999999975628e-03 -3.311000000000008381e-03 -6.622749999999982817e-03 -3.311250000000001692e-03 -1.080499296951928727e+02
5.927149999999999919e-01 3.251660000000000106e-01 3.311000000000008381e-03 -6.622500000000003384e-03 -3.311249999999987814e-03 -6.622749999999996695e-03 -1.080499296951918922e+02
5.927149999999999919e-01 3.185430000000000206e-01 0.000000000000000000e+00 -1.655650000000000177e-02 -1.655500000000004190e-03 -9.933750000000005076e-03 -6.039376686748696876e+00
5.927149999999999919e-01 2.920530000000000070e-01 0.000000000000000000e+00 -2.649000000000001354e-02 0.000000000000000000e+00 -1.655500000000004190e-03 0.000000000000000000e+00
5.927149999999999919e-01 2.655629999999999935e-01 0.000000000000000000e+00 -1.986750000000001015e-02 4.966999999999999194e-03 6.622500000000010323e-03 1.258368147388426195e+01
5.927149999999999919e-01 2.523179999999999867e-01 9.933999999999998387e-03 -1.324499999999999289e-02 9.933749999999991198e-03 4.966750000000005882e-03 3.986301615533331955e+01
6.125829999999999886e-01 2.390730000000000077e-01 1.986749999999998240e-02 -9.933999999999998387e-03 3.311000000000008381e-03 6.622499999999996445e-03 1.500616049643450012e+01
6.324499999999999567e-01 2.324499999999999900e-01 1.655600000000001515e-02 0.000000000000000000e+00 -6.622499999999975628e-03 1.490075000000000427e-02 5.436223365378528172e+01
6.456950000000000189e-01 2.390730000000000077e-01 6.622500000000031140e-03 1.986750000000001015e-02 -8.278000000000007574e-03 1.158925000000000233e-02 2.626242110738521163e+01
6.456950000000000189e-01 2.721850000000000103e-01 0.000000000000000000e+00 2.317850000000000465e-02 -4.966750000000019760e-03 2.499999999933111283e-07 9.244887831918362053e+00
6.456950000000000189e-01 2.854300000000000170e-01 -3.311000000000008381e-03 1.986799999999999677e-02 -6.622500000000003384e-03 -1.655250000000003940e-03 1.677225504372173148e+01
6.390730000000000022e-01 3.119210000000000038e-01 -1.324500000000000677e-02 1.986799999999999677e-02 -4.966999999999999194e-03 -6.622749999999996695e-03 1.369142090925035582e+01
6.192050000000000054e-01 3.251660000000000106e-01 -1.324500000000000677e-02 6.622500000000003384e-03 3.311499999999995003e-03 -9.933999999999998387e-03 3.376522072043275813e+01
6.125829999999999886e-01 3.251660000000000106e-01 -6.622000000000016762e-03 0.000000000000000000e+00 6.622999999999990006e-03 -6.622500000000003384e-03 1.510231811974410618e+02
