4.006620000000000181e-01 2.788080000000000003e-01 6.622999999999990006e-03 0.000000000000000000e+00 -6.622999999999990006e-03 0.000000000000000000e+00 0.000000000000000000e+00
4.072850000000000081e-01 2.788080000000000003e-01 0.000000000000000000e+00 0.000000000000000000e+00 -9.933999999999998387e-03 -1.655749999999997502e-03 0.000000000000000000e+00
4.006620000000000181e-01 2.788080000000000003e-01 -1.324500000000000677e-02 -3.311499999999995003e-03 -6.622500000000003384e-03 -3.311250000000001692e-03 8.616404228725667025e+00
3.807949999999999946e-01 2.721850000000000103e-01 -1.324500000000000677e-02 -6.622500000000003384e-03 1.655500000000004190e-03 -1.655500000000004190e-03 1.012864848899403292e+01
3.741720000000000046e-01 2.655629999999999935e-01 -9.933999999999998387e-03 -6.622500000000003384e-03 -1.655500000000004190e-03 -6.622499999999996445e-03 3.221513662436061765e+01
3.609269999999999978e-01 2.589400000000000035e-01 -1.655600000000001515e-02 -1.986749999999999627e-02 -1.655500000000004190e-03 -8.278000000000000635e-03 6.021962426793699308e+00
3.410599999999999743e-01 2.258280000000000010e-01 -1.324500000000000677e-02 -2.317850000000000465e-02 4.966750000000019760e-03 0.000000000000000000e+00 6.050931997111782756e+00
3.344369999999999843e-01 2.125829999999999942e-01 -6.622499999999975628e-03 -1.986749999999999627e-02 4.967000000000013071e-03 -1.655749999999997502e-03 1.193798852847293190e+01
3.278150000000000230e-01 1.860930000000000084e-01 -3.310999999999980625e-03 -2.648999999999999966e-02 6.622499999999975628e-03 -6.938893903907228378e-18 9.220606527245227113e+00
3.278150000000000230e-01 1.596029999999999949e-01 6.622499999999975628e-03 -1.986750000000001015e-02 6.622249999999982317e-03 8.278000000000000635e-03 2.029333671383190918e+01
3.410599999999999743e-01 1.463579999999999881e-01 9.933499999999984009e-03 -9.933999999999998387e-03 3.311250000000015570e-03 6.622500000000010323e-03 3.559083169295191595e+01
3.476819999999999911e-01 1.397349999999999981e-01 1.324500000000000677e-02 -6.622499999999989506e-03 1.655750000000011379e-03 3.311500000000001942e-03 1.688363005703400077e+01
3.675499999999999878e-01 1.331130000000000091e-01 1.324500000000000677e-02 -3.310999999999994503e-03 1.655500000000004190e-03 4.966749999999992005e-03 2.800519853494776967e+01
3.741720000000000046e-01 1.331130000000000091e-01 1.655600000000001515e-02 3.310999999999994503e-03 3.311250000000001692e-03 6.622249999999996195e-03 2.050176998612627344e+01
4.006620000000000181e-01 1.397349999999999981e-01 1.986750000000001015e-02 9.933499999999997887e-03 -3.311000000000008381e-03 4.967000000000006132e-03 1.200533628317411505e+01
4.139070000000000249e-01 1.529800000000000049e-01 9.933999999999998387e-03 1.324500000000000677e-02 -6.622500000000017262e-03 1.655749999999997502e-03 2.295179836273852558e+01
4.205300000000000149e-01 1.662250000000000116e-01 6.622499999999975628e-03 1.324499999999999289e-02 -3.311500000000008881e-03 -6.938893903907228378e-18 1.350690404562724112e+01
4.271519999999999762e-01 1.794699999999999906e-01 3.310999999999980625e-03 1.324499999999999289e-02 -3.311249999999987814e-03 -1.655499999999997252e-03 1.508057306240465500e+01
4.271519999999999762e-01 1.927149999999999974e-01 0.000000000000000000e+00 9.933999999999998387e-03 -1.655499999999990313e-03 -6.622499999999996445e-03 1.677570860370199668e+01
4.271519999999999762e-01 1.993379999999999874e-01 0.000000000000000000e+00 0.000000000000000000e+00 0.000000000000000000e+00 -9.933999999999998387e-03 0.000000000000000000e+00
4.271519999999999762e-01 1.927149999999999974e-01 0.000000000000000000e+00 -9.933999999999998387e-03 0.000000000000000000e+00 -4.966749999999998944e-03 0.000000000000000000e+00
4.271519999999999762e-01 1.794699999999999906e-01 0.000000000000000000e+00 -9.933499999999997887e-03 0.000000000000000000e+00 2.500000000002500222e-07 0.000000000000000000e+00
4.271519999999999762e-01 1.728480000000000016e-01 0.000000000000000000e+00 -9.933499999999997887e-03 1.655750000000011379e-03 -2.500000000002500222e-07 1.677993103222868854e+01
4.271519999999999762e-01 1.596029999999999949e-01 3.311500000000022759e-03 -9.933999999999998387e-03 4.966999999999999194e-03 -2.500000000002500222e-07 4.297300938552734806e+01
4.337750000000000217e-01 1.529800000000000049e-01 9.933999999999998387e-03 -9.933999999999998387e-03 4.966749999999978127e-03 2.500000000002500222e-07 1.779511730386915502e+01
4.470199999999999729e-01 1.397349999999999981e-01 1.324499999999997901e-02 -9.933499999999997887e-03 1.655500000000004190e-03 3.311500000000001942e-03 1.328875922799078957e+01
4.602649999999999797e-01 1.331130000000000091e-01 1.324500000000000677e-02 -3.310999999999994503e-03 1.387778780781445676e-17 4.966749999999998944e-03 2.585120271577077489e+01
4.735099999999999865e-01 1.331130000000000091e-01 1.324500000000000677e-02 0.000000000000000000e+00 0.000000000000000000e+00 1.655499999999997252e-03 9.436811058996289248e+00
4.867549999999999932e-01 1.331130000000000091e-01 1.324500000000000677e-02 0.000000000000000000e+00 -1.655499999999990313e-03 3.311249999999994753e-03 1.887504718761791977e+01
5.000000000000000000e-01 1.331130000000000091e-01 9.934000000000026143e-03 6.622499999999989506e-03 -3.311250000000015570e-03 9.933749999999998137e-03 7.087154943371524496e+01
5.066230000000000455e-01 1.463579999999999881e-01 6.622499999999975628e-03 1.986749999999999627e-02 -3.311500000000036636e-03 6.622500000000010323e-03 1.193816878710659601e+01
5.132449999999999513e-01 1.728480000000000016e-01 3.310999999999952870e-03 1.986750000000001015e-02 -6.622499999999975628e-03 1.655500000000004190e-03 1.677318322288379804e+01
5.132449999999999513e-01 1.860930000000000084e-01 -6.622499999999975628e-03 2.317850000000000465e-02 -9.933749999999963443e-03 6.622499999999989506e-03 1.330608677457628986e+01
5.000000000000000000e-01 2.192050000000000110e-01 -1.655649999999997402e-02 3.311249999999998916e-02 -6.622500000000017262e-03 1.655749999999997502e-03 3.781564410233949403e+00
4.801320000000000032e-01 2.523179999999999867e-01 -1.986750000000001015e-02 2.648999999999999966e-02 -4.966750000000019760e-03 -6.622499999999989506e-03 7.247926915589284924e+00
4.602649999999999797e-01 2.721850000000000103e-01 -2.649000000000001354e-02 1.986750000000001015e-02 -6.622499999999989506e-03 -6.622499999999996445e-03 8.456021140052833118e+00
4.271519999999999762e-01 2.920530000000000070e-01 -3.311249999999998916e-02 1.324500000000000677e-02 -1.655499999999990313e-03 -8.278250000000000886e-03 6.526621875372160098e+00
3.940400000000000014e-01 2.986750000000000238e-01 -2.980099999999999416e-02 3.311000000000008381e-03 4.966749999999992005e-03 -8.278000000000007574e-03 8.541039569776742724e+00
3.675499999999999878e-01 2.986750000000000238e-01 -2.317900000000000515e-02 -3.311000000000008381e-03 8.277999999999993697e-03 -3.311000000000008381e-03 8.113976741589242536e+00
3.476819999999999911e-01 2.920530000000000070e-01 -1.324500000000000677e-02 -3.311000000000008381e-03 1.324525000000000008e-02 1.655500000000004190e-03 8.616959112929501785e+00
3.410599999999999743e-01 2.920530000000000070e-01 3.311499999999995003e-03 0.000000000000000000e+00 1.324500000000000677e-02 1.655500000000004190e-03 1.509661801332026130e+02
3.543049999999999811e-01 2.920530000000000070e-01 1.324500000000000677e-02 0.000000000000000000e+00 1.158925000000000927e-02 0.000000000000000000e+00 0.000000000000000000e+00
3.675499999999999878e-01 2.920530000000000070e-01 2.649000000000001354e-02 0.000000000000000000e+00 1.490049999999999708e-02 0.000000000000000000e+00 0.000000000000000000e+00
4.072850000000000081e-01 2.920530000000000070e-01 4.304600000000000093e-02 0.000000000000000000e+00 1.158950000000000258e-02 1.655500000000004190e-03 8.934362766783683352e-01
4.536419999999999897e-01 2.920530000000000070e-01 4.966900000000001869e-02 3.311000000000008381e-03 4.967249999999992505e-03 1.655500000000004190e-03 5.332762855144297376e-01
5.066230000000000455e-01 2.986750000000000238e-01 5.298049999999998594e-02 3.311000000000008381e-03 -8.278250000000014763e-03 2.499999999933111283e-07 1.833243145554524778e-01
5.596029999999999616e-01 2.986750000000000238e-01 3.311249999999998916e-02 3.311499999999995003e-03 -1.655649999999997402e-02 2.499999999933111283e-07 1.487989655518748844e+00
5.728480000000000238e-01 3.052980000000000138e-01 1.986750000000003791e-02 3.311499999999995003e-03 -4.966999999999999194e-03 0.000000000000000000e+00 2.012972123682470027e+00
5.993380000000000374e-01 3.052980000000000138e-01 2.317849999999999078e-02 3.311499999999995003e-03 -6.622500000000031140e-03 -1.655749999999997502e-03 -1.281380006966154728e+00
6.192050000000000054e-01 3.119210000000000038e-01 6.622499999999975628e-03 0.000000000000000000e+00 -1.821174999999999877e-02 -9.933999999999998387e-03 -2.265062665299186335e+02
6.125829999999999886e-01 3.052980000000000138e-01 -1.324500000000000677e-02 -1.655650000000000177e-02 -8.278249999999987008e-03 -9.933750000000005076e-03 -5.755963400411280295e-01
5.927149999999999919e-01 2.788080000000000003e-01 -9.933999999999998387e-03 -1.986750000000001015e-02 4.966999999999999194e-03 0.000000000000000000e+00 9.004013535501876220e+00
5.927149999999999919e-01 2.655629999999999935e-01 -3.311000000000008381e-03 -1.655650000000000177e-02 3.311499999999995003e-03 1.655500000000004190e-03 1.025171182649727797e+01
5.860929999999999751e-01 2.456949999999999967e-01 -3.311000000000008381e-03 -1.655650000000000177e-02 6.622250000000023951e-03 2.500000000002500222e-07 2.277821863482139975e+01
5.860929999999999751e-01 2.324499999999999900e-01 9.933500000000039520e-03 -1.655600000000000127e-02 8.278000000000007574e-03 3.311500000000001942e-03 2.361229228211934839e+01
6.059600000000000541e-01 2.125829999999999942e-01 1.324500000000000677e-02 -9.933499999999997887e-03 2.499999999794333405e-07 6.622250000000003134e-03 1.932839123543354276e+01
6.125829999999999886e-01 2.125829999999999942e-01 9.933999999999998387e-03 -3.311499999999995003e-03 0.000000000000000000e+00 6.622250000000003134e-03 5.729470227544721439e+01
6.258280000000000509e-01 2.059600000000000042e-01 1.324500000000000677e-02 3.311000000000008381e-03 -2.500000000071889161e-07 1.158949999999999564e-02 6.032196697087815096e+01
6.390730000000000022e-01 2.192050000000000110e-01 9.933499999999984009e-03 1.986749999999999627e-02 -4.966999999999999194e-03 1.158949999999999564e-02 1.950886972541451669e+01
6.456950000000000189e-01 2.456949999999999967e-01 3.311000000000008381e-03 2.648999999999999966e-02 -6.622249999999996195e-03 1.655750000000004440e-03 9.508402400812563826e+00
6.456950000000000189e-01 2.721850000000000103e-01 -3.311000000000008381e-03 2.317900000000000515e-02 -6.622249999999996195e-03 -6.622499999999996445e-03 1.366617113654740301e+01
6.390730000000000022e-01 2.920530000000000070e-01 -9.933499999999984009e-03 1.324500000000000677e-02 -3.311499999999995003e-03 -9.933999999999998387e-03 3.140966184420586060e+01
6.258280000000000509e-01 2.986750000000000238e-01 -9.933999999999998387e-03 3.311000000000008381e-03 1.655249999999969246e-03 -6.622500000000003384e-03 5.252606776117728060e+01
6.192050000000000054e-01 2.986750000000000238e-01 -6.623000000000045517e-03 0.000000000000000000e+00 3.310999999999952870e-03 -3.311000000000008381e-03 7.548309006660004172e+01
