4.006620000000000181e-01 3.384110000000000174e-01 0.000000000000000000e+00 -6.622999999999990006e-03 -6.622500000000003384e-03 -3.311000000000008381e-03 -1.509775789689115584e+02
4.006620000000000181e-01 3.317880000000000273e-01 -6.622500000000003384e-03 -9.933999999999998387e-03 -6.622500000000003384e-03 -3.311000000000008381e-03 -2.577288758387878431e+01
3.874170000000000114e-01 3.185430000000000206e-01 -1.324500000000000677e-02 -1.324500000000000677e-02 -1.655500000000004190e-03 -1.655500000000004190e-03 0.000000000000000000e+00
3.741720000000000046e-01 3.052980000000000138e-01 -9.933500000000011765e-03 -1.324500000000000677e-02 1.655749999999997502e-03 -1.655749999999997502e-03 8.456798212319455388e+00
3.675499999999999878e-01 2.920530000000000070e-01 -9.933500000000011765e-03 -1.655650000000000177e-02 -2.499999999933111283e-07 -3.311250000000001692e-03 4.569193358938169247e+00
3.543049999999999811e-01 2.721850000000000103e-01 -9.933999999999998387e-03 -1.986750000000001015e-02 -2.499999999933111283e-07 -4.966749999999998944e-03 4.501440275221765930e+00
3.476819999999999911e-01 2.523179999999999867e-01 -9.933999999999998387e-03 -2.648999999999999966e-02 1.655749999999997502e-03 -1.655749999999990563e-03 2.663288135410202706e+00
3.344369999999999843e-01 2.192050000000000110e-01 -6.622500000000003384e-03 -2.317899999999999128e-02 4.966999999999999194e-03 6.622499999999996445e-03 5.087680273520626351e+00
3.344369999999999843e-01 2.059600000000000042e-01 0.000000000000000000e+00 -1.324500000000000677e-02 3.311250000000001692e-03 4.966999999999992255e-03 1.887504718761795885e+01
3.344369999999999843e-01 1.927149999999999974e-01 0.000000000000000000e+00 -1.324500000000000677e-02 0.000000000000000000e+00 1.655750000000004440e-03 0.000000000000000000e+00
3.344369999999999843e-01 1.794699999999999906e-01 0.000000000000000000e+00 -9.933499999999997887e-03 1.655749999999997502e-03 3.311250000000008631e-03 1.677993103222854998e+01
3.344369999999999843e-01 1.728480000000000016e-01 3.311499999999995003e-03 -6.622499999999989506e-03 6.622500000000003384e-03 -2.500000000002500222e-07 1.080401407905422673e+02
3.410599999999999743e-01 1.662250000000000116e-01 1.324500000000000677e-02 -9.933999999999998387e-03 4.966750000000005882e-03 -6.938893903907228378e-18 1.087173167371941496e+01
3.609269999999999978e-01 1.529800000000000049e-01 1.324500000000000677e-02 -6.622500000000003384e-03 -1.655500000000004190e-03 6.622749999999996695e-03 2.363657223143872699e+01
3.675499999999999878e-01 1.529800000000000049e-01 9.933999999999998387e-03 3.311499999999995003e-03 0.000000000000000000e+00 8.278250000000000886e-03 7.162216302793170541e+01
3.807949999999999946e-01 1.596029999999999949e-01 1.324500000000000677e-02 9.933999999999998387e-03 -2.499999999933111283e-07 4.966750000000005882e-03 1.449582465853266910e+01
3.940400000000000014e-01 1.728480000000000016e-01 9.933500000000011765e-03 1.324500000000000677e-02 -3.311250000000001692e-03 -2.500000000002500222e-07 9.663739603700252090e+00
4.006620000000000181e-01 1.860930000000000084e-01 6.622500000000003384e-03 9.933499999999997887e-03 -1.655500000000004190e-03 -1.655750000000004440e-03 3.220245091957741668e+00
4.072850000000000081e-01 1.927149999999999974e-01 6.622500000000003384e-03 9.933499999999997887e-03 -1.655749999999997502e-03 2.500000000002500222e-07 9.666572945580117704e+00
4.139070000000000249e-01 2.059600000000000042e-01 3.311000000000008381e-03 9.933999999999998387e-03 -1.655500000000004190e-03 -1.655499999999997252e-03 9.549669733808757499e+00
4.139070000000000249e-01 2.125829999999999942e-01 3.311499999999995003e-03 6.622500000000003384e-03 1.655749999999983624e-03 -3.311499999999995003e-03 -5.402720818059839303e+01
4.205300000000000149e-01 2.192050000000000110e-01 6.622499999999975628e-03 3.311000000000008381e-03 -2.500000000071889161e-07 -4.966750000000005882e-03 -8.103489818333737560e+01
4.271519999999999762e-01 2.192050000000000110e-01 3.310999999999980625e-03 -3.311000000000008381e-03 -3.311249999999987814e-03 -4.966750000000005882e-03 -2.669697575383999606e+02
4.271519999999999762e-01 2.125829999999999942e-01 0.000000000000000000e+00 -6.622500000000003384e-03 -1.655499999999990313e-03 -1.655749999999997502e-03 -3.774724423598500067e+01
4.271519999999999762e-01 2.059600000000000042e-01 0.000000000000000000e+00 -6.622500000000003384e-03 1.655750000000011379e-03 0.000000000000000000e+00 3.775294451448683475e+01
4.271519999999999762e-01 1.993379999999999874e-01 3.311500000000022759e-03 -6.622500000000003384e-03 1.655750000000011379e-03 6.938893903907228378e-18 2.701258436269047181e+01
4.337750000000000217e-01 1.927149999999999974e-01 3.311500000000022759e-03 -6.622499999999989506e-03 1.655499999999976435e-03 -1.655499999999997252e-03 1.350323330645290554e+01
4.337750000000000217e-01 1.860930000000000084e-01 6.622499999999975628e-03 -9.933499999999997887e-03 3.310999999999980625e-03 -6.938893903907228378e-18 1.932828117864751505e+01
4.470199999999999729e-01 1.728480000000000016e-01 9.933499999999984009e-03 -6.622500000000003384e-03 1.387778780781445676e-17 3.311000000000001442e-03 1.932828117864767492e+01
4.536419999999999897e-01 1.728480000000000016e-01 6.622500000000003384e-03 -3.311499999999995003e-03 2.500000000071889161e-07 1.655500000000004190e-03 2.701054521540773123e+01
4.602649999999999797e-01 1.662250000000000116e-01 9.933999999999998387e-03 -3.311499999999995003e-03 1.655500000000004190e-03 1.655749999999997502e-03 1.909991637145544630e+01
4.735099999999999865e-01 1.662250000000000116e-01 9.933500000000011765e-03 0.000000000000000000e+00 -2.499999999933111283e-07 3.311499999999995003e-03 3.355986206445700049e+01
4.801320000000000032e-01 1.662250000000000116e-01 9.933500000000011765e-03 3.311499999999995003e-03 1.656000000000004690e-03 8.278249999999993947e-03 6.685158189731802736e+01
4.933770000000000100e-01 1.728480000000000016e-01 1.324550000000002115e-02 1.655649999999998789e-02 -1.655249999999997002e-03 9.933500000000004826e-03 1.667852917205391705e+01
5.066230000000000455e-01 1.993379999999999874e-01 6.623000000000017762e-03 2.317850000000000465e-02 -6.622750000000010573e-03 -2.499999999933111283e-07 1.095808975562837873e+01
5.066230000000000455e-01 2.192050000000000110e-01 0.000000000000000000e+00 1.655600000000000127e-02 -6.623000000000017762e-03 1.655749999999997502e-03 2.416261419653516640e+01
5.066230000000000455e-01 2.324499999999999900e-01 -6.623000000000017762e-03 2.648999999999999966e-02 -6.622750000000010573e-03 6.622750000000003634e-03 6.462872431011366103e+00
4.933770000000000100e-01 2.721850000000000103e-01 -1.324550000000002115e-02 2.980150000000000854e-02 -4.966499999999998693e-03 -3.311000000000001442e-03 5.531526579215960027e+00
4.801320000000000032e-01 2.920530000000000070e-01 -1.655600000000001515e-02 1.986799999999999677e-02 -6.622249999999996195e-03 -3.311250000000001692e-03 1.077569083453121479e+01
4.602649999999999797e-01 3.119210000000000038e-01 -2.649000000000001354e-02 2.317900000000000515e-02 -3.311499999999981125e-03 -1.656000000000004690e-03 2.765900597317501042e+00
4.271519999999999762e-01 3.384110000000000174e-01 -2.317899999999997740e-02 1.655599999999998739e-02 1.387778780781445676e-17 -6.622750000000010573e-03 6.642122861145158375e+00
4.139070000000000249e-01 3.450329999999999786e-01 -2.648999999999998578e-02 9.933499999999984009e-03 -1.655500000000018068e-03 -4.966749999999992005e-03 6.536525748911905964e+00
3.741720000000000046e-01 3.582779999999999854e-01 -2.649000000000001354e-02 6.622500000000003384e-03 4.966999999999985316e-03 -3.310999999999994503e-03 2.692499548802970821e+00
3.609269999999999978e-01 3.582779999999999854e-01 -1.655600000000001515e-02 3.311499999999995003e-03 6.622500000000003384e-03 -1.655500000000004190e-03 1.138164747357969908e+00
3.410599999999999743e-01 3.649009999999999754e-01 -1.324500000000000677e-02 3.311499999999995003e-03 4.966750000000019760e-03 -1.655749999999997502e-03 2.154589011410211974e+00
3.344369999999999843e-01 3.649009999999999754e-01 -6.622499999999975628e-03 0.000000000000000000e+00 6.622500000000003384e-03 -1.655749999999997502e-03 3.775294451448684185e+01
3.278150000000000230e-01 3.649009999999999754e-01 0.000000000000000000e+00 0.000000000000000000e+00 6.622499999999975628e-03 0.000000000000000000e+00 0.000000000000000000e+00
3.344369999999999843e-01 3.649009999999999754e-01 6.622499999999975628e-03 0.000000000000000000e+00 8.278250000000000886e-03 0.000000000000000000e+00 0.000000000000000000e+00
3.410599999999999743e-01 3.649009999999999754e-01 1.655650000000000177e-02 0.000000000000000000e+00 9.933750000000018954e-03 0.000000000000000000e+00 0.000000000000000000e+00
3.675499999999999878e-01 3.649009999999999754e-01 2.649000000000001354e-02 0.000000000000000000e+00 1.490049999999999708e-02 0.000000000000000000e+00 0.000000000000000000e+00
3.940400000000000014e-01 3.649009999999999754e-01 4.635749999999999593e-02 0.000000000000000000e+00 1.158924999999999539e-02 0.000000000000000000e+00 0.000000000000000000e+00
4.602649999999999797e-01 3.649009999999999754e-01 4.966850000000000431e-02 0.000000000000000000e+00 -1.655499999999990313e-03 -1.655749999999997502e-03 -6.711702144820296256e-01
4.933770000000000100e-01 3.649009999999999754e-01 4.304650000000001531e-02 -3.311499999999995003e-03 -6.622250000000010073e-03 -1.655749999999997502e-03 -1.158180719209230380e+00
5.463580000000000103e-01 3.582779999999999854e-01 3.642399999999998417e-02 -3.311499999999995003e-03 -1.158950000000001646e-02 1.655749999999997502e-03 4.482511277781382475e-01
5.662249999999999783e-01 3.582779999999999854e-01 1.986749999999998240e-02 0.000000000000000000e+00 -1.158949999999998870e-02 1.655749999999997502e-03 4.194771612720737508e+00
5.860929999999999751e-01 3.582779999999999854e-01 1.324500000000000677e-02 0.000000000000000000e+00 -6.622499999999975628e-03 0.000000000000000000e+00 0.000000000000000000e+00
5.927149999999999919e-01 3.582779999999999854e-01 6.622500000000031140e-03 0.000000000000000000e+00 -4.966749999999992005e-03 -3.311250000000001692e-03 -7.550018875047119593e+01
5.993380000000000374e-01 3.582779999999999854e-01 3.311500000000022759e-03 -6.622500000000003384e-03 -3.311250000000015570e-03 -4.966749999999992005e-03 -9.453894693930645587e+01
5.993380000000000374e-01 3.450329999999999786e-01 0.000000000000000000e+00 -9.933499999999984009e-03 -3.311500000000022759e-03 -4.966749999999992005e-03 -3.355986206445747655e+01
5.993380000000000374e-01 3.384110000000000174e-01 -3.311500000000022759e-03 -1.655599999999998739e-02 -1.655750000000011379e-03 -3.311500000000008881e-03 -3.417074100527663916e+00
5.927149999999999919e-01 3.119210000000000038e-01 -3.311500000000022759e-03 -1.655650000000000177e-02 1.655750000000011379e-03 3.310999999999994503e-03 3.417292408241180635e+00
5.927149999999999919e-01 3.052980000000000138e-01 0.000000000000000000e+00 -9.933999999999998387e-03 4.967000000000026949e-03 0.000000000000000000e+00 5.033219247030429955e+01
5.927149999999999919e-01 2.920530000000000070e-01 6.622500000000031140e-03 -1.655650000000000177e-02 4.966999999999999194e-03 -1.655500000000004190e-03 1.256992396316581839e+01
6.059600000000000541e-01 2.721850000000000103e-01 9.933999999999998387e-03 -1.324500000000000677e-02 3.311249999999960059e-03 4.966999999999999194e-03 2.053604039322474151e+01
6.125829999999999886e-01 2.655629999999999935e-01 1.324499999999995126e-02 -6.622500000000003384e-03 3.311000000000008381e-03 8.278000000000007574e-03 4.051663334961150298e+01
6.324499999999999567e-01 2.589400000000000035e-01 1.655600000000001515e-02 3.311000000000008381e-03 -3.311249999999960059e-03 1.490075000000000427e-02 5.353457798581300864e+01
6.456950000000000189e-01 2.721850000000000103e-01 6.622500000000031140e-03 2.317900000000000515e-02 -8.278000000000007574e-03 9.933999999999998387e-03 1.839291186769913011e+01
6.456950000000000189e-01 3.052980000000000138e-01 0.000000000000000000e+00 2.317900000000000515e-02 -4.966750000000019760e-03 -1.655750000000011379e-03 9.244488988649884220e+00
6.456950000000000189e-01 3.185430000000000206e-01 -3.311000000000008381e-03 1.986749999999998240e-02 -1.655500000000004190e-03 -1.655750000000011379e-03 4.696215731886352884e+00
6.390730000000000022e-01 3.450329999999999786e-01 -3.311000000000008381e-03 1.986749999999998240e-02 -1.655749999999983624e-03 -4.966749999999992005e-03 6.038483745498743005e+00
6.390730000000000022e-01 3.582779999999999854e-01 -6.622499999999975628e-03 9.933999999999998387e-03 -4.966999999999971438e-03 -6.622249999999996195e-03 5.476373792602569068e+01
6.258280000000000509e-01 3.649009999999999754e-01 -1.324499999999995126e-02 6.622999999999990006e-03 -6.622499999999975628e-03 -3.311000000000008381e-03 2.701054506144014766e+01
