4.205300000000000149e-01 2.788080000000000003e-01 -6.622999999999990006e-03 0.000000000000000000e+00 4.999999999866222566e-07 0.000000000000000000e+00 -0.000000000000000000e+00
4.139070000000000249e-01 2.788080000000000003e-01 -6.622500000000003384e-03 0.000000000000000000e+00 -1.655250000000010879e-03 -3.311250000000001692e-03 7.550018875047183542e+01
4.072850000000000081e-01 2.788080000000000003e-01 -9.933500000000011765e-03 -6.622500000000003384e-03 -3.311250000000001692e-03 -6.622500000000003384e-03 2.577266311788149977e+01
3.940400000000000014e-01 2.655629999999999935e-01 -1.324500000000000677e-02 -1.324500000000000677e-02 -2.499999999933111283e-07 -4.966999999999999194e-03 1.000975347708662078e+01
3.807949999999999946e-01 2.523179999999999867e-01 -9.933999999999998387e-03 -1.655650000000000177e-02 3.311250000000001692e-03 -1.655749999999990563e-03 9.901363348418254162e+00
3.741720000000000046e-01 2.324499999999999900e-01 -6.622500000000003384e-03 -1.655649999999998789e-02 1.655749999999997502e-03 2.500000000002500222e-07 4.834451377174799447e+00
3.675499999999999878e-01 2.192050000000000110e-01 -6.622500000000003384e-03 -1.655600000000000127e-02 0.000000000000000000e+00 2.499999999933111283e-07 -2.920155812310140176e-04
3.609269999999999978e-01 1.993379999999999874e-01 -6.622500000000003384e-03 -1.655600000000000127e-02 1.655749999999997502e-03 1.655500000000004190e-03 2.901247797991234112e+00
3.543049999999999811e-01 1.860930000000000084e-01 -3.311000000000008381e-03 -1.324499999999999289e-02 3.311250000000001692e-03 -2.500000000002500222e-07 1.723489416032217392e+01
3.543049999999999811e-01 1.728480000000000016e-01 0.000000000000000000e+00 -1.655650000000000177e-02 3.311000000000008381e-03 -6.938893903907228378e-18 1.207875337349739375e+01
3.543049999999999811e-01 1.529800000000000049e-01 3.311000000000008381e-03 -1.324500000000000677e-02 3.311250000000001692e-03 3.311500000000001942e-03 2.154321107741667873e+01
3.609269999999999978e-01 1.463579999999999881e-01 6.622500000000003384e-03 -9.933499999999997887e-03 3.311499999999995003e-03 1.655500000000004190e-03 2.577412251694362411e+01
3.675499999999999878e-01 1.331130000000000091e-01 9.933999999999998387e-03 -9.933999999999998387e-03 1.655500000000004190e-03 3.310999999999994503e-03 1.779332596933088695e+01
3.807949999999999946e-01 1.264899999999999913e-01 9.933500000000011765e-03 -3.311500000000008881e-03 -2.499999999933111283e-07 4.966999999999999194e-03 4.297668648472188124e+01
3.874170000000000114e-01 1.264899999999999913e-01 9.933500000000011765e-03 0.000000000000000000e+00 2.499999999933111283e-07 1.655750000000004440e-03 1.677993103222857485e+01
4.006620000000000181e-01 1.264899999999999913e-01 9.933999999999998387e-03 0.000000000000000000e+00 1.655749999999983624e-03 3.311250000000001692e-03 3.355395053700308239e+01
4.072850000000000081e-01 1.264899999999999913e-01 1.324499999999997901e-02 6.622500000000003384e-03 1.655500000000004190e-03 6.622500000000003384e-03 2.363555253462124028e+01
4.271519999999999762e-01 1.397349999999999981e-01 1.324500000000000677e-02 1.324500000000000677e-02 -3.311249999999987814e-03 1.655749999999997502e-03 1.001025731528444851e+01
4.337750000000000217e-01 1.529800000000000049e-01 6.622500000000003384e-03 9.933999999999998387e-03 -3.311250000000015570e-03 -3.311250000000001692e-03 6.443221895969776014e+00
4.403969999999999829e-01 1.596029999999999949e-01 6.622499999999975628e-03 6.622500000000003384e-03 0.000000000000000000e+00 -1.655749999999997502e-03 -1.334768153797647372e+01
4.470199999999999729e-01 1.662250000000000116e-01 6.622500000000003384e-03 6.622500000000003384e-03 -1.655749999999983624e-03 -6.938893903907228378e-18 1.334768153797627654e+01
4.536419999999999897e-01 1.728480000000000016e-01 3.311000000000008381e-03 6.622499999999989506e-03 -3.311250000000001692e-03 0.000000000000000000e+00 5.402598466759694418e+01
4.536419999999999897e-01 1.794699999999999906e-01 0.000000000000000000e+00 6.622500000000003384e-03 2.499999999933111283e-07 -1.655499999999990313e-03 -5.700278501204359728e-03
4.536419999999999897e-01 1.860930000000000084e-01 3.311499999999995003e-03 3.311500000000008881e-03 1.655749999999997502e-03 -4.967000000000006132e-03 -2.135225999861162052e+02
4.602649999999999797e-01 1.860930000000000084e-01 3.311499999999995003e-03 -3.311500000000008881e-03 -2.499999999933111283e-07 -4.967000000000006132e-03 -1.601479951351076068e+02
4.602649999999999797e-01 1.794699999999999906e-01 3.311000000000008381e-03 -6.622500000000003384e-03 -2.499999999933111283e-07 -1.655499999999990313e-03 -1.350853572990973284e+01
4.668869999999999965e-01 1.728480000000000016e-01 3.311000000000008381e-03 -6.622499999999989506e-03 2.499999999933111283e-07 0.000000000000000000e+00 4.078972039724531977e-03
4.668869999999999965e-01 1.662250000000000116e-01 3.311499999999995003e-03 -6.622500000000003384e-03 1.655749999999997502e-03 -6.938893903907228378e-18 2.701258436269026575e+01
4.735099999999999865e-01 1.596029999999999949e-01 6.622500000000003384e-03 -6.622500000000003384e-03 3.311000000000008381e-03 -1.655749999999997502e-03 1.334365083239359073e+01
4.801320000000000032e-01 1.529800000000000049e-01 9.933500000000011765e-03 -9.933999999999998387e-03 3.311500000000008881e-03 -1.655499999999997252e-03 5.933646479928837536e+00
4.933770000000000100e-01 1.397349999999999981e-01 1.324550000000002115e-02 -9.933499999999997887e-03 2.499999999794333405e-07 3.311500000000001942e-03 9.665227998283484112e+00
5.066230000000000455e-01 1.331130000000000091e-01 9.933999999999970631e-03 -3.310999999999994503e-03 -1.656000000000018568e-03 4.966749999999998944e-03 3.819795820554243448e+01
5.132449999999999513e-01 1.331130000000000091e-01 9.933499999999984009e-03 0.000000000000000000e+00 1.387778780781445676e-17 1.655499999999997252e-03 1.677739744759440299e+01
5.264900000000000135e-01 1.331130000000000091e-01 9.933999999999998387e-03 0.000000000000000000e+00 -1.655500000000004190e-03 1.655499999999997252e-03 1.677570860370207129e+01
5.331129999999999480e-01 1.331130000000000091e-01 6.622499999999975628e-03 3.310999999999994503e-03 -1.655749999999983624e-03 4.966749999999998944e-03 9.454343360528427809e+01
5.397349999999999648e-01 1.397349999999999981e-01 6.622500000000031140e-03 9.933499999999997887e-03 -1.655499999999976435e-03 8.278250000000000886e-03 4.188167216176545082e+01
5.463580000000000103e-01 1.529800000000000049e-01 3.311500000000022759e-03 1.986749999999999627e-02 -4.967000000000026949e-03 4.966999999999999194e-03 1.408989305596755770e+01
5.463580000000000103e-01 1.794699999999999906e-01 -3.311500000000022759e-03 1.986749999999999627e-02 -4.967000000000026949e-03 -1.655499999999997252e-03 1.274784409531231333e+01
5.397349999999999648e-01 1.927149999999999974e-01 -6.622500000000031140e-03 1.655650000000000177e-02 -3.310999999999980625e-03 0.000000000000000000e+00 9.668026753980072385e+00
5.331129999999999480e-01 2.125829999999999942e-01 -9.933499999999984009e-03 1.986749999999999627e-02 -4.966999999999971438e-03 1.655499999999997252e-03 7.503760050657672487e+00
5.198679999999999968e-01 2.324499999999999900e-01 -1.655649999999997402e-02 1.986749999999999627e-02 -3.311500000000008881e-03 6.938893903907228378e-18 3.803551068355693232e+00
5.000000000000000000e-01 2.523179999999999867e-01 -1.655650000000000177e-02 1.986750000000001015e-02 -6.622500000000017262e-03 1.655500000000011129e-03 6.021930259439908895e+00
4.867549999999999932e-01 2.721850000000000103e-01 -2.980150000000000854e-02 2.317850000000001853e-02 -8.277999999999993697e-03 -1.655500000000004190e-03 4.482282895135818457e+00
4.403969999999999829e-01 2.986750000000000238e-01 -3.311249999999998916e-02 1.655650000000000177e-02 6.622750000000010573e-03 -9.933500000000011765e-03 4.321566479007983297e+00
4.205300000000000149e-01 3.052980000000000138e-01 -1.655599999999998739e-02 3.311499999999995003e-03 8.277999999999993697e-03 -8.278250000000000886e-03 2.278015014705147223e+01
4.072850000000000081e-01 3.052980000000000138e-01 -1.655650000000000177e-02 0.000000000000000000e+00 -2.500000000071889161e-07 -1.655749999999997502e-03 6.040288703765698486e+00
3.874170000000000114e-01 3.052980000000000138e-01 -1.655650000000000177e-02 0.000000000000000000e+00 3.311499999999995003e-03 0.000000000000000000e+00 -0.000000000000000000e+00
3.741720000000000046e-01 3.052980000000000138e-01 -9.933500000000011765e-03 0.000000000000000000e+00 4.966999999999999194e-03 -1.655749999999997502e-03 1.677993103222850024e+01
3.675499999999999878e-01 3.052980000000000138e-01 -6.622500000000003384e-03 -3.311499999999995003e-03 6.622250000000010073e-03 -1.655749999999997502e-03 8.103571363285300322e+01
3.609269999999999978e-01 2.986750000000000238e-01 3.311000000000008381e-03 -3.311499999999995003e-03 1.158950000000000258e-02 3.311499999999995003e-03 4.805125002486674930e+02
3.741720000000000046e-01 2.986750000000000238e-01 1.655650000000000177e-02 3.311499999999995003e-03 1.655649999999998789e-02 6.622749999999996695e-03 1.138942682561199859e+01
3.940400000000000014e-01 3.052980000000000138e-01 3.642399999999998417e-02 9.933999999999998387e-03 1.324474999999999958e-02 3.311250000000001692e-03 -2.037428628753049642e-01
4.470199999999999729e-01 3.185430000000000206e-01 4.304600000000000093e-02 9.933999999999998387e-03 -3.311249999999973936e-03 -3.311250000000001692e-03 -1.271677518382119176e+00
4.801320000000000032e-01 3.251660000000000106e-01 2.980150000000003629e-02 3.311499999999995003e-03 -3.310999999999994503e-03 -3.311499999999995003e-03 -3.253915168017428083e+00
5.066230000000000455e-01 3.251660000000000106e-01 3.642400000000001192e-02 3.311000000000008381e-03 1.655499999999976435e-03 -2.499999999933111283e-07 -1.122239428822336543e-01
5.529800000000000271e-01 3.317880000000000273e-01 3.311249999999998916e-02 3.311000000000008381e-03 -6.622500000000003384e-03 2.499999999933111283e-07 5.952344724812909105e-01
5.728480000000000238e-01 3.317880000000000273e-01 2.317900000000000515e-02 3.311499999999995003e-03 -6.622500000000003384e-03 2.499999999933111283e-07 1.708892749368771335e+00
5.993380000000000374e-01 3.384110000000000174e-01 1.986749999999998240e-02 3.311499999999995003e-03 -6.622750000000010573e-03 -1.655749999999997502e-03 -1.341846326054495275e+00
6.125829999999999886e-01 3.384110000000000174e-01 9.933499999999984009e-03 0.000000000000000000e+00 -6.622499999999975628e-03 -1.655749999999997502e-03 -1.677993103222859617e+01
6.192050000000000054e-01 3.384110000000000174e-01 6.622500000000031140e-03 0.000000000000000000e+00 -3.310999999999980625e-03 -1.655749999999997502e-03 -3.775294451448620237e+01
6.258280000000000509e-01 3.384110000000000174e-01 3.311500000000022759e-03 -3.311499999999995003e-03 -6.622500000000031140e-03 -6.622500000000003384e-03 -4.270290795841767135e+02
6.258280000000000509e-01 3.317880000000000273e-01 -6.622500000000031140e-03 -1.324500000000000677e-02 -6.622750000000010573e-03 -6.622500000000003384e-03 -1.350690404562710789e+01
6.125829999999999886e-01 3.119210000000000038e-01 -9.933999999999998387e-03 -1.655650000000000177e-02 1.655500000000031946e-03 -1.655749999999997502e-03 6.092934357419340863e+00
6.059600000000000541e-01 2.986750000000000238e-01 -3.311499999999967248e-03 -1.655650000000000177e-02 4.966999999999999194e-03 2.499999999933111283e-07 1.708439819919301783e+01
6.059600000000000541e-01 2.788080000000000003e-01 0.000000000000000000e+00 -1.655600000000001515e-02 1.655749999999983624e-03 1.655749999999997502e-03 6.040653549133706335e+00
6.059600000000000541e-01 2.655629999999999935e-01 0.000000000000000000e+00 -1.324500000000000677e-02 1.655749999999983624e-03 -2.499999999933111283e-07 9.438236128621550591e+00
6.059600000000000541e-01 2.523179999999999867e-01 3.311499999999967248e-03 -1.655650000000000177e-02 4.966999999999999194e-03 6.938893903907228378e-18 1.708457019035554225e+01
6.125829999999999886e-01 2.324499999999999900e-01 9.933999999999998387e-03 -1.324499999999999289e-02 4.966750000000019760e-03 6.622750000000003634e-03 2.899183170724810665e+01
6.258280000000000509e-01 2.258280000000000010e-01 1.324500000000000677e-02 -3.310999999999994503e-03 1.655499999999976435e-03 6.622499999999996445e-03 3.662313358234040805e+01
6.390730000000000022e-01 2.258280000000000010e-01 1.324499999999995126e-02 0.000000000000000000e+00 -1.655750000000011379e-03 8.277999999999993697e-03 4.718690543423257111e+01
6.523179999999999534e-01 2.258280000000000010e-01 9.933499999999984009e-03 1.324499999999999289e-02 -4.966999999999971438e-03 1.158925000000000233e-02 3.986463594537012511e+01
6.589399999999999702e-01 2.523179999999999867e-01 3.311000000000008381e-03 2.317850000000000465e-02 -6.622249999999996195e-03 3.311250000000008631e-03 1.281262632264543555e+01
6.589399999999999702e-01 2.721850000000000103e-01 -3.311000000000008381e-03 1.986750000000001015e-02 -4.966749999999992005e-03 2.500000000002500222e-07 1.207635962564647514e+01
6.523179999999999534e-01 2.920530000000000070e-01 -6.622499999999975628e-03 2.317900000000000515e-02 -1.655749999999983624e-03 0.000000000000000000e+00 2.739597422567026541e+00
6.456950000000000189e-01 3.185430000000000206e-01 -6.622499999999975628e-03 1.986750000000001015e-02 -2.775557561562891351e-17 -6.622500000000003384e-03 4.775051204482307021e+00
6.390730000000000022e-01 3.317880000000000273e-01 -6.622500000000031140e-03 9.933999999999998387e-03 -2.500000000349444917e-07 -6.622250000000010073e-03 2.577142833737269356e+01
6.324499999999999567e-01 3.384110000000000174e-01 -6.623000000000045517e-03 6.622999999999990006e-03 -5.000000000143778323e-07 -3.311000000000008381e-03 2.669133252251818078e+01
