5.662249999999999783e-01 3.052980000000000138e-01 0.000000000000000000e+00 6.622999999999990006e-03 3.311500000000022759e-03 3.311000000000008381e-03 -7.549448890231087717e+01
5.662249999999999783e-01 3.119210000000000038e-01 3.311500000000022759e-03 9.933999999999998387e-03 -4.966749999999992005e-03 -3.311499999999995003e-03 3.342088823772940032e+01
5.728480000000000238e-01 3.251660000000000106e-01 -9.933499999999984009e-03 0.000000000000000000e+00 -1.986775000000001734e-02 -2.483475000000000266e-02 2.516837639756242311e+02
5.463580000000000103e-01 3.119210000000000038e-01 -3.642400000000001192e-02 -3.973550000000000693e-02 -9.934000000000012265e-03 -2.317899999999999822e-02 2.870186269504328536e+00
5.000000000000000000e-01 2.456949999999999967e-01 -2.980150000000000854e-02 -4.635799999999999643e-02 1.158950000000000258e-02 1.656000000000004690e-03 2.914977767278279064e+00
4.867549999999999932e-01 2.192050000000000110e-01 -1.324500000000000677e-02 -3.642349999999999755e-02 1.158950000000000258e-02 1.655999999999997752e-03 6.874234564924474711e+00
4.735099999999999865e-01 1.728480000000000016e-01 -6.622500000000003384e-03 -4.304600000000000093e-02 9.933750000000005076e-03 6.622249999999996195e-03 4.645295793845042098e+00
4.735099999999999865e-01 1.331130000000000091e-01 6.622500000000003384e-03 -2.317900000000000515e-02 1.490075000000000427e-02 1.821174999999999877e-02 3.326408356417353929e+01
4.867549999999999932e-01 1.264899999999999913e-01 2.317900000000000515e-02 -6.622500000000003384e-03 1.158950000000000258e-02 1.324525000000000702e-02 2.739431962961280931e+01
5.198679999999999968e-01 1.198680000000000023e-01 2.980150000000000854e-02 3.311500000000008881e-03 -1.655750000000011379e-03 9.933749999999998137e-03 1.118440068043229552e+01
5.463580000000000103e-01 1.331130000000000091e-01 1.986749999999998240e-02 1.324499999999999289e-02 -9.934000000000012265e-03 3.310999999999994503e-03 1.449679091110595230e+01
5.596029999999999616e-01 1.463579999999999881e-01 9.933499999999984009e-03 9.933499999999997887e-03 -4.966999999999971438e-03 -3.311249999999994753e-03 5.932601510365651976e+00
5.662249999999999783e-01 1.529800000000000049e-01 9.933500000000039520e-03 6.622500000000003384e-03 2.500000000071889161e-07 -4.966749999999998944e-03 -2.899485412422760433e+01
5.794700000000000406e-01 1.596029999999999949e-01 9.933999999999998387e-03 0.000000000000000000e+00 1.655749999999983624e-03 -8.278250000000000886e-03 -8.388614300730708351e+01
5.860929999999999751e-01 1.529800000000000049e-01 1.324500000000000677e-02 -9.933999999999998387e-03 6.622249999999996195e-03 -4.966749999999998944e-03 1.823901826586470988e-04
6.059600000000000541e-01 1.397349999999999981e-01 2.317849999999999078e-02 -9.933499999999997887e-03 3.311249999999987814e-03 3.311500000000001942e-03 6.837532325393125276e+00
6.324499999999999567e-01 1.331130000000000091e-01 1.986749999999998240e-02 -3.310999999999994503e-03 -3.310999999999980625e-03 6.622249999999996195e-03 1.476008513514074494e+01
6.456950000000000189e-01 1.331130000000000091e-01 1.655650000000002953e-02 3.310999999999994503e-03 -3.311249999999987814e-03 1.324474999999999264e-02 4.783535979965662932e+01
6.655630000000000157e-01 1.397349999999999981e-01 1.324500000000000677e-02 2.317849999999999078e-02 -8.278250000000014763e-03 1.158950000000000258e-02 1.815357917836481860e+01
6.721850000000000325e-01 1.794699999999999906e-01 0.000000000000000000e+00 2.648999999999999966e-02 -1.490050000000001096e-02 -1.655499999999990313e-03 2.123424995236706181e+01
6.655630000000000157e-01 1.927149999999999974e-01 -1.655600000000001515e-02 1.986750000000001015e-02 -9.933749999999991198e-03 -1.655499999999997252e-03 1.299482399735015470e+01
6.390730000000000022e-01 2.192050000000000110e-01 -1.986749999999998240e-02 2.317900000000000515e-02 -1.655749999999983624e-03 1.655749999999990563e-03 1.927112727689492822e-01
6.258280000000000509e-01 2.390730000000000077e-01 -1.986749999999998240e-02 2.317899999999999128e-02 -3.311250000000015570e-03 3.311000000000001442e-03 3.855680187482513621e-01
5.993380000000000374e-01 2.655629999999999935e-01 -2.649000000000001354e-02 2.980100000000000804e-02 1.655499999999976435e-03 6.938893903907228378e-18 -7.782841946144243295e-01
5.728480000000000238e-01 2.986750000000000238e-01 -1.655650000000002953e-02 2.317900000000000515e-02 9.933749999999991198e-03 -9.933500000000004826e-03 -2.846577891503547342e+00
5.662249999999999783e-01 3.119210000000000038e-01 -6.622500000000031140e-03 9.933999999999998387e-03 6.622750000000010573e-03 -8.278250000000000886e-03 -6.444681215926724605e+00
5.596029999999999616e-01 3.185430000000000206e-01 -3.311000000000008381e-03 6.622500000000003384e-03 1.655500000000031946e-03 -1.655749999999997502e-03 -1.350445675787057809e+01
5.596029999999999616e-01 3.251660000000000106e-01 -3.311499999999967248e-03 6.622500000000003384e-03 -2.499999999794333405e-07 0.000000000000000000e+00 4.078602500448176571e-03
5.529800000000000271e-01 3.317880000000000273e-01 -3.311499999999967248e-03 6.622500000000003384e-03 3.311499999999967248e-03 -1.655500000000004190e-03 -4.051989627164434182e+01
5.529800000000000271e-01 3.384110000000000174e-01 3.311499999999967248e-03 3.311499999999995003e-03 4.966999999999971438e-03 -3.311250000000001692e-03 -2.668972048371273900e+02
5.596029999999999616e-01 3.384110000000000174e-01 6.622499999999975628e-03 0.000000000000000000e+00 8.278000000000035330e-03 -2.500000000071889161e-07 -5.700278501520837475e-03
5.662249999999999783e-01 3.384110000000000174e-01 1.986750000000003791e-02 3.310999999999980625e-03 1.821200000000000596e-02 4.966749999999992005e-03 4.696722293994531228e+00
5.993380000000000374e-01 3.450329999999999786e-01 4.304649999999998755e-02 9.933499999999984009e-03 1.490049999999998320e-02 3.311500000000008881e-03 -6.339119571024566524e-02
6.523179999999999534e-01 3.582779999999999854e-01 4.966850000000000431e-02 9.933999999999998387e-03 -4.966999999999971438e-03 -1.655499999999990313e-03 -2.530406518391685178e-01
6.986750000000000460e-01 3.649009999999999754e-01 3.311250000000004468e-02 6.622500000000003384e-03 -1.158900000000001596e-02 -1.655749999999997502e-03 5.693205212919382197e-01
7.185430000000000428e-01 3.715229999999999921e-01 2.649049999999997240e-02 6.622500000000003384e-03 -4.966750000000019760e-03 -1.655500000000004190e-03 -5.384630767043742106e-01
7.516559999999999908e-01 3.781459999999999821e-01 2.317900000000000515e-02 3.311499999999995003e-03 -3.311499999999995003e-03 -3.311250000000001692e-03 -5.124872537968889752e+00
7.649010000000000531e-01 3.781459999999999821e-01 1.986749999999998240e-02 0.000000000000000000e+00 -3.311500000000022759e-03 -1.655749999999997502e-03 -4.194771612720737508e+00
7.913909999999999556e-01 3.781459999999999821e-01 1.655599999999995964e-02 0.000000000000000000e+00 -6.622499999999975628e-03 -1.655749999999997502e-03 -6.040653549133797817e+00
7.980129999999999724e-01 3.781459999999999821e-01 6.622500000000031140e-03 -3.311499999999995003e-03 -4.966749999999964249e-03 -4.966999999999999194e-03 -1.215515313019955954e+02
8.046360000000000179e-01 3.715229999999999921e-01 6.622500000000031140e-03 -9.933999999999998387e-03 -1.655750000000011379e-03 -6.622249999999996195e-03 -3.543504509360452204e+01
8.112580000000000346e-01 3.582779999999999854e-01 3.311000000000008381e-03 -1.655599999999998739e-02 -8.278000000000035330e-03 -3.310999999999994503e-03 -3.075299897150456374e+01
8.112580000000000346e-01 3.384110000000000174e-01 -9.933500000000039520e-03 -1.655599999999998739e-02 -1.158925000000002314e-02 4.966749999999992005e-03 -3.351367591681270852e+01
7.913909999999999556e-01 3.251660000000000106e-01 -1.986750000000003791e-02 -6.622500000000003384e-03 -4.966999999999971438e-03 9.933499999999997887e-03 -2.506856817694772843e+01
7.715229999999999588e-01 3.251660000000000106e-01 -1.986749999999998240e-02 3.311000000000008381e-03 1.655750000000039135e-03 8.277999999999993697e-03 -2.079856888063952525e+01
7.516559999999999908e-01 3.317880000000000273e-01 -1.655599999999995964e-02 9.933499999999984009e-03 8.277999999999979819e-03 4.966999999999985316e-03 -2.285059430786428791e+01
7.384110000000000396e-01 3.450329999999999786e-01 -3.311500000000022759e-03 1.324499999999997901e-02 1.158899999999993269e-02 1.655750000000011379e-03 -6.247202096955050621e+01
7.450329999999999453e-01 3.582779999999999854e-01 6.621999999999905739e-03 1.324500000000000677e-02 9.933499999999928498e-03 2.775557561562891351e-17 -4.051846875768765699e+01
