4.668869999999999965e-01 3.582779999999999854e-01 0.000000000000000000e+00 6.622999999999990006e-03 -3.311000000000008381e-03 -3.311499999999995003e-03 7.548309006660130649e+01
4.668869999999999965e-01 3.649009999999999754e-01 -3.311000000000008381e-03 3.311499999999995003e-03 -3.311250000000001692e-03 -1.655999999999990813e-03 1.601762068787695910e+02
4.602649999999999797e-01 3.649009999999999754e-01 -6.622500000000003384e-03 3.311000000000008381e-03 -1.655749999999997502e-03 -2.499999999933111283e-07 1.351057506194812952e+01
4.536419999999999897e-01 3.715229999999999921e-01 -6.622500000000003384e-03 3.311000000000008381e-03 0.000000000000000000e+00 -1.655500000000004190e-03 2.701095284777852612e+01
4.470199999999999729e-01 3.715229999999999921e-01 -6.622500000000003384e-03 0.000000000000000000e+00 -1.655749999999997502e-03 -4.966750000000005882e-03 1.132474329864571416e+02
4.403969999999999829e-01 3.715229999999999921e-01 -9.933999999999998387e-03 -6.622500000000003384e-03 -3.311249999999987814e-03 -6.622500000000003384e-03 2.577191472839102460e+01
4.271519999999999762e-01 3.582779999999999854e-01 -1.324499999999997901e-02 -1.324500000000000677e-02 -1.655499999999990313e-03 -4.966749999999992005e-03 6.673336930790365606e+00
4.139070000000000249e-01 3.450329999999999786e-01 -1.324499999999997901e-02 -1.655599999999998739e-02 -1.387778780781445676e-17 -4.966999999999985316e-03 6.902500070449468339e+00
4.006620000000000181e-01 3.251660000000000106e-01 -1.324500000000000677e-02 -2.317899999999997740e-02 1.655749999999983624e-03 -3.311500000000008881e-03 4.322386894067363983e+00
3.874170000000000114e-01 2.986750000000000238e-01 -9.933500000000011765e-03 -2.317900000000000515e-02 3.311250000000001692e-03 2.499999999794333405e-07 4.785727058778534548e+00
3.807949999999999946e-01 2.788080000000000003e-01 -6.622500000000003384e-03 -2.317850000000001853e-02 3.311000000000008381e-03 0.000000000000000000e+00 5.478577147188516960e+00
3.741720000000000046e-01 2.523179999999999867e-01 -3.311499999999995003e-03 -2.317900000000000515e-02 4.966999999999999194e-03 3.311000000000015320e-03 8.114806085731945728e+00
3.741720000000000046e-01 2.324499999999999900e-01 3.311499999999995003e-03 -1.655649999999998789e-02 4.966999999999999194e-03 4.967000000000006132e-03 2.050169060743417404e+01
3.807949999999999946e-01 2.192050000000000110e-01 6.622500000000003384e-03 -1.324499999999999289e-02 4.966750000000005882e-03 2.499999999933111283e-07 2.025882652321442379e+01
3.874170000000000114e-01 2.059600000000000042e-01 1.324500000000000677e-02 -1.655600000000000127e-02 6.622499999999989506e-03 1.655749999999997502e-03 1.380465272293689871e+01
4.072850000000000081e-01 1.860930000000000084e-01 1.986749999999998240e-02 -9.933499999999997887e-03 1.655499999999990313e-03 9.933499999999997887e-03 1.950818992297401877e+01
4.271519999999999762e-01 1.860930000000000084e-01 1.655599999999998739e-02 3.310999999999994503e-03 -4.966749999999992005e-03 9.933499999999997887e-03 3.758675029972716430e+01
4.403969999999999829e-01 1.927149999999999974e-01 9.933999999999998387e-03 9.933499999999997887e-03 -3.310999999999994503e-03 4.967000000000006132e-03 2.965897668280910437e+01
4.470199999999999729e-01 2.059600000000000042e-01 9.933999999999998387e-03 1.324500000000000677e-02 1.655500000000004190e-03 1.655749999999997502e-03 -1.207240564031337504e+00
4.602649999999999797e-01 2.192050000000000110e-01 1.324500000000000677e-02 1.324499999999999289e-02 -1.655749999999997502e-03 -1.655500000000004190e-03 5.038381978530867208e-04
4.735099999999999865e-01 2.324499999999999900e-01 6.622500000000003384e-03 9.933999999999998387e-03 -4.966999999999999194e-03 -4.966749999999992005e-03 9.666048931677059031e+00
4.735099999999999865e-01 2.390730000000000077e-01 3.311000000000008381e-03 3.311500000000008881e-03 -1.655749999999997502e-03 -6.622750000000003634e-03 -1.601439612343814645e+02
4.801320000000000032e-01 2.390730000000000077e-01 3.311000000000008381e-03 -3.311500000000008881e-03 2.499999999933111283e-07 -4.967000000000006132e-03 -1.601439612343817203e+02
4.801320000000000032e-01 2.324499999999999900e-01 3.311499999999995003e-03 -6.622500000000003384e-03 2.499999999933111283e-07 -1.655499999999990313e-03 -1.350119385123539040e+01
4.867549999999999932e-01 2.258280000000000010e-01 3.311499999999995003e-03 -6.622499999999989506e-03 -2.499999999933111283e-07 -1.655749999999997502e-03 -1.351139051145489134e+01
4.867549999999999932e-01 2.192050000000000110e-01 3.311000000000008381e-03 -9.933999999999998387e-03 3.311250000000015570e-03 -1.655500000000011129e-03 2.387561644713649400e+01
4.933770000000000100e-01 2.059600000000000042e-01 9.934000000000026143e-03 -9.933500000000011765e-03 3.311499999999981125e-03 1.655749999999997502e-03 1.779675940373104126e+01
5.066230000000000455e-01 1.993379999999999874e-01 9.933999999999970631e-03 -6.622500000000003384e-03 -1.655750000000025257e-03 1.655500000000011129e-03 3.220394860262310033e+00
5.132449999999999513e-01 1.927149999999999974e-01 6.622499999999975628e-03 -6.622499999999989506e-03 1.387778780781445676e-17 1.655750000000004440e-03 1.334768153797668511e+01
5.198679999999999968e-01 1.860930000000000084e-01 9.933999999999998387e-03 -3.310999999999994503e-03 3.311250000000015570e-03 3.311249999999994753e-03 3.819867915297804473e+01
5.331129999999999480e-01 1.860930000000000084e-01 1.324500000000000677e-02 0.000000000000000000e+00 -2.499999999794333405e-07 3.310999999999994503e-03 1.887362211799257850e+01
5.463580000000000103e-01 1.860930000000000084e-01 9.933500000000039520e-03 3.310999999999994503e-03 0.000000000000000000e+00 1.158924999999999539e-02 1.002815553716262684e+02
5.529800000000000271e-01 1.927149999999999974e-01 1.324500000000000677e-02 2.317849999999999078e-02 2.499999999794333405e-07 1.324525000000000008e-02 9.220668784156639930e+00
5.728480000000000238e-01 2.324499999999999900e-01 9.933999999999998387e-03 2.980149999999999466e-02 -6.622500000000003384e-03 -1.655499999999990313e-03 5.836077558344678451e+00
5.728480000000000238e-01 2.523179999999999867e-01 0.000000000000000000e+00 1.986750000000001015e-02 -4.966999999999999194e-03 -4.966999999999992255e-03 1.258368147388426195e+01
5.728480000000000238e-01 2.721850000000000103e-01 0.000000000000000000e+00 1.986750000000001015e-02 -1.655750000000011379e-03 2.499999999933111283e-07 4.194771612720759713e+00
5.728480000000000238e-01 2.920530000000000070e-01 -3.311500000000022759e-03 1.986799999999999677e-02 -6.622500000000003384e-03 1.655749999999997502e-03 1.543040322728971603e+01
5.662249999999999783e-01 3.119210000000000038e-01 -1.324500000000000677e-02 2.317900000000000515e-02 -8.277999999999979819e-03 -1.656000000000004690e-03 1.123751848226205574e+01
5.463580000000000103e-01 3.384110000000000174e-01 -1.986749999999998240e-02 1.655599999999998739e-02 -1.655750000000011379e-03 -6.622750000000010573e-03 9.191945305974462244e+00
5.264900000000000135e-01 3.450329999999999786e-01 -1.655650000000002953e-02 9.933499999999984009e-03 3.311249999999987814e-03 -4.966749999999992005e-03 6.854825128273163592e+00
5.132449999999999513e-01 3.582779999999999854e-01 -1.324500000000000677e-02 6.622500000000003384e-03 2.775557561562891351e-17 -3.310999999999994503e-03 1.350486465199193020e+01
5.000000000000000000e-01 3.582779999999999854e-01 -1.655649999999997402e-02 3.311499999999995003e-03 -3.311250000000001692e-03 0.000000000000000000e+00 2.278022947664918529e+00
4.801320000000000032e-01 3.649009999999999754e-01 -1.986750000000001015e-02 6.622500000000003384e-03 2.499999999794333405e-07 -2.499999999933111283e-07 3.605172672319391911e-04
4.602649999999999797e-01 3.715229999999999921e-01 -1.655600000000001515e-02 3.311000000000008381e-03 4.966750000000005882e-03 -3.311250000000001692e-03 7.973483859142201702e+00
4.470199999999999729e-01 3.715229999999999921e-01 -9.933999999999998387e-03 0.000000000000000000e+00 4.966750000000019760e-03 -1.655500000000004190e-03 1.677570860370213879e+01
4.403969999999999829e-01 3.715229999999999921e-01 -6.622499999999975628e-03 0.000000000000000000e+00 4.966999999999999194e-03 0.000000000000000000e+00 -0.000000000000000000e+00
4.337750000000000217e-01 3.715229999999999921e-01 0.000000000000000000e+00 0.000000000000000000e+00 6.622499999999975628e-03 0.000000000000000000e+00 0.000000000000000000e+00
4.403969999999999829e-01 3.715229999999999921e-01 6.622499999999975628e-03 0.000000000000000000e+00 1.324500000000000677e-02 0.000000000000000000e+00 0.000000000000000000e+00
4.470199999999999729e-01 3.715229999999999921e-01 2.649000000000001354e-02 0.000000000000000000e+00 1.490075000000001815e-02 0.000000000000000000e+00 0.000000000000000000e+00
4.933770000000000100e-01 3.715229999999999921e-01 3.642400000000001192e-02 0.000000000000000000e+00 2.499999999933111283e-07 0.000000000000000000e+00 0.000000000000000000e+00
5.198679999999999968e-01 3.715229999999999921e-01 2.649050000000000016e-02 0.000000000000000000e+00 1.655500000000004190e-03 0.000000000000000000e+00 0.000000000000000000e+00
5.463580000000000103e-01 3.715229999999999921e-01 3.973500000000002030e-02 0.000000000000000000e+00 6.622250000000010073e-03 1.655749999999997502e-03 1.048692903180181046e+00
5.993380000000000374e-01 3.715229999999999921e-01 3.973500000000002030e-02 3.311499999999995003e-03 -8.278250000000014763e-03 1.655749999999997502e-03 1.470310265710676356e+00
6.258280000000000509e-01 3.781459999999999821e-01 2.317849999999999078e-02 3.311499999999995003e-03 -9.933750000000018954e-03 -1.655749999999997502e-03 -4.271051696848952584e-01
6.456950000000000189e-01 3.781459999999999821e-01 1.986749999999998240e-02 0.000000000000000000e+00 2.500000000071889161e-07 -3.311499999999995003e-03 -8.389543225441475016e+00
6.655630000000000157e-01 3.781459999999999821e-01 2.317900000000000515e-02 -3.311499999999995003e-03 0.000000000000000000e+00 -1.655749999999997502e-03 -2.989804560120792765e+00
6.920530000000000292e-01 3.715229999999999921e-01 1.986749999999998240e-02 -3.311499999999995003e-03 -6.622500000000003384e-03 2.499999999933111283e-07 -2.683287428800943619e+00
7.052979999999999805e-01 3.715229999999999921e-01 9.933999999999998387e-03 -3.311000000000008381e-03 -4.966749999999992005e-03 -4.966750000000005882e-03 -5.729657672572405858e+01
7.119210000000000260e-01 3.649009999999999754e-01 9.933999999999998387e-03 -1.324500000000000677e-02 -1.655750000000011379e-03 -6.622749999999982817e-03 -1.932879982919353523e+01
7.251659999999999773e-01 3.450329999999999786e-01 6.622499999999975628e-03 -1.655649999999997402e-02 -6.622749999999982817e-03 1.387778780781445676e-17 -1.933824348683844363e+01
7.251659999999999773e-01 3.317880000000000273e-01 -3.311499999999967248e-03 -1.324499999999997901e-02 -8.278249999999987008e-03 -1.387778780781445676e-17 -4.308592467921975100e+01
7.185430000000000428e-01 3.185430000000000206e-01 -9.933999999999998387e-03 -1.655650000000000177e-02 -3.311250000000015570e-03 -1.387778780781445676e-17 -7.616282951197612228e+00
7.052979999999999805e-01 2.986750000000000238e-01 -9.933999999999998387e-03 -1.324500000000000677e-02 0.000000000000000000e+00 6.622749999999996695e-03 -1.449655427434947796e+01
6.986750000000000460e-01 2.920530000000000070e-01 -9.933999999999998387e-03 -3.311000000000008381e-03 -3.311000000000008381e-03 8.278000000000007574e-03 -8.117147222542476470e+01
6.854299999999999837e-01 2.920530000000000070e-01 -1.655600000000001515e-02 3.311000000000008381e-03 -1.655500000000004190e-03 6.622500000000003384e-03 -2.164167450021748706e+01
6.655630000000000157e-01 2.986750000000000238e-01 -1.324500000000000677e-02 9.933999999999998387e-03 6.622249999999996195e-03 8.278499999999994197e-03 -3.865595798148460460e+01
6.589399999999999702e-01 3.119210000000000038e-01 -3.311500000000022759e-03 1.986799999999999677e-02 9.933750000000018954e-03 3.310999999999994503e-03 -2.549381538519345014e+01
6.589399999999999702e-01 3.384110000000000174e-01 6.622500000000031140e-03 1.655599999999998739e-02 8.278250000000014763e-03 -4.967250000000006382e-03 -2.997547241254915917e+01
6.721850000000000325e-01 3.450329999999999786e-01 1.324500000000000677e-02 9.933499999999984009e-03 3.311249999999960059e-03 -1.655499999999990313e-03 -1.207981129781234664e+01
6.854299999999999837e-01 3.582779999999999854e-01 1.324499999999995126e-02 1.324500000000000677e-02 -5.551115123125782702e-17 3.311500000000022759e-03 6.673840768988405614e+00
