5.000000000000000000e-01 2.986750000000000238e-01 -6.622999999999990006e-03 0.000000000000000000e+00 4.999999999866222566e-07 0.000000000000000000e+00 -0.000000000000000000e+00
4.933770000000000100e-01 2.986750000000000238e-01 -6.622500000000003384e-03 0.000000000000000000e+00 -1.655250000000010879e-03 -1.655500000000004190e-03 3.774724423598531331e+01
4.867549999999999932e-01 2.986750000000000238e-01 -9.933500000000011765e-03 -3.311000000000008381e-03 -3.311250000000001692e-03 -4.966750000000005882e-03 3.342694477540195663e+01
4.735099999999999865e-01 2.920530000000000070e-01 -1.324500000000000677e-02 -9.933500000000011765e-03 -2.499999999933111283e-07 -4.966999999999999194e-03 1.449624784720917425e+01
4.602649999999999797e-01 2.788080000000000003e-01 -9.933999999999998387e-03 -1.324500000000000677e-02 1.655500000000004190e-03 -1.655749999999997502e-03 8.455791314023144878e+00
4.536419999999999897e-01 2.655629999999999935e-01 -9.933999999999998387e-03 -1.324500000000000677e-02 2.500000000071889161e-07 -1.655749999999997502e-03 3.625004990812751515e+00
4.403969999999999829e-01 2.523179999999999867e-01 -9.933499999999984009e-03 -1.655650000000000177e-02 1.655749999999997502e-03 -1.655749999999990563e-03 6.093637931738760116e+00
4.337750000000000217e-01 2.324499999999999900e-01 -6.622500000000003384e-03 -1.655649999999998789e-02 3.310999999999980625e-03 2.500000000002500222e-07 9.667734761205453609e+00
4.271519999999999762e-01 2.192050000000000110e-01 -3.311500000000022759e-03 -1.655600000000000127e-02 3.311250000000001692e-03 2.499999999933111283e-07 1.138990306737950320e+01
4.271519999999999762e-01 1.993379999999999874e-01 0.000000000000000000e+00 -1.655600000000000127e-02 4.967000000000013071e-03 1.655500000000004190e-03 1.812104857529671875e+01
4.271519999999999762e-01 1.860930000000000084e-01 6.622500000000003384e-03 -1.324499999999999289e-02 8.278250000000000886e-03 1.655499999999997252e-03 3.714143688343082061e+01
4.403969999999999829e-01 1.728480000000000016e-01 1.655650000000000177e-02 -1.324500000000000677e-02 4.966999999999999194e-03 3.311249999999994753e-03 1.265382649168377860e+01
4.602649999999999797e-01 1.596029999999999949e-01 1.655650000000000177e-02 -6.622500000000003384e-03 -3.311499999999995003e-03 6.622500000000003384e-03 1.546977720088353081e+01
4.735099999999999865e-01 1.596029999999999949e-01 9.933500000000011765e-03 0.000000000000000000e+00 -4.966999999999999194e-03 4.966750000000005882e-03 5.033472592741726714e+01
4.801320000000000032e-01 1.596029999999999949e-01 6.622500000000003384e-03 3.311000000000008381e-03 -1.655500000000004190e-03 3.311250000000001692e-03 6.753044142546690409e+01
4.867549999999999932e-01 1.662250000000000116e-01 6.622500000000003384e-03 6.622500000000003384e-03 0.000000000000000000e+00 1.655749999999990563e-03 1.334768153797638846e+01
4.933770000000000100e-01 1.728480000000000016e-01 6.622500000000003384e-03 6.622499999999989506e-03 2.500000000071889161e-07 0.000000000000000000e+00 -2.015352791538623043e-03
5.000000000000000000e-01 1.794699999999999906e-01 6.623000000000017762e-03 6.622500000000003384e-03 -1.387778780781445676e-17 6.938893903907228378e-18 1.677970495238474102e-13
5.066230000000000455e-01 1.860930000000000084e-01 6.622499999999975628e-03 6.622500000000003384e-03 -2.500000000210667039e-07 -1.655750000000004440e-03 -1.334566618518488035e+01
5.132449999999999513e-01 1.927149999999999974e-01 6.622499999999975628e-03 3.310999999999994503e-03 -1.655499999999976435e-03 -4.966749999999998944e-03 -6.753248075750586565e+01
5.198679999999999968e-01 1.927149999999999974e-01 3.311500000000022759e-03 -3.310999999999994503e-03 -1.655749999999983624e-03 -4.966749999999998944e-03 -2.135548407618353508e+02
5.198679999999999968e-01 1.860930000000000084e-01 3.311000000000008381e-03 -6.622500000000003384e-03 -2.500000000071889161e-07 -1.655750000000004440e-03 -1.351057506194841196e+01
5.264900000000000135e-01 1.794699999999999906e-01 3.311000000000008381e-03 -6.622500000000003384e-03 1.655749999999983624e-03 -3.311249999999994753e-03 4.078972039553464823e-03
5.264900000000000135e-01 1.728480000000000016e-01 6.622499999999975628e-03 -1.324499999999999289e-02 4.966999999999999194e-03 -3.311250000000001692e-03 1.350639419721844448e+01
5.397349999999999648e-01 1.529800000000000049e-01 1.324500000000000677e-02 -1.324500000000000677e-02 1.655750000000011379e-03 4.966999999999992255e-03 1.334717769977860158e+01
5.529800000000000271e-01 1.463579999999999881e-01 9.933999999999998387e-03 -3.311000000000008381e-03 -1.655500000000004190e-03 6.622500000000003384e-03 5.252534681374144299e+01
5.596029999999999616e-01 1.463579999999999881e-01 9.933999999999998387e-03 0.000000000000000000e+00 -2.499999999794333405e-07 1.655500000000004190e-03 1.677570860370213879e+01
5.728480000000000238e-01 1.463579999999999881e-01 9.933500000000039520e-03 0.000000000000000000e+00 -2.500000000071889161e-07 0.000000000000000000e+00 0.000000000000000000e+00
5.794700000000000406e-01 1.463579999999999881e-01 9.933499999999984009e-03 0.000000000000000000e+00 2.499999999794333405e-07 3.311250000000001692e-03 3.355732847982307021e+01
5.927149999999999919e-01 1.463579999999999881e-01 9.933999999999998387e-03 6.622500000000003384e-03 -1.655499999999976435e-03 6.622500000000003384e-03 4.509963470532431984e+01
5.993380000000000374e-01 1.596029999999999949e-01 6.622500000000031140e-03 1.324500000000000677e-02 -3.311499999999995003e-03 8.278000000000000635e-03 3.038900455743472406e+01
6.059600000000000541e-01 1.728480000000000016e-01 3.311000000000008381e-03 2.317850000000000465e-02 -3.311250000000015570e-03 6.622499999999996445e-03 7.687769271545364269e+00
6.059600000000000541e-01 2.059600000000000042e-01 0.000000000000000000e+00 2.648999999999999966e-02 -3.311000000000008381e-03 -3.311000000000001442e-03 4.718405529498169493e+00
6.059600000000000541e-01 2.258280000000000010e-01 -3.311000000000008381e-03 1.655650000000000177e-02 -4.966750000000019760e-03 -6.622500000000003384e-03 2.163944528152761038e+01
5.993380000000000374e-01 2.390730000000000077e-01 -9.933500000000039520e-03 1.324499999999999289e-02 -6.622750000000010573e-03 1.655499999999997252e-03 1.570556057758282975e+01
5.860929999999999751e-01 2.523179999999999867e-01 -1.655650000000002953e-02 1.986749999999999627e-02 -3.311499999999967248e-03 1.655500000000011129e-03 2.218953485372003431e+00
5.662249999999999783e-01 2.788080000000000003e-01 -1.655649999999997402e-02 1.655600000000001515e-02 1.655750000000011379e-03 -6.622499999999996445e-03 6.406403453802179904e+00
5.529800000000000271e-01 2.854300000000000170e-01 -1.324500000000000677e-02 6.622500000000003384e-03 2.499999999794333405e-07 -4.966750000000005882e-03 2.025780682639686958e+01
5.397349999999999648e-01 2.920530000000000070e-01 -1.655600000000001515e-02 6.622500000000003384e-03 -1.655499999999976435e-03 0.000000000000000000e+00 1.933727178963481119e+00
5.198679999999999968e-01 2.986750000000000238e-01 -1.655599999999995964e-02 6.622500000000003384e-03 -1.655999999999990813e-03 2.499999999933111283e-07 1.933581182196530968e+00
5.066230000000000455e-01 3.052980000000000138e-01 -1.986799999999999677e-02 6.622999999999990006e-03 -1.656000000000032446e-03 -1.655500000000004190e-03 4.774798864169157220e+00
4.801320000000000032e-01 3.119210000000000038e-01 -1.986800000000002453e-02 3.311499999999995003e-03 3.311499999999995003e-03 -3.311499999999995003e-03 6.709346657638980638e+00
4.668869999999999965e-01 3.119210000000000038e-01 -1.324500000000000677e-02 0.000000000000000000e+00 4.967250000000006382e-03 -1.655749999999997502e-03 9.438236128621628751e+00
4.536419999999999897e-01 3.119210000000000038e-01 -9.933500000000011765e-03 0.000000000000000000e+00 3.311250000000001692e-03 0.000000000000000000e+00 -0.000000000000000000e+00
4.470199999999999729e-01 3.119210000000000038e-01 -6.622500000000003384e-03 0.000000000000000000e+00 4.966750000000005882e-03 0.000000000000000000e+00 -0.000000000000000000e+00
4.403969999999999829e-01 3.119210000000000038e-01 0.000000000000000000e+00 0.000000000000000000e+00 8.278250000000000886e-03 0.000000000000000000e+00 0.000000000000000000e+00
4.470199999999999729e-01 3.119210000000000038e-01 9.933999999999998387e-03 0.000000000000000000e+00 6.622500000000003384e-03 0.000000000000000000e+00 0.000000000000000000e+00
4.602649999999999797e-01 3.119210000000000038e-01 1.324500000000000677e-02 0.000000000000000000e+00 3.311000000000008381e-03 0.000000000000000000e+00 0.000000000000000000e+00
4.735099999999999865e-01 3.119210000000000038e-01 1.655600000000001515e-02 0.000000000000000000e+00 9.933749999999991198e-03 0.000000000000000000e+00 0.000000000000000000e+00
4.933770000000000100e-01 3.119210000000000038e-01 3.311249999999998916e-02 0.000000000000000000e+00 8.278499999999980319e-03 0.000000000000000000e+00 0.000000000000000000e+00
5.397349999999999648e-01 3.119210000000000038e-01 3.311299999999997579e-02 0.000000000000000000e+00 -4.966749999999992005e-03 -1.655749999999997502e-03 -1.510072175941427064e+00
5.596029999999999616e-01 3.119210000000000038e-01 2.317900000000000515e-02 -3.311499999999995003e-03 -3.311499999999981125e-03 -1.655749999999997502e-03 -3.844089714859129092e+00
5.860929999999999751e-01 3.052980000000000138e-01 2.649000000000001354e-02 -3.311499999999995003e-03 1.655500000000004190e-03 0.000000000000000000e+00 2.881419441941922011e-01
6.125829999999999886e-01 3.052980000000000138e-01 2.649000000000001354e-02 -3.311499999999995003e-03 3.311249999999987814e-03 -1.655500000000004190e-03 -1.728634127307121515e+00
6.390730000000000022e-01 2.986750000000000238e-01 3.311249999999998916e-02 -6.622500000000003384e-03 0.000000000000000000e+00 2.499999999933111283e-07 2.149839593975925642e-04
6.788079999999999670e-01 2.920530000000000070e-01 2.649000000000001354e-02 -3.311000000000008381e-03 -8.277999999999979819e-03 0.000000000000000000e+00 -1.440589241987094482e+00
6.920530000000000292e-01 2.920530000000000070e-01 1.655650000000002953e-02 -6.622500000000003384e-03 -6.622500000000003384e-03 -1.655749999999997502e-03 -1.256963197039116409e+01
7.119210000000000260e-01 2.788080000000000003e-01 1.324500000000000677e-02 -6.622500000000003384e-03 -4.967000000000026949e-03 0.000000000000000000e+00 -1.012966818581164041e+01
7.185430000000000428e-01 2.788080000000000003e-01 6.622499999999975628e-03 -6.622500000000003384e-03 -4.966750000000019760e-03 -1.655749999999997502e-03 -5.338669544632332276e+01
7.251659999999999773e-01 2.655629999999999935e-01 3.311499999999967248e-03 -9.933999999999998387e-03 -3.311249999999987814e-03 -1.655749999999997502e-03 -3.342377222344524057e+01
7.251659999999999773e-01 2.589400000000000035e-01 0.000000000000000000e+00 -9.933999999999998387e-03 -3.311499999999967248e-03 2.500000000002500222e-07 -3.355648386660159588e+01
7.251659999999999773e-01 2.456949999999999967e-01 -3.311499999999967248e-03 -9.933499999999997887e-03 -4.966999999999999194e-03 1.655749999999997502e-03 -4.775339621562024206e+01
7.185430000000000428e-01 2.390730000000000077e-01 -9.933999999999998387e-03 -6.622500000000003384e-03 -4.966750000000019760e-03 3.310999999999994503e-03 -3.865495348939759168e+01
7.052979999999999805e-01 2.324499999999999900e-01 -1.324500000000000677e-02 -3.311500000000008881e-03 0.000000000000000000e+00 4.967000000000006132e-03 -2.585181504323786328e+01
6.920530000000000292e-01 2.324499999999999900e-01 -9.933999999999998387e-03 3.311500000000008881e-03 3.311249999999987814e-03 4.967000000000006132e-03 -5.252368859490074016e+01
6.854299999999999837e-01 2.390730000000000077e-01 -6.622500000000031140e-03 6.622500000000003384e-03 3.311499999999995003e-03 3.310999999999994503e-03 -5.338669544632259090e+01
6.788079999999999670e-01 2.456949999999999967e-01 -3.311000000000008381e-03 9.933499999999997887e-03 6.622500000000031140e-03 4.966999999999999194e-03 -7.163009441870481453e+01
6.788079999999999670e-01 2.589400000000000035e-01 6.622500000000031140e-03 1.655650000000000177e-02 8.278000000000035330e-03 4.967249999999999444e-03 -1.836992243137587266e+01
6.920530000000000292e-01 2.788080000000000003e-01 1.324500000000006228e-02 1.986799999999999677e-02 6.622500000000031140e-03 3.311499999999995003e-03 -6.442735468225789575e+00
