4.933770000000000100e-01 3.649009999999999754e-01 -6.622000000000016762e-03 0.000000000000000000e+00 -4.999999999866222566e-07 0.000000000000000000e+00 0.000000000000000000e+00
4.867549999999999932e-01 3.649009999999999754e-01 -6.622500000000003384e-03 0.000000000000000000e+00 -1.655999999999990813e-03 -1.655749999999997502e-03 3.775294451448651500e+01
4.801320000000000032e-01 3.649009999999999754e-01 -9.933999999999998387e-03 -3.311499999999995003e-03 -1.655500000000004190e-03 -4.966999999999999194e-03 3.819911182813195438e+01
4.668869999999999965e-01 3.582779999999999854e-01 -9.933500000000011765e-03 -9.933999999999998387e-03 -1.655500000000004190e-03 -8.277999999999993697e-03 2.372652448601479946e+01
4.602649999999999797e-01 3.450329999999999786e-01 -1.324500000000000677e-02 -1.986749999999998240e-02 -3.311499999999995003e-03 -1.324499999999999289e-02 8.053475451455144096e+00
4.403969999999999829e-01 3.185430000000000206e-01 -1.655650000000000177e-02 -3.642399999999998417e-02 3.311250000000001692e-03 -6.622500000000017262e-03 3.594942463051195247e+00
4.271519999999999762e-01 2.721850000000000103e-01 -6.622500000000003384e-03 -3.311250000000001692e-02 8.278250000000000886e-03 8.278249999999987008e-03 5.695011078178350949e+00
4.271519999999999762e-01 2.523179999999999867e-01 0.000000000000000000e+00 -1.986750000000001015e-02 4.967000000000013071e-03 8.278000000000014513e-03 1.258368147388429747e+01
4.271519999999999762e-01 2.324499999999999900e-01 3.311500000000022759e-03 -1.655649999999998789e-02 4.966999999999999194e-03 3.311250000000008631e-03 1.936259313802046478e+01
4.337750000000000217e-01 2.192050000000000110e-01 9.933999999999998387e-03 -1.324499999999999289e-02 4.966749999999978127e-03 3.311499999999988064e-03 2.174382818289027597e+01
4.470199999999999729e-01 2.059600000000000042e-01 1.324499999999997901e-02 -9.933500000000011765e-03 1.655500000000004190e-03 3.311249999999994753e-03 1.328802957251083328e+01
4.602649999999999797e-01 1.993379999999999874e-01 1.324500000000000677e-02 -6.622500000000003384e-03 1.387778780781445676e-17 3.311000000000008381e-03 1.350486465199207231e+01
4.735099999999999865e-01 1.927149999999999974e-01 1.324500000000000677e-02 -3.311499999999995003e-03 0.000000000000000000e+00 4.966999999999999194e-03 2.585181504323785617e+01
4.867549999999999932e-01 1.927149999999999974e-01 1.324500000000000677e-02 3.311499999999995003e-03 -1.655499999999990313e-03 6.622749999999996695e-03 3.662378414271174876e+01
5.000000000000000000e-01 1.993379999999999874e-01 9.934000000000026143e-03 9.933999999999998387e-03 -3.311250000000015570e-03 3.311000000000008381e-03 2.372533029304371155e+01
5.066230000000000455e-01 2.125829999999999942e-01 6.622499999999975628e-03 9.933500000000011765e-03 -3.311500000000036636e-03 -1.655749999999997502e-03 1.288730447940604584e+01
5.132449999999999513e-01 2.192050000000000110e-01 3.310999999999952870e-03 6.622500000000003384e-03 -1.655499999999976435e-03 -1.655500000000011129e-03 1.350649608990825890e+01
5.132449999999999513e-01 2.258280000000000010e-01 3.311500000000022759e-03 6.622499999999989506e-03 2.500000000349444917e-07 0.000000000000000000e+00 -4.078602501353778553e-03
5.198679999999999968e-01 2.324499999999999900e-01 3.311500000000022759e-03 6.622500000000003384e-03 -2.500000000071889161e-07 6.938893903907228378e-18 4.078602500957556436e-03
5.198679999999999968e-01 2.390730000000000077e-01 3.311000000000008381e-03 6.622500000000003384e-03 -2.500000000071889161e-07 -4.967000000000006132e-03 -4.051336996564703696e+01
5.264900000000000135e-01 2.456949999999999967e-01 3.311000000000008381e-03 -3.311500000000008881e-03 2.499999999794333405e-07 -8.278000000000000635e-03 -2.669012290005142631e+02
5.264900000000000135e-01 2.324499999999999900e-01 3.311499999999967248e-03 -9.933499999999997887e-03 2.499999999794333405e-07 -1.655499999999990313e-03 -4.773104340470521123e+00
5.331129999999999480e-01 2.258280000000000010e-01 3.311499999999967248e-03 -6.622499999999989506e-03 -2.499999999794333405e-07 1.655499999999997252e-03 1.350119385123570126e+01
5.331129999999999480e-01 2.192050000000000110e-01 3.311000000000008381e-03 -6.622500000000003384e-03 3.311000000000036136e-03 -6.938893903907228378e-18 5.402190569555745014e+01
5.397349999999999648e-01 2.125829999999999942e-01 9.933500000000039520e-03 -6.622500000000003384e-03 3.311499999999995003e-03 0.000000000000000000e+00 1.288779099473197931e+01
5.529800000000000271e-01 2.059600000000000042e-01 9.933999999999998387e-03 -6.622500000000003384e-03 2.499999999794333405e-07 0.000000000000000000e+00 9.728554877607794747e-04
5.596029999999999616e-01 1.993379999999999874e-01 9.933999999999998387e-03 -6.622500000000003384e-03 1.655500000000004190e-03 1.655500000000004190e-03 1.610586579671396024e+01
5.728480000000000238e-01 1.927149999999999974e-01 1.324500000000000677e-02 -3.311499999999995003e-03 1.655500000000004190e-03 4.966999999999999194e-03 2.800607873545567372e+01
5.860929999999999751e-01 1.927149999999999974e-01 1.324500000000000677e-02 3.311499999999995003e-03 -1.655749999999983624e-03 4.966999999999999194e-03 2.800640405464806904e+01
5.993380000000000374e-01 1.993379999999999874e-01 9.933500000000039520e-03 6.622500000000003384e-03 -1.655750000000011379e-03 3.311000000000008381e-03 2.577217667601358642e+01
6.059600000000000541e-01 2.059600000000000042e-01 9.933499999999984009e-03 9.933500000000011765e-03 -1.655500000000031946e-03 1.158949999999999564e-02 4.745722905317460061e+01
6.192050000000000054e-01 2.192050000000000110e-01 6.622499999999975628e-03 2.980149999999999466e-02 -6.622249999999996195e-03 1.158949999999999564e-02 9.633882914310936130e+00
6.192050000000000054e-01 2.655629999999999935e-01 -3.311000000000008381e-03 3.311250000000000304e-02 -8.277999999999979819e-03 -4.966999999999992255e-03 7.884340861690891877e+00
6.125829999999999886e-01 2.854300000000000170e-01 -9.933499999999984009e-03 1.986750000000001015e-02 -4.966999999999999194e-03 -6.622250000000003134e-03 1.500661370186329790e+01
5.993380000000000374e-01 3.052980000000000138e-01 -1.324500000000000677e-02 1.986799999999999677e-02 -3.311500000000022759e-03 -1.655500000000004190e-03 6.443100298215105326e+00
5.860929999999999751e-01 3.251660000000000106e-01 -1.655650000000002953e-02 1.655650000000000177e-02 -3.311249999999987814e-03 -3.311499999999995003e-03 8.541935758805779599e+00
5.662249999999999783e-01 3.384110000000000174e-01 -1.986749999999998240e-02 1.324500000000000677e-02 -6.622249999999968439e-03 -2.500000000071889161e-07 6.443193846358359345e+00
5.463580000000000103e-01 3.516560000000000241e-01 -2.980099999999996641e-02 1.655599999999998739e-02 -4.967000000000013071e-03 -1.655750000000011379e-03 3.320910189257949341e+00
5.066230000000000455e-01 3.715229999999999921e-01 -2.980150000000000854e-02 9.933499999999984009e-03 6.622249999999968439e-03 -6.622249999999996195e-03 4.244372454389766958e+00
4.867549999999999932e-01 3.715229999999999921e-01 -1.655650000000002953e-02 3.311499999999995003e-03 6.622500000000003384e-03 -3.310999999999994503e-03 6.832521026407042619e+00
4.735099999999999865e-01 3.781459999999999821e-01 -1.655650000000000177e-02 3.311499999999995003e-03 1.655750000000011379e-03 -1.655749999999997502e-03 4.556045895329805973e+00
4.536419999999999897e-01 3.781459999999999821e-01 -1.324500000000000677e-02 0.000000000000000000e+00 4.966999999999999194e-03 -1.655749999999997502e-03 9.438236128621628751e+00
4.470199999999999729e-01 3.781459999999999821e-01 -6.622500000000003384e-03 0.000000000000000000e+00 6.622500000000003384e-03 0.000000000000000000e+00 -0.000000000000000000e+00
4.403969999999999829e-01 3.781459999999999821e-01 0.000000000000000000e+00 0.000000000000000000e+00 6.622500000000003384e-03 0.000000000000000000e+00 0.000000000000000000e+00
4.470199999999999729e-01 3.781459999999999821e-01 6.622500000000003384e-03 0.000000000000000000e+00 1.324500000000000677e-02 0.000000000000000000e+00 0.000000000000000000e+00
4.536419999999999897e-01 3.781459999999999821e-01 2.649000000000001354e-02 0.000000000000000000e+00 1.655649999999998789e-02 -1.655749999999997502e-03 -2.359559032155407188e+00
5.000000000000000000e-01 3.781459999999999821e-01 3.973549999999997917e-02 -3.311499999999995003e-03 1.655749999999983624e-03 -1.655749999999997502e-03 -9.513438693697986448e-01
5.331129999999999480e-01 3.715229999999999921e-01 2.980149999999998078e-02 -3.311499999999995003e-03 -6.622749999999982817e-03 1.655749999999997502e-03 1.016813943143708432e+00
5.596029999999999616e-01 3.715229999999999921e-01 2.649000000000001354e-02 0.000000000000000000e+00 3.311000000000008381e-03 1.655749999999997502e-03 2.359559032155407188e+00
5.860929999999999751e-01 3.715229999999999921e-01 3.642349999999999755e-02 0.000000000000000000e+00 4.966749999999992005e-03 0.000000000000000000e+00 0.000000000000000000e+00
6.324499999999999567e-01 3.715229999999999921e-01 3.642349999999999755e-02 0.000000000000000000e+00 -3.310999999999980625e-03 -1.655500000000004190e-03 -1.247859914358080857e+00
6.589399999999999702e-01 3.715229999999999921e-01 2.980150000000003629e-02 -3.311000000000008381e-03 -4.966499999999984816e-03 -3.311250000000001692e-03 -4.270322817648325220e+00
6.920530000000000292e-01 3.649009999999999754e-01 2.649050000000002791e-02 -6.622500000000003384e-03 -6.622500000000031140e-03 -1.655749999999983624e-03 -4.308558505544819006e+00
7.119210000000000260e-01 3.582779999999999854e-01 1.655649999999997402e-02 -6.622499999999975628e-03 -6.622750000000010573e-03 -1.655499999999990313e-03 -1.256919397020650564e+01
7.251659999999999773e-01 3.516560000000000241e-01 1.324500000000000677e-02 -9.933499999999984009e-03 -3.311499999999995003e-03 -1.655750000000011379e-03 -1.208108818113006322e+01
7.384110000000000396e-01 3.384110000000000174e-01 9.933499999999984009e-03 -9.933999999999998387e-03 -4.967000000000026949e-03 -2.500000000071889161e-07 -1.779735654529863353e+01
7.450329999999999453e-01 3.317880000000000273e-01 3.310999999999952870e-03 -9.933999999999998387e-03 -8.277999999999979819e-03 -1.655500000000004190e-03 -7.639735830595618893e+01
7.450329999999999453e-01 3.185430000000000206e-01 -6.622499999999975628e-03 -1.324500000000000677e-02 -6.622249999999968439e-03 0.000000000000000000e+00 -2.701074900080153895e+01
7.317879999999999940e-01 3.052980000000000138e-01 -9.933499999999984009e-03 -9.933999999999998387e-03 -1.655500000000004190e-03 3.311250000000001692e-03 -1.779496797902939775e+01
7.251659999999999773e-01 2.986750000000000238e-01 -9.933499999999984009e-03 -6.622500000000003384e-03 -2.500000000071889161e-07 1.655749999999997502e-03 -9.666572945580163889e+00
7.119210000000000260e-01 2.920530000000000070e-01 -9.933999999999998387e-03 -6.622500000000003384e-03 -1.656000000000018568e-03 1.655500000000004190e-03 -1.610781150768969994e+01
7.052979999999999805e-01 2.854300000000000170e-01 -1.324550000000002115e-02 -3.311499999999995003e-03 0.000000000000000000e+00 4.966999999999999194e-03 -2.585003555865496594e+01
6.854299999999999837e-01 2.854300000000000170e-01 -9.933999999999998387e-03 3.311499999999995003e-03 4.967250000000006382e-03 9.933999999999998387e-03 -1.002734796324060511e+02
6.854299999999999837e-01 2.920530000000000070e-01 -3.311000000000008381e-03 1.655650000000000177e-02 4.966999999999999194e-03 8.278000000000007574e-03 -2.277907855367833179e+01
6.788079999999999670e-01 3.185430000000000206e-01 0.000000000000000000e+00 1.986750000000001015e-02 4.966750000000019760e-03 -1.655750000000011379e-03 -1.258304810960638598e+01
6.854299999999999837e-01 3.317880000000000273e-01 6.622500000000031140e-03 1.324499999999997901e-02 3.311500000000022759e-03 -3.311250000000029448e-03 -2.025984622003216273e+01
6.920530000000000292e-01 3.450329999999999786e-01 6.623000000000045517e-03 1.324499999999995126e-02 5.000000000143778323e-07 -2.775557561562891351e-17 -2.039301250507093675e-03
