5.066230000000000455e-01 2.854300000000000170e-01 -6.623000000000045517e-03 0.000000000000000000e+00 -3.310999999999980625e-03 -3.311000000000008381e-03 7.548309006660004172e+01
5.000000000000000000e-01 2.854300000000000170e-01 -9.934000000000026143e-03 -3.311000000000008381e-03 -3.310999999999980625e-03 -4.966750000000005882e-03 3.342528618094508630e+01
4.867549999999999932e-01 2.788080000000000003e-01 -1.324500000000000677e-02 -9.933500000000011765e-03 -1.655499999999990313e-03 -6.622749999999996695e-03 1.570556057758284396e+01
4.735099999999999865e-01 2.655629999999999935e-01 -1.324500000000000677e-02 -1.655650000000000177e-02 0.000000000000000000e+00 -3.311499999999995003e-03 4.601644105172157495e+00
4.602649999999999797e-01 2.456949999999999967e-01 -1.324500000000000677e-02 -1.655650000000000177e-02 1.655500000000004190e-03 2.500000000002500222e-07 2.875289340068135413e+00
4.470199999999999729e-01 2.324499999999999900e-01 -9.933999999999998387e-03 -1.655600000000000127e-02 3.311250000000015570e-03 -1.655499999999997252e-03 9.901447899670188235e+00
4.403969999999999829e-01 2.125829999999999942e-01 -6.622499999999975628e-03 -1.986749999999999627e-02 3.311500000000008881e-03 -2.500000000002500222e-07 7.163297841257888265e+00
4.337750000000000217e-01 1.927149999999999974e-01 -3.310999999999980625e-03 -1.655650000000000177e-02 4.966749999999978127e-03 4.966999999999999194e-03 1.366734393571149475e+01
4.337750000000000217e-01 1.794699999999999906e-01 3.310999999999980625e-03 -9.933499999999997887e-03 4.966749999999978127e-03 4.967000000000006132e-03 5.730292179695829446e+01
4.403969999999999829e-01 1.728480000000000016e-01 6.622499999999975628e-03 -6.622499999999989506e-03 3.311500000000008881e-03 1.655499999999997252e-03 4.004102926113824168e+01
4.470199999999999729e-01 1.662250000000000116e-01 9.933999999999998387e-03 -6.622500000000003384e-03 3.311250000000015570e-03 1.655749999999990563e-03 2.255054701264078076e+01
4.602649999999999797e-01 1.596029999999999949e-01 1.324500000000000677e-02 -3.311000000000008381e-03 1.655500000000004190e-03 3.311250000000001692e-03 1.938856470075875649e+01
4.735099999999999865e-01 1.596029999999999949e-01 1.324500000000000677e-02 0.000000000000000000e+00 0.000000000000000000e+00 4.966750000000005882e-03 2.831185824661428541e+01
4.867549999999999932e-01 1.596029999999999949e-01 1.324500000000000677e-02 6.622500000000003384e-03 -1.387778780781445676e-17 4.966749999999998944e-03 2.025831667480561649e+01
5.000000000000000000e-01 1.728480000000000016e-01 1.324499999999997901e-02 9.933499999999997887e-03 0.000000000000000000e+00 0.000000000000000000e+00 0.000000000000000000e+00
5.132449999999999513e-01 1.794699999999999906e-01 1.324500000000000677e-02 6.622500000000003384e-03 -1.655499999999990313e-03 -1.655499999999997252e-03 -3.376216162998010972e+00
5.264900000000000135e-01 1.860930000000000084e-01 9.933999999999998387e-03 6.622500000000003384e-03 -3.311250000000015570e-03 -6.938893903907228378e-18 1.288547093645158981e+01
5.331129999999999480e-01 1.927149999999999974e-01 6.622499999999975628e-03 6.622499999999989506e-03 -1.655749999999983624e-03 -1.655500000000004190e-03 2.015352791342250611e-03
5.397349999999999648e-01 1.993379999999999874e-01 6.622500000000031140e-03 3.311499999999995003e-03 -1.655499999999976435e-03 -4.966999999999992255e-03 -6.752840203183389178e+01
5.463580000000000103e-01 1.993379999999999874e-01 3.311500000000022759e-03 -3.311499999999995003e-03 -1.655750000000011379e-03 -4.966999999999992255e-03 -2.135225999861159778e+02
5.463580000000000103e-01 1.927149999999999974e-01 3.311000000000008381e-03 -6.622499999999989506e-03 1.655499999999976435e-03 -3.311000000000001442e-03 2.039332037830616715e-03
5.529800000000000271e-01 1.860930000000000084e-01 6.622499999999975628e-03 -9.933499999999997887e-03 1.655749999999983624e-03 -1.655750000000004440e-03 3.221704491019777183e+00
5.596029999999999616e-01 1.728480000000000016e-01 6.622499999999975628e-03 -9.933999999999998387e-03 4.966750000000019760e-03 -2.500000000002500222e-07 2.899133673316570636e+01
5.662249999999999783e-01 1.662250000000000116e-01 1.655600000000001515e-02 -9.933999999999998387e-03 4.967000000000026949e-03 1.655749999999997502e-03 1.066392052154398229e+01
5.927149999999999919e-01 1.529800000000000049e-01 1.655650000000002953e-02 -6.622500000000003384e-03 -3.311000000000008381e-03 4.966999999999999194e-03 1.063634780944270730e+01
5.993380000000000374e-01 1.529800000000000049e-01 9.933999999999998387e-03 0.000000000000000000e+00 -1.655750000000011379e-03 4.966999999999999194e-03 5.033219247030401533e+01
6.125829999999999886e-01 1.529800000000000049e-01 1.324500000000000677e-02 3.311499999999995003e-03 -2.500000000071889161e-07 3.311250000000001692e-03 1.723443495517419422e+01
6.258280000000000509e-01 1.596029999999999949e-01 9.933499999999984009e-03 6.622500000000003384e-03 -3.311250000000015570e-03 3.311000000000001442e-03 3.221509921618560668e+01
6.324499999999999567e-01 1.662250000000000116e-01 6.622499999999975628e-03 9.933499999999997887e-03 -3.310999999999980625e-03 3.311249999999994753e-03 3.221509921618540062e+01
6.390730000000000022e-01 1.794699999999999906e-01 3.311500000000022759e-03 1.324499999999999289e-02 -1.655749999999983624e-03 3.311500000000001942e-03 1.292688343007653806e+01
6.390730000000000022e-01 1.927149999999999974e-01 3.311000000000008381e-03 1.655650000000000177e-02 -1.655750000000011379e-03 3.311250000000001692e-03 7.972961264673037007e+00
6.456950000000000189e-01 2.125829999999999942e-01 0.000000000000000000e+00 1.986749999999999627e-02 -4.966750000000019760e-03 3.311000000000001442e-03 1.258304810960640374e+01
6.390730000000000022e-01 2.324499999999999900e-01 -6.622500000000031140e-03 2.317850000000000465e-02 -4.966999999999999194e-03 1.655750000000004440e-03 7.435912539471437377e+00
6.324499999999999567e-01 2.589400000000000035e-01 -9.933999999999998387e-03 2.317900000000000515e-02 -8.277999999999979819e-03 1.655999999999997752e-03 1.093847464928897395e+01
6.192050000000000054e-01 2.788080000000000003e-01 -2.317849999999999078e-02 2.649050000000000016e-02 -6.622249999999996195e-03 0.000000000000000000e+00 4.022483892289120178e+00
5.860929999999999751e-01 3.119210000000000038e-01 -2.317849999999999078e-02 2.317900000000000515e-02 3.311000000000008381e-03 -8.278499999999994197e-03 3.268902226323989968e+00
5.728480000000000238e-01 3.251660000000000106e-01 -1.655649999999997402e-02 9.933500000000011765e-03 3.310999999999980625e-03 -9.933999999999998387e-03 1.828091379521635318e+01
5.529800000000000271e-01 3.317880000000000273e-01 -1.655650000000002953e-02 3.311000000000008381e-03 2.499999999794333405e-07 -3.311000000000008381e-03 1.138859337388723603e+01
5.397349999999999648e-01 3.317880000000000273e-01 -1.655600000000001515e-02 3.311499999999995003e-03 2.500000000349444917e-07 2.499999999933111283e-07 -1.031958964140230247e-03
5.198679999999999968e-01 3.384110000000000174e-01 -1.655599999999995964e-02 3.311499999999995003e-03 1.655250000000010879e-03 -3.311499999999995003e-03 1.025208233231399113e+01
5.066230000000000455e-01 3.384110000000000174e-01 -1.324549999999999339e-02 -3.311499999999995003e-03 3.310999999999966747e-03 -3.311499999999995003e-03 2.154229261290359432e+01
4.933770000000000100e-01 3.317880000000000273e-01 -9.934000000000026143e-03 -3.311499999999995003e-03 4.967249999999992505e-03 2.499999999933111283e-07 1.432385585198975519e+01
4.867549999999999932e-01 3.317880000000000273e-01 -3.311000000000008381e-03 -3.311000000000008381e-03 8.278250000000014763e-03 2.499999999933111283e-07 2.669697575383988237e+02
4.867549999999999932e-01 3.251660000000000106e-01 6.622500000000003384e-03 -3.311000000000008381e-03 8.277999999999993697e-03 -2.499999999933111283e-07 6.752228348138734759e+01
5.000000000000000000e-01 3.251660000000000106e-01 1.324499999999997901e-02 -3.311499999999995003e-03 6.622499999999989506e-03 -2.499999999933111283e-07 8.616404228725700776e+00
5.132449999999999513e-01 3.185430000000000206e-01 1.986749999999998240e-02 -3.311499999999995003e-03 8.278250000000028641e-03 1.655749999999997502e-03 7.380762697101971526e+00
5.397349999999999648e-01 3.185430000000000206e-01 2.980150000000003629e-02 0.000000000000000000e+00 4.967000000000026949e-03 1.655749999999997502e-03 1.864311659770853558e+00
5.728480000000000238e-01 3.185430000000000206e-01 2.980150000000003629e-02 0.000000000000000000e+00 -2.500000000349444917e-07 0.000000000000000000e+00 0.000000000000000000e+00
5.993380000000000374e-01 3.185430000000000206e-01 2.980099999999996641e-02 0.000000000000000000e+00 9.933499999999984009e-03 0.000000000000000000e+00 0.000000000000000000e+00
6.324499999999999567e-01 3.185430000000000206e-01 4.966850000000000431e-02 0.000000000000000000e+00 8.278500000000021952e-03 1.655749999999997502e-03 6.711702144820296256e-01
6.986750000000000460e-01 3.185430000000000206e-01 4.635800000000001031e-02 3.311499999999995003e-03 -1.158900000000001596e-02 1.655749999999997502e-03 1.146871431721333101e+00
7.251659999999999773e-01 3.251660000000000106e-01 2.649049999999997240e-02 3.311499999999995003e-03 -1.158975000000000977e-02 -1.655749999999997502e-03 -2.881258797644942193e-01
7.516559999999999908e-01 3.251660000000000106e-01 2.317849999999999078e-02 0.000000000000000000e+00 3.311000000000008381e-03 -1.655749999999997502e-03 -3.081939503236273747e+00
7.715229999999999588e-01 3.251660000000000106e-01 3.311249999999998916e-02 0.000000000000000000e+00 4.967000000000026949e-03 -1.655749999999997502e-03 -1.510117780579463442e+00
8.178809999999999691e-01 3.251660000000000106e-01 3.311250000000004468e-02 -3.311499999999995003e-03 -8.278249999999987008e-03 -3.311250000000001692e-03 -3.719142994311164685e+00
8.377480000000000482e-01 3.185430000000000206e-01 1.655600000000001515e-02 -6.622500000000003384e-03 -1.158925000000002314e-02 -1.655500000000004190e-03 -1.837121124851358900e+01
8.509929999999999994e-01 3.119210000000000038e-01 9.933999999999998387e-03 -6.622500000000003384e-03 -3.311000000000008381e-03 -1.655749999999997502e-03 -2.254957415715295355e+01
8.576160000000000450e-01 3.052980000000000138e-01 9.933999999999998387e-03 -9.933999999999998387e-03 -1.655750000000011379e-03 -1.655749999999997502e-03 -1.186400864742563321e+01
8.708609999999999962e-01 2.920530000000000070e-01 6.622499999999975628e-03 -9.933999999999998387e-03 -6.622750000000010573e-03 -3.311250000000001692e-03 -5.154431592125146011e+01
8.708609999999999962e-01 2.854300000000000170e-01 -3.311500000000022759e-03 -1.655650000000000177e-02 -6.622499999999975628e-03 -3.311000000000008381e-03 -2.050100269472146053e+01
8.642379999999999507e-01 2.589400000000000035e-01 -6.622499999999975628e-03 -1.655600000000001515e-02 -3.310999999999980625e-03 3.311500000000001942e-03 -1.353652828713999057e+01
8.576160000000000450e-01 2.523179999999999867e-01 -9.933499999999984009e-03 -9.933499999999997887e-03 -4.967000000000026949e-03 3.311000000000008381e-03 -2.966032027951538552e+01
8.443709999999999827e-01 2.390730000000000077e-01 -1.655650000000002953e-02 -9.933999999999998387e-03 -3.311499999999995003e-03 1.655499999999997252e-03 -8.378014754639901085e+00
8.245029999999999859e-01 2.324499999999999900e-01 -1.655649999999997402e-02 -6.622500000000003384e-03 2.500000000071889161e-07 3.311500000000001942e-03 -9.669194747124274514e+00
8.112580000000000346e-01 2.258280000000000010e-01 -1.655600000000001515e-02 -3.310999999999994503e-03 1.655749999999983624e-03 6.622500000000003384e-03 -2.164150251704579730e+01
7.913909999999999556e-01 2.258280000000000010e-01 -1.324500000000000677e-02 6.622500000000003384e-03 6.622250000000023951e-03 1.158924999999999539e-02 -6.077545987282559281e+01
7.847680000000000211e-01 2.390730000000000077e-01 -3.311499999999967248e-03 1.986749999999999627e-02 8.278249999999987008e-03 8.278000000000000635e-03 -2.348281738424233467e+01
7.847680000000000211e-01 2.655629999999999935e-01 3.311499999999967248e-03 2.317850000000000465e-02 4.966999999999971438e-03 -1.655749999999990563e-03 -9.396507265756051552e+00
7.913909999999999556e-01 2.854300000000000170e-01 6.622499999999975628e-03 1.655600000000001515e-02 1.655250000000024757e-03 -4.966749999999998944e-03 -1.063498847356762056e+01
7.980129999999999724e-01 2.986750000000000238e-01 6.622000000000016762e-03 1.324500000000000677e-02 -4.999999999588666810e-07 -3.311000000000008381e-03 -6.750188892915312877e+00
