4.867549999999999932e-01 1.596029999999999949e-01 0.000000000000000000e+00 6.622000000000016762e-03 -3.311499999999995003e-03 -3.311000000000008381e-03 7.551729173806342033e+01
4.867549999999999932e-01 1.662250000000000116e-01 -3.311499999999995003e-03 3.311000000000008381e-03 -4.966999999999999194e-03 -4.966500000000012571e-03 3.203121073106934205e+02
4.801320000000000032e-01 1.662250000000000116e-01 -9.933999999999998387e-03 -3.311000000000008381e-03 -4.966750000000005882e-03 -6.622250000000010073e-03 4.297423496731814652e+01
4.668869999999999965e-01 1.596029999999999949e-01 -1.324500000000000677e-02 -9.933500000000011765e-03 -1.655500000000004190e-03 -6.622749999999996695e-03 1.570556057758281376e+01
4.536419999999999897e-01 1.463579999999999881e-01 -1.324500000000000677e-02 -1.655650000000000177e-02 1.655750000000011379e-03 -4.966999999999992255e-03 9.778189752845840133e+00
4.403969999999999829e-01 1.264899999999999913e-01 -9.933499999999984009e-03 -1.986749999999999627e-02 4.967000000000013071e-03 3.469446951953614189e-18 9.004285461496539966e+00
4.337750000000000217e-01 1.066229999999999956e-01 -3.310999999999980625e-03 -1.655649999999999483e-02 3.310999999999980625e-03 -2.500000000002500222e-07 1.138893731026691114e+01
4.337750000000000217e-01 9.337700000000000167e-02 -3.311500000000022759e-03 -1.986799999999999677e-02 -2.500000000210667039e-07 -3.311000000000003177e-03 1.341139931143315422e+00
4.271519999999999762e-01 6.688700000000000201e-02 -3.311500000000022759e-03 -2.317850000000000119e-02 3.311500000000022759e-03 1.655999999999997752e-03 5.552625197549593494e+00
4.271519999999999762e-01 4.701999999999999930e-02 3.311500000000022759e-03 -1.655600000000000127e-02 6.622750000000010573e-03 4.966750000000000678e-03 2.619825620654324183e+01
4.337750000000000217e-01 3.377499999999999947e-02 9.933999999999998387e-03 -1.324499999999999983e-02 3.310999999999980625e-03 4.966750000000000678e-03 2.053476355177383894e+01
4.470199999999999729e-01 2.052999999999999964e-02 9.933499999999984009e-03 -6.622499999999999915e-03 3.311000000000008381e-03 8.278000000000000635e-03 6.120946682508701997e+01
4.536419999999999897e-01 2.052999999999999964e-02 1.655600000000001515e-02 3.310999999999999707e-03 3.311500000000008881e-03 6.622499999999999915e-03 2.050245797075612231e+01
4.801320000000000032e-01 2.715199999999999905e-02 1.655650000000000177e-02 6.622499999999999915e-03 -4.966750000000005882e-03 3.311500000000000207e-03 1.547050719384290396e+01
4.867549999999999932e-01 3.377499999999999947e-02 6.622500000000003384e-03 9.934000000000000122e-03 -3.311249999999987814e-03 1.655500000000000721e-03 2.577094187290304816e+01
4.933770000000000100e-01 4.701999999999999930e-02 9.934000000000026143e-03 9.933500000000001356e-03 1.655749999999983624e-03 -3.311499999999999340e-03 -1.779705799705687497e+01
5.066230000000000455e-01 5.364200000000000218e-02 9.933999999999970631e-03 3.311000000000001442e-03 -1.655750000000025257e-03 -4.966750000000000678e-03 -3.819867915297813710e+01
5.132449999999999513e-01 5.364200000000000218e-02 6.622499999999975628e-03 0.000000000000000000e+00 1.387778780781445676e-17 -3.311000000000001442e-03 -7.549448847197110979e+01
5.198679999999999968e-01 5.364200000000000218e-02 9.933999999999998387e-03 -3.311000000000001442e-03 1.655500000000004190e-03 -3.311249999999999957e-03 -2.387561644713640163e+01
5.331129999999999480e-01 4.701999999999999930e-02 9.933499999999984009e-03 -6.622499999999999915e-03 -2.499999999794333405e-07 -2.499999999985152987e-07 -2.432356256253130362e-03
5.397349999999999648e-01 4.039700000000000235e-02 9.933500000000039520e-03 -3.311499999999998473e-03 2.500000000071889161e-07 3.311249999999999957e-03 2.865160514349419074e+01
5.529800000000000271e-01 4.039700000000000235e-02 9.933999999999998387e-03 0.000000000000000000e+00 2.499999999794333405e-07 1.655749999999999236e-03 1.677824193330095426e+01
5.596029999999999616e-01 4.039700000000000235e-02 9.933999999999998387e-03 0.000000000000000000e+00 1.655500000000004190e-03 1.655749999999999236e-03 1.677824193330095426e+01
5.728480000000000238e-01 4.039700000000000235e-02 1.324500000000000677e-02 3.311499999999998473e-03 -1.655750000000011379e-03 3.311249999999999957e-03 1.938869864739199400e+01
5.860929999999999751e-01 4.701999999999999930e-02 6.622499999999975628e-03 6.622499999999999915e-03 -6.622500000000003384e-03 3.311000000000001442e-03 8.007802781669333569e+01
5.860929999999999751e-01 5.364200000000000218e-02 0.000000000000000000e+00 9.933500000000001356e-03 -3.311249999999987814e-03 3.311249999999998223e-03 3.355732847982280731e+01
5.860929999999999751e-01 6.688700000000000201e-02 0.000000000000000000e+00 1.324499999999999636e-02 -1.655749999999983624e-03 1.655749999999999236e-03 9.438236128621566579e+00
5.860929999999999751e-01 8.013199999999999490e-02 -3.311499999999967248e-03 1.324499999999999983e-02 -8.278249999999987008e-03 1.655750000000002706e-03 4.093133566780942090e+01
5.794700000000000406e-01 9.337700000000000167e-02 -1.655649999999997402e-02 1.655650000000000177e-02 -8.278000000000035330e-03 2.500000000002500222e-07 1.067653297005856317e+01
5.529800000000000271e-01 1.132449999999999984e-01 -1.986750000000003791e-02 1.324550000000000033e-02 3.311499999999967248e-03 -3.311249999999998223e-03 1.610347093279474784e+00
5.397349999999999648e-01 1.198680000000000023e-01 -9.933500000000039520e-03 9.934000000000005326e-03 4.967000000000026949e-03 -1.656000000000001221e-03 -1.186341156221246074e+01
5.331129999999999480e-01 1.331130000000000091e-01 -9.933499999999984009e-03 9.933499999999997887e-03 -2.499999999794333405e-07 -1.655750000000007910e-03 5.933497267803435449e+00
5.198679999999999968e-01 1.397349999999999981e-01 -9.933999999999998387e-03 6.622499999999989506e-03 -2.500000000071889161e-07 -1.655499999999997252e-03 9.664589611719931028e+00
5.132449999999999513e-01 1.463579999999999881e-01 -9.933999999999998387e-03 6.622500000000003384e-03 3.311500000000022759e-03 6.938893903907228378e-18 -1.288644379193953782e+01
5.000000000000000000e-01 1.529800000000000049e-01 -3.310999999999952870e-03 6.622500000000003384e-03 8.278249999999987008e-03 -1.655500000000004190e-03 -1.215625443971429007e+02
5.066230000000000455e-01 1.596029999999999949e-01 6.622499999999975628e-03 3.311499999999995003e-03 6.622249999999968439e-03 -3.311250000000001692e-03 -1.080442193930431785e+02
5.132449999999999513e-01 1.596029999999999949e-01 9.933499999999984009e-03 0.000000000000000000e+00 6.622500000000031140e-03 -2.499999999933111283e-07 -2.533584634120438633e-03
5.264900000000000135e-01 1.596029999999999949e-01 1.986750000000003791e-02 3.311000000000008381e-03 8.278250000000014763e-03 1.655500000000004190e-03 6.708300741307053894e-01
5.529800000000000271e-01 1.662250000000000116e-01 2.649000000000001354e-02 3.311000000000008381e-03 3.311249999999987814e-03 2.499999999933111283e-07 -5.758963193404107450e-01
5.794700000000000406e-01 1.662250000000000116e-01 2.649000000000001354e-02 3.311499999999995003e-03 4.966999999999971438e-03 2.499999999933111283e-07 -8.641647818969649952e-01
6.059600000000000541e-01 1.728480000000000016e-01 3.642399999999995641e-02 3.311499999999995003e-03 1.655749999999983624e-03 -2.500000000002500222e-07 -1.122573666770579071e-01
6.523179999999999534e-01 1.728480000000000016e-01 2.980149999999998078e-02 3.310999999999994503e-03 -1.158949999999997482e-02 -2.500000000002500222e-07 1.423092931286934260e+00
6.655630000000000157e-01 1.794699999999999906e-01 1.324500000000000677e-02 3.310999999999994503e-03 -6.622749999999982817e-03 2.500000000071889161e-07 8.618260326133084348e+00
6.788079999999999670e-01 1.794699999999999906e-01 1.655600000000001515e-02 3.311500000000008881e-03 0.000000000000000000e+00 2.500000000071889161e-07 8.599528179579628458e-04
6.986750000000000460e-01 1.860930000000000084e-01 1.324500000000000677e-02 3.311500000000008881e-03 -3.311000000000008381e-03 -1.655750000000004440e-03 -4.309178022820473686e+00
7.052979999999999805e-01 1.860930000000000084e-01 9.933999999999998387e-03 0.000000000000000000e+00 -1.655500000000004190e-03 -1.655750000000004440e-03 -1.677824193330101110e+01
7.185430000000000428e-01 1.860930000000000084e-01 9.933999999999998387e-03 0.000000000000000000e+00 -1.655750000000011379e-03 -1.655750000000004440e-03 -1.677824193330101110e+01
7.251659999999999773e-01 1.860930000000000084e-01 6.622499999999975628e-03 -3.311500000000008881e-03 -3.311499999999995003e-03 -3.311250000000001692e-03 -8.103571394078876722e+01
7.317879999999999940e-01 1.794699999999999906e-01 3.311000000000008381e-03 -6.622500000000003384e-03 -3.311249999999987814e-03 -1.655499999999990313e-03 -6.753044142546654882e+01
7.317879999999999940e-01 1.728480000000000016e-01 0.000000000000000000e+00 -6.622499999999989506e-03 -1.655500000000004190e-03 -1.655749999999997502e-03 -3.774724423598548384e+01
7.317879999999999940e-01 1.662250000000000116e-01 0.000000000000000000e+00 -9.933999999999998387e-03 -3.311249999999987814e-03 -1.655500000000011129e-03 -3.355395053700293317e+01
7.317879999999999940e-01 1.529800000000000049e-01 -6.622499999999975628e-03 -9.933500000000011765e-03 -6.622500000000003384e-03 3.311499999999995003e-03 -5.154727215015155650e+01
7.185430000000000428e-01 1.463579999999999881e-01 -1.324500000000000677e-02 -3.311000000000008381e-03 -1.655750000000011379e-03 6.622250000000010073e-03 -3.662215764787734429e+01
7.052979999999999805e-01 1.463579999999999881e-01 -9.933999999999998387e-03 3.311000000000008381e-03 4.966750000000019760e-03 4.966750000000005882e-03 -5.729657672572412963e+01
6.986750000000000460e-01 1.529800000000000049e-01 -3.311499999999967248e-03 6.622500000000003384e-03 3.311499999999995003e-03 4.966999999999992255e-03 -9.454506499702522149e+01
6.986750000000000460e-01 1.596029999999999949e-01 -3.311000000000008381e-03 1.324499999999999289e-02 2.499999999794333405e-07 3.311250000000001692e-03 -4.309618130298034089e+00
6.920530000000000292e-01 1.794699999999999906e-01 -3.311000000000008381e-03 1.324500000000000677e-02 1.655500000000004190e-03 -3.310999999999987564e-03 -4.308642195834991639e+00
6.920530000000000292e-01 1.860930000000000084e-01 0.000000000000000000e+00 6.623000000000017762e-03 3.311000000000008381e-03 -6.621999999999989006e-03 -7.548309006660068121e+01
