4.205300000000000149e-01 2.854300000000000170e-01 -6.622999999999990006e-03 -1.324500000000000677e-02 -3.311000000000008381e-03 0.000000000000000000e+00 -1.350425288009482472e+01
4.139070000000000249e-01 2.721850000000000103e-01 -9.933999999999998387e-03 -1.324500000000000677e-02 -1.655250000000010879e-03 0.000000000000000000e+00 -4.830786323210434219e+00
4.006620000000000181e-01 2.589400000000000035e-01 -9.933500000000011765e-03 -1.324500000000000677e-02 2.499999999933111283e-07 -1.655499999999997252e-03 3.624472396452792289e+00
3.940400000000000014e-01 2.456949999999999967e-01 -9.933500000000011765e-03 -1.655600000000000127e-02 -2.499999999933111283e-07 -1.655499999999997252e-03 2.284288832040631156e+00
3.807949999999999946e-01 2.258280000000000010e-01 -9.933999999999998387e-03 -1.655600000000000127e-02 3.311000000000008381e-03 1.655499999999997252e-03 5.331097683159630840e+00
3.741720000000000046e-01 2.125829999999999942e-01 -3.311499999999995003e-03 -1.324500000000000677e-02 4.966999999999999194e-03 1.655500000000004190e-03 2.369755135102003862e+01
3.741720000000000046e-01 1.993379999999999874e-01 0.000000000000000000e+00 -1.324499999999999289e-02 3.311499999999995003e-03 6.938893903907228378e-18 1.887647225724330013e+01
3.741720000000000046e-01 1.860930000000000084e-01 3.311499999999995003e-03 -1.324499999999999289e-02 3.311250000000001692e-03 1.655499999999997252e-03 1.938837332819960935e+01
3.807949999999999946e-01 1.728480000000000016e-01 6.622500000000003384e-03 -9.933999999999998387e-03 3.311000000000008381e-03 3.311249999999994753e-03 3.221270444891570861e+01
3.874170000000000114e-01 1.662250000000000116e-01 9.933500000000011765e-03 -6.622500000000003384e-03 1.655749999999997502e-03 1.655749999999997502e-03 1.610949548575189993e+01
4.006620000000000181e-01 1.596029999999999949e-01 9.933999999999998387e-03 -6.622500000000003384e-03 -1.655500000000004190e-03 1.655500000000004190e-03 3.221367715750200755e+00
4.072850000000000081e-01 1.529800000000000049e-01 6.622500000000003384e-03 -3.311499999999995003e-03 1.655500000000004190e-03 6.622500000000003384e-03 1.215474526994961337e+02
4.139070000000000249e-01 1.529800000000000049e-01 1.324500000000000677e-02 6.622500000000003384e-03 3.311249999999987814e-03 6.622749999999996695e-03 2.025984622003196733e+01
4.337750000000000217e-01 1.662250000000000116e-01 1.324499999999997901e-02 9.933999999999998387e-03 -3.311250000000015570e-03 1.655749999999997502e-03 1.208024907920178848e+01
4.403969999999999829e-01 1.728480000000000016e-01 6.622499999999975628e-03 9.933999999999998387e-03 -4.966749999999992005e-03 -2.500000000002500222e-07 2.899133673316554294e+01
4.470199999999999729e-01 1.860930000000000084e-01 3.311499999999995003e-03 9.933499999999997887e-03 -1.655749999999983624e-03 -1.655750000000004440e-03 9.550534975243698099e+00
4.470199999999999729e-01 1.927149999999999974e-01 3.311000000000008381e-03 6.622499999999989506e-03 -2.499999999933111283e-07 1.655750000000004440e-03 1.351057506194825564e+01
4.536419999999999897e-01 1.993379999999999874e-01 3.311000000000008381e-03 1.324500000000000677e-02 2.499999999933111283e-07 3.311250000000008631e-03 4.307015703890987979e+00
4.536419999999999897e-01 2.192050000000000110e-01 3.311499999999995003e-03 1.324500000000000677e-02 2.499999999933111283e-07 -3.311250000000008631e-03 -4.310153882158484606e+00
4.602649999999999797e-01 2.258280000000000010e-01 3.311499999999995003e-03 6.622499999999989506e-03 -1.655749999999997502e-03 -6.622500000000003384e-03 -2.701258436269051799e+01
4.602649999999999797e-01 2.324499999999999900e-01 0.000000000000000000e+00 0.000000000000000000e+00 -1.655749999999997502e-03 -6.622499999999989506e-03 0.000000000000000000e+00
4.602649999999999797e-01 2.258280000000000010e-01 0.000000000000000000e+00 -6.622499999999989506e-03 0.000000000000000000e+00 -3.311250000000001692e-03 0.000000000000000000e+00
4.602649999999999797e-01 2.192050000000000110e-01 0.000000000000000000e+00 -6.622500000000003384e-03 0.000000000000000000e+00 -1.655500000000011129e-03 0.000000000000000000e+00
4.602649999999999797e-01 2.125829999999999942e-01 0.000000000000000000e+00 -9.933500000000011765e-03 0.000000000000000000e+00 -1.655749999999997502e-03 0.000000000000000000e+00
4.602649999999999797e-01 1.993379999999999874e-01 0.000000000000000000e+00 -9.933999999999998387e-03 1.655500000000004190e-03 1.655500000000011129e-03 1.677570860370213879e+01
4.602649999999999797e-01 1.927149999999999974e-01 3.311000000000008381e-03 -6.622499999999989506e-03 4.966750000000005882e-03 2.500000000002500222e-07 8.103897684741389185e+01
4.668869999999999965e-01 1.860930000000000084e-01 9.933500000000011765e-03 -9.933499999999997887e-03 4.966999999999999194e-03 -1.655750000000004440e-03 1.186430726329358443e+01
4.801320000000000032e-01 1.728480000000000016e-01 1.324500000000000677e-02 -9.933999999999998387e-03 2.499999999933111283e-07 3.311000000000001442e-03 9.663579103688601180e+00
4.933770000000000100e-01 1.662250000000000116e-01 9.933999999999998387e-03 -3.311499999999995003e-03 2.499999999933111283e-07 3.311499999999995003e-03 2.865131660447429596e+01
5.000000000000000000e-01 1.662250000000000116e-01 1.324549999999999339e-02 -3.311000000000008381e-03 1.655500000000004190e-03 1.655749999999997502e-03 1.077110806589625369e+01
5.198679999999999968e-01 1.596029999999999949e-01 1.324500000000000677e-02 0.000000000000000000e+00 -3.311500000000008881e-03 4.966750000000005882e-03 2.831185824661428541e+01
5.264900000000000135e-01 1.662250000000000116e-01 6.622499999999975628e-03 6.622500000000003384e-03 -4.966750000000019760e-03 4.966999999999999194e-03 8.008004316948483847e+01
5.331129999999999480e-01 1.728480000000000016e-01 3.311499999999967248e-03 9.933999999999998387e-03 -3.311249999999987814e-03 3.311249999999994753e-03 3.819839080448627300e+01
5.331129999999999480e-01 1.860930000000000084e-01 0.000000000000000000e+00 1.324499999999999289e-02 -1.655749999999983624e-03 6.622249999999996195e-03 9.438236128621571908e+00
5.331129999999999480e-01 1.993379999999999874e-01 0.000000000000000000e+00 2.317849999999999078e-02 -1.655749999999983624e-03 6.622500000000003384e-03 3.081939503236247990e+00
5.331129999999999480e-01 2.324499999999999900e-01 -3.311499999999967248e-03 2.648999999999999966e-02 -4.966999999999999194e-03 -3.310999999999994503e-03 7.491864626639120672e+00
5.264900000000000135e-01 2.523179999999999867e-01 -9.933999999999998387e-03 1.655650000000000177e-02 -9.933750000000018954e-03 -3.311249999999994753e-03 2.741866462608077981e+01
5.132449999999999513e-01 2.655629999999999935e-01 -2.317900000000000515e-02 1.986750000000001015e-02 -6.622499999999989506e-03 -2.499999999933111283e-07 4.624575905907521545e+00
4.801320000000000032e-01 2.920530000000000070e-01 -2.317899999999997740e-02 1.655600000000001515e-02 3.311499999999995003e-03 -6.622500000000003384e-03 4.269657254386654444e+00
4.668869999999999965e-01 2.986750000000000238e-01 -1.655600000000001515e-02 6.622500000000003384e-03 3.311499999999995003e-03 -4.966500000000012571e-03 1.063469645798636343e+01
4.470199999999999729e-01 3.052980000000000138e-01 -1.655599999999998739e-02 6.622999999999990006e-03 -2.499999999794333405e-07 0.000000000000000000e+00 2.920285044207629748e-04
4.337750000000000217e-01 3.119210000000000038e-01 -1.655649999999997402e-02 6.622500000000003384e-03 1.655499999999990313e-03 -1.655999999999990813e-03 2.901897209185698934e+00
4.139070000000000249e-01 3.185430000000000206e-01 -1.324500000000000677e-02 3.311000000000008381e-03 4.966999999999985316e-03 -3.311250000000001692e-03 1.077193086656970422e+01
4.072850000000000081e-01 3.185430000000000206e-01 -6.622500000000003384e-03 0.000000000000000000e+00 6.622500000000003384e-03 -1.655500000000004190e-03 3.774724423598531331e+01
4.006620000000000181e-01 3.185430000000000206e-01 0.000000000000000000e+00 0.000000000000000000e+00 8.278250000000000886e-03 0.000000000000000000e+00 0.000000000000000000e+00
4.072850000000000081e-01 3.185430000000000206e-01 9.933999999999998387e-03 0.000000000000000000e+00 9.933749999999991198e-03 0.000000000000000000e+00 0.000000000000000000e+00
4.205300000000000149e-01 3.185430000000000206e-01 1.986749999999998240e-02 0.000000000000000000e+00 6.622249999999996195e-03 0.000000000000000000e+00 0.000000000000000000e+00
4.470199999999999729e-01 3.185430000000000206e-01 2.317849999999999078e-02 0.000000000000000000e+00 8.278250000000014763e-03 -1.655500000000004190e-03 -3.081474164341036825e+00
4.668869999999999965e-01 3.185430000000000206e-01 3.642400000000001192e-02 -3.311000000000008381e-03 6.622749999999996695e-03 -3.311250000000001692e-03 -2.017019123891161225e+00
5.198679999999999968e-01 3.119210000000000038e-01 3.642399999999998417e-02 -6.622500000000003384e-03 -9.933999999999998387e-03 -2.499999999933111283e-07 -1.296751148572494960e+00
5.397349999999999648e-01 3.052980000000000138e-01 1.655600000000001515e-02 -3.311499999999995003e-03 -1.158949999999998870e-02 1.655500000000004190e-03 -2.279253365462063474e+00
5.529800000000000271e-01 3.052980000000000138e-01 1.324500000000000677e-02 -3.311499999999995003e-03 2.499999999794333405e-07 0.000000000000000000e+00 3.253191923951355424e-04
5.662249999999999783e-01 2.986750000000000238e-01 1.655649999999997402e-02 -3.311499999999995003e-03 1.655750000000011379e-03 2.499999999933111283e-07 1.139957373288800202e+00
5.860929999999999751e-01 2.986750000000000238e-01 1.655650000000002953e-02 -3.311000000000008381e-03 -6.622749999999982817e-03 -1.655500000000004190e-03 -1.024999198878327888e+01
5.993380000000000374e-01 2.920530000000000070e-01 3.311000000000008381e-03 -6.622500000000003384e-03 -1.158950000000003033e-02 -3.311499999999995003e-03 -2.161059780024258714e+02
5.927149999999999919e-01 2.854300000000000170e-01 -6.622500000000031140e-03 -9.933999999999998387e-03 -4.966749999999992005e-03 -1.655500000000004190e-03 -2.255006054817127392e+01
5.860929999999999751e-01 2.721850000000000103e-01 -6.622499999999975628e-03 -9.933500000000011765e-03 1.655500000000031946e-03 2.499999999933111283e-07 9.663167632129802342e+00
5.794700000000000406e-01 2.655629999999999935e-01 -3.311499999999967248e-03 -9.933500000000011765e-03 1.655749999999983624e-03 -1.655749999999990563e-03 1.910251219376371168e+01
5.794700000000000406e-01 2.523179999999999867e-01 -3.311000000000008381e-03 -1.324499999999999289e-02 1.655749999999983624e-03 -1.655749999999990563e-03 1.077225614531005426e+01
5.728480000000000238e-01 2.390730000000000077e-01 0.000000000000000000e+00 -1.324499999999999289e-02 6.622249999999996195e-03 -6.938893903907228378e-18 3.774866930561061906e+01
5.794700000000000406e-01 2.258280000000000010e-01 9.933499999999984009e-03 -1.324500000000000677e-02 4.966999999999999194e-03 3.311249999999994753e-03 2.174482778483030287e+01
5.927149999999999919e-01 2.125829999999999942e-01 9.933999999999998387e-03 -6.622500000000003384e-03 1.655750000000011379e-03 8.278000000000007574e-03 5.476422431704437344e+01
5.993380000000000374e-01 2.125829999999999942e-01 1.324500000000000677e-02 3.311000000000008381e-03 1.655500000000004190e-03 8.278000000000000635e-03 4.093177577817538548e+01
6.192050000000000054e-01 2.192050000000000110e-01 1.324500000000000677e-02 9.933499999999997887e-03 -4.966749999999992005e-03 9.933999999999991448e-03 3.986536560084999081e+01
6.258280000000000509e-01 2.324499999999999900e-01 3.311500000000022759e-03 2.317899999999999128e-02 -8.278250000000014763e-03 6.622750000000003634e-03 1.665662576119085259e+01
6.258280000000000509e-01 2.655629999999999935e-01 -3.311500000000022759e-03 2.317900000000000515e-02 -4.967000000000026949e-03 -1.655749999999990563e-03 9.396104830197238300e+00
6.192050000000000054e-01 2.788080000000000003e-01 -6.622500000000031140e-03 1.986750000000001015e-02 -1.655499999999976435e-03 -3.311250000000001692e-03 5.968543617652352751e+00
6.125829999999999886e-01 3.052980000000000138e-01 -6.622499999999975628e-03 1.655650000000000177e-02 2.775557561562891351e-17 -6.622500000000003384e-03 7.734888600441665929e+00
6.059600000000000541e-01 3.119210000000000038e-01 -6.622499999999975628e-03 6.622500000000003384e-03 2.499999999794333405e-07 -4.967249999999992505e-03 4.004102926113811378e+01
5.993380000000000374e-01 3.185430000000000206e-01 -6.622000000000016762e-03 6.622000000000016762e-03 4.999999999588666810e-07 -4.999999999866222566e-07 2.237824453051289389e-13
