4.668869999999999965e-01 2.854300000000000170e-01 -6.622000000000016762e-03 -6.622000000000016762e-03 -4.999999999866222566e-07 -3.311499999999995003e-03 2.669536322812389173e+01
4.602649999999999797e-01 2.788080000000000003e-01 -6.622500000000003384e-03 -9.933500000000011765e-03 -2.499999999933111283e-07 -3.311499999999995003e-03 1.288633159566997577e+01
4.536419999999999897e-01 2.655629999999999935e-01 -6.622500000000003384e-03 -1.324500000000000677e-02 -1.655499999999990313e-03 -3.311499999999995003e-03 1.019696817606243833e-03
4.470199999999999729e-01 2.523179999999999867e-01 -9.933499999999984009e-03 -1.655650000000000177e-02 1.387778780781445676e-17 -1.655749999999990563e-03 2.285056715550305650e+00
4.337750000000000217e-01 2.324499999999999900e-01 -6.622499999999975628e-03 -1.655649999999998789e-02 4.966749999999992005e-03 1.655750000000004440e-03 1.256890197743184956e+01
4.337750000000000217e-01 2.192050000000000110e-01 0.000000000000000000e+00 -1.324499999999999289e-02 3.311249999999987814e-03 3.311499999999988064e-03 1.887504718761792333e+01
4.337750000000000217e-01 2.059600000000000042e-01 0.000000000000000000e+00 -9.933500000000011765e-03 1.655499999999990313e-03 1.655749999999997502e-03 1.677739744759424312e+01
4.337750000000000217e-01 1.993379999999999874e-01 3.310999999999980625e-03 -9.933499999999997887e-03 1.655499999999990313e-03 -2.499999999933111283e-07 1.432428833117622702e+01
4.403969999999999829e-01 1.860930000000000084e-01 3.310999999999980625e-03 -9.933999999999998387e-03 2.500000000071889161e-07 3.310999999999994503e-03 9.550390898987590305e+00
4.403969999999999829e-01 1.794699999999999906e-01 3.311499999999995003e-03 -3.311500000000008881e-03 4.967000000000013071e-03 4.966999999999999194e-03 3.202798698821610515e+02
4.470199999999999729e-01 1.794699999999999906e-01 1.324500000000000677e-02 0.000000000000000000e+00 4.966750000000005882e-03 1.655750000000004440e-03 9.438236128621667831e+00
4.668869999999999965e-01 1.794699999999999906e-01 1.324500000000000677e-02 0.000000000000000000e+00 -3.311250000000001692e-03 1.655750000000004440e-03 9.438236128621667831e+00
4.735099999999999865e-01 1.794699999999999906e-01 6.622500000000003384e-03 3.311500000000008881e-03 -4.966999999999999194e-03 3.311250000000001692e-03 9.454098639452438135e+01
4.801320000000000032e-01 1.860930000000000084e-01 3.311000000000008381e-03 6.622500000000003384e-03 -1.655500000000004190e-03 1.655499999999990313e-03 4.051540960564852867e+01
4.801320000000000032e-01 1.927149999999999974e-01 3.311499999999995003e-03 6.622499999999989506e-03 2.499999999933111283e-07 0.000000000000000000e+00 -4.078602500674576199e-03
4.867549999999999932e-01 1.993379999999999874e-01 3.311499999999995003e-03 6.622500000000003384e-03 -2.499999999933111283e-07 -1.655749999999990563e-03 -1.350323330645341535e+01
4.867549999999999932e-01 2.059600000000000042e-01 3.311000000000008381e-03 3.311000000000008381e-03 -2.499999999933111283e-07 -1.655500000000004190e-03 -5.338266382766808249e+01
4.933770000000000100e-01 2.059600000000000042e-01 3.311000000000008381e-03 3.311499999999995003e-03 2.499999999933111283e-07 2.499999999933111283e-07 -1.217276118771351141e-06
4.933770000000000100e-01 2.125829999999999942e-01 3.311499999999995003e-03 3.311499999999995003e-03 1.656000000000004690e-03 -3.311499999999995003e-03 -1.601560553291362226e+02
5.000000000000000000e-01 2.125829999999999942e-01 6.623000000000017762e-03 -3.311499999999995003e-03 1.655499999999990313e-03 -3.311499999999995003e-03 -4.051663327264130032e+01
5.066230000000000455e-01 2.059600000000000042e-01 6.622499999999975628e-03 -3.311499999999995003e-03 -1.656000000000032446e-03 2.499999999933111283e-07 -1.350527276167191459e+01
5.132449999999999513e-01 2.059600000000000042e-01 3.310999999999952870e-03 -3.311000000000008381e-03 -1.655499999999976435e-03 -3.311000000000001442e-03 -1.601721793687444801e+02
5.132449999999999513e-01 1.993379999999999874e-01 3.311500000000022759e-03 -9.933499999999997887e-03 4.967000000000026949e-03 -4.966999999999992255e-03 2.865016290021822698e+01
5.198679999999999968e-01 1.860930000000000084e-01 1.324500000000000677e-02 -1.324499999999999289e-02 4.966749999999992005e-03 1.655499999999997252e-03 1.334617002338284131e+01
5.397349999999999648e-01 1.728480000000000016e-01 1.324500000000000677e-02 -6.622500000000003384e-03 -3.311249999999987814e-03 4.966749999999998944e-03 1.350537450040081922e+01
5.463580000000000103e-01 1.728480000000000016e-01 6.622500000000031140e-03 -3.311499999999995003e-03 -1.655750000000011379e-03 1.655500000000004190e-03 1.350119385123536730e+01
5.529800000000000271e-01 1.662250000000000116e-01 9.933499999999984009e-03 -3.311499999999995003e-03 1.655749999999983624e-03 1.655749999999997502e-03 1.910251219376390708e+01
5.662249999999999783e-01 1.662250000000000116e-01 9.933999999999998387e-03 0.000000000000000000e+00 2.500000000071889161e-07 6.622749999999996695e-03 6.711043440360495538e+01
5.728480000000000238e-01 1.662250000000000116e-01 9.933999999999998387e-03 9.933999999999998387e-03 -2.500000000071889161e-07 8.278249999999993947e-03 2.965912595129483620e+01
5.860929999999999751e-01 1.860930000000000084e-01 9.933499999999984009e-03 1.655649999999998789e-02 -3.311499999999995003e-03 1.655499999999997252e-03 9.901874129549559811e+00
5.927149999999999919e-01 1.993379999999999874e-01 3.311000000000008381e-03 1.324499999999999289e-02 -6.622249999999996195e-03 -1.655749999999990563e-03 3.231351545204235975e+01
5.927149999999999919e-01 2.125829999999999942e-01 -3.311000000000008381e-03 1.324500000000000677e-02 -4.966749999999992005e-03 1.655500000000004190e-03 2.369720689659364865e+01
5.860929999999999751e-01 2.258280000000000010e-01 -6.622499999999975628e-03 1.655600000000000127e-02 -6.622749999999982817e-03 4.966749999999998944e-03 1.353769632741777684e+01
5.794700000000000406e-01 2.456949999999999967e-01 -1.655649999999997402e-02 2.317850000000000465e-02 -6.622500000000031140e-03 1.655750000000004440e-03 5.455652392195267097e+00
5.529800000000000271e-01 2.721850000000000103e-01 -1.986750000000003791e-02 1.986750000000001015e-02 -4.966750000000019760e-03 -1.655250000000003940e-03 5.931407193415559220e+00
5.397349999999999648e-01 2.854300000000000170e-01 -2.649000000000001354e-02 1.986799999999999677e-02 -4.966999999999971438e-03 -1.655500000000004190e-03 3.925948709595187935e+00
5.000000000000000000e-01 3.119210000000000038e-01 -2.980149999999998078e-02 1.655650000000000177e-02 4.966750000000005882e-03 -6.622749999999996695e-03 2.905781872827521539e+00
4.801320000000000032e-01 3.185430000000000206e-01 -1.655650000000000177e-02 6.622500000000003384e-03 6.622749999999982817e-03 -6.622500000000003384e-03 1.160233290066266498e+01
4.668869999999999965e-01 3.251660000000000106e-01 -1.655600000000001515e-02 3.311499999999995003e-03 2.500000000071889161e-07 -3.311250000000001692e-03 1.138990306737948721e+01
4.470199999999999729e-01 3.251660000000000106e-01 -1.655599999999998739e-02 0.000000000000000000e+00 1.655500000000018068e-03 -1.655749999999997502e-03 6.040653549133776501e+00
4.337750000000000217e-01 3.251660000000000106e-01 -1.324499999999997901e-02 0.000000000000000000e+00 -2.500000000071889161e-07 -1.655749999999997502e-03 9.438236128621671384e+00
4.205300000000000149e-01 3.251660000000000106e-01 -1.655650000000000177e-02 -3.311499999999995003e-03 1.655499999999990313e-03 -3.311250000000001692e-03 1.252835230386317100e+01
4.006620000000000181e-01 3.185430000000000206e-01 -9.933999999999998387e-03 -6.622500000000003384e-03 9.933999999999998387e-03 -1.655500000000004190e-03 4.832100242107463117e+01
4.006620000000000181e-01 3.119210000000000038e-01 3.311499999999995003e-03 -6.622500000000003384e-03 9.933999999999998387e-03 1.655500000000004190e-03 1.755726214248767860e+02
4.072850000000000081e-01 3.052980000000000138e-01 9.933999999999998387e-03 -3.311499999999995003e-03 8.277999999999993697e-03 3.311250000000001692e-03 5.252296757125516535e+01
4.205300000000000149e-01 3.052980000000000138e-01 1.986749999999998240e-02 0.000000000000000000e+00 1.324474999999999958e-02 3.311499999999995003e-03 8.389543225441475016e+00
4.470199999999999729e-01 3.052980000000000138e-01 3.642349999999999755e-02 3.311499999999995003e-03 8.278250000000014763e-03 1.655749999999997502e-03 6.723872327791459158e-01
4.933770000000000100e-01 3.119210000000000038e-01 3.642400000000001192e-02 3.311499999999995003e-03 -3.310999999999994503e-03 -1.655749999999997502e-03 -1.008590419784379355e+00
5.198679999999999968e-01 3.119210000000000038e-01 2.980150000000000854e-02 0.000000000000000000e+00 -3.311499999999995003e-03 -2.499999999933111283e-07 -2.814905118105056692e-04
5.529800000000000271e-01 3.119210000000000038e-01 2.980100000000002192e-02 3.311000000000008381e-03 6.622499999999989506e-03 1.655500000000004190e-03 1.016716581426434507e+00
5.794700000000000406e-01 3.185430000000000206e-01 4.304649999999998755e-02 3.311000000000008381e-03 6.622749999999982817e-03 -3.311000000000008381e-03 -2.043574822475421549e+00
6.390730000000000022e-01 3.185430000000000206e-01 4.304649999999998755e-02 -3.311000000000008381e-03 -9.933999999999998387e-03 -4.966750000000005882e-03 -3.065490818529228445e+00
6.655630000000000157e-01 3.119210000000000038e-01 2.317849999999999078e-02 -6.622500000000003384e-03 -8.278249999999987008e-03 -3.311499999999995003e-03 -9.393070649372319281e+00
6.854299999999999837e-01 3.052980000000000138e-01 2.649000000000001354e-02 -9.933999999999998387e-03 2.500000000071889161e-07 -1.655749999999997502e-03 -1.936813858331776217e+00
7.185430000000000428e-01 2.920530000000000070e-01 2.317900000000000515e-02 -9.933999999999998387e-03 -6.622500000000031140e-03 -1.655500000000004190e-03 -6.494851595583887693e+00
7.317879999999999940e-01 2.854300000000000170e-01 1.324499999999995126e-02 -1.324500000000000677e-02 -6.622500000000003384e-03 -1.655500000000004190e-03 -1.668309040787707787e+01
7.450329999999999453e-01 2.655629999999999935e-01 9.933999999999998387e-03 -1.324500000000000677e-02 -6.622499999999975628e-03 6.938893903907228378e-18 -1.932752298774248345e+01
7.516559999999999908e-01 2.589400000000000035e-01 0.000000000000000000e+00 -1.324499999999999289e-02 -8.278249999999987008e-03 0.000000000000000000e+00 -4.718833050385757133e+01
7.450329999999999453e-01 2.390730000000000077e-01 -6.622499999999975628e-03 -1.324500000000000677e-02 -6.622499999999975628e-03 4.966749999999992005e-03 -3.714092703502190318e+01
7.384110000000000396e-01 2.324499999999999900e-01 -1.324499999999995126e-02 -3.311500000000008881e-03 -4.967000000000026949e-03 6.622500000000003384e-03 -4.093166098700216793e+01
7.185430000000000428e-01 2.324499999999999900e-01 -1.655650000000002953e-02 0.000000000000000000e+00 -2.775557561562891351e-17 1.655750000000004440e-03 -6.040288703765702927e+00
7.052979999999999805e-01 2.324499999999999900e-01 -1.324500000000000677e-02 0.000000000000000000e+00 4.967000000000026949e-03 1.655750000000004440e-03 -9.438236128621667831e+00
6.920530000000000292e-01 2.324499999999999900e-01 -6.622499999999975628e-03 3.311500000000008881e-03 9.933749999999991198e-03 8.278250000000000886e-03 -2.160925176965225774e+02
6.920530000000000292e-01 2.390730000000000077e-01 6.622499999999975628e-03 1.655650000000000177e-02 9.933749999999991198e-03 8.277999999999993697e-03 -1.933780548665374965e+01
7.052979999999999805e-01 2.655629999999999935e-01 1.324500000000000677e-02 1.986749999999999627e-02 6.622500000000003384e-03 -2.499999999933111283e-07 -9.664851576183766113e+00
7.185430000000000428e-01 2.788080000000000003e-01 1.986749999999998240e-02 1.655600000000001515e-02 3.311249999999987814e-03 -3.311249999999994753e-03 -6.972861570556471378e+00
7.450329999999999453e-01 2.986750000000000238e-01 1.986749999999998240e-02 1.324500000000000677e-02 -3.311249999999960059e-03 -4.966500000000012571e-03 -4.026372885850318717e+00
7.582780000000000076e-01 3.052980000000000138e-01 1.324500000000006228e-02 6.622999999999990006e-03 -6.622499999999920117e-03 -6.622000000000016762e-03 -1.350221357884463380e+01
