3.278150000000000230e-01 3.649009999999999754e-01 -6.623000000000045517e-03 0.000000000000000000e+00 5.000000000421334079e-07 -3.311499999999995003e-03 7.549448890230897291e+01
3.211919999999999775e-01 3.649009999999999754e-01 -6.622500000000003384e-03 -3.311499999999995003e-03 2.500000000349444917e-07 -3.311249999999987814e-03 5.402312957809805027e+01
3.145700000000000163e-01 3.582779999999999854e-01 -6.622499999999975628e-03 -6.622499999999975628e-03 0.000000000000000000e+00 -1.655500000000004190e-03 1.334566618518513259e+01
3.079470000000000263e-01 3.516560000000000241e-01 -6.622500000000003384e-03 -6.622500000000003384e-03 -1.387778780781445676e-17 -1.655750000000011379e-03 1.334768153797644352e+01
3.013250000000000095e-01 3.450329999999999786e-01 -6.622500000000003384e-03 -9.933999999999998387e-03 -2.500000000071889161e-07 -1.655499999999990313e-03 6.440789720524636941e+00
2.947020000000000195e-01 3.317880000000000273e-01 -6.623000000000017762e-03 -9.933499999999984009e-03 0.000000000000000000e+00 2.499999999933111283e-07 -9.729628387473268679e-04
2.880789999999999740e-01 3.251660000000000106e-01 -6.622500000000003384e-03 -9.933500000000011765e-03 2.500000000210667039e-07 -1.656000000000004690e-03 6.446327853622517701e+00
2.814570000000000127e-01 3.119210000000000038e-01 -6.622499999999975628e-03 -1.324549999999999339e-02 1.655500000000004190e-03 -2.499999999933111283e-07 6.752585272821482576e+00
2.748340000000000227e-01 2.986750000000000238e-01 -3.311499999999995003e-03 -9.933999999999998387e-03 1.655749999999983624e-03 1.655999999999990813e-03 9.549237162082043540e+00
2.748340000000000227e-01 2.920530000000000070e-01 -3.311000000000008381e-03 -9.933500000000011765e-03 -1.655500000000004190e-03 -1.655500000000004190e-03 -9.550246599538375847e+00
2.682120000000000060e-01 2.788080000000000003e-01 -6.622500000000003384e-03 -1.324500000000000677e-02 -2.499999999933111283e-07 -2.499999999933111283e-07 -5.098484087749426347e-04
2.615890000000000160e-01 2.655629999999999935e-01 -3.311499999999995003e-03 -9.933999999999998387e-03 3.311250000000001692e-03 1.655500000000004190e-03 2.387381403771759025e+01
2.615890000000000160e-01 2.589400000000000035e-01 0.000000000000000000e+00 -9.933999999999998387e-03 1.655749999999997502e-03 2.500000000002500222e-07 1.677824193330093649e+01
2.615890000000000160e-01 2.456949999999999967e-01 0.000000000000000000e+00 -9.933499999999997887e-03 0.000000000000000000e+00 1.655749999999997502e-03 0.000000000000000000e+00
2.615890000000000160e-01 2.390730000000000077e-01 0.000000000000000000e+00 -6.622500000000003384e-03 0.000000000000000000e+00 -2.500000000002500222e-07 0.000000000000000000e+00
2.615890000000000160e-01 2.324499999999999900e-01 0.000000000000000000e+00 -9.933999999999998387e-03 1.655749999999997502e-03 6.938893903907228378e-18 1.677824193330093649e+01
2.615890000000000160e-01 2.192050000000000110e-01 3.311499999999995003e-03 -6.622499999999989506e-03 3.311250000000001692e-03 3.311499999999995003e-03 8.103571394078858248e+01
2.682120000000000060e-01 2.192050000000000110e-01 6.622500000000003384e-03 -3.311000000000008381e-03 1.655500000000004190e-03 1.655749999999990563e-03 4.051948857768825718e+01
2.748340000000000227e-01 2.125829999999999942e-01 6.622500000000003384e-03 -3.311000000000008381e-03 1.655749999999997502e-03 1.655500000000004190e-03 4.051744893768693601e+01
2.814570000000000127e-01 2.125829999999999942e-01 9.933999999999998387e-03 0.000000000000000000e+00 1.655749999999997502e-03 1.655500000000004190e-03 1.677570860370213879e+01
2.947020000000000195e-01 2.125829999999999942e-01 9.933999999999998387e-03 0.000000000000000000e+00 0.000000000000000000e+00 0.000000000000000000e+00 0.000000000000000000e+00
3.013250000000000095e-01 2.125829999999999942e-01 9.933999999999998387e-03 0.000000000000000000e+00 -2.500000000071889161e-07 0.000000000000000000e+00 0.000000000000000000e+00
3.145700000000000163e-01 2.125829999999999942e-01 9.933499999999984009e-03 0.000000000000000000e+00 -1.655749999999997502e-03 1.655500000000004190e-03 1.677739744759447760e+01
3.211919999999999775e-01 2.125829999999999942e-01 6.622500000000003384e-03 3.311000000000008381e-03 -1.655499999999990313e-03 1.655500000000004190e-03 4.051540960564852867e+01
3.278150000000000230e-01 2.192050000000000110e-01 6.622500000000003384e-03 3.311000000000008381e-03 -1.387778780781445676e-17 2.499999999933111283e-07 4.078972039837724418e-03
3.344369999999999843e-01 2.192050000000000110e-01 6.622499999999975628e-03 3.311499999999995003e-03 0.000000000000000000e+00 2.499999999933111283e-07 4.078602500674587475e-03
3.410599999999999743e-01 2.258280000000000010e-01 6.622500000000003384e-03 3.311499999999995003e-03 -1.655749999999983624e-03 -2.500000000002500222e-07 1.350323330645324305e+01
3.476819999999999911e-01 2.258280000000000010e-01 3.311000000000008381e-03 3.310999999999994503e-03 -1.655500000000004190e-03 -2.500000000002500222e-07 5.338266382766796880e+01
3.476819999999999911e-01 2.324499999999999900e-01 3.311499999999995003e-03 3.310999999999994503e-03 1.655749999999997502e-03 2.500000000071889161e-07 -5.337863266579017818e+01
3.543049999999999811e-01 2.324499999999999900e-01 6.622500000000003384e-03 3.311500000000008881e-03 1.655500000000004190e-03 1.655750000000004440e-03 1.350731190895416667e+01
3.609269999999999978e-01 2.390730000000000077e-01 6.622500000000003384e-03 6.622500000000003384e-03 0.000000000000000000e+00 -2.500000000071889161e-07 -2.015352791538620875e-03
3.675499999999999878e-01 2.456949999999999967e-01 6.622500000000003384e-03 3.310999999999994503e-03 0.000000000000000000e+00 -4.966749999999998944e-03 -8.103693751537539924e+01
3.741720000000000046e-01 2.456949999999999967e-01 6.622500000000003384e-03 -3.310999999999994503e-03 0.000000000000000000e+00 -4.966749999999998944e-03 -8.103693751537539924e+01
3.807949999999999946e-01 2.390730000000000077e-01 6.622500000000003384e-03 -6.622500000000003384e-03 0.000000000000000000e+00 -2.500000000071889161e-07 -2.015352791538620875e-03
3.874170000000000114e-01 2.324499999999999900e-01 6.622500000000003384e-03 -3.311500000000008881e-03 -1.655500000000004190e-03 1.655750000000004440e-03 1.350731190895416667e+01
3.940400000000000014e-01 2.324499999999999900e-01 3.311499999999995003e-03 -3.310999999999994503e-03 0.000000000000000000e+00 -1.655499999999990313e-03 -5.338669468552524222e+01
3.940400000000000014e-01 2.258280000000000010e-01 6.622500000000003384e-03 -6.622499999999989506e-03 3.311000000000008381e-03 -2.500000000002500222e-07 2.668931701757858477e+01
4.072850000000000081e-01 2.192050000000000110e-01 9.933500000000011765e-03 -3.311499999999995003e-03 0.000000000000000000e+00 1.655749999999990563e-03 1.432652358450377150e+01
4.139070000000000249e-01 2.192050000000000110e-01 6.622500000000003384e-03 -3.311000000000008381e-03 -1.655500000000018068e-03 2.499999999933111283e-07 -1.350037778583051029e+01
4.205300000000000149e-01 2.125829999999999942e-01 6.622499999999975628e-03 -3.311000000000008381e-03 0.000000000000000000e+00 1.655500000000004190e-03 2.701095284777868955e+01
4.271519999999999762e-01 2.125829999999999942e-01 6.622500000000003384e-03 0.000000000000000000e+00 1.387778780781445676e-17 1.655500000000004190e-03 3.774724423598531331e+01
4.337750000000000217e-01 2.125829999999999942e-01 6.622500000000003384e-03 0.000000000000000000e+00 -1.387778780781445676e-17 0.000000000000000000e+00 0.000000000000000000e+00
4.403969999999999829e-01 2.125829999999999942e-01 6.622499999999975628e-03 0.000000000000000000e+00 0.000000000000000000e+00 0.000000000000000000e+00 0.000000000000000000e+00
4.470199999999999729e-01 2.125829999999999942e-01 6.622500000000003384e-03 0.000000000000000000e+00 1.387778780781445676e-17 1.655500000000004190e-03 3.774724423598531331e+01
4.536419999999999897e-01 2.125829999999999942e-01 6.622500000000003384e-03 3.311000000000008381e-03 0.000000000000000000e+00 1.655500000000004190e-03 2.701095284777852612e+01
4.602649999999999797e-01 2.192050000000000110e-01 6.622500000000003384e-03 3.311000000000008381e-03 -1.655749999999997502e-03 2.499999999933111283e-07 1.351057506194812952e+01
4.668869999999999965e-01 2.192050000000000110e-01 3.311000000000008381e-03 3.311499999999995003e-03 -1.655500000000004190e-03 1.655749999999990563e-03 1.067733893710504702e+02
4.668869999999999965e-01 2.258280000000000010e-01 3.311499999999995003e-03 6.622499999999989506e-03 1.655749999999997502e-03 3.311000000000001442e-03 -2.039455217968120029e-03
4.735099999999999865e-01 2.324499999999999900e-01 6.622500000000003384e-03 9.933499999999997887e-03 -2.499999999933111283e-07 1.655750000000004440e-03 6.445354896428145963e+00
4.801320000000000032e-01 2.456949999999999967e-01 3.311000000000008381e-03 9.933999999999998387e-03 -3.311250000000001692e-03 -1.655499999999997252e-03 2.387561644713641584e+01
4.801320000000000032e-01 2.523179999999999867e-01 0.000000000000000000e+00 6.622500000000003384e-03 -1.655500000000004190e-03 -2.499999999933111283e-07 3.774724423598531331e+01
4.801320000000000032e-01 2.589400000000000035e-01 0.000000000000000000e+00 9.933500000000011765e-03 0.000000000000000000e+00 3.311250000000001692e-03 0.000000000000000000e+00
4.801320000000000032e-01 2.721850000000000103e-01 0.000000000000000000e+00 1.324500000000000677e-02 0.000000000000000000e+00 3.311499999999995003e-03 0.000000000000000000e+00
4.801320000000000032e-01 2.854300000000000170e-01 0.000000000000000000e+00 1.655650000000000177e-02 0.000000000000000000e+00 2.499999999933111283e-07 0.000000000000000000e+00
4.801320000000000032e-01 3.052980000000000138e-01 0.000000000000000000e+00 1.324549999999999339e-02 0.000000000000000000e+00 -1.655749999999997502e-03 -0.000000000000000000e+00
4.801320000000000032e-01 3.119210000000000038e-01 0.000000000000000000e+00 1.324500000000000677e-02 -1.655500000000004190e-03 -2.499999999933111283e-07 9.436811058996328327e+00
4.801320000000000032e-01 3.317880000000000273e-01 -3.311000000000008381e-03 1.324500000000000677e-02 -3.311250000000001692e-03 -1.655500000000004190e-03 1.938856470075875649e+01
4.735099999999999865e-01 3.384110000000000174e-01 -6.622500000000003384e-03 9.933999999999998387e-03 -2.499999999933111283e-07 -1.655750000000011379e-03 6.444681215926857831e+00
4.668869999999999965e-01 3.516560000000000241e-01 -3.311499999999995003e-03 9.933499999999984009e-03 0.000000000000000000e+00 -1.655750000000011379e-03 4.775988609260086726e+00
4.668869999999999965e-01 3.582779999999999854e-01 -6.622500000000003384e-03 6.622499999999975628e-03 -1.655500000000004190e-03 -1.655499999999990313e-03 2.669133237037004136e+01
4.536419999999999897e-01 3.649009999999999754e-01 -6.622500000000003384e-03 6.622500000000003384e-03 1.655749999999997502e-03 -1.655749999999983624e-03 -1.113558826366511037e-13
4.536419999999999897e-01 3.715229999999999921e-01 -3.311000000000008381e-03 3.311000000000008381e-03 0.000000000000000000e+00 -1.655500000000004190e-03 5.339072645624779057e+01
4.470199999999999729e-01 3.715229999999999921e-01 -6.622500000000003384e-03 3.311499999999995003e-03 -1.655749999999983624e-03 1.655749999999997502e-03 -1.350527245373629270e+01
4.403969999999999829e-01 3.781459999999999821e-01 -6.622499999999975628e-03 6.622500000000003384e-03 0.000000000000000000e+00 -2.499999999933111283e-07 2.015352791426750726e-03
4.337750000000000217e-01 3.847679999999999989e-01 -6.622500000000003384e-03 3.311000000000008381e-03 -1.387778780781445676e-17 -1.655500000000004190e-03 2.701095284777863981e+01
4.271519999999999762e-01 3.847679999999999989e-01 -6.622500000000003384e-03 3.311499999999995003e-03 1.387778780781445676e-17 2.499999999933111283e-07 -4.078602500787775580e-03
4.205300000000000149e-01 3.913909999999999889e-01 -6.622499999999975628e-03 3.311499999999995003e-03 0.000000000000000000e+00 -1.655749999999997502e-03 2.701258436269048602e+01
4.139070000000000249e-01 3.913909999999999889e-01 -6.622500000000003384e-03 0.000000000000000000e+00 -1.387778780781445676e-17 -1.655749999999997502e-03 3.775294451448651500e+01
4.072850000000000081e-01 3.913909999999999889e-01 -6.622500000000003384e-03 0.000000000000000000e+00 0.000000000000000000e+00 0.000000000000000000e+00 -0.000000000000000000e+00
4.006620000000000181e-01 3.913909999999999889e-01 -6.622500000000003384e-03 0.000000000000000000e+00 0.000000000000000000e+00 0.000000000000000000e+00 -0.000000000000000000e+00
3.940400000000000014e-01 3.913909999999999889e-01 -6.622500000000003384e-03 0.000000000000000000e+00 0.000000000000000000e+00 0.000000000000000000e+00 -0.000000000000000000e+00
3.874170000000000114e-01 3.913909999999999889e-01 -6.622500000000003384e-03 0.000000000000000000e+00 -1.655500000000004190e-03 0.000000000000000000e+00 0.000000000000000000e+00
3.807949999999999946e-01 3.913909999999999889e-01 -9.933500000000011765e-03 0.000000000000000000e+00 -1.655749999999997502e-03 0.000000000000000000e+00 0.000000000000000000e+00
3.675499999999999878e-01 3.913909999999999889e-01 -9.933999999999998387e-03 0.000000000000000000e+00 1.655500000000004190e-03 0.000000000000000000e+00 -0.000000000000000000e+00
3.609269999999999978e-01 3.913909999999999889e-01 -6.622500000000003384e-03 0.000000000000000000e+00 3.311499999999995003e-03 -1.655749999999997502e-03 3.775294451448651500e+01
3.543049999999999811e-01 3.913909999999999889e-01 -3.311000000000008381e-03 -3.311499999999995003e-03 1.655500000000004190e-03 -1.655749999999997502e-03 1.067733893710506976e+02
3.543049999999999811e-01 3.847679999999999989e-01 -3.311499999999995003e-03 -3.311499999999995003e-03 -3.311499999999995003e-03 1.655749999999997502e-03 -1.601479951351083741e+02
3.476819999999999911e-01 3.847679999999999989e-01 -9.933999999999998387e-03 0.000000000000000000e+00 -3.310999999999994503e-03 1.655749999999997502e-03 -1.677824193330093649e+01
3.344369999999999843e-01 3.847679999999999989e-01 -9.933499999999984009e-03 0.000000000000000000e+00 2.500000000071889161e-07 0.000000000000000000e+00 -0.000000000000000000e+00
3.278150000000000230e-01 3.847679999999999989e-01 -9.933499999999984009e-03 0.000000000000000000e+00 -1.655750000000011379e-03 0.000000000000000000e+00 0.000000000000000000e+00
3.145700000000000163e-01 3.847679999999999989e-01 -1.324500000000000677e-02 0.000000000000000000e+00 -2.500000000071889161e-07 0.000000000000000000e+00 0.000000000000000000e+00
3.013250000000000095e-01 3.847679999999999989e-01 -9.933999999999998387e-03 0.000000000000000000e+00 1.655500000000004190e-03 0.000000000000000000e+00 -0.000000000000000000e+00
2.947020000000000195e-01 3.847679999999999989e-01 -9.933999999999998387e-03 0.000000000000000000e+00 -1.655500000000004190e-03 0.000000000000000000e+00 0.000000000000000000e+00
2.814570000000000127e-01 3.847679999999999989e-01 -1.324500000000000677e-02 0.000000000000000000e+00 -1.655500000000004190e-03 0.000000000000000000e+00 0.000000000000000000e+00
2.682120000000000060e-01 3.847679999999999989e-01 -1.324500000000000677e-02 0.000000000000000000e+00 1.655500000000004190e-03 0.000000000000000000e+00 -0.000000000000000000e+00
2.549669999999999992e-01 3.847679999999999989e-01 -9.933999999999998387e-03 0.000000000000000000e+00 3.311250000000001692e-03 0.000000000000000000e+00 -0.000000000000000000e+00
2.483440000000000092e-01 3.847679999999999989e-01 -6.622500000000003384e-03 0.000000000000000000e+00 6.622749999999996695e-03 0.000000000000000000e+00 -0.000000000000000000e+00
2.417219999999999924e-01 3.847679999999999989e-01 3.311499999999995003e-03 0.000000000000000000e+00 8.278000000000007574e-03 0.000000000000000000e+00 0.000000000000000000e+00
2.549669999999999992e-01 3.847679999999999989e-01 9.933500000000011765e-03 0.000000000000000000e+00 3.311000000000008381e-03 0.000000000000000000e+00 0.000000000000000000e+00
2.615890000000000160e-01 3.847679999999999989e-01 9.933500000000011765e-03 0.000000000000000000e+00 3.311499999999995003e-03 0.000000000000000000e+00 0.000000000000000000e+00
2.748340000000000227e-01 3.847679999999999989e-01 1.655650000000000177e-02 0.000000000000000000e+00 3.311499999999995003e-03 0.000000000000000000e+00 0.000000000000000000e+00
2.947020000000000195e-01 3.847679999999999989e-01 1.655650000000000177e-02 0.000000000000000000e+00 0.000000000000000000e+00 0.000000000000000000e+00 0.000000000000000000e+00
3.079470000000000263e-01 3.847679999999999989e-01 1.655650000000000177e-02 0.000000000000000000e+00 3.311249999999987814e-03 0.000000000000000000e+00 0.000000000000000000e+00
3.278150000000000230e-01 3.847679999999999989e-01 2.317899999999997740e-02 0.000000000000000000e+00 4.966749999999992005e-03 0.000000000000000000e+00 0.000000000000000000e+00
3.543049999999999811e-01 3.847679999999999989e-01 2.648999999999998578e-02 0.000000000000000000e+00 3.311000000000022259e-03 -1.655500000000004190e-03 -2.359202764749087411e+00
3.807949999999999946e-01 3.847679999999999989e-01 2.980100000000002192e-02 -3.311000000000008381e-03 -3.311249999999987814e-03 -1.655500000000004190e-03 -2.236794902366854298e+00
4.139070000000000249e-01 3.781459999999999821e-01 1.986750000000001015e-02 -3.311000000000008381e-03 -8.278000000000021452e-03 1.655500000000004190e-03 6.709313773735463560e-01
4.205300000000000149e-01 3.781459999999999821e-01 1.324499999999997901e-02 0.000000000000000000e+00 -1.387778780781445676e-17 1.655500000000004190e-03 9.436811058996370960e+00
4.403969999999999829e-01 3.781459999999999821e-01 1.986749999999998240e-02 0.000000000000000000e+00 4.967000000000013071e-03 0.000000000000000000e+00 0.000000000000000000e+00
4.602649999999999797e-01 3.781459999999999821e-01 2.317900000000000515e-02 0.000000000000000000e+00 1.655750000000025257e-03 0.000000000000000000e+00 0.000000000000000000e+00
4.867549999999999932e-01 3.781459999999999821e-01 2.317900000000003291e-02 0.000000000000000000e+00 -3.311250000000001692e-03 0.000000000000000000e+00 0.000000000000000000e+00
5.066230000000000455e-01 3.781459999999999821e-01 1.655650000000000177e-02 0.000000000000000000e+00 -2.500000000210667039e-07 0.000000000000000000e+00 0.000000000000000000e+00
5.198679999999999968e-01 3.781459999999999821e-01 2.317849999999999078e-02 0.000000000000000000e+00 1.655499999999990313e-03 0.000000000000000000e+00 0.000000000000000000e+00
5.529800000000000271e-01 3.781459999999999821e-01 1.986749999999998240e-02 0.000000000000000000e+00 -3.311000000000008381e-03 0.000000000000000000e+00 0.000000000000000000e+00
5.596029999999999616e-01 3.781459999999999821e-01 1.655649999999997402e-02 0.000000000000000000e+00 -1.655749999999983624e-03 0.000000000000000000e+00 0.000000000000000000e+00
5.860929999999999751e-01 3.781459999999999821e-01 1.655600000000001515e-02 0.000000000000000000e+00 -3.311499999999967248e-03 0.000000000000000000e+00 0.000000000000000000e+00
5.927149999999999919e-01 3.781459999999999821e-01 9.933500000000039520e-03 0.000000000000000000e+00 2.500000000071889161e-07 -1.655749999999997502e-03 -1.677993103222840787e+01
6.059600000000000541e-01 3.781459999999999821e-01 1.655650000000002953e-02 -3.311499999999995003e-03 1.655749999999955868e-03 -1.655749999999997502e-03 -4.556045895329830842e+00
6.258280000000000509e-01 3.715229999999999921e-01 1.324499999999995126e-02 -3.311499999999995003e-03 -4.967000000000026949e-03 2.499999999933111283e-07 -6.462140536507962274e+00
6.324499999999999567e-01 3.715229999999999921e-01 6.622499999999975628e-03 -3.311000000000008381e-03 -3.311249999999960059e-03 -1.655500000000004190e-03 -5.402190569555715172e+01
6.390730000000000022e-01 3.649009999999999754e-01 6.622500000000031140e-03 -6.622500000000003384e-03 -1.655749999999983624e-03 -3.311499999999995003e-03 -4.004304461392907655e+01
6.456950000000000189e-01 3.582779999999999854e-01 3.311000000000008381e-03 -9.933999999999998387e-03 -3.311250000000015570e-03 -3.311249999999987814e-03 -3.819867915297813710e+01
6.456950000000000189e-01 3.450329999999999786e-01 0.000000000000000000e+00 -1.324499999999997901e-02 2.499999999794333405e-07 -3.310999999999994503e-03 1.425069625221989144e-03
6.456950000000000189e-01 3.317880000000000273e-01 3.311499999999967248e-03 -1.655599999999998739e-02 1.655749999999983624e-03 -6.622500000000017262e-03 1.139024700175859106e+00
6.523179999999999534e-01 3.119210000000000038e-01 3.311499999999967248e-03 -2.649000000000001354e-02 -1.655749999999983624e-03 -3.311500000000008881e-03 -2.881680518907337341e+00
6.523179999999999534e-01 2.788080000000000003e-01 0.000000000000000000e+00 -2.317900000000000515e-02 -1.655749999999983624e-03 3.311250000000008631e-03 -3.081806542096307222e+00
6.523179999999999534e-01 2.655629999999999935e-01 0.000000000000000000e+00 -1.986749999999999627e-02 0.000000000000000000e+00 3.311250000000001692e-03 0.000000000000000000e+00
6.523179999999999534e-01 2.390730000000000077e-01 0.000000000000000000e+00 -1.655650000000000177e-02 -1.655749999999983624e-03 3.311249999999994753e-03 -6.040288703765647860e+00
6.523179999999999534e-01 2.324499999999999900e-01 -3.311499999999967248e-03 -1.324500000000000677e-02 -1.655749999999983624e-03 2.500000000002500222e-07 -8.618030726448456136e+00
6.456950000000000189e-01 2.125829999999999942e-01 -3.311499999999967248e-03 -1.655600000000000127e-02 2.499999999794333405e-07 6.938893903907228378e-18 8.599528178577172961e-04
6.456950000000000189e-01 1.993379999999999874e-01 -3.311000000000008381e-03 -1.324499999999999289e-02 -1.655500000000031946e-03 3.311000000000001442e-03 -1.292462547254334559e+01
6.390730000000000022e-01 1.860930000000000084e-01 -6.622500000000031140e-03 -9.933999999999998387e-03 -3.311499999999995003e-03 3.311249999999994753e-03 -3.221562308882985803e+01
6.324499999999999567e-01 1.794699999999999906e-01 -9.933999999999998387e-03 -6.622500000000003384e-03 -3.311249999999960059e-03 3.311500000000001942e-03 -3.221562308882982961e+01
6.192050000000000054e-01 1.728480000000000016e-01 -1.324499999999995126e-02 -3.310999999999994503e-03 -1.655500000000004190e-03 3.311250000000001692e-03 -1.938856470075892346e+01
6.059600000000000541e-01 1.728480000000000016e-01 -1.324500000000000677e-02 0.000000000000000000e+00 -2.775557561562891351e-17 3.310999999999994503e-03 -1.887362211799257850e+01
5.927149999999999919e-01 1.728480000000000016e-01 -1.324500000000000677e-02 3.310999999999994503e-03 0.000000000000000000e+00 4.966749999999998944e-03 -2.585120271577076068e+01
5.794700000000000406e-01 1.794699999999999906e-01 -1.324500000000000677e-02 9.933499999999997887e-03 1.655749999999983624e-03 3.311500000000001942e-03 -1.328930645582836689e+01
5.662249999999999783e-01 1.927149999999999974e-01 -9.933500000000039520e-03 9.933999999999998387e-03 4.966999999999999194e-03 2.500000000002500222e-07 -1.779735654529835998e+01
5.596029999999999616e-01 1.993379999999999874e-01 -3.311000000000008381e-03 9.933999999999998387e-03 3.311000000000036136e-03 1.655500000000004190e-03 -3.342168122602366509e+01
5.596029999999999616e-01 2.125829999999999942e-01 -3.311499999999967248e-03 1.324500000000000677e-02 -2.499999999794333405e-07 3.311000000000001442e-03 -4.307226205905239524e+00
5.529800000000000271e-01 2.258280000000000010e-01 -3.311499999999967248e-03 1.655600000000000127e-02 3.311499999999967248e-03 4.966749999999998944e-03 -1.480818113301736538e+01
5.529800000000000271e-01 2.456949999999999967e-01 3.311499999999967248e-03 2.317850000000000465e-02 3.311499999999967248e-03 3.311500000000001942e-03 -5.125520027864606476e+00
5.596029999999999616e-01 2.721850000000000103e-01 3.311499999999967248e-03 2.317900000000000515e-02 -2.499999999794333405e-07 -3.311000000000001442e-03 -8.537047395617357592e-01
5.596029999999999616e-01 2.920530000000000070e-01 3.311000000000008381e-03 1.655650000000000177e-02 3.311000000000036136e-03 -3.311250000000001692e-03 -1.366648401685467284e+01
5.662249999999999783e-01 3.052980000000000138e-01 9.933500000000039520e-03 1.655650000000000177e-02 3.311499999999995003e-03 0.000000000000000000e+00 -7.617162432376939130e+00
5.794700000000000406e-01 3.251660000000000106e-01 9.933999999999998387e-03 1.655650000000000177e-02 2.499999999794333405e-07 -3.311500000000008881e-03 -4.570735825241693639e+00
5.860929999999999751e-01 3.384110000000000174e-01 9.933999999999998387e-03 9.933499999999984009e-03 -2.499999999794333405e-07 -3.311500000000008881e-03 -1.186400870377988070e+01
5.993380000000000374e-01 3.450329999999999786e-01 9.933500000000039520e-03 9.933499999999984009e-03 -1.655750000000011379e-03 2.500000000071889161e-07 5.933497267803510944e+00
6.059600000000000541e-01 3.582779999999999854e-01 6.622499999999975628e-03 9.933999999999998387e-03 2.499999999794333405e-07 -1.655499999999990313e-03 -6.443708360438852978e+00
6.125829999999999886e-01 3.649009999999999754e-01 9.933999999999998387e-03 6.622500000000003384e-03 1.655500000000004190e-03 -3.311499999999995003e-03 -2.577240119286025788e+01
6.258280000000000509e-01 3.715229999999999921e-01 9.933499999999984009e-03 3.311000000000008381e-03 -1.655750000000011379e-03 -3.311250000000001692e-03 -2.387669817586364474e+01
6.324499999999999567e-01 3.715229999999999921e-01 6.622499999999975628e-03 0.000000000000000000e+00 -1.655249999999969246e-03 -1.655500000000004190e-03 -3.774724423598564016e+01
6.390730000000000022e-01 3.715229999999999921e-01 6.623000000000045517e-03 0.000000000000000000e+00 5.000000000698889835e-07 0.000000000000000000e+00 0.000000000000000000e+00
