4.536419999999999897e-01 2.854300000000000170e-01 -6.622000000000016762e-03 0.000000000000000000e+00 -4.999999999866222566e-07 0.000000000000000000e+00 0.000000000000000000e+00
4.470199999999999729e-01 2.854300000000000170e-01 -6.622500000000003384e-03 0.000000000000000000e+00 -2.499999999794333405e-07 -1.655500000000004190e-03 3.774724423598531331e+01
4.403969999999999829e-01 2.854300000000000170e-01 -6.622499999999975628e-03 -3.311000000000008381e-03 -1.655499999999990313e-03 -3.311250000000001692e-03 4.052152790972695584e+01
4.337750000000000217e-01 2.788080000000000003e-01 -9.933499999999984009e-03 -6.622500000000003384e-03 -1.655750000000011379e-03 -3.311499999999995003e-03 1.288730447940569768e+01
4.205300000000000149e-01 2.721850000000000103e-01 -9.933999999999998387e-03 -9.933999999999998387e-03 1.655499999999990313e-03 -1.655500000000004190e-03 1.186221731288724079e+01
4.139070000000000249e-01 2.589400000000000035e-01 -6.622500000000003384e-03 -9.933500000000011765e-03 1.655749999999997502e-03 2.500000000002500222e-07 9.664627031191646012e+00
4.072850000000000081e-01 2.523179999999999867e-01 -6.622500000000003384e-03 -9.933499999999997887e-03 0.000000000000000000e+00 -3.311499999999988064e-03 1.288779099473206102e+01
4.006620000000000181e-01 2.390730000000000077e-01 -6.622500000000003384e-03 -1.655649999999998789e-02 1.655749999999997502e-03 -3.311500000000001942e-03 8.702479662944989869e+00
3.940400000000000014e-01 2.192050000000000110e-01 -3.311000000000008381e-03 -1.655650000000000177e-02 1.655500000000004190e-03 -1.655500000000011129e-03 6.833156024332360801e+00
3.940400000000000014e-01 2.059600000000000042e-01 -3.311499999999995003e-03 -1.986750000000001015e-02 1.655500000000004190e-03 -1.655499999999997252e-03 4.696158235183044205e+00
3.874170000000000114e-01 1.794699999999999906e-01 0.000000000000000000e+00 -1.986749999999999627e-02 4.966999999999999194e-03 4.967000000000006132e-03 1.258368147388428149e+01
3.940400000000000014e-01 1.662250000000000116e-01 6.622500000000003384e-03 -9.933499999999997887e-03 3.311250000000001692e-03 4.966999999999992255e-03 3.866045411261360698e+01
4.006620000000000181e-01 1.596029999999999949e-01 6.622500000000003384e-03 -9.933500000000011765e-03 1.655749999999997502e-03 1.655499999999997252e-03 1.610852252855767119e+01
4.072850000000000081e-01 1.463579999999999881e-01 9.933999999999998387e-03 -6.622500000000003384e-03 1.655499999999990313e-03 3.311000000000008381e-03 2.576948255294599122e+01
4.205300000000000149e-01 1.463579999999999881e-01 9.933499999999984009e-03 -3.311499999999995003e-03 -2.500000000071889161e-07 1.655500000000004190e-03 1.432363931571430271e+01
4.271519999999999762e-01 1.397349999999999981e-01 9.933499999999984009e-03 -3.311499999999995003e-03 1.655750000000011379e-03 3.311499999999995003e-03 3.342903577826788819e+01
4.403969999999999829e-01 1.397349999999999981e-01 1.324500000000000677e-02 3.311499999999995003e-03 2.500000000071889161e-07 4.966999999999999194e-03 2.585148972404542533e+01
4.536419999999999897e-01 1.463579999999999881e-01 9.933999999999998387e-03 6.622500000000003384e-03 -3.311250000000001692e-03 1.655500000000004190e-03 2.254908769268365631e+01
4.602649999999999797e-01 1.529800000000000049e-01 6.622500000000003384e-03 6.622500000000003384e-03 -1.655749999999997502e-03 1.655749999999997502e-03 2.669536307595288704e+01
4.668869999999999965e-01 1.596029999999999949e-01 6.622500000000003384e-03 9.933999999999998387e-03 -1.655500000000004190e-03 1.655499999999997252e-03 1.610586579671393537e+01
4.735099999999999865e-01 1.728480000000000016e-01 3.311499999999995003e-03 9.933499999999997887e-03 -3.311250000000001692e-03 -1.655749999999997502e-03 2.387489541259624204e+01
4.735099999999999865e-01 1.794699999999999906e-01 0.000000000000000000e+00 6.622500000000003384e-03 -2.499999999933111283e-07 -4.966749999999998944e-03 5.700278501204359728e-03
4.735099999999999865e-01 1.860930000000000084e-01 3.311000000000008381e-03 0.000000000000000000e+00 1.655500000000004190e-03 -6.622500000000003384e-03 -6.040927247897642474e+02
4.801320000000000032e-01 1.794699999999999906e-01 3.311000000000008381e-03 -6.622500000000003384e-03 1.655749999999997502e-03 -3.311249999999994753e-03 4.078972039778843567e-03
4.801320000000000032e-01 1.728480000000000016e-01 6.622500000000003384e-03 -6.622499999999989506e-03 4.967250000000006382e-03 1.655500000000004190e-03 5.338871079911455553e+01
4.933770000000000100e-01 1.662250000000000116e-01 1.324550000000002115e-02 -3.311499999999995003e-03 3.311499999999995003e-03 3.311249999999994753e-03 2.154164209297817933e+01
5.066230000000000455e-01 1.662250000000000116e-01 1.324549999999999339e-02 0.000000000000000000e+00 -2.500000000349444917e-07 2.499999999933111283e-07 1.424962038367563787e-03
5.198679999999999968e-01 1.662250000000000116e-01 1.324499999999995126e-02 -3.311000000000008381e-03 1.655250000000010879e-03 -1.655500000000004190e-03 -6.462963293752488347e+00
5.331129999999999480e-01 1.596029999999999949e-01 1.655600000000001515e-02 -3.311000000000008381e-03 2.775557561562891351e-17 3.311000000000008381e-03 1.138941356386619219e+01
5.529800000000000271e-01 1.596029999999999949e-01 1.324500000000000677e-02 3.311000000000008381e-03 -4.966750000000019760e-03 4.966750000000005882e-03 3.231351545204238107e+01
5.596029999999999616e-01 1.662250000000000116e-01 6.622499999999975628e-03 6.622500000000003384e-03 -3.311249999999987814e-03 1.655749999999990563e-03 4.004102926113793615e+01
5.662249999999999783e-01 1.728480000000000016e-01 6.622500000000031140e-03 6.622499999999989506e-03 -1.655499999999976435e-03 0.000000000000000000e+00 1.334566618518472403e+01
5.728480000000000238e-01 1.794699999999999906e-01 3.311500000000022759e-03 6.622500000000003384e-03 -3.311250000000015570e-03 1.655750000000004440e-03 6.752840203183417600e+01
5.728480000000000238e-01 1.860930000000000084e-01 0.000000000000000000e+00 9.933999999999998387e-03 -3.311500000000022759e-03 1.655499999999997252e-03 3.355648386660215721e+01
5.728480000000000238e-01 1.993379999999999874e-01 -3.311500000000022759e-03 9.933499999999997887e-03 -3.311250000000015570e-03 -2.499999999933111283e-07 2.865160514349441812e+01
5.662249999999999783e-01 2.059600000000000042e-01 -6.622500000000031140e-03 9.933500000000011765e-03 -1.655499999999976435e-03 2.500000000002500222e-07 9.663167632129374240e+00
5.596029999999999616e-01 2.192050000000000110e-01 -6.622499999999975628e-03 9.933999999999998387e-03 -1.655749999999983624e-03 -1.655500000000011129e-03 1.610732511667105271e+01
5.529800000000000271e-01 2.258280000000000010e-01 -9.933999999999998387e-03 6.622499999999989506e-03 -1.655500000000031946e-03 -2.500000000002500222e-07 6.443708360439136307e+00
5.397349999999999648e-01 2.324499999999999900e-01 -9.933500000000039520e-03 9.933499999999997887e-03 2.500000000071889161e-07 1.655750000000004440e-03 -5.933497267803504727e+00
5.331129999999999480e-01 2.456949999999999967e-01 -9.933499999999984009e-03 9.933999999999998387e-03 -1.655749999999955868e-03 -3.311000000000001442e-03 1.779496802411352263e+01
5.198679999999999968e-01 2.523179999999999867e-01 -1.324499999999995126e-02 3.311499999999995003e-03 -3.311500000000008881e-03 -1.655749999999997502e-03 1.292688343007669083e+01
5.066230000000000455e-01 2.523179999999999867e-01 -1.655650000000000177e-02 6.622500000000003384e-03 -2.500000000349444917e-07 1.655500000000004190e-03 -4.833721384215396100e+00
4.867549999999999932e-01 2.655629999999999935e-01 -1.324550000000002115e-02 6.622500000000003384e-03 3.311250000000001692e-03 -1.655749999999997502e-03 7.647225736088601863e-04
4.801320000000000032e-01 2.655629999999999935e-01 -9.933999999999998387e-03 3.311000000000008381e-03 1.656000000000004690e-03 0.000000000000000000e+00 -4.775555814340129324e+00
4.668869999999999965e-01 2.721850000000000103e-01 -9.933500000000011765e-03 6.622500000000003384e-03 1.655749999999997502e-03 2.499999999933111283e-07 -6.445354896428100666e+00
4.602649999999999797e-01 2.788080000000000003e-01 -6.622500000000003384e-03 3.311499999999995003e-03 1.655500000000004190e-03 -1.655749999999997502e-03 1.350731190895414535e+01
4.536419999999999897e-01 2.788080000000000003e-01 -6.622500000000003384e-03 3.311000000000008381e-03 0.000000000000000000e+00 -2.499999999933111283e-07 4.078972039724518966e-03
4.470199999999999729e-01 2.854300000000000170e-01 -6.622500000000003384e-03 3.311000000000008381e-03 1.387778780781445676e-17 -1.655500000000004190e-03 2.701095284777841599e+01
4.403969999999999829e-01 2.854300000000000170e-01 -6.622499999999975628e-03 0.000000000000000000e+00 1.655750000000011379e-03 2.499999999933111283e-07 -5.700278501204409168e-03
4.337750000000000217e-01 2.854300000000000170e-01 -3.310999999999980625e-03 3.311499999999995003e-03 4.966749999999978127e-03 1.655749999999997502e-03 -2.135548407618375393e+02
4.337750000000000217e-01 2.920530000000000070e-01 3.310999999999980625e-03 3.311499999999995003e-03 4.966749999999978127e-03 -1.655749999999997502e-03 -2.135548407618375393e+02
4.403969999999999829e-01 2.920530000000000070e-01 6.622499999999975628e-03 0.000000000000000000e+00 1.655750000000011379e-03 -1.655749999999997502e-03 -3.775294451448684185e+01
4.470199999999999729e-01 2.920530000000000070e-01 6.622500000000003384e-03 0.000000000000000000e+00 1.655500000000018068e-03 0.000000000000000000e+00 0.000000000000000000e+00
4.536419999999999897e-01 2.920530000000000070e-01 9.933500000000011765e-03 0.000000000000000000e+00 8.278250000000000886e-03 1.655500000000004190e-03 1.677739744759438167e+01
4.668869999999999965e-01 2.920530000000000070e-01 2.317900000000000515e-02 3.311000000000008381e-03 9.933999999999998387e-03 1.655500000000004190e-03 4.270174681533847050e-01
5.000000000000000000e-01 2.986750000000000238e-01 2.980150000000000854e-02 3.311000000000008381e-03 3.311249999999987814e-03 1.655999999999990813e-03 1.423922004909392358e+00
5.264900000000000135e-01 2.986750000000000238e-01 2.980149999999998078e-02 6.622999999999990006e-03 -3.311250000000001692e-03 1.655999999999990813e-03 2.505293764314176386e+00
5.596029999999999616e-01 3.119210000000000038e-01 2.317900000000000515e-02 6.622999999999990006e-03 -8.278249999999987008e-03 -3.311499999999995003e-03 -1.565440595948197844e+00
5.728480000000000238e-01 3.119210000000000038e-01 1.324500000000000677e-02 0.000000000000000000e+00 -3.311499999999995003e-03 -1.655999999999990813e-03 -9.439661198246930951e+00
5.860929999999999751e-01 3.119210000000000038e-01 1.655600000000001515e-02 3.311000000000008381e-03 0.000000000000000000e+00 1.655500000000004190e-03 5.694706781933086326e+00
6.059600000000000541e-01 3.185430000000000206e-01 1.324500000000000677e-02 3.311000000000008381e-03 -1.655500000000031946e-03 2.499999999933111283e-07 2.155297032380647515e+00
6.125829999999999886e-01 3.185430000000000206e-01 1.324499999999995126e-02 3.311499999999995003e-03 0.000000000000000000e+00 2.499999999933111283e-07 1.301178530428144823e-03
6.324499999999999567e-01 3.251660000000000106e-01 1.324500000000000677e-02 3.311499999999995003e-03 -1.655499999999976435e-03 -1.655749999999997502e-03 -6.463441715038312552e+00
6.390730000000000022e-01 3.251660000000000106e-01 9.933999999999998387e-03 0.000000000000000000e+00 0.000000000000000000e+00 -1.655749999999997502e-03 -1.677824193330093649e+01
6.523179999999999534e-01 3.251660000000000106e-01 1.324500000000000677e-02 0.000000000000000000e+00 1.655500000000004190e-03 0.000000000000000000e+00 0.000000000000000000e+00
6.655630000000000157e-01 3.251660000000000106e-01 1.324500000000000677e-02 0.000000000000000000e+00 -1.655750000000011379e-03 0.000000000000000000e+00 0.000000000000000000e+00
6.788079999999999670e-01 3.251660000000000106e-01 9.933499999999984009e-03 0.000000000000000000e+00 -3.311249999999987814e-03 -1.655749999999997502e-03 -1.677993103222859617e+01
6.854299999999999837e-01 3.251660000000000106e-01 6.622500000000031140e-03 -3.311499999999995003e-03 -3.310999999999980625e-03 -3.311250000000001692e-03 -8.103163503035152360e+01
6.920530000000000292e-01 3.185430000000000206e-01 3.311500000000022759e-03 -6.622500000000003384e-03 -3.311250000000015570e-03 -1.655500000000004190e-03 -6.752636257661615105e+01
6.920530000000000292e-01 3.119210000000000038e-01 0.000000000000000000e+00 -6.622500000000003384e-03 -1.655750000000011379e-03 -2.499999999933111283e-07 -3.775294451448683475e+01
6.920530000000000292e-01 3.052980000000000138e-01 0.000000000000000000e+00 -6.622999999999990006e-03 0.000000000000000000e+00 0.000000000000000000e+00 0.000000000000000000e+00
6.920530000000000292e-01 2.986750000000000238e-01 0.000000000000000000e+00 -6.622500000000003384e-03 -3.311250000000015570e-03 1.655999999999990813e-03 -7.550018875047214806e+01
6.920530000000000292e-01 2.920530000000000070e-01 -6.622500000000031140e-03 -3.311000000000008381e-03 -4.966999999999999194e-03 3.311250000000001692e-03 -9.454343360528298490e+01
6.788079999999999670e-01 2.920530000000000070e-01 -9.933999999999998387e-03 0.000000000000000000e+00 -1.655749999999983624e-03 1.655500000000004190e-03 -1.677570860370213879e+01
6.721850000000000325e-01 2.920530000000000070e-01 -9.933999999999998387e-03 0.000000000000000000e+00 2.499999999794333405e-07 1.655500000000004190e-03 -1.677570860370213879e+01
6.589399999999999702e-01 2.920530000000000070e-01 -9.933500000000039520e-03 3.311000000000008381e-03 3.311499999999995003e-03 3.311250000000001692e-03 -3.820314964330222551e+01
6.523179999999999534e-01 2.986750000000000238e-01 -3.311000000000008381e-03 6.622500000000003384e-03 6.622250000000023951e-03 4.967249999999992505e-03 -1.485673786328792687e+02
6.523179999999999534e-01 3.052980000000000138e-01 3.311000000000008381e-03 1.324549999999999339e-02 4.966750000000019760e-03 3.311250000000001692e-03 -2.154156549630238260e+01
6.589399999999999702e-01 3.251660000000000106e-01 6.622500000000031140e-03 1.324500000000000677e-02 1.656000000000018568e-03 -3.311749999999988314e-03 -1.350843359085357420e+01
6.655630000000000157e-01 3.317880000000000273e-01 6.623000000000045517e-03 6.622000000000016762e-03 5.000000000143778323e-07 -6.622999999999990006e-03 -5.339878710648955007e+01
