3.476819999999999911e-01 3.781459999999999821e-01 -1.324500000000000677e-02 -1.986799999999999677e-02 6.622500000000003384e-03 -3.642349999999999755e-02 4.509914827758048261e+01
3.344369999999999843e-01 3.582779999999999854e-01 -6.622500000000003384e-03 -5.629149999999999432e-02 1.158950000000000258e-02 -1.986724999999999602e-02 4.305380292431893352e+00
3.344369999999999843e-01 2.655629999999999935e-01 9.933999999999998387e-03 -5.960249999999998882e-02 1.821200000000000596e-02 3.145699999999999885e-02 6.336597481560776401e+00
3.543049999999999811e-01 2.390730000000000077e-01 2.980150000000000854e-02 6.622500000000003384e-03 1.158925000000000927e-02 4.635749999999999593e-02 4.585855005756781821e+01
3.940400000000000014e-01 2.788080000000000003e-01 3.311250000000001692e-02 3.311250000000000304e-02 -4.966999999999999194e-03 1.655500000000004190e-03 2.135467817852918060e+00
4.205300000000000149e-01 3.052980000000000138e-01 1.986750000000001015e-02 9.933500000000011765e-03 -6.622500000000017262e-03 -2.649000000000000660e-02 -4.201909240945914803e+01
4.337750000000000217e-01 2.986750000000000238e-01 1.986749999999998240e-02 -1.986750000000001015e-02 3.311249999999987814e-03 -1.324475000000001346e-02 -8.897558646299229324e+00
4.602649999999999797e-01 2.655629999999999935e-01 2.648999999999998578e-02 -1.655600000000001515e-02 -8.278249999999987008e-03 2.483450000000000935e-02 1.708539075400613427e+01
4.867549999999999932e-01 2.655629999999999935e-01 3.311000000000008381e-03 2.980150000000000854e-02 -3.973499999999999255e-02 3.311250000000000304e-02 4.799104605319885053e+01
4.668869999999999965e-01 3.251660000000000106e-01 -5.297999999999999932e-02 4.966899999999999094e-02 -4.139049999999999674e-02 -2.500000000071889161e-07 5.367750128111870467e+00
3.807949999999999946e-01 3.649009999999999754e-01 -7.946999999999998510e-02 2.980099999999999416e-02 -3.311499999999995003e-03 -1.655649999999998789e-02 2.313444929858384125e+00
3.079470000000000263e-01 3.847679999999999989e-01 -5.960299999999998932e-02 1.655600000000001515e-02 4.304624999999998036e-02 -1.158924999999999539e-02 -9.259995356925081189e-02
2.615890000000000160e-01 3.980130000000000057e-01 6.622499999999975628e-03 6.622500000000003384e-03 7.284799999999999609e-02 -8.278000000000007574e-03 -6.539900422466465670e+02
3.211919999999999775e-01 3.980130000000000057e-01 8.609300000000000286e-02 0.000000000000000000e+00 5.629150000000000820e-02 -3.311250000000001692e-03 -4.467414898946053814e-01
4.337750000000000217e-01 3.980130000000000057e-01 1.192054999999999920e-01 0.000000000000000000e+00 -1.655749999999997502e-03 -8.278000000000007574e-03 -5.825495011114384392e-01
5.596029999999999616e-01 3.980130000000000057e-01 8.278150000000000786e-02 -1.655600000000001515e-02 -5.960274999999999601e-02 -1.490049999999999708e-02 -3.690256842374542767e+00
5.993380000000000374e-01 3.649009999999999754e-01 0.000000000000000000e+00 -2.980099999999999416e-02 -5.960275000000000989e-02 4.966750000000019760e-03 -6.711268638437327638e+01
5.596029999999999616e-01 3.384110000000000174e-01 -3.642400000000001192e-02 -6.622499999999975628e-03 -8.278249999999987008e-03 2.483424999999998828e-02 -1.890791015721198676e+01
5.264900000000000135e-01 3.516560000000000241e-01 -1.655649999999997402e-02 1.986749999999998240e-02 2.649024999999999297e-02 1.490049999999998320e-02 -4.468873393529021598e+01
5.264900000000000135e-01 3.781459999999999821e-01 1.655649999999997402e-02 2.317849999999999078e-02 2.317899999999997740e-02 -1.655749999999983624e-03 -2.443274411690961045e+01
5.596029999999999616e-01 3.980130000000000057e-01 2.980149999999998078e-02 1.655600000000001515e-02 4.966750000000019760e-03 -4.966749999999992005e-03 -5.811040249832873705e+00
5.860929999999999751e-01 4.112580000000000124e-01 2.649000000000001354e-02 1.324500000000000677e-02 -3.311499999999967248e-03 -3.311000000000008381e-03 -1.687853157294632034e+00
