5.463580000000000103e-01 3.715229999999999921e-01 -6.623000000000045517e-03 0.000000000000000000e+00 -3.310999999999952870e-03 0.000000000000000000e+00 0.000000000000000000e+00
5.397349999999999648e-01 3.715229999999999921e-01 -9.933999999999998387e-03 0.000000000000000000e+00 -3.310999999999980625e-03 -1.655500000000004190e-03 1.677570860370213879e+01
5.264900000000000135e-01 3.715229999999999921e-01 -1.324500000000000677e-02 -3.311000000000008381e-03 -3.311250000000001692e-03 -8.277999999999993697e-03 3.877745468025786835e+01
5.132449999999999513e-01 3.649009999999999754e-01 -1.655650000000000177e-02 -1.655599999999998739e-02 -3.311249999999987814e-03 -1.158949999999998870e-02 1.067779052707246734e+01
4.933770000000000100e-01 3.384110000000000174e-01 -1.986749999999998240e-02 -2.648999999999998578e-02 2.499999999933111283e-07 -4.967250000000006382e-03 2.718394413955081301e+00
4.735099999999999865e-01 3.119210000000000038e-01 -1.655600000000001515e-02 -2.649050000000000016e-02 4.966749999999992005e-03 -2.500000000071889161e-07 4.316214665757357238e+00
4.602649999999999797e-01 2.854300000000000170e-01 -9.933999999999998387e-03 -2.649050000000000016e-02 6.622250000000010073e-03 2.499999999933111283e-07 7.746468741887045262e+00
4.536419999999999897e-01 2.589400000000000035e-01 -3.311499999999995003e-03 -2.649000000000001354e-02 4.966999999999999194e-03 1.655999999999997752e-03 6.627351768401394949e+00
4.536419999999999897e-01 2.324499999999999900e-01 0.000000000000000000e+00 -2.317850000000000465e-02 4.966999999999999194e-03 4.967000000000006132e-03 9.245353170813572774e+00
4.536419999999999897e-01 2.125829999999999942e-01 6.622500000000003384e-03 -1.655600000000000127e-02 6.622500000000003384e-03 4.966750000000005882e-03 2.513991340443186928e+01
4.668869999999999965e-01 1.993379999999999874e-01 1.324500000000000677e-02 -1.324499999999999289e-02 3.311250000000001692e-03 3.311000000000001442e-03 1.334617002338287506e+01
4.801320000000000032e-01 1.860930000000000084e-01 1.324500000000000677e-02 -9.933999999999998387e-03 1.655749999999983624e-03 4.966749999999992005e-03 1.811955280789436529e+01
4.933770000000000100e-01 1.794699999999999906e-01 1.655649999999997402e-02 -3.311500000000008881e-03 1.655749999999997502e-03 6.622750000000003634e-03 2.391881102451285912e+01
5.132449999999999513e-01 1.794699999999999906e-01 1.655650000000000177e-02 3.311500000000008881e-03 2.775557561562891351e-17 8.278250000000007824e-03 2.847399701596751243e+01
5.264900000000000135e-01 1.860930000000000084e-01 1.655650000000002953e-02 1.324500000000000677e-02 -1.655749999999997502e-03 6.622249999999996195e-03 1.380380326295733973e+01
5.463580000000000103e-01 2.059600000000000042e-01 1.324500000000000677e-02 1.655600000000000127e-02 -1.655750000000011379e-03 4.966999999999992255e-03 9.778643093430304134e+00
5.529800000000000271e-01 2.192050000000000110e-01 1.324500000000000677e-02 2.317899999999999128e-02 -1.655500000000004190e-03 3.311499999999995003e-03 4.322082330351978641e+00
5.728480000000000238e-01 2.523179999999999867e-01 9.933999999999998387e-03 2.317899999999999128e-02 -4.966999999999999194e-03 -4.966999999999992255e-03 4.102147370856680908e+00
5.728480000000000238e-01 2.655629999999999935e-01 3.311000000000008381e-03 1.324500000000000677e-02 -3.311499999999995003e-03 -6.622749999999989756e-03 8.618910981855767872e+00
5.794700000000000406e-01 2.788080000000000003e-01 3.311000000000008381e-03 9.933500000000011765e-03 -1.655500000000004190e-03 -6.622500000000003384e-03 -4.775483822479618112e+00
5.794700000000000406e-01 2.854300000000000170e-01 0.000000000000000000e+00 0.000000000000000000e+00 -1.655500000000004190e-03 -9.933500000000011765e-03 0.000000000000000000e+00
5.794700000000000406e-01 2.788080000000000003e-01 0.000000000000000000e+00 -9.933500000000011765e-03 0.000000000000000000e+00 -6.622500000000003384e-03 0.000000000000000000e+00
5.794700000000000406e-01 2.655629999999999935e-01 0.000000000000000000e+00 -1.324500000000000677e-02 1.655749999999983624e-03 -1.655749999999990563e-03 9.438236128621550591e+00
5.794700000000000406e-01 2.523179999999999867e-01 3.311499999999967248e-03 -1.324499999999999289e-02 3.311249999999987814e-03 6.938893903907228378e-18 1.723410963598175272e+01
5.860929999999999751e-01 2.390730000000000077e-01 6.622499999999975628e-03 -1.324499999999999289e-02 1.655500000000031946e-03 -6.938893903907228378e-18 6.752432325996148954e+00
5.927149999999999919e-01 2.258280000000000010e-01 6.622500000000031140e-03 -1.324500000000000677e-02 1.655750000000011379e-03 1.655499999999997252e-03 1.012966818581161377e+01
5.993380000000000374e-01 2.125829999999999942e-01 9.933999999999998387e-03 -9.933999999999998387e-03 3.311249999999987814e-03 4.966750000000005882e-03 2.965733461675646865e+01
6.125829999999999886e-01 2.059600000000000042e-01 1.324500000000000677e-02 -3.311499999999995003e-03 3.311000000000008381e-03 6.622749999999996695e-03 3.877804783492958052e+01
6.258280000000000509e-01 2.059600000000000042e-01 1.655600000000001515e-02 3.311499999999995003e-03 -2.775557561562891351e-17 8.278249999999993947e-03 2.847561766022319318e+01
6.456950000000000189e-01 2.125829999999999942e-01 1.324499999999995126e-02 1.324499999999999289e-02 -4.966750000000019760e-03 8.278000000000000635e-03 2.669284388496374660e+01
6.523179999999999534e-01 2.324499999999999900e-01 6.622499999999975628e-03 1.986749999999999627e-02 -4.966999999999971438e-03 4.967000000000006132e-03 1.432551413071397484e+01
6.589399999999999702e-01 2.523179999999999867e-01 3.311000000000008381e-03 2.317900000000000515e-02 -3.311249999999987814e-03 1.655500000000011129e-03 6.406229331264927218e+00
6.589399999999999702e-01 2.788080000000000003e-01 0.000000000000000000e+00 2.317850000000001853e-02 -3.311000000000008381e-03 -1.655749999999997502e-03 6.162948328682059440e+00
6.589399999999999702e-01 2.986750000000000238e-01 -3.311000000000008381e-03 1.986750000000001015e-02 -8.277999999999979819e-03 1.655999999999990813e-03 1.945660482264946367e+01
6.523179999999999534e-01 3.185430000000000206e-01 -1.655599999999995964e-02 2.649050000000000016e-02 -9.933999999999970631e-03 1.655749999999983624e-03 7.733349207201752229e+00
6.258280000000000509e-01 3.516560000000000241e-01 -2.317899999999994964e-02 2.317899999999997740e-02 -1.655750000000039135e-03 -8.278500000000008074e-03 6.537334397617838633e+00
6.059600000000000541e-01 3.649009999999999754e-01 -1.986750000000003791e-02 9.933499999999984009e-03 1.655749999999955868e-03 -8.278249999999987008e-03 1.350623935950080678e+01
5.860929999999999751e-01 3.715229999999999921e-01 -1.986750000000003791e-02 6.622500000000003384e-03 2.775557561562891351e-17 -3.310999999999994503e-03 7.162036030822492627e+00
5.662249999999999783e-01 3.781459999999999821e-01 -1.986749999999998240e-02 3.311499999999995003e-03 -1.655499999999976435e-03 -1.655749999999997502e-03 4.696766093091845562e+00
5.463580000000000103e-01 3.781459999999999821e-01 -2.317849999999999078e-02 3.311000000000008381e-03 1.655499999999976435e-03 -2.499999999933111283e-07 -4.265931000929478190e-01
5.198679999999999968e-01 3.847679999999999989e-01 -1.655650000000002953e-02 3.311000000000008381e-03 8.278000000000007574e-03 -1.655500000000004190e-03 1.719681898716548206e-04
5.132449999999999513e-01 3.847679999999999989e-01 -6.622499999999975628e-03 0.000000000000000000e+00 9.934000000000026143e-03 -1.655500000000004190e-03 3.774724423598564016e+01
5.066230000000000455e-01 3.847679999999999989e-01 3.311500000000022759e-03 0.000000000000000000e+00 1.158924999999996763e-02 0.000000000000000000e+00 0.000000000000000000e+00
5.198679999999999968e-01 3.847679999999999989e-01 1.655599999999995964e-02 0.000000000000000000e+00 9.933499999999984009e-03 0.000000000000000000e+00 0.000000000000000000e+00
5.397349999999999648e-01 3.847679999999999989e-01 2.317849999999999078e-02 0.000000000000000000e+00 4.967000000000026949e-03 0.000000000000000000e+00 0.000000000000000000e+00
5.662249999999999783e-01 3.847679999999999989e-01 2.649000000000001354e-02 0.000000000000000000e+00 3.311500000000022759e-03 0.000000000000000000e+00 0.000000000000000000e+00
5.927149999999999919e-01 3.847679999999999989e-01 2.980150000000003629e-02 0.000000000000000000e+00 1.655749999999983624e-03 0.000000000000000000e+00 0.000000000000000000e+00
6.258280000000000509e-01 3.847679999999999989e-01 2.980149999999998078e-02 0.000000000000000000e+00 8.277999999999979819e-03 0.000000000000000000e+00 0.000000000000000000e+00
6.523179999999999534e-01 3.847679999999999989e-01 4.635749999999999593e-02 0.000000000000000000e+00 9.933750000000018954e-03 0.000000000000000000e+00 0.000000000000000000e+00
7.185430000000000428e-01 3.847679999999999989e-01 4.966900000000001869e-02 0.000000000000000000e+00 -6.622500000000003384e-03 0.000000000000000000e+00 0.000000000000000000e+00
7.516559999999999908e-01 3.847679999999999989e-01 3.311249999999998916e-02 0.000000000000000000e+00 -4.966999999999999194e-03 0.000000000000000000e+00 0.000000000000000000e+00
7.847680000000000211e-01 3.847679999999999989e-01 3.973500000000002030e-02 0.000000000000000000e+00 0.000000000000000000e+00 -1.655500000000004190e-03 -1.048534562110703172e+00
8.311260000000000314e-01 3.847679999999999989e-01 3.311249999999998916e-02 -3.311000000000008381e-03 -1.158950000000003033e-02 -3.311250000000001692e-03 -4.016552276108074082e+00
8.509929999999999994e-01 3.781459999999999821e-01 1.655599999999995964e-02 -6.622500000000003384e-03 -9.933749999999991198e-03 -3.311499999999995003e-03 -2.127318907443440565e+01
8.642379999999999507e-01 3.715229999999999921e-01 1.324500000000000677e-02 -9.933999999999998387e-03 -4.966749999999964249e-03 -3.311250000000001692e-03 -2.053549316759063359e+01
8.774830000000000130e-01 3.582779999999999854e-01 6.622500000000031140e-03 -1.324500000000000677e-02 -8.278000000000007574e-03 -1.655499999999990313e-03 -3.714041718661310654e+01
8.774830000000000130e-01 3.450329999999999786e-01 -3.311000000000008381e-03 -1.324499999999997901e-02 -1.158925000000002314e-02 -1.655499999999990313e-03 -5.816634465975744206e+01
8.708609999999999962e-01 3.317880000000000273e-01 -1.655600000000001515e-02 -1.655599999999998739e-02 -8.278249999999987008e-03 -1.387778780781445676e-17 -1.067782278610752122e+01
8.443709999999999827e-01 3.119210000000000038e-01 -1.986749999999998240e-02 -1.324500000000000677e-02 -2.499999999794333405e-07 4.966499999999998693e-03 -7.248152228968077537e+00
8.311260000000000314e-01 3.052980000000000138e-01 -1.655649999999997402e-02 -6.622999999999990006e-03 3.311249999999987814e-03 4.966750000000005882e-03 -1.063470158173531566e+01
8.112580000000000346e-01 2.986750000000000238e-01 -1.324500000000000677e-02 -3.311499999999995003e-03 3.311499999999967248e-03 9.934249999999991698e-03 -4.739575324218571239e+01
8.046360000000000179e-01 2.986750000000000238e-01 -9.933500000000039520e-03 1.324549999999999339e-02 3.311249999999987814e-03 1.324524999999998620e-02 -3.865452790156616913e+01
7.913909999999999556e-01 3.251660000000000106e-01 -6.622500000000031140e-03 2.317899999999997740e-02 4.966750000000019760e-03 1.655249999999997002e-03 -9.000462279726882286e+00
7.913909999999999556e-01 3.450329999999999786e-01 0.000000000000000000e+00 1.655599999999998739e-02 3.311250000000015570e-03 -4.966999999999985316e-03 -1.208039502616297334e+01
7.913909999999999556e-01 3.582779999999999854e-01 0.000000000000000000e+00 1.324500000000000677e-02 0.000000000000000000e+00 -1.655499999999990313e-03 -0.000000000000000000e+00
7.913909999999999556e-01 3.715229999999999921e-01 0.000000000000000000e+00 1.324500000000000677e-02 0.000000000000000000e+00 0.000000000000000000e+00 0.000000000000000000e+00
