5.132449999999999513e-01 3.119210000000000038e-01 -1.324499999999995126e-02 0.000000000000000000e+00 -3.311500000000022759e-03 0.000000000000000000e+00 0.000000000000000000e+00
5.000000000000000000e-01 3.119210000000000038e-01 -1.655649999999997402e-02 0.000000000000000000e+00 -1.655750000000025257e-03 -4.966999999999999194e-03 1.811995409428015336e+01
4.801320000000000032e-01 3.119210000000000038e-01 -1.655650000000000177e-02 -9.933999999999998387e-03 2.499999999794333405e-07 -9.933999999999998387e-03 2.284976890634652591e+01
4.668869999999999965e-01 2.920530000000000070e-01 -1.655600000000001515e-02 -1.986799999999999677e-02 1.655749999999997502e-03 -6.622500000000003384e-03 8.240439682465531490e+00
4.470199999999999729e-01 2.721850000000000103e-01 -1.324500000000000677e-02 -2.317900000000000515e-02 4.966750000000019760e-03 -1.655250000000003940e-03 7.203049968229990441e+00
4.403969999999999829e-01 2.456949999999999967e-01 -6.622499999999975628e-03 -2.317850000000000465e-02 4.967000000000013071e-03 2.500000000002500222e-07 8.218574859234532681e+00
4.337750000000000217e-01 2.258280000000000010e-01 -3.310999999999980625e-03 -2.317850000000000465e-02 4.966749999999978127e-03 -2.500000000002500222e-07 8.969031900888273512e+00
4.337750000000000217e-01 1.993379999999999874e-01 3.310999999999980625e-03 -2.317900000000000515e-02 4.966749999999978127e-03 3.311000000000008381e-03 9.822627015161950581e+00
4.403969999999999829e-01 1.794699999999999906e-01 6.622499999999975628e-03 -1.655649999999998789e-02 4.967000000000013071e-03 1.655750000000004440e-03 1.643736826338682278e+01
4.470199999999999729e-01 1.662250000000000116e-01 1.324500000000000677e-02 -1.986749999999999627e-02 4.966750000000019760e-03 1.655749999999990563e-03 8.859163513819465763e+00
4.668869999999999965e-01 1.397349999999999981e-01 1.655600000000001515e-02 -1.324500000000000677e-02 -1.655500000000004190e-03 9.933749999999998137e-03 1.495495359535779478e+01
4.801320000000000032e-01 1.397349999999999981e-01 9.933999999999998387e-03 0.000000000000000000e+00 -1.655249999999997002e-03 9.933750000000005076e-03 1.006618516110092258e+02
4.867549999999999932e-01 1.397349999999999981e-01 1.324550000000002115e-02 6.622500000000003384e-03 1.655499999999990313e-03 6.622500000000003384e-03 2.363443087389713426e+01
5.066230000000000455e-01 1.529800000000000049e-01 1.324499999999997901e-02 1.324500000000000677e-02 -3.311500000000022759e-03 1.655749999999997502e-03 1.001076115348241480e+01
5.132449999999999513e-01 1.662250000000000116e-01 6.622499999999975628e-03 9.933999999999998387e-03 -4.966749999999978127e-03 -3.311250000000008631e-03 1.610683865220170574e+01
5.198679999999999968e-01 1.728480000000000016e-01 3.311500000000022759e-03 6.622499999999989506e-03 -1.655749999999983624e-03 -1.655749999999997502e-03 1.350527245373578289e+01
5.198679999999999968e-01 1.794699999999999906e-01 3.311000000000008381e-03 6.622500000000003384e-03 1.655499999999976435e-03 6.938893903907228378e-18 -2.701095284777801808e+01
5.264900000000000135e-01 1.860930000000000084e-01 6.622499999999975628e-03 6.622500000000003384e-03 2.499999999794333405e-07 -3.311250000000001692e-03 -2.669536307595283375e+01
5.331129999999999480e-01 1.927149999999999974e-01 3.311499999999967248e-03 0.000000000000000000e+00 -1.655749999999983624e-03 -6.622500000000003384e-03 -6.039103158756563516e+02
5.331129999999999480e-01 1.860930000000000084e-01 3.311000000000008381e-03 -6.622500000000003384e-03 1.655500000000031946e-03 -3.311250000000001692e-03 4.549310190953048338e-13
5.397349999999999648e-01 1.794699999999999906e-01 6.622500000000031140e-03 -6.622500000000003384e-03 3.311499999999995003e-03 -1.655499999999997252e-03 1.334969689076778643e+01
5.463580000000000103e-01 1.728480000000000016e-01 9.933999999999998387e-03 -9.933499999999997887e-03 6.622499999999975628e-03 -3.311250000000001692e-03 1.186281437556079332e+01
5.596029999999999616e-01 1.596029999999999949e-01 1.986749999999998240e-02 -1.324500000000000677e-02 4.966750000000019760e-03 -2.500000000002500222e-07 4.831817721629749762e+00
5.860929999999999751e-01 1.463579999999999881e-01 1.986750000000003791e-02 -9.933999999999998387e-03 -3.311249999999987814e-03 4.966750000000005882e-03 6.002222498592326261e+00
5.993380000000000374e-01 1.397349999999999981e-01 1.324500000000000677e-02 -3.311499999999995003e-03 -3.311250000000015570e-03 6.622749999999996695e-03 3.016066774686587948e+01
6.125829999999999886e-01 1.397349999999999981e-01 1.324500000000000677e-02 3.311499999999995003e-03 -1.655750000000011379e-03 4.966999999999999194e-03 2.800640405464810812e+01
6.258280000000000509e-01 1.463579999999999881e-01 9.933499999999984009e-03 6.622500000000003384e-03 -1.655750000000011379e-03 9.933500000000004826e-03 6.443165783143321335e+01
6.324499999999999567e-01 1.529800000000000049e-01 9.933499999999984009e-03 2.317850000000000465e-02 -1.655499999999976435e-03 1.655624999999999458e-02 1.264849271785916862e+01
6.456950000000000189e-01 1.927149999999999974e-01 6.622500000000031140e-03 3.973499999999999255e-02 -6.622249999999996195e-03 3.311499999999995003e-03 4.360900644193697495e+00
6.456950000000000189e-01 2.324499999999999900e-01 -3.311000000000008381e-03 2.980149999999999466e-02 -6.622500000000031140e-03 -9.933749999999991198e-03 8.540737746860354918e+00
6.390730000000000022e-01 2.523179999999999867e-01 -6.622500000000031140e-03 1.986750000000001015e-02 -3.311499999999995003e-03 -6.622749999999989756e-03 1.193834904574009670e+01
6.324499999999999567e-01 2.721850000000000103e-01 -9.933999999999998387e-03 1.655600000000001515e-02 -4.966749999999964249e-03 -1.655500000000004190e-03 1.370944053244211069e+01
6.192050000000000054e-01 2.854300000000000170e-01 -1.655599999999995964e-02 1.655650000000000177e-02 -8.278000000000007574e-03 1.655999999999990813e-03 8.541419834334234906e+00
5.993380000000000374e-01 3.052980000000000138e-01 -2.649000000000001354e-02 1.986799999999999677e-02 -3.311500000000022759e-03 -1.655749999999997502e-03 3.020199076208979427e+00
5.662249999999999783e-01 3.251660000000000106e-01 -2.317900000000000515e-02 1.324500000000000677e-02 1.655750000000011379e-03 -4.967250000000006382e-03 4.898745757732998030e+00
5.529800000000000271e-01 3.317880000000000273e-01 -2.317849999999999078e-02 9.933499999999984009e-03 1.655749999999983624e-03 -3.311250000000015570e-03 3.760397580698788822e+00
5.198679999999999968e-01 3.450329999999999786e-01 -1.986750000000003791e-02 6.622499999999975628e-03 4.966499999999998693e-03 -4.966749999999992005e-03 7.162576806723383704e+00
5.132449999999999513e-01 3.450329999999999786e-01 -1.324549999999999339e-02 0.000000000000000000e+00 3.311250000000029448e-03 -3.311249999999987814e-03 1.887362219868328594e+01
4.933770000000000100e-01 3.450329999999999786e-01 -1.324499999999997901e-02 0.000000000000000000e+00 6.622749999999996695e-03 0.000000000000000000e+00 -0.000000000000000000e+00
4.867549999999999932e-01 3.450329999999999786e-01 0.000000000000000000e+00 0.000000000000000000e+00 1.655624999999999458e-02 -1.655499999999990313e-03 0.000000000000000000e+00
4.933770000000000100e-01 3.450329999999999786e-01 1.986750000000001015e-02 -3.310999999999980625e-03 1.324525000000000008e-02 -1.655499999999990313e-03 1.341862754747094266e+00
5.264900000000000135e-01 3.384110000000000174e-01 2.649050000000000016e-02 -3.310999999999980625e-03 9.933750000000005076e-03 -2.500000000071889161e-07 1.728288747969877859e+00
5.463580000000000103e-01 3.384110000000000174e-01 3.973500000000002030e-02 -3.311499999999995003e-03 9.933499999999997887e-03 -2.500000000071889161e-07 5.187609648575963739e-01
6.059600000000000541e-01 3.317880000000000273e-01 4.635749999999999593e-02 -3.311499999999995003e-03 -4.966750000000019760e-03 1.655749999999997502e-03 6.007678017188000652e-01
6.390730000000000022e-01 3.317880000000000273e-01 2.980149999999998078e-02 0.000000000000000000e+00 -9.933749999999991198e-03 1.655749999999997502e-03 1.864311659770860663e+00
6.655630000000000157e-01 3.317880000000000273e-01 2.649000000000001354e-02 0.000000000000000000e+00 1.655500000000004190e-03 0.000000000000000000e+00 0.000000000000000000e+00
6.920530000000000292e-01 3.317880000000000273e-01 3.311249999999998916e-02 0.000000000000000000e+00 -2.775557561562891351e-17 0.000000000000000000e+00 0.000000000000000000e+00
7.317879999999999940e-01 3.317880000000000273e-01 2.648999999999995802e-02 0.000000000000000000e+00 -9.933749999999991198e-03 -1.655500000000004190e-03 -2.359202764749092740e+00
7.450329999999999453e-01 3.317880000000000273e-01 1.324500000000000677e-02 -3.311000000000008381e-03 -8.277999999999952063e-03 -3.311250000000001692e-03 -2.800519853494775901e+01
7.582780000000000076e-01 3.251660000000000106e-01 9.934000000000053898e-03 -6.622500000000003384e-03 -4.966749999999992005e-03 -4.967249999999992505e-03 -4.832294820550056613e+01
7.649010000000000531e-01 3.185430000000000206e-01 3.311500000000022759e-03 -1.324549999999999339e-02 -6.622750000000038328e-03 -4.966999999999999194e-03 -4.092990061530371548e+01
7.649010000000000531e-01 2.986750000000000238e-01 -3.311500000000022759e-03 -1.655650000000000177e-02 -3.311500000000022759e-03 -3.311000000000008381e-03 -9.112435772984744276e+00
7.582780000000000076e-01 2.854300000000000170e-01 -3.311500000000022759e-03 -1.986750000000001015e-02 1.655750000000011379e-03 -1.655500000000004190e-03 4.696766093091879313e+00
7.582780000000000076e-01 2.589400000000000035e-01 0.000000000000000000e+00 -1.986750000000001015e-02 3.311500000000022759e-03 4.967000000000006132e-03 8.389543225441519425e+00
7.582780000000000076e-01 2.456949999999999967e-01 3.311500000000022759e-03 -9.933499999999997887e-03 4.966999999999999194e-03 6.622500000000003384e-03 6.207991980012405975e+01
7.649010000000000531e-01 2.390730000000000077e-01 9.933999999999998387e-03 -6.622500000000003384e-03 4.966749999999964249e-03 4.966749999999998944e-03 4.832002956558660145e+01
7.781460000000000043e-01 2.324499999999999900e-01 1.324499999999995126e-02 0.000000000000000000e+00 1.655500000000004190e-03 1.158950000000000258e-02 6.606337769147606309e+01
7.913909999999999556e-01 2.390730000000000077e-01 1.324500000000000677e-02 1.655650000000000177e-02 -3.311249999999960059e-03 9.933749999999998137e-03 1.955559785190230571e+01
8.046360000000000179e-01 2.655629999999999935e-01 6.622500000000031140e-03 1.986749999999999627e-02 -6.622500000000003384e-03 1.655500000000004190e-03 1.551882628525054741e+01
8.046360000000000179e-01 2.788080000000000003e-01 0.000000000000000000e+00 1.986750000000001015e-02 -6.622500000000031140e-03 6.938893903907228378e-18 1.677781972232714480e+01
8.046360000000000179e-01 3.052980000000000138e-01 -6.622500000000031140e-03 1.986750000000001015e-02 -1.158950000000000258e-02 -1.655500000000004190e-03 2.626296188328601744e+01
7.913909999999999556e-01 3.185430000000000206e-01 -2.317900000000000515e-02 1.655650000000000177e-02 -1.324499999999997901e-02 -3.311250000000015570e-03 1.280897369729384749e+01
7.582780000000000076e-01 3.384110000000000174e-01 -3.311249999999998916e-02 1.324499999999997901e-02 -4.966500000000012571e-03 -4.967250000000020260e-03 5.076383127030173803e+00
7.251659999999999773e-01 3.450329999999999786e-01 -3.311200000000003030e-02 6.621999999999961251e-03 4.999999999588666810e-07 -6.623000000000017762e-03 5.695480758148800504e+00
