5.132449999999999513e-01 2.721850000000000103e-01 -6.621999999999905739e-03 0.000000000000000000e+00 -3.312000000000064892e-03 0.000000000000000000e+00 0.000000000000000000e+00
5.066230000000000455e-01 2.721850000000000103e-01 -9.933999999999970631e-03 0.000000000000000000e+00 -4.967250000000061894e-03 -1.655500000000004190e-03 1.677570860370223116e+01
4.933770000000000100e-01 2.721850000000000103e-01 -1.655650000000002953e-02 -3.311000000000008381e-03 -3.311000000000022259e-03 -4.966750000000005882e-03 1.480646122538501785e+01
4.735099999999999865e-01 2.655629999999999935e-01 -1.655600000000001515e-02 -9.933500000000011765e-03 -1.655499999999976435e-03 -6.622749999999996695e-03 1.294944070653553858e+01
4.602649999999999797e-01 2.523179999999999867e-01 -1.986749999999998240e-02 -1.655650000000000177e-02 -2.499999999933111283e-07 -3.311499999999988064e-03 3.803311775455799904e+00
4.337750000000000217e-01 2.324499999999999900e-01 -1.655650000000000177e-02 -1.655649999999998789e-02 6.622499999999989506e-03 2.500000000002500222e-07 8.541290865388511122e+00
4.271519999999999762e-01 2.192050000000000110e-01 -6.622500000000003384e-03 -1.655600000000000127e-02 4.967000000000013071e-03 -1.655500000000011129e-03 1.643792208189836046e+01
4.205300000000000149e-01 1.993379999999999874e-01 -6.622499999999975628e-03 -1.986750000000001015e-02 1.655500000000004190e-03 -1.655749999999997502e-03 4.774870945848650905e+00
4.139070000000000249e-01 1.794699999999999906e-01 -3.311499999999995003e-03 -1.986749999999999627e-02 4.966999999999985316e-03 1.655750000000004440e-03 1.140589645195734825e+01
4.139070000000000249e-01 1.596029999999999949e-01 3.311499999999995003e-03 -1.655600000000000127e-02 4.966999999999985316e-03 3.311250000000001692e-03 1.936376399319544461e+01
4.205300000000000149e-01 1.463579999999999881e-01 6.622499999999975628e-03 -1.324499999999999289e-02 1.655500000000004190e-03 3.311000000000001442e-03 1.350486465199206343e+01
4.271519999999999762e-01 1.331130000000000091e-01 6.622500000000003384e-03 -9.933999999999998387e-03 4.967000000000013071e-03 4.966749999999992005e-03 4.832148888554394262e+01
4.337750000000000217e-01 1.264899999999999913e-01 1.655650000000000177e-02 -3.311500000000008881e-03 4.966749999999992005e-03 6.622750000000003634e-03 2.619666198101517196e+01
4.602649999999999797e-01 1.264899999999999913e-01 1.655599999999998739e-02 3.311500000000008881e-03 -4.966999999999999194e-03 6.622750000000003634e-03 2.619842821268946764e+01
4.668869999999999965e-01 1.331130000000000091e-01 6.622500000000003384e-03 9.933999999999998387e-03 -4.966749999999992005e-03 3.310999999999994503e-03 4.187680766961697998e+01
4.735099999999999865e-01 1.463579999999999881e-01 6.622500000000003384e-03 9.933499999999997887e-03 0.000000000000000000e+00 -1.655749999999997502e-03 -6.443895497366043834e+00
4.801320000000000032e-01 1.529800000000000049e-01 6.622500000000003384e-03 6.622500000000003384e-03 0.000000000000000000e+00 -1.655499999999997252e-03 -1.334566618518496206e+01
4.867549999999999932e-01 1.596029999999999949e-01 6.622500000000003384e-03 6.622500000000003384e-03 0.000000000000000000e+00 -1.655749999999997502e-03 -1.334768153797644352e+01
4.933770000000000100e-01 1.662250000000000116e-01 6.622500000000003384e-03 3.311000000000008381e-03 2.500000000071889161e-07 -3.311250000000001692e-03 -5.402802399963517388e+01
5.000000000000000000e-01 1.662250000000000116e-01 6.623000000000017762e-03 0.000000000000000000e+00 -1.655499999999990313e-03 -3.311000000000008381e-03 -7.548309006660068121e+01
5.066230000000000455e-01 1.662250000000000116e-01 3.311500000000022759e-03 -3.311000000000008381e-03 -1.656000000000032446e-03 -3.311250000000001692e-03 -1.601762068787698468e+02
5.066230000000000455e-01 1.596029999999999949e-01 3.310999999999952870e-03 -6.622500000000003384e-03 1.655499999999976435e-03 -1.655749999999997502e-03 1.350445675787003097e+01
5.132449999999999513e-01 1.529800000000000049e-01 6.622499999999975628e-03 -6.622500000000003384e-03 1.655750000000039135e-03 -1.655499999999997252e-03 2.015352791874277724e-03
5.198679999999999968e-01 1.463579999999999881e-01 6.622500000000031140e-03 -9.933499999999997887e-03 0.000000000000000000e+00 -1.655749999999997502e-03 -6.443895497366047387e+00
5.264900000000000135e-01 1.331130000000000091e-01 6.622499999999975628e-03 -9.933999999999998387e-03 4.966999999999971438e-03 1.655499999999997252e-03 3.543601794909226044e+01
5.331129999999999480e-01 1.264899999999999913e-01 1.655649999999997402e-02 -6.622500000000003384e-03 8.278000000000035330e-03 3.311500000000001942e-03 1.933795149406389413e+01
5.596029999999999616e-01 1.198680000000000023e-01 2.317850000000004629e-02 -3.310999999999994503e-03 -2.499999999794333405e-07 3.311250000000001692e-03 5.979397602835599734e+00
5.794700000000000406e-01 1.198680000000000023e-01 1.655600000000001515e-02 0.000000000000000000e+00 -6.622250000000023951e-03 3.310999999999994503e-03 1.207948295405820005e+01
5.927149999999999919e-01 1.198680000000000023e-01 9.933999999999998387e-03 3.310999999999994503e-03 -3.311000000000008381e-03 4.966749999999998944e-03 5.252174185881968782e+01
5.993380000000000374e-01 1.264899999999999913e-01 9.933999999999998387e-03 9.933499999999997887e-03 -2.500000000071889161e-07 4.967000000000006132e-03 1.779735654529851629e+01
6.125829999999999886e-01 1.397349999999999981e-01 9.933499999999984009e-03 1.324500000000000677e-02 -4.966999999999999194e-03 6.622750000000003634e-03 2.899340772245144393e+01
6.192050000000000054e-01 1.529800000000000049e-01 0.000000000000000000e+00 2.317900000000000515e-02 -8.277999999999979819e-03 6.622499999999996445e-03 1.540763675402290112e+01
6.125829999999999886e-01 1.860930000000000084e-01 -6.622499999999975628e-03 2.648999999999999966e-02 -4.966999999999999194e-03 -3.311500000000001942e-03 7.540267402619135417e+00
6.059600000000000541e-01 2.059600000000000042e-01 -9.933999999999998387e-03 1.655600000000000127e-02 -4.966750000000019760e-03 -6.622500000000003384e-03 2.056479336947259284e+01
5.927149999999999919e-01 2.192050000000000110e-01 -1.655600000000001515e-02 1.324499999999999289e-02 -8.278000000000007574e-03 2.499999999933111283e-07 1.150326929423801658e+01
5.728480000000000238e-01 2.324499999999999900e-01 -2.649000000000001354e-02 1.655649999999998789e-02 -3.311499999999995003e-03 6.938893903907228378e-18 1.798567918990815029e+00
5.397349999999999648e-01 2.523179999999999867e-01 -2.317900000000000515e-02 1.324500000000000677e-02 4.967000000000026949e-03 -4.966999999999992255e-03 2.593353821558105565e+00
5.264900000000000135e-01 2.589400000000000035e-01 -1.655599999999995964e-02 6.622500000000003384e-03 3.311250000000001692e-03 -4.966750000000005882e-03 1.063571850149710230e+01
5.066230000000000455e-01 2.655629999999999935e-01 -1.655650000000000177e-02 3.311499999999995003e-03 1.655249999999969246e-03 -3.311250000000001692e-03 1.025067333852334528e+01
4.933770000000000100e-01 2.655629999999999935e-01 -1.324550000000002115e-02 0.000000000000000000e+00 3.311499999999995003e-03 -1.655749999999997502e-03 9.437523580360826614e+00
4.801320000000000032e-01 2.655629999999999935e-01 -9.933500000000011765e-03 0.000000000000000000e+00 2.500000000071889161e-07 0.000000000000000000e+00 -0.000000000000000000e+00
4.735099999999999865e-01 2.655629999999999935e-01 -1.324500000000000677e-02 0.000000000000000000e+00 -1.655749999999997502e-03 -1.655749999999997502e-03 9.438236128621628751e+00
4.536419999999999897e-01 2.655629999999999935e-01 -1.324500000000000677e-02 -3.311499999999995003e-03 6.622500000000003384e-03 -1.655749999999997502e-03 1.723541081451218915e+01
4.470199999999999729e-01 2.589400000000000035e-01 0.000000000000000000e+00 -3.311499999999995003e-03 9.933750000000005076e-03 1.655749999999997502e-03 9.058654738134692934e+02
4.536419999999999897e-01 2.589400000000000035e-01 6.622500000000003384e-03 0.000000000000000000e+00 6.622500000000003384e-03 1.655749999999997502e-03 3.775294451448651500e+01
4.602649999999999797e-01 2.589400000000000035e-01 1.324500000000000677e-02 0.000000000000000000e+00 6.622500000000003384e-03 0.000000000000000000e+00 0.000000000000000000e+00
4.801320000000000032e-01 2.589400000000000035e-01 1.986750000000001015e-02 0.000000000000000000e+00 1.158950000000000258e-02 1.655749999999997502e-03 4.194771612720724185e+00
5.000000000000000000e-01 2.589400000000000035e-01 3.642400000000001192e-02 3.311499999999995003e-03 9.933750000000005076e-03 1.655749999999997502e-03 5.603223704838624641e-01
5.529800000000000271e-01 2.655629999999999935e-01 3.973500000000002030e-02 3.311499999999995003e-03 -3.311250000000015570e-03 -1.655749999999997502e-03 -8.648845504799961281e-01
5.794700000000000406e-01 2.655629999999999935e-01 2.980149999999998078e-02 0.000000000000000000e+00 3.311249999999987814e-03 -2.499999999933111283e-07 -2.814905118105062655e-04
6.125829999999999886e-01 2.655629999999999935e-01 4.635749999999999593e-02 3.311000000000008381e-03 4.966750000000019760e-03 1.655500000000004190e-03 6.006784736599645180e-01
6.721850000000000325e-01 2.721850000000000103e-01 3.973500000000002030e-02 3.311000000000008381e-03 -1.324474999999999958e-02 -1.655500000000004190e-03 -3.459157234852458518e-01
6.920530000000000292e-01 2.721850000000000103e-01 1.986799999999999677e-02 0.000000000000000000e+00 -6.622500000000031140e-03 -1.655500000000004190e-03 -4.193927150925534697e+00
7.119210000000000260e-01 2.721850000000000103e-01 2.648999999999995802e-02 0.000000000000000000e+00 -2.500000000071889161e-07 0.000000000000000000e+00 0.000000000000000000e+00
7.450329999999999453e-01 2.721850000000000103e-01 1.986749999999998240e-02 0.000000000000000000e+00 -9.933749999999963443e-03 -3.311250000000001692e-03 -8.388909861163561743e+00
7.516559999999999908e-01 2.721850000000000103e-01 6.622500000000031140e-03 -6.622500000000003384e-03 -8.278249999999987008e-03 -6.622500000000003384e-03 -1.201210724306216520e+02
7.582780000000000076e-01 2.589400000000000035e-01 3.311000000000008381e-03 -1.324500000000000677e-02 -6.622500000000031140e-03 -3.311250000000001692e-03 -3.877745468025808151e+01
7.582780000000000076e-01 2.456949999999999967e-01 -6.622500000000031140e-03 -1.324500000000000677e-02 -6.622249999999996195e-03 1.655750000000004440e-03 -3.038747501220831282e+01
7.450329999999999453e-01 2.324499999999999900e-01 -9.933499999999984009e-03 -9.933499999999997887e-03 -1.655499999999976435e-03 3.311250000000008631e-03 -1.779601301622153642e+01
7.384110000000000396e-01 2.258280000000000010e-01 -9.933499999999984009e-03 -6.622499999999989506e-03 -1.655750000000011379e-03 1.655499999999997252e-03 -1.610803608668992837e+01
7.251659999999999773e-01 2.192050000000000110e-01 -1.324500000000000677e-02 -6.622500000000003384e-03 -1.655999999999990813e-03 1.655749999999990563e-03 -1.013068788262910402e+01
7.119210000000000260e-01 2.125829999999999942e-01 -1.324549999999996563e-02 -3.311000000000008381e-03 1.655500000000004190e-03 4.966750000000005882e-03 -2.369565698238360341e+01
6.986750000000000460e-01 2.125829999999999942e-01 -9.933999999999998387e-03 3.311000000000008381e-03 4.967249999999978627e-03 6.622250000000003134e-03 -7.162180227387283082e+01
6.920530000000000292e-01 2.192050000000000110e-01 -3.311000000000008381e-03 9.933499999999997887e-03 6.622500000000003384e-03 4.966999999999992255e-03 -7.163009441870455873e+01
6.920530000000000292e-01 2.324499999999999900e-01 3.311000000000008381e-03 1.324499999999999289e-02 4.966749999999992005e-03 1.655750000000004440e-03 -2.369688161785325420e+01
6.986750000000000460e-01 2.456949999999999967e-01 6.622499999999975628e-03 1.324500000000000677e-02 1.655999999999963057e-03 6.938893903907228378e-18 -6.754471719631012228e+00
7.052979999999999805e-01 2.589400000000000035e-01 6.622999999999934495e-03 1.324500000000000677e-02 4.999999999588666810e-07 0.000000000000000000e+00 -2.039301250224088286e-03
