4.536419999999999897e-01 2.986750000000000238e-01 6.622999999999990006e-03 0.000000000000000000e+00 -9.933999999999998387e-03 0.000000000000000000e+00 0.000000000000000000e+00
4.602649999999999797e-01 2.986750000000000238e-01 -3.311000000000008381e-03 0.000000000000000000e+00 -9.933999999999984509e-03 0.000000000000000000e+00 0.000000000000000000e+00
4.470199999999999729e-01 2.986750000000000238e-01 -1.324499999999997901e-02 0.000000000000000000e+00 -6.622749999999982817e-03 -3.311250000000001692e-03 1.887504718761804057e+01
4.337750000000000217e-01 2.986750000000000238e-01 -1.655649999999997402e-02 -6.622500000000003384e-03 -4.967000000000013071e-03 -9.933750000000005076e-03 2.320495779409997184e+01
4.139070000000000249e-01 2.854300000000000170e-01 -2.317900000000000515e-02 -1.986750000000001015e-02 -1.655500000000018068e-03 -6.622500000000003384e-03 4.239153360369613210e+00
3.874170000000000114e-01 2.589400000000000035e-01 -1.986750000000001015e-02 -1.986750000000001015e-02 4.966999999999999194e-03 -1.655499999999997252e-03 5.931855049591430173e+00
3.741720000000000046e-01 2.456949999999999967e-01 -1.324500000000000677e-02 -2.317850000000000465e-02 8.278250000000000886e-03 -6.622499999999996445e-03 1.469569241442690632e+01
3.609269999999999978e-01 2.125829999999999942e-01 -3.311000000000008381e-03 -3.311250000000000304e-02 1.324500000000000677e-02 -2.499999999933111283e-07 1.190111777153453687e+01
3.675499999999999878e-01 1.794699999999999906e-01 1.324500000000000677e-02 -2.317899999999999128e-02 9.933500000000011765e-03 1.158950000000000258e-02 2.016942748846960498e+01
3.874170000000000114e-01 1.662250000000000116e-01 1.655600000000001515e-02 -9.933499999999997887e-03 0.000000000000000000e+00 9.933999999999991448e-03 2.285116938259196573e+01
4.006620000000000181e-01 1.596029999999999949e-01 1.324500000000000677e-02 -3.311000000000008381e-03 3.311499999999981125e-03 9.933499999999997887e-03 5.601104762737642062e+01
4.139070000000000249e-01 1.596029999999999949e-01 2.317899999999997740e-02 9.933499999999997887e-03 6.622499999999989506e-03 1.158925000000000233e-02 1.264836900810731102e+01
4.470199999999999729e-01 1.794699999999999906e-01 2.648999999999998578e-02 1.986749999999999627e-02 -3.311499999999981125e-03 4.967000000000006132e-03 5.436241601174029547e+00
4.668869999999999965e-01 1.993379999999999874e-01 1.655600000000001515e-02 1.986750000000001015e-02 -8.277999999999993697e-03 -4.966999999999992255e-03 4.754064992944786461e+00
4.801320000000000032e-01 2.192050000000000110e-01 9.933999999999998387e-03 9.933500000000011765e-03 -4.966750000000005882e-03 -8.278000000000007574e-03 -1.186490434850417053e+01
4.867549999999999932e-01 2.192050000000000110e-01 6.622500000000003384e-03 3.311499999999995003e-03 -3.311499999999995003e-03 -6.622250000000010073e-03 -8.102347782535098020e+01
4.933770000000000100e-01 2.258280000000000010e-01 3.311000000000008381e-03 -3.311000000000008381e-03 -1.655500000000004190e-03 -1.158949999999999564e-02 -4.271580621643009295e+02
4.933770000000000100e-01 2.125829999999999942e-01 3.311499999999995003e-03 -1.986749999999999627e-02 4.967249999999992505e-03 -8.278249999999993947e-03 8.722609023156449481e+00
5.000000000000000000e-01 1.860930000000000084e-01 1.324549999999999339e-02 -1.986749999999999627e-02 6.622499999999989506e-03 4.966749999999998944e-03 1.449646816656229831e+01
5.198679999999999968e-01 1.728480000000000016e-01 1.655649999999997402e-02 -9.933999999999998387e-03 4.966499999999998693e-03 6.622499999999996445e-03 2.208677202819711027e+01
5.331129999999999480e-01 1.662250000000000116e-01 2.317849999999999078e-02 -6.622500000000003384e-03 6.622250000000023951e-03 8.278249999999993947e-03 1.682845133277412586e+01
5.662249999999999783e-01 1.596029999999999949e-01 2.980100000000002192e-02 6.622499999999989506e-03 -3.310999999999980625e-03 1.821175000000000571e-02 1.984676120689176670e+01
5.927149999999999919e-01 1.794699999999999906e-01 1.655650000000002953e-02 2.980100000000000804e-02 -1.324474999999999958e-02 1.158950000000000952e-02 1.480479624306168951e+01
5.993380000000000374e-01 2.192050000000000110e-01 3.311500000000022759e-03 2.980150000000000854e-02 -1.490075000000001815e-02 1.655749999999997502e-03 1.667504859201136114e+01
5.993380000000000374e-01 2.390730000000000077e-01 -1.324500000000000677e-02 3.311250000000000304e-02 -1.821200000000003372e-02 3.311249999999994753e-03 1.232805137552892560e+01
5.728480000000000238e-01 2.854300000000000170e-01 -3.311250000000004468e-02 3.642399999999999805e-02 -1.490075000000000427e-02 -6.622250000000003134e-03 6.388509230646281623e+00
5.331129999999999480e-01 3.119210000000000038e-01 -4.304650000000001531e-02 1.986799999999999677e-02 -2.499999999655555527e-07 -1.490074999999999733e-02 6.019087207495691594e+00
4.867549999999999932e-01 3.251660000000000106e-01 -3.311299999999997579e-02 6.622500000000003384e-03 9.933750000000005076e-03 -9.933999999999998387e-03 6.833956402571977229e+00
4.668869999999999965e-01 3.251660000000000106e-01 -2.317900000000000515e-02 0.000000000000000000e+00 6.622749999999982817e-03 -4.966999999999999194e-03 9.244954307469429367e+00
4.403969999999999829e-01 3.251660000000000106e-01 -1.986750000000001015e-02 -3.311499999999995003e-03 9.934000000000012265e-03 -1.655749999999997502e-03 8.051787177429554632e+00
4.271519999999999762e-01 3.185430000000000206e-01 -3.310999999999980625e-03 -3.311499999999995003e-03 1.490075000000000427e-02 1.655749999999997502e-03 4.271338675828827718e+02
4.337750000000000217e-01 3.185430000000000206e-01 9.933999999999998387e-03 0.000000000000000000e+00 1.986749999999999627e-02 1.655749999999997502e-03 1.677824193330093649e+01
4.470199999999999729e-01 3.185430000000000206e-01 3.642400000000001192e-02 0.000000000000000000e+00 2.814550000000001773e-02 0.000000000000000000e+00 0.000000000000000000e+00
5.066230000000000455e-01 3.185430000000000206e-01 6.622500000000003384e-02 0.000000000000000000e+00 1.324474999999997182e-02 0.000000000000000000e+00 0.000000000000000000e+00
5.794700000000000406e-01 3.185430000000000206e-01 6.291349999999995557e-02 0.000000000000000000e+00 -8.278000000000035330e-03 -1.655500000000004190e-03 -4.182553377260979088e-01
6.324499999999999567e-01 3.185430000000000206e-01 4.966899999999996318e-02 -3.311000000000008381e-03 -1.490049999999995545e-02 -3.311250000000001692e-03 -1.733273757800230408e+00
6.788079999999999670e-01 3.119210000000000038e-01 3.311250000000004468e-02 -6.622500000000003384e-03 -1.158949999999997482e-02 -3.311499999999995003e-03 -4.840922804260725520e+00
6.986750000000000460e-01 3.052980000000000138e-01 2.649000000000001354e-02 -9.933999999999998387e-03 -3.311000000000036136e-03 -4.966999999999999194e-03 -7.262988001999045373e+00
7.317879999999999940e-01 2.920530000000000070e-01 2.649049999999997240e-02 -1.655650000000000177e-02 -6.622500000000003384e-03 -3.311250000000001692e-03 -6.474102933331639775e+00
7.516559999999999908e-01 2.721850000000000103e-01 1.324500000000000677e-02 -1.655650000000000177e-02 -1.158974999999998201e-02 3.311499999999995003e-03 -1.552998434179080078e+01
7.582780000000000076e-01 2.589400000000000035e-01 3.311000000000008381e-03 -9.933500000000011765e-03 -9.933750000000018954e-03 3.311500000000001942e-03 -7.640557835007045639e+01
7.582780000000000076e-01 2.523179999999999867e-01 -6.622500000000031140e-03 -9.933499999999997887e-03 -9.933500000000011765e-03 -2.499999999933111283e-07 -5.798678937687262192e+01
7.450329999999999453e-01 2.390730000000000077e-01 -1.655600000000001515e-02 -9.933999999999998387e-03 -4.966749999999964249e-03 3.310999999999994503e-03 -1.447099305763590138e+01
7.251659999999999773e-01 2.324499999999999900e-01 -1.655599999999995964e-02 -3.311500000000008881e-03 3.311000000000008381e-03 8.278250000000000886e-03 -2.619756825987158066e+01
7.119210000000000260e-01 2.324499999999999900e-01 -9.933999999999998387e-03 6.622500000000003384e-03 9.933499999999984009e-03 1.324525000000000702e-02 -1.159716706035090397e+02
7.052979999999999805e-01 2.456949999999999967e-01 3.311000000000008381e-03 2.317900000000000515e-02 1.158950000000000258e-02 9.933750000000005076e-03 -1.836516897377981294e+01
7.185430000000000428e-01 2.788080000000000003e-01 1.324500000000000677e-02 2.649000000000001354e-02 4.966999999999971438e-03 -1.655999999999990813e-03 -5.909143057859652437e+00
7.317879999999999940e-01 2.986750000000000238e-01 1.324499999999995126e-02 1.986700000000002353e-02 -5.551115123125782702e-17 -6.622999999999990006e-03 -6.443895497365944358e+00
