5.596029999999999616e-01 2.192050000000000110e-01 -1.324499999999995126e-02 0.000000000000000000e+00 -5.551115123125782702e-17 -6.622500000000003384e-03 3.775009437523623745e+01
5.463580000000000103e-01 2.192050000000000110e-01 -1.324500000000000677e-02 -6.622500000000003384e-03 -2.775557561562891351e-17 -6.622500000000003384e-03 2.701176869761913224e+01
5.331129999999999480e-01 2.059600000000000042e-01 -1.324500000000000677e-02 -1.324500000000000677e-02 -1.655749999999983624e-03 -4.966749999999998944e-03 6.672833092592522775e+00
5.198679999999999968e-01 1.927149999999999974e-01 -1.655649999999997402e-02 -1.655600000000000127e-02 -3.311499999999995003e-03 -8.277999999999993697e-03 6.406145488644982677e+00
5.000000000000000000e-01 1.728480000000000016e-01 -1.986799999999999677e-02 -2.980099999999999416e-02 1.655749999999983624e-03 -6.622750000000000165e-03 3.937662398085604032e+00
4.801320000000000032e-01 1.331130000000000091e-01 -1.324500000000000677e-02 -2.980150000000000160e-02 9.933999999999998387e-03 1.655249999999993532e-03 7.903235384065326663e+00
4.735099999999999865e-01 1.132449999999999984e-01 0.000000000000000000e+00 -2.649050000000000710e-02 9.933750000000005076e-03 6.622499999999999915e-03 1.415575100473386172e+01
4.801320000000000032e-01 8.013199999999999490e-02 6.622500000000003384e-03 -1.655650000000000177e-02 4.966999999999999194e-03 1.324525000000000355e-02 2.997356931054714835e+01
4.867549999999999932e-01 8.013199999999999490e-02 9.933999999999998387e-03 0.000000000000000000e+00 3.311249999999987814e-03 8.278250000000000886e-03 8.388614300730708351e+01
5.000000000000000000e-01 8.013199999999999490e-02 1.324499999999997901e-02 0.000000000000000000e+00 0.000000000000000000e+00 3.311250000000001692e-03 1.887504718761804057e+01
5.132449999999999513e-01 8.013199999999999490e-02 9.933999999999998387e-03 6.622500000000003384e-03 -1.655499999999990313e-03 6.622750000000000165e-03 4.510109402528149758e+01
5.198679999999999968e-01 9.337700000000000167e-02 9.933999999999998387e-03 1.324550000000000033e-02 -2.500000000071889161e-07 1.655749999999997502e-03 3.624742293005657867e+00
5.331129999999999480e-01 1.066229999999999956e-01 9.933499999999984009e-03 9.933999999999998387e-03 -1.655749999999983624e-03 -1.656000000000001221e-03 -5.970964830322526276e-04
5.397349999999999648e-01 1.132449999999999984e-01 6.622500000000031140e-03 9.933499999999997887e-03 -3.310999999999980625e-03 3.469446951953614189e-18 1.932828117864740847e+01
5.463580000000000103e-01 1.264899999999999913e-01 3.311500000000022759e-03 9.934000000000005326e-03 -1.655750000000011379e-03 -1.655499999999997252e-03 9.550679209373351242e+00
5.463580000000000103e-01 1.331130000000000091e-01 3.311000000000008381e-03 6.622500000000003384e-03 -2.500000000071889161e-07 -1.655750000000007910e-03 -1.350241711786853926e+01
5.529800000000000271e-01 1.397349999999999981e-01 3.311000000000008381e-03 6.622499999999989506e-03 -1.655500000000004190e-03 0.000000000000000000e+00 2.701095284777861139e+01
5.529800000000000271e-01 1.463579999999999881e-01 0.000000000000000000e+00 6.622500000000003384e-03 2.499999999794333405e-07 -3.311249999999994753e-03 -5.700278500887930554e-03
5.529800000000000271e-01 1.529800000000000049e-01 3.311499999999967248e-03 0.000000000000000000e+00 1.655749999999983624e-03 -6.622500000000003384e-03 -6.039103158756563516e+02
5.596029999999999616e-01 1.463579999999999881e-01 3.311499999999967248e-03 -6.622500000000003384e-03 -2.499999999794333405e-07 -3.311249999999994753e-03 -2.701666296519062982e+01
5.596029999999999616e-01 1.397349999999999981e-01 3.311000000000008381e-03 -6.622499999999989506e-03 1.655500000000031946e-03 -1.655499999999997252e-03 1.350649608990892503e+01
5.662249999999999783e-01 1.331130000000000091e-01 6.622500000000031140e-03 -9.933499999999997887e-03 1.655750000000011379e-03 -1.655750000000007910e-03 3.221704491019846461e+00
5.728480000000000238e-01 1.198680000000000023e-01 6.622500000000031140e-03 -9.934000000000005326e-03 -2.775557561562891351e-17 1.655499999999997252e-03 6.442249040481685007e+00
5.794700000000000406e-01 1.132449999999999984e-01 6.622499999999975628e-03 -6.622500000000003384e-03 4.966999999999971438e-03 1.655750000000004440e-03 5.338871079911447026e+01
5.860929999999999751e-01 1.066229999999999956e-01 1.655649999999997402e-02 -6.622499999999996445e-03 6.622500000000031140e-03 1.655500000000004190e-03 1.256890197743192950e+01
6.125829999999999886e-01 1.000000000000000056e-01 1.986750000000003791e-02 -3.311499999999995003e-03 -3.311499999999995003e-03 4.966999999999995724e-03 1.073487197162971896e+01
6.258280000000000509e-01 1.000000000000000056e-01 9.933499999999984009e-03 3.311499999999995003e-03 -6.622500000000031140e-03 6.622749999999996695e-03 7.640644338462820429e+01
6.324499999999999567e-01 1.066229999999999956e-01 6.622499999999975628e-03 9.933999999999998387e-03 -1.655499999999976435e-03 4.966750000000005882e-03 2.899133673316540794e+01
6.390730000000000022e-01 1.198680000000000023e-01 6.622500000000031140e-03 1.324500000000000677e-02 -1.655749999999983624e-03 4.966749999999998944e-03 1.688261036021630446e+01
6.456950000000000189e-01 1.331130000000000091e-01 3.311000000000008381e-03 1.986749999999999627e-02 -6.622500000000031140e-03 3.311249999999994753e-03 1.744411460025750316e+01
6.456950000000000189e-01 1.596029999999999949e-01 -6.622500000000031140e-03 1.986749999999999627e-02 -9.933500000000011765e-03 -3.311249999999994753e-03 2.387471524651047972e+01
6.324499999999999567e-01 1.728480000000000016e-01 -1.655600000000001515e-02 1.324500000000000677e-02 -4.966749999999964249e-03 -4.966999999999999194e-03 1.553014745553468323e+01
6.125829999999999886e-01 1.860930000000000084e-01 -1.655599999999995964e-02 9.933499999999997887e-03 -2.499999999794333405e-07 -3.311250000000008631e-03 7.617209810651242918e+00
5.993380000000000374e-01 1.927149999999999974e-01 -1.655649999999997402e-02 6.622499999999989506e-03 -1.655750000000039135e-03 -1.655499999999997252e-03 6.767881523487900175e+00
5.794700000000000406e-01 1.993379999999999874e-01 -1.986750000000003791e-02 6.622500000000003384e-03 -3.311000000000036136e-03 -1.655749999999990563e-03 5.968904134919619686e+00
5.596029999999999616e-01 2.059600000000000042e-01 -2.317850000000004629e-02 3.311000000000008381e-03 2.775557561562891351e-17 -3.311250000000001692e-03 5.979462091592849582e+00
5.331129999999999480e-01 2.059600000000000042e-01 -1.986749999999998240e-02 0.000000000000000000e+00 6.622250000000023951e-03 -1.655500000000004190e-03 4.194138248442825123e+00
5.198679999999999968e-01 2.059600000000000042e-01 -9.933999999999998387e-03 0.000000000000000000e+00 9.933749999999991198e-03 0.000000000000000000e+00 -0.000000000000000000e+00
5.132449999999999513e-01 2.059600000000000042e-01 0.000000000000000000e+00 0.000000000000000000e+00 9.933999999999998387e-03 0.000000000000000000e+00 0.000000000000000000e+00
5.198679999999999968e-01 2.059600000000000042e-01 9.933999999999998387e-03 0.000000000000000000e+00 8.278000000000007574e-03 0.000000000000000000e+00 0.000000000000000000e+00
5.331129999999999480e-01 2.059600000000000042e-01 1.655600000000001515e-02 0.000000000000000000e+00 8.278000000000007574e-03 0.000000000000000000e+00 0.000000000000000000e+00
5.529800000000000271e-01 2.059600000000000042e-01 2.649000000000001354e-02 0.000000000000000000e+00 1.655649999999997402e-02 1.655749999999997502e-03 2.359559032155407188e+00
5.860929999999999751e-01 2.059600000000000042e-01 4.966899999999996318e-02 3.311499999999995003e-03 1.158924999999999539e-02 3.311250000000001692e-03 1.022187448230252205e+00
6.523179999999999534e-01 2.125829999999999942e-01 4.966850000000000431e-02 6.622500000000003384e-03 -9.933749999999963443e-03 -2.499999999933111283e-07 5.227939081017829448e-01
6.854299999999999837e-01 2.192050000000000110e-01 2.980150000000003629e-02 3.311000000000008381e-03 -1.158899999999998820e-02 -3.311250000000001692e-03 -2.237052161735093581e+00
7.119210000000000260e-01 2.192050000000000110e-01 2.649050000000002791e-02 0.000000000000000000e+00 3.310999999999980625e-03 2.499999999933111283e-07 3.562539575778304033e-04
7.384110000000000396e-01 2.192050000000000110e-01 3.642349999999999755e-02 3.311499999999995003e-03 1.655249999999969246e-03 1.655749999999997502e-03 1.120690513868018989e+00
7.847680000000000211e-01 2.258280000000000010e-01 2.980099999999996641e-02 3.311499999999995003e-03 -1.158924999999999539e-02 -4.966999999999999194e-03 -4.067212344105376687e+00
7.980129999999999724e-01 2.258280000000000010e-01 1.324500000000000677e-02 -6.622500000000003384e-03 -1.158924999999996763e-02 -6.622749999999996695e-03 -5.064783108064905548e+01
8.112580000000000346e-01 2.125829999999999942e-01 6.622500000000031140e-03 -9.933999999999998387e-03 -6.622500000000003384e-03 0.000000000000000000e+00 -3.865738566484239414e+01
8.112580000000000346e-01 2.059600000000000042e-01 0.000000000000000000e+00 -6.622500000000003384e-03 -9.933750000000018954e-03 2.500000000002500222e-07 -2.265005662514157905e+02
8.112580000000000346e-01 1.993379999999999874e-01 -1.324500000000000677e-02 -9.933499999999997887e-03 -9.933750000000018954e-03 -1.655749999999997502e-03 -1.691158988584149370e+01
7.847680000000000211e-01 1.860930000000000084e-01 -1.986750000000003791e-02 -9.933999999999998387e-03 1.655750000000011379e-03 1.655499999999997252e-03 -1.500253493968541463e+00
7.715229999999999588e-01 1.794699999999999906e-01 -9.933499999999984009e-03 -6.622500000000003384e-03 3.311250000000015570e-03 3.311500000000001942e-03 -6.444381939233871037e+00
7.649010000000000531e-01 1.728480000000000016e-01 -1.324500000000000677e-02 -3.310999999999994503e-03 -2.500000000349444917e-07 4.966749999999998944e-03 -2.585152799451124395e+01
7.450329999999999453e-01 1.728480000000000016e-01 -9.934000000000053898e-03 3.310999999999994503e-03 6.622500000000003384e-03 4.966749999999998944e-03 -6.207141159262769747e+01
7.450329999999999453e-01 1.794699999999999906e-01 0.000000000000000000e+00 6.622500000000003384e-03 6.622750000000038328e-03 1.655750000000004440e-03 -1.510060777794458033e+02
7.450329999999999453e-01 1.860930000000000084e-01 3.311500000000022759e-03 6.622500000000003384e-03 4.967000000000026949e-03 -6.938893903907228378e-18 -8.103367448557038699e+01
7.516559999999999908e-01 1.927149999999999974e-01 9.934000000000053898e-03 6.622499999999989506e-03 8.277999999999979819e-03 -1.655500000000004190e-03 -4.187680766961658918e+01
7.649010000000000531e-01 1.993379999999999874e-01 1.986749999999998240e-02 3.311499999999995003e-03 4.966749999999964249e-03 -4.966999999999992255e-03 -1.408979173866710255e+01
7.913909999999999556e-01 1.993379999999999874e-01 1.986749999999998240e-02 -3.311499999999995003e-03 -3.311249999999960059e-03 -4.967249999999992505e-03 -1.341947643354866315e+01
8.046360000000000179e-01 1.927149999999999974e-01 1.324500000000006228e-02 -6.622999999999990006e-03 -6.622499999999920117e-03 -3.311499999999995003e-03 -2.701258436268993890e+01
