4.933770000000000100e-01 2.059600000000000042e-01 -1.324500000000000677e-02 -6.622000000000016762e-03 0.000000000000000000e+00 -3.311499999999981125e-03 1.350751590990906870e+01
4.801320000000000032e-01 1.993379999999999874e-01 -1.324500000000000677e-02 -9.933499999999997887e-03 0.000000000000000000e+00 -3.311499999999988064e-03 9.665016487017805247e+00
4.668869999999999965e-01 1.860930000000000084e-01 -1.324500000000000677e-02 -1.324499999999999289e-02 1.655749999999997502e-03 -3.311500000000001942e-03 1.001076115348235973e+01
4.536419999999999897e-01 1.728480000000000016e-01 -9.933500000000011765e-03 -1.655650000000000177e-02 1.655750000000011379e-03 -4.967000000000006132e-03 1.066340634446167535e+01
4.470199999999999729e-01 1.529800000000000049e-01 -9.933499999999984009e-03 -2.317900000000000515e-02 1.655500000000018068e-03 -3.311000000000001442e-03 4.443623942312815878e+00
4.337750000000000217e-01 1.264899999999999913e-01 -6.622499999999975628e-03 -2.317850000000000465e-02 4.966749999999992005e-03 3.311250000000005161e-03 6.652836554867921137e+00
4.337750000000000217e-01 1.066229999999999956e-01 0.000000000000000000e+00 -1.655649999999999483e-02 4.966749999999978127e-03 4.966500000000002163e-03 1.811904207726300697e+01
4.337750000000000217e-01 9.337700000000000167e-02 3.310999999999980625e-03 -1.324550000000000033e-02 4.966749999999992005e-03 4.966999999999995724e-03 3.231137243856509400e+01
4.403969999999999829e-01 8.013199999999999490e-02 9.933499999999984009e-03 -6.622500000000003384e-03 4.967000000000013071e-03 6.622750000000000165e-03 5.799165408938561939e+01
4.536419999999999897e-01 8.013199999999999490e-02 1.324500000000000677e-02 0.000000000000000000e+00 4.967000000000013071e-03 6.622500000000003384e-03 3.775009437523591771e+01
4.668869999999999965e-01 8.013199999999999490e-02 1.986750000000001015e-02 6.622500000000003384e-03 3.311500000000008881e-03 4.967000000000002663e-03 8.356429737160759430e+00
4.933770000000000100e-01 9.337700000000000167e-02 1.986800000000002453e-02 9.934000000000005326e-03 -4.966750000000019760e-03 2.499999999967805753e-07 4.502074740695811705e+00
5.066230000000000455e-01 1.000000000000000056e-01 9.933999999999970631e-03 6.622999999999996945e-03 -6.622750000000024451e-03 -1.655750000000004440e-03 1.610766183739853119e+01
5.132449999999999513e-01 1.066229999999999956e-01 6.622499999999975628e-03 6.622499999999996445e-03 -3.311249999999973936e-03 -2.499999999967805753e-07 2.669133237036996675e+01
5.198679999999999968e-01 1.132449999999999984e-01 3.311500000000022759e-03 6.622500000000003384e-03 -1.655749999999983624e-03 -1.655499999999997252e-03 1.350731190895379363e+01
5.198679999999999968e-01 1.198680000000000023e-01 3.311000000000008381e-03 3.311500000000001942e-03 1.655499999999976435e-03 -3.311250000000001692e-03 -1.601520232541160169e+02
5.264900000000000135e-01 1.198680000000000023e-01 6.622499999999975628e-03 0.000000000000000000e+00 2.499999999794333405e-07 -3.311500000000001942e-03 -7.550588902897384003e+01
5.331129999999999480e-01 1.198680000000000023e-01 3.311499999999967248e-03 -3.311500000000001942e-03 -3.311249999999987814e-03 -3.311250000000001692e-03 -2.135145397920906021e+02
5.331129999999999480e-01 1.132449999999999984e-01 0.000000000000000000e+00 -6.622500000000003384e-03 -2.499999999794333405e-07 -1.655499999999997252e-03 -5.700278500887930554e-03
5.331129999999999480e-01 1.066229999999999956e-01 3.311000000000008381e-03 -6.622499999999996445e-03 3.311250000000015570e-03 -1.655749999999997502e-03 4.051948857768864087e+01
5.397349999999999648e-01 1.000000000000000056e-01 6.622500000000031140e-03 -9.933999999999998387e-03 1.655750000000011379e-03 -1.655750000000004440e-03 3.221854180219509090e+00
5.463580000000000103e-01 8.675499999999999878e-02 6.622500000000031140e-03 -9.934000000000005326e-03 1.655499999999976435e-03 1.655750000000000971e-03 1.610683865220158140e+01
5.529800000000000271e-01 8.013199999999999490e-02 9.933499999999984009e-03 -6.622499999999996445e-03 4.966999999999971438e-03 4.967000000000002663e-03 4.832605410099956345e+01
5.662249999999999783e-01 7.351000000000000589e-02 1.655649999999997402e-02 0.000000000000000000e+00 3.311500000000022759e-03 6.622499999999996445e-03 2.415933078102884579e+01
5.860929999999999751e-01 8.013199999999999490e-02 1.655650000000002953e-02 6.622499999999996445e-03 -1.655749999999983624e-03 4.967000000000002663e-03 1.643736826338668777e+01
5.993380000000000374e-01 8.675499999999999878e-02 1.324500000000000677e-02 9.934000000000005326e-03 -4.967000000000026949e-03 3.311250000000001692e-03 2.053604039322491204e+01
6.125829999999999886e-01 1.000000000000000056e-01 6.622499999999975628e-03 1.324499999999999983e-02 -6.622500000000003384e-03 3.311249999999998223e-03 3.376471087202406807e+01
6.125829999999999886e-01 1.132449999999999984e-01 0.000000000000000000e+00 1.655650000000000177e-02 -3.311249999999987814e-03 1.655749999999997502e-03 1.207966539051434296e+01
6.125829999999999886e-01 1.331130000000000091e-01 0.000000000000000000e+00 1.655649999999999483e-02 -8.278249999999987008e-03 3.310999999999994503e-03 3.019961948479446789e+01
6.125829999999999886e-01 1.463579999999999881e-01 -1.655649999999997402e-02 2.317849999999999078e-02 -1.324500000000000677e-02 3.311000000000004911e-03 1.091166297789227357e+01
5.794700000000000406e-01 1.794699999999999906e-01 -2.649000000000001354e-02 2.317850000000000465e-02 -3.311000000000036136e-03 -6.622249999999996195e-03 5.782311482654262313e+00
5.596029999999999616e-01 1.927149999999999974e-01 -2.317850000000004629e-02 9.933999999999998387e-03 2.775557561562891351e-17 -8.278000000000000635e-03 1.196463980737071076e+01
5.331129999999999480e-01 1.993379999999999874e-01 -2.648999999999995802e-02 6.622500000000003384e-03 -4.967249999999964749e-03 -1.655749999999997502e-03 3.770296350793003626e+00
5.066230000000000455e-01 2.059600000000000042e-01 -3.311299999999997579e-02 6.622500000000003384e-03 -2.500000000349444917e-07 -1.655500000000004190e-03 1.423626261785597480e+00
4.668869999999999965e-01 2.125829999999999942e-01 -2.649050000000002791e-02 3.311499999999995003e-03 9.933999999999984509e-03 -3.311250000000001692e-03 2.881171796550445308e+00
4.536419999999999897e-01 2.125829999999999942e-01 -1.324500000000000677e-02 0.000000000000000000e+00 9.934000000000012265e-03 -3.311499999999995003e-03 1.887647225724325750e+01
4.403969999999999829e-01 2.125829999999999942e-01 -6.622500000000003384e-03 -3.311499999999995003e-03 9.933750000000005076e-03 -3.311250000000001692e-03 1.350588432109509540e+02
4.403969999999999829e-01 2.059600000000000042e-01 6.622500000000003384e-03 -6.622500000000003384e-03 1.158950000000000258e-02 -1.655500000000004190e-03 8.008205852227580124e+01
4.536419999999999897e-01 1.993379999999999874e-01 1.655650000000000177e-02 -6.622500000000003384e-03 8.278250000000000886e-03 1.655500000000004190e-03 1.450277012392961318e+01
4.735099999999999865e-01 1.927149999999999974e-01 2.317900000000000515e-02 -3.311499999999995003e-03 8.277999999999993697e-03 3.311250000000001692e-03 8.114677098089678964e+00
5.000000000000000000e-01 1.927149999999999974e-01 3.311249999999998916e-02 0.000000000000000000e+00 1.324500000000000677e-02 1.655749999999997502e-03 1.510117780579463442e+00
5.397349999999999648e-01 1.927149999999999974e-01 4.966900000000001869e-02 0.000000000000000000e+00 6.622500000000003384e-03 0.000000000000000000e+00 0.000000000000000000e+00
5.993380000000000374e-01 1.927149999999999974e-01 4.635749999999999593e-02 0.000000000000000000e+00 -9.934000000000026143e-03 0.000000000000000000e+00 0.000000000000000000e+00
6.324499999999999567e-01 1.927149999999999974e-01 2.980099999999996641e-02 0.000000000000000000e+00 -6.622499999999975628e-03 0.000000000000000000e+00 0.000000000000000000e+00
6.589399999999999702e-01 1.927149999999999974e-01 3.311250000000004468e-02 0.000000000000000000e+00 2.500000000349444917e-07 0.000000000000000000e+00 0.000000000000000000e+00
6.986750000000000460e-01 1.927149999999999974e-01 2.980150000000003629e-02 0.000000000000000000e+00 -6.622250000000023951e-03 -3.311250000000001692e-03 -3.728341829029896637e+00
7.185430000000000428e-01 1.927149999999999974e-01 1.986799999999999677e-02 -6.622500000000003384e-03 -9.933750000000018954e-03 -4.966749999999998944e-03 -1.790522531781302007e+01
7.384110000000000396e-01 1.794699999999999906e-01 9.933999999999998387e-03 -9.933499999999997887e-03 -9.933999999999998387e-03 6.938893903907228378e-18 -3.559113024119323399e+01
7.384110000000000396e-01 1.728480000000000016e-01 0.000000000000000000e+00 -6.622499999999989506e-03 -6.622750000000010573e-03 -2.500000000002500222e-07 -1.510060777794458602e+02
7.384110000000000396e-01 1.662250000000000116e-01 -3.311500000000022759e-03 -9.933999999999998387e-03 -3.311250000000015570e-03 -1.655500000000011129e-03 -2.387381403771759025e+01
7.317879999999999940e-01 1.529800000000000049e-01 -6.622500000000031140e-03 -9.933500000000011765e-03 -3.310999999999980625e-03 3.311499999999995003e-03 -3.221607217337943041e+01
7.251659999999999773e-01 1.463579999999999881e-01 -9.933499999999984009e-03 -3.311000000000008381e-03 -6.622749999999982817e-03 4.966750000000005882e-03 -6.207840561943827140e+01
7.119210000000000260e-01 1.463579999999999881e-01 -1.986799999999999677e-02 0.000000000000000000e+00 -4.967250000000006382e-03 1.655500000000004190e-03 -4.193927150925534697e+00
6.854299999999999837e-01 1.463579999999999881e-01 -1.986799999999999677e-02 0.000000000000000000e+00 6.622750000000010573e-03 1.655500000000004190e-03 -4.193927150925534697e+00
6.721850000000000325e-01 1.463579999999999881e-01 -6.622499999999975628e-03 3.311000000000008381e-03 1.324524999999998620e-02 3.311250000000001692e-03 -1.620718353907504650e+02
6.721850000000000325e-01 1.529800000000000049e-01 6.622499999999975628e-03 6.622500000000003384e-03 1.324524999999998620e-02 2.499999999933111283e-07 -1.067733908926464323e+02
6.854299999999999837e-01 1.596029999999999949e-01 1.986799999999999677e-02 3.311499999999995003e-03 6.622750000000010573e-03 -3.311250000000001692e-03 -1.073448865746883918e+01
7.119210000000000260e-01 1.596029999999999949e-01 1.986799999999999677e-02 0.000000000000000000e+00 -3.311500000000022759e-03 -1.655749999999997502e-03 -4.194560483325234124e+00
7.251659999999999773e-01 1.596029999999999949e-01 1.324499999999995126e-02 0.000000000000000000e+00 -6.623000000000045517e-03 0.000000000000000000e+00 0.000000000000000000e+00
