6.523179999999999534e-01 2.523179999999999867e-01 -6.622999999999934495e-03 6.622000000000016762e-03 4.999999999588666810e-07 4.999999999866222566e-07 -8.061411096554888314e-03
6.456950000000000189e-01 2.589400000000000035e-01 -6.622499999999975628e-03 6.622500000000003384e-03 2.499999999516777649e-07 -1.655250000000010879e-03 1.334163547960253027e+01
6.390730000000000022e-01 2.655629999999999935e-01 -6.622500000000031140e-03 3.311499999999995003e-03 -1.655750000000011379e-03 -4.966999999999999194e-03 9.454098639452395503e+01
6.324499999999999567e-01 2.655629999999999935e-01 -9.933999999999998387e-03 -3.311499999999995003e-03 -4.966749999999964249e-03 -4.966999999999999194e-03 2.864915364240435380e+01
6.192050000000000054e-01 2.589400000000000035e-01 -1.655599999999995964e-02 -6.622500000000003384e-03 -4.966749999999992005e-03 -3.311000000000001442e-03 3.867016345578794034e+00
5.993380000000000374e-01 2.523179999999999867e-01 -1.986749999999998240e-02 -9.933499999999997887e-03 -2.500000000349444917e-07 -3.311249999999994753e-03 6.002479308843066796e+00
5.794700000000000406e-01 2.390730000000000077e-01 -1.655650000000002953e-02 -1.324499999999999289e-02 3.311249999999987814e-03 -1.655750000000004440e-03 7.477367700259726746e+00
5.662249999999999783e-01 2.258280000000000010e-01 -1.324500000000000677e-02 -1.324500000000000677e-02 1.655750000000011379e-03 -1.655750000000004440e-03 6.673840768988264394e+00
5.529800000000000271e-01 2.125829999999999942e-01 -1.324500000000000677e-02 -1.655650000000000177e-02 1.655749999999983624e-03 -3.311249999999994753e-03 7.477367700259712535e+00
5.397349999999999648e-01 1.927149999999999974e-01 -9.933500000000039520e-03 -1.986749999999999627e-02 4.966999999999999194e-03 -1.655499999999997252e-03 1.050481087233528932e+01
5.331129999999999480e-01 1.728480000000000016e-01 -3.311000000000008381e-03 -1.986749999999999627e-02 1.158925000000002314e-02 -3.311250000000001692e-03 2.952057552914684280e+01
5.331129999999999480e-01 1.529800000000000049e-01 1.324500000000000677e-02 -2.648999999999999966e-02 1.158925000000002314e-02 -3.469446951953614189e-18 1.181752134310622182e+01
5.596029999999999616e-01 1.198680000000000023e-01 1.986750000000003791e-02 -1.986750000000000321e-02 1.655500000000004190e-03 1.158924999999999886e-02 1.186348617109492309e+01
5.728480000000000238e-01 1.132449999999999984e-01 1.655600000000001515e-02 -3.311500000000001942e-03 -2.775557561562891351e-17 9.933750000000001606e-03 3.417022522057705203e+01
5.927149999999999919e-01 1.132449999999999984e-01 1.986749999999998240e-02 0.000000000000000000e+00 4.966999999999999194e-03 6.622750000000003634e-03 1.677845308660505097e+01
6.125829999999999886e-01 1.132449999999999984e-01 2.649000000000001354e-02 9.934000000000005326e-03 0.000000000000000000e+00 8.278249999999997416e-03 9.684032748696107973e+00
6.456950000000000189e-01 1.331130000000000091e-01 1.986749999999998240e-02 1.655649999999999483e-02 -8.278000000000007574e-03 1.655499999999993782e-03 9.824954887751804478e+00
6.523179999999999534e-01 1.463579999999999881e-01 9.933999999999998387e-03 1.324499999999999289e-02 -6.622499999999975628e-03 -3.311499999999991534e-03 1.207897223775070472e+01
6.655630000000000157e-01 1.596029999999999949e-01 6.622500000000031140e-03 9.933500000000011765e-03 -3.311499999999995003e-03 -3.311249999999994753e-03 6.444381939233848833e+00
6.655630000000000157e-01 1.662250000000000116e-01 3.311000000000008381e-03 6.622500000000003384e-03 -1.655750000000011379e-03 -1.655500000000011129e-03 1.351057506194829827e+01
6.721850000000000325e-01 1.728480000000000016e-01 3.311000000000008381e-03 6.622499999999989506e-03 -1.655500000000004190e-03 -3.311250000000001692e-03 -5.425782796549535053e-14
6.721850000000000325e-01 1.794699999999999906e-01 0.000000000000000000e+00 0.000000000000000000e+00 -1.655500000000004190e-03 -6.622499999999989506e-03 0.000000000000000000e+00
6.721850000000000325e-01 1.728480000000000016e-01 0.000000000000000000e+00 -6.622499999999989506e-03 0.000000000000000000e+00 -3.311250000000001692e-03 0.000000000000000000e+00
6.721850000000000325e-01 1.662250000000000116e-01 0.000000000000000000e+00 -6.622500000000003384e-03 1.655749999999983624e-03 -1.655500000000011129e-03 3.775294451448620237e+01
6.721850000000000325e-01 1.596029999999999949e-01 3.311499999999967248e-03 -9.933500000000011765e-03 3.311249999999987814e-03 -1.655749999999997502e-03 2.387489541259617454e+01
6.788079999999999670e-01 1.463579999999999881e-01 6.622499999999975628e-03 -9.933999999999998387e-03 4.966750000000019760e-03 1.655500000000011129e-03 3.543455862913545218e+01
6.854299999999999837e-01 1.397349999999999981e-01 1.324500000000000677e-02 -6.622499999999989506e-03 3.311500000000022759e-03 3.311500000000001942e-03 2.026035606844081371e+01
7.052979999999999805e-01 1.331130000000000091e-01 1.324550000000002115e-02 -3.310999999999994503e-03 -3.311249999999987814e-03 3.311249999999994753e-03 1.292552479604900739e+01
7.119210000000000260e-01 1.331130000000000091e-01 6.622500000000031140e-03 0.000000000000000000e+00 -1.656000000000018568e-03 4.966749999999992005e-03 1.132474329864558911e+02
7.185430000000000428e-01 1.331130000000000091e-01 9.933499999999984009e-03 6.622499999999989506e-03 1.655749999999983624e-03 9.933749999999998137e-03 5.154532623576328376e+01
7.317879999999999940e-01 1.463579999999999881e-01 9.933999999999998387e-03 1.986749999999999627e-02 -4.966749999999992005e-03 6.622500000000010323e-03 1.500623603409420248e+01
7.384110000000000396e-01 1.728480000000000016e-01 0.000000000000000000e+00 1.986750000000001015e-02 -9.933999999999998387e-03 -1.655749999999997502e-03 2.516736294776852390e+01
7.317879999999999940e-01 1.860930000000000084e-01 -9.933999999999998387e-03 1.655600000000000127e-02 -6.622500000000003384e-03 -1.655750000000004440e-03 1.751835326189429409e+01
7.185430000000000428e-01 2.059600000000000042e-01 -1.324500000000000677e-02 1.655600000000000127e-02 -4.966750000000019760e-03 -3.311000000000001442e-03 1.322876402683587393e+01
7.052979999999999805e-01 2.192050000000000110e-01 -1.986750000000003791e-02 9.933999999999998387e-03 -1.158950000000000258e-02 -3.311000000000001442e-03 1.650686719355060106e+01
6.788079999999999670e-01 2.258280000000000010e-01 -3.642400000000001192e-02 9.933999999999998387e-03 -6.622499999999975628e-03 -1.655749999999997502e-03 2.343165998000225958e+00
6.324499999999999567e-01 2.390730000000000077e-01 -3.311249999999998916e-02 6.622500000000003384e-03 9.934000000000026143e-03 -3.311500000000001942e-03 1.139157004086438052e+00
6.125829999999999886e-01 2.390730000000000077e-01 -1.655599999999995964e-02 3.310999999999994503e-03 9.933749999999991198e-03 -1.655750000000004440e-03 -1.138184578488076415e+00
5.993380000000000374e-01 2.456949999999999967e-01 -1.324500000000000677e-02 3.310999999999994503e-03 1.655499999999976435e-03 -1.655499999999997252e-03 6.462638015012033499e+00
5.860929999999999751e-01 2.456949999999999967e-01 -1.324500000000000677e-02 0.000000000000000000e+00 6.622500000000003384e-03 2.500000000002500222e-07 -1.425069625340643796e-03
5.728480000000000238e-01 2.456949999999999967e-01 0.000000000000000000e+00 3.311499999999995003e-03 1.490050000000001096e-02 1.655749999999997502e-03 -1.358786811884495137e+03
5.860929999999999751e-01 2.523179999999999867e-01 1.655600000000001515e-02 3.311499999999995003e-03 9.933750000000018954e-03 -1.655749999999997502e-03 -1.253013173266569780e+01
6.059600000000000541e-01 2.523179999999999867e-01 1.986750000000003791e-02 0.000000000000000000e+00 4.966999999999971438e-03 -1.655749999999997502e-03 -4.194771612720712639e+00
6.258280000000000509e-01 2.523179999999999867e-01 2.648999999999995802e-02 0.000000000000000000e+00 6.622499999999975628e-03 0.000000000000000000e+00 0.000000000000000000e+00
6.589399999999999702e-01 2.523179999999999867e-01 3.311249999999998916e-02 0.000000000000000000e+00 8.278250000000014763e-03 1.655500000000004190e-03 1.509889769439415108e+00
6.920530000000000292e-01 2.523179999999999867e-01 4.304649999999998755e-02 3.311000000000008381e-03 3.311249999999987814e-03 1.655500000000004190e-03 7.493083681940518881e-01
7.450329999999999453e-01 2.589400000000000035e-01 3.973499999999996479e-02 3.311000000000008381e-03 -8.278249999999987008e-03 -1.655500000000004190e-03 -6.053231359180694104e-01
7.715229999999999588e-01 2.589400000000000035e-01 2.649000000000001354e-02 0.000000000000000000e+00 -1.158924999999996763e-02 -3.311000000000008381e-03 -4.718405529498164164e+00
7.980129999999999724e-01 2.589400000000000035e-01 1.655650000000002953e-02 -3.311000000000008381e-03 -1.158924999999999539e-02 -4.966749999999998944e-03 -2.505593730959868992e+01
8.046360000000000179e-01 2.523179999999999867e-01 3.311500000000022759e-03 -9.933499999999997887e-03 -9.934000000000026143e-03 -6.622749999999989756e-03 -1.050580485281224128e+02
8.046360000000000179e-01 2.390730000000000077e-01 -3.311500000000022759e-03 -1.655649999999998789e-02 -3.311500000000022759e-03 -3.311500000000001942e-03 -9.112091790659706092e+00
7.980129999999999724e-01 2.192050000000000110e-01 -3.311500000000022759e-03 -1.655650000000000177e-02 1.655750000000011379e-03 3.311499999999988064e-03 3.416948425916131793e+00
7.980129999999999724e-01 2.059600000000000042e-01 0.000000000000000000e+00 -9.933500000000011765e-03 6.622750000000010573e-03 3.311500000000001942e-03 6.711719054428002096e+01
7.980129999999999724e-01 1.993379999999999874e-01 9.933999999999998387e-03 -9.933499999999997887e-03 8.278250000000014763e-03 1.655500000000011129e-03 3.559053309962608580e+01
8.178809999999999691e-01 1.860930000000000084e-01 1.655650000000002953e-02 -6.622499999999989506e-03 1.655500000000004190e-03 4.966749999999998944e-03 1.643634627765268164e+01
8.311260000000000314e-01 1.860930000000000084e-01 1.324500000000000677e-02 0.000000000000000000e+00 -2.500000000349444917e-07 6.622499999999989506e-03 3.775009437523583955e+01
8.443709999999999827e-01 1.860930000000000084e-01 1.655599999999995964e-02 6.622499999999989506e-03 -1.655750000000011379e-03 6.622499999999996445e-03 2.127245904650493458e+01
8.642379999999999507e-01 1.993379999999999874e-01 9.933499999999984009e-03 1.324499999999999289e-02 -8.277999999999979819e-03 3.311250000000008631e-03 3.140838496088834120e+01
8.642379999999999507e-01 2.125829999999999942e-01 0.000000000000000000e+00 1.324500000000000677e-02 -9.933499999999984009e-03 1.655500000000004190e-03 5.662371649322840739e+01
8.642379999999999507e-01 2.258280000000000010e-01 -9.933499999999984009e-03 1.655600000000000127e-02 -8.277999999999979819e-03 -6.938893903907228378e-18 1.904187438585630687e+01
8.443709999999999827e-01 2.456949999999999967e-01 -1.655599999999995964e-02 1.324499999999999289e-02 -8.278250000000014763e-03 -6.622250000000003134e-03 2.300732027233326349e+01
8.311260000000000314e-01 2.523179999999999867e-01 -2.649000000000001354e-02 3.311499999999995003e-03 -1.158950000000005809e-02 -6.622499999999996445e-03 1.123770992744344710e+01
7.913909999999999556e-01 2.523179999999999867e-01 -3.973500000000007581e-02 0.000000000000000000e+00 -1.324500000000006228e-02 -3.311499999999995003e-03 2.097385806360356320e+00
