6.125829999999999886e-01 2.456949999999999967e-01 -1.324499999999995126e-02 0.000000000000000000e+00 -5.551115123125782702e-17 0.000000000000000000e+00 0.000000000000000000e+00
5.993380000000000374e-01 2.456949999999999967e-01 -1.324500000000000677e-02 0.000000000000000000e+00 -2.775557561562891351e-17 -3.311250000000001692e-03 1.887504718761795885e+01
5.860929999999999751e-01 2.456949999999999967e-01 -1.324500000000000677e-02 -6.622500000000003384e-03 -1.655749999999983624e-03 -8.278000000000000635e-03 3.038747501220842295e+01
5.728480000000000238e-01 2.324499999999999900e-01 -1.655649999999997402e-02 -1.655600000000000127e-02 -1.655750000000011379e-03 -4.966749999999998944e-03 4.270742160377172247e+00
5.529800000000000271e-01 2.125829999999999942e-01 -1.655650000000002953e-02 -1.655600000000000127e-02 1.655749999999983624e-03 1.655500000000004190e-03 2.579651571909070745e-04
5.397349999999999648e-01 1.993379999999999874e-01 -1.324500000000000677e-02 -1.324499999999999289e-02 4.967000000000026949e-03 1.655500000000004190e-03 6.673840768988278604e+00
5.264900000000000135e-01 1.860930000000000084e-01 -6.622499999999975628e-03 -1.324499999999999289e-02 6.622500000000003384e-03 -6.938893903907228378e-18 2.701176869761931343e+01
5.264900000000000135e-01 1.728480000000000016e-01 0.000000000000000000e+00 -1.324500000000000677e-02 4.966999999999971438e-03 1.655499999999997252e-03 2.831328331623942773e+01
5.264900000000000135e-01 1.596029999999999949e-01 3.311499999999967248e-03 -9.933999999999998387e-03 4.966999999999999194e-03 3.311250000000001692e-03 5.252368859490081832e+01
5.331129999999999480e-01 1.529800000000000049e-01 9.933999999999998387e-03 -6.622500000000003384e-03 6.622250000000023951e-03 3.311499999999995003e-03 4.510012116979376628e+01
5.463580000000000103e-01 1.463579999999999881e-01 1.655600000000001515e-02 -3.311000000000008381e-03 3.311000000000008381e-03 4.966750000000005882e-03 1.936272543983666239e+01
5.662249999999999783e-01 1.463579999999999881e-01 1.655600000000001515e-02 3.311000000000008381e-03 -3.311000000000008381e-03 4.966750000000005882e-03 1.936272543983666239e+01
5.794700000000000406e-01 1.529800000000000049e-01 9.933999999999998387e-03 6.622500000000003384e-03 -4.966750000000019760e-03 3.311499999999995003e-03 3.865787212931189032e+01
5.860929999999999751e-01 1.596029999999999949e-01 6.622499999999975628e-03 9.933999999999998387e-03 -2.499999999794333405e-07 1.655499999999997252e-03 6.443708360438879623e+00
5.927149999999999919e-01 1.728480000000000016e-01 9.933500000000039520e-03 9.933499999999997887e-03 1.655750000000011379e-03 -1.655749999999997502e-03 -1.186520302073138744e+01
6.059600000000000541e-01 1.794699999999999906e-01 9.933999999999998387e-03 6.622500000000003384e-03 -1.655500000000031946e-03 -3.310999999999994503e-03 -1.288498447198209540e+01
6.125829999999999886e-01 1.860930000000000084e-01 6.622499999999975628e-03 3.311500000000008881e-03 -3.311499999999995003e-03 -4.967000000000006132e-03 -5.401905066766209274e+01
6.192050000000000054e-01 1.860930000000000084e-01 3.311000000000008381e-03 -3.311500000000008881e-03 -1.655499999999976435e-03 -4.967000000000006132e-03 -2.135387179396408897e+02
6.192050000000000054e-01 1.794699999999999906e-01 3.311500000000022759e-03 -6.622500000000003384e-03 3.311499999999995003e-03 -3.310999999999994503e-03 2.701462381790803846e+01
6.258280000000000509e-01 1.728480000000000016e-01 9.933999999999998387e-03 -9.933499999999997887e-03 4.966749999999964249e-03 -1.655749999999997502e-03 1.186221723399348882e+01
6.390730000000000022e-01 1.596029999999999949e-01 1.324499999999995126e-02 -9.933999999999998387e-03 1.655500000000004190e-03 3.311000000000001442e-03 1.328676002741629247e+01
6.523179999999999534e-01 1.529800000000000049e-01 1.324500000000000677e-02 -3.311499999999995003e-03 2.775557561562891351e-17 4.966999999999999194e-03 2.585181504323789525e+01
6.655630000000000157e-01 1.529800000000000049e-01 1.324500000000000677e-02 0.000000000000000000e+00 0.000000000000000000e+00 3.311499999999995003e-03 1.887647225724325750e+01
6.788079999999999670e-01 1.529800000000000049e-01 1.324500000000000677e-02 3.311499999999995003e-03 -1.655749999999983624e-03 8.278250000000000886e-03 4.524051369062982531e+01
6.920530000000000292e-01 1.596029999999999949e-01 9.933500000000039520e-03 1.655650000000000177e-02 -4.966999999999999194e-03 8.278000000000000635e-03 2.284941711739903170e+01
6.986750000000000460e-01 1.860930000000000084e-01 3.311000000000008381e-03 1.986749999999999627e-02 -8.278000000000035330e-03 -2.500000000002500222e-07 2.012753620002317945e+01
6.986750000000000460e-01 1.993379999999999874e-01 -6.622500000000031140e-03 1.655600000000000127e-02 -9.933500000000011765e-03 -1.655749999999997502e-03 3.094094894455536604e+01
6.854299999999999837e-01 2.192050000000000110e-01 -1.655600000000001515e-02 1.655600000000000127e-02 -8.277999999999979819e-03 2.499999999933111283e-07 1.067717785373739936e+01
6.655630000000000157e-01 2.324499999999999900e-01 -2.317849999999999078e-02 1.655649999999998789e-02 -4.966999999999999194e-03 -1.655499999999997252e-03 5.218621425620288967e+00
6.390730000000000022e-01 2.523179999999999867e-01 -2.649000000000001354e-02 1.324500000000000677e-02 -1.655750000000011379e-03 -4.966999999999992255e-03 5.909015595757487915e+00
6.125829999999999886e-01 2.589400000000000035e-01 -2.649000000000001354e-02 6.622500000000003384e-03 0.000000000000000000e+00 -4.966750000000005882e-03 6.462714574854262928e+00
5.860929999999999751e-01 2.655629999999999935e-01 -2.649000000000001354e-02 3.311499999999995003e-03 1.655500000000004190e-03 -3.311250000000001692e-03 4.322129189192713383e+00
5.596029999999999616e-01 2.655629999999999935e-01 -2.317900000000000515e-02 0.000000000000000000e+00 4.966750000000019760e-03 -1.655749999999997502e-03 3.081806542096332979e+00
5.397349999999999648e-01 2.655629999999999935e-01 -1.655649999999997402e-02 0.000000000000000000e+00 4.966999999999999194e-03 0.000000000000000000e+00 -0.000000000000000000e+00
5.264900000000000135e-01 2.655629999999999935e-01 -1.324500000000000677e-02 0.000000000000000000e+00 6.622749999999982817e-03 0.000000000000000000e+00 -0.000000000000000000e+00
5.132449999999999513e-01 2.655629999999999935e-01 -3.311000000000008381e-03 0.000000000000000000e+00 1.158950000000000258e-02 0.000000000000000000e+00 -0.000000000000000000e+00
5.198679999999999968e-01 2.655629999999999935e-01 9.933999999999998387e-03 0.000000000000000000e+00 1.324474999999999958e-02 0.000000000000000000e+00 0.000000000000000000e+00
5.331129999999999480e-01 2.655629999999999935e-01 2.317849999999999078e-02 0.000000000000000000e+00 1.158925000000002314e-02 1.655500000000004190e-03 3.081474164341036825e+00
5.662249999999999783e-01 2.655629999999999935e-01 3.311250000000004468e-02 3.311000000000008381e-03 6.622750000000010573e-03 3.311250000000001692e-03 2.380241527040931171e+00
5.993380000000000374e-01 2.721850000000000103e-01 3.642400000000001192e-02 6.622500000000003384e-03 1.158949999999997482e-02 3.311499999999995003e-03 8.645388340480008038e-01
6.390730000000000022e-01 2.788080000000000003e-01 5.629149999999999432e-02 9.933999999999998387e-03 8.277999999999979819e-03 0.000000000000000000e+00 -4.402938971686377045e-01
7.119210000000000260e-01 2.920530000000000070e-01 5.297999999999997156e-02 6.622500000000003384e-03 -6.622750000000010573e-03 -6.622749999999996695e-03 -2.017076791555629800e+00
7.450329999999999453e-01 2.920530000000000070e-01 4.304599999999997317e-02 -3.311499999999995003e-03 -8.277999999999979819e-03 -8.278250000000000886e-03 -4.768867494597308188e+00
7.980129999999999724e-01 2.854300000000000170e-01 3.642400000000001192e-02 -9.933999999999998387e-03 -1.158924999999996763e-02 -4.966750000000005882e-03 -5.501026562580021206e+00
8.178809999999999691e-01 2.721850000000000103e-01 1.986750000000003791e-02 -1.324500000000000677e-02 -9.933999999999998387e-03 -1.655500000000004190e-03 -1.208082124364480769e+01
8.377480000000000482e-01 2.589400000000000035e-01 1.655600000000001515e-02 -1.324500000000000677e-02 -4.966750000000019760e-03 0.000000000000000000e+00 -6.902152652487442808e+00
8.509929999999999994e-01 2.456949999999999967e-01 9.933999999999998387e-03 -1.324500000000000677e-02 -6.622249999999996195e-03 -4.966749999999998944e-03 -3.019852504564515172e+01
8.576160000000000450e-01 2.324499999999999900e-01 3.311500000000022759e-03 -2.317850000000000465e-02 -6.622750000000010573e-03 -3.311249999999994753e-03 -1.281354211696971390e+01
8.576160000000000450e-01 1.993379999999999874e-01 -3.311500000000022759e-03 -1.986749999999999627e-02 -9.934000000000026143e-03 6.622250000000003134e-03 -2.683763583397944075e+01
8.509929999999999994e-01 1.927149999999999974e-01 -1.655650000000002953e-02 -9.933999999999998387e-03 -9.933499999999984009e-03 6.622499999999996445e-03 -2.894166819790557810e+01
8.245029999999999859e-01 1.794699999999999906e-01 -2.317849999999999078e-02 -6.622500000000003384e-03 -1.655499999999976435e-03 6.622750000000003634e-03 -1.174105760866149240e+01
8.046360000000000179e-01 1.794699999999999906e-01 -1.986749999999998240e-02 3.311500000000008881e-03 4.966749999999992005e-03 8.278250000000000886e-03 -2.214086974088754545e+01
7.847680000000000211e-01 1.860930000000000084e-01 -1.324500000000000677e-02 9.933999999999998387e-03 9.933749999999991198e-03 3.310999999999994503e-03 -3.140704245112742043e+01
7.781460000000000043e-01 1.993379999999999874e-01 0.000000000000000000e+00 9.933499999999997887e-03 9.933749999999991198e-03 -2.499999999933111283e-07 -1.006719854394687843e+02
7.847680000000000211e-01 2.059600000000000042e-01 6.622499999999975628e-03 9.933500000000011765e-03 8.278249999999987008e-03 1.655749999999997502e-03 -4.188118564643931308e+01
7.913909999999999556e-01 2.192050000000000110e-01 1.655649999999997402e-02 1.324499999999999289e-02 8.278000000000035330e-03 -1.655500000000011129e-03 -1.437870480545899099e+01
8.178809999999999691e-01 2.324499999999999900e-01 2.317850000000004629e-02 6.622499999999989506e-03 1.655250000000052513e-03 -6.622499999999996445e-03 -1.174052575259179854e+01
8.377480000000000482e-01 2.324499999999999900e-01 1.986700000000007904e-02 0.000000000000000000e+00 -3.311499999999967248e-03 -6.622499999999989506e-03 -1.677866423991131128e+01
