5.331129999999999480e-01 3.317880000000000273e-01 -6.622999999999934495e-03 6.622999999999990006e-03 4.999999999588666810e-07 -3.311499999999995003e-03 2.668730242550469001e+01
5.264900000000000135e-01 3.384110000000000174e-01 -6.622499999999975628e-03 3.311499999999995003e-03 -1.655250000000024757e-03 -3.311499999999995003e-03 6.752840172389943518e+01
5.198679999999999968e-01 3.384110000000000174e-01 -9.933499999999984009e-03 0.000000000000000000e+00 -1.655750000000011379e-03 -1.655749999999997502e-03 1.677993103222859617e+01
5.066230000000000455e-01 3.384110000000000174e-01 -9.933999999999998387e-03 0.000000000000000000e+00 -1.656000000000018568e-03 -3.311250000000001692e-03 3.355395053700308239e+01
5.000000000000000000e-01 3.384110000000000174e-01 -1.324550000000002115e-02 -6.622500000000003384e-03 -3.311250000000001692e-03 -8.278250000000000886e-03 2.701110589083971902e+01
4.801320000000000032e-01 3.251660000000000106e-01 -1.655650000000000177e-02 -1.655650000000000177e-02 2.500000000071889161e-07 -6.622749999999996695e-03 8.542258205514471570e+00
4.668869999999999965e-01 3.052980000000000138e-01 -1.324500000000000677e-02 -1.986799999999999677e-02 3.311499999999995003e-03 -1.655500000000004190e-03 6.443100298215064470e+00
4.536419999999999897e-01 2.854300000000000170e-01 -9.933500000000011765e-03 -1.986750000000001015e-02 3.311250000000001692e-03 2.499999999933111283e-07 6.002479308843100547e+00
4.470199999999999729e-01 2.655629999999999935e-01 -6.622500000000003384e-03 -1.986750000000001015e-02 3.311000000000008381e-03 6.938893903907228378e-18 7.162036030822553911e+00
4.403969999999999829e-01 2.456949999999999967e-01 -3.311499999999995003e-03 -1.986749999999999627e-02 3.311250000000001692e-03 1.655750000000004440e-03 7.380053521892782520e+00
4.403969999999999829e-01 2.258280000000000010e-01 0.000000000000000000e+00 -1.655600000000000127e-02 3.311499999999995003e-03 3.311249999999994753e-03 1.208130709826753169e+01
4.403969999999999829e-01 2.125829999999999942e-01 3.311499999999995003e-03 -1.324500000000000677e-02 3.311250000000001692e-03 3.311000000000001442e-03 2.154263702041738426e+01
4.470199999999999729e-01 1.993379999999999874e-01 6.622500000000003384e-03 -9.933999999999998387e-03 4.966750000000005882e-03 4.966750000000005882e-03 4.832002956558680751e+01
4.536419999999999897e-01 1.927149999999999974e-01 1.324500000000000677e-02 -3.311499999999995003e-03 4.966999999999999194e-03 4.966999999999999194e-03 3.231525675827613497e+01
4.735099999999999865e-01 1.927149999999999974e-01 1.655650000000000177e-02 0.000000000000000000e+00 -3.311250000000001692e-03 3.311499999999995003e-03 1.208057740753139697e+01
4.867549999999999932e-01 1.927149999999999974e-01 6.622500000000003384e-03 3.311499999999995003e-03 -6.622749999999996695e-03 4.966999999999999194e-03 1.350608826661689363e+02
4.867549999999999932e-01 1.993379999999999874e-01 3.311000000000008381e-03 9.933999999999998387e-03 0.000000000000000000e+00 3.311000000000008381e-03 9.548227838937297207e+00
4.933770000000000100e-01 2.125829999999999942e-01 6.622500000000003384e-03 9.933500000000011765e-03 2.499999999933111283e-07 -1.655749999999997502e-03 -6.445354896428100666e+00
5.000000000000000000e-01 2.192050000000000110e-01 3.311499999999995003e-03 6.622500000000003384e-03 -3.311250000000001692e-03 -1.655500000000011129e-03 4.051581766914373617e+01
5.000000000000000000e-01 2.258280000000000010e-01 0.000000000000000000e+00 6.622499999999989506e-03 1.387778780781445676e-17 -1.655750000000004440e-03 -3.164290219491105528e-13
5.000000000000000000e-01 2.324499999999999900e-01 3.311500000000022759e-03 3.310999999999994503e-03 1.655750000000011379e-03 -4.966749999999992005e-03 -2.135548407618360898e+02
5.066230000000000455e-01 2.324499999999999900e-01 3.311500000000022759e-03 -3.310999999999994503e-03 -1.655750000000011379e-03 -6.622249999999996195e-03 -2.669415354473615594e+02
5.066230000000000455e-01 2.258280000000000010e-01 0.000000000000000000e+00 -9.933499999999997887e-03 -2.500000000349444917e-07 -3.311500000000001942e-03 -2.533584634542358077e-03
5.066230000000000455e-01 2.125829999999999942e-01 3.310999999999952870e-03 -9.933999999999998387e-03 8.277999999999979819e-03 -1.655749999999997502e-03 6.684840951958328503e+01
5.132449999999999513e-01 2.059600000000000042e-01 1.655599999999995964e-02 -1.324499999999999289e-02 8.278250000000042519e-03 2.500000000002500222e-07 1.150448524399031669e+01
5.397349999999999648e-01 1.860930000000000084e-01 1.986750000000003791e-02 -9.933499999999997887e-03 2.500000000349444917e-07 6.622499999999996445e-03 1.200563840872100485e+01
5.529800000000000271e-01 1.860930000000000084e-01 1.655650000000002953e-02 0.000000000000000000e+00 -1.655500000000031946e-03 4.966749999999998944e-03 1.811904207726300697e+01
5.728480000000000238e-01 1.860930000000000084e-01 1.655649999999997402e-02 0.000000000000000000e+00 -1.655750000000011379e-03 0.000000000000000000e+00 0.000000000000000000e+00
5.860929999999999751e-01 1.860930000000000084e-01 1.324500000000000677e-02 0.000000000000000000e+00 -3.311499999999967248e-03 3.311249999999994753e-03 1.887504718761791977e+01
5.993380000000000374e-01 1.860930000000000084e-01 9.933500000000039520e-03 6.622499999999989506e-03 -3.311250000000015570e-03 6.622499999999996445e-03 5.154629919295710039e+01
6.059600000000000541e-01 1.993379999999999874e-01 6.622499999999975628e-03 1.324499999999999289e-02 -3.311000000000036136e-03 4.966750000000005882e-03 2.363402298939503154e+01
6.125829999999999886e-01 2.125829999999999942e-01 3.311499999999967248e-03 1.655600000000000127e-02 -6.622499999999975628e-03 8.278000000000007574e-03 2.847561766022313634e+01
6.125829999999999886e-01 2.324499999999999900e-01 -6.622499999999975628e-03 2.980100000000000804e-02 -6.622749999999982817e-03 6.622750000000003634e-03 5.395476451513522065e+00
5.993380000000000374e-01 2.721850000000000103e-01 -9.933999999999998387e-03 2.980150000000000854e-02 -3.311250000000015570e-03 -4.966500000000005632e-03 4.774853588920440650e+00
5.927149999999999919e-01 2.920530000000000070e-01 -1.324500000000000677e-02 1.986799999999999677e-02 -3.311000000000008381e-03 -4.966999999999999194e-03 9.663981586221359166e+00
5.728480000000000238e-01 3.119210000000000038e-01 -1.655600000000001515e-02 1.986750000000001015e-02 0.000000000000000000e+00 -1.656000000000004690e-03 1.585087155245702650e+00
5.596029999999999616e-01 3.317880000000000273e-01 -1.324500000000000677e-02 1.655599999999998739e-02 -1.655749999999983624e-03 -1.655500000000018068e-03 5.176744767822583526e+00
5.463580000000000103e-01 3.450329999999999786e-01 -1.986749999999998240e-02 1.655649999999997402e-02 -3.311249999999987814e-03 -1.655499999999990313e-03 5.070922845901033149e+00
5.198679999999999968e-01 3.649009999999999754e-01 -1.986749999999998240e-02 1.324500000000000677e-02 4.966749999999992005e-03 -4.966999999999985316e-03 2.416456120630787296e+00
5.066230000000000455e-01 3.715229999999999921e-01 -9.933999999999998387e-03 6.622500000000003384e-03 6.622249999999982317e-03 -4.966750000000005882e-03 3.222340571238124340e+00
5.000000000000000000e-01 3.781459999999999821e-01 -6.623000000000017762e-03 3.311499999999995003e-03 4.966999999999999194e-03 -3.311250000000001692e-03 1.350282564325286216e+01
4.933770000000000100e-01 3.781459999999999821e-01 0.000000000000000000e+00 0.000000000000000000e+00 8.278499999999994197e-03 -1.655749999999997502e-03 0.000000000000000000e+00
5.000000000000000000e-01 3.781459999999999821e-01 9.933999999999970631e-03 0.000000000000000000e+00 6.622500000000003384e-03 0.000000000000000000e+00 0.000000000000000000e+00
5.132449999999999513e-01 3.781459999999999821e-01 1.324500000000000677e-02 0.000000000000000000e+00 3.311250000000029448e-03 0.000000000000000000e+00 0.000000000000000000e+00
5.264900000000000135e-01 3.781459999999999821e-01 1.655650000000002953e-02 0.000000000000000000e+00 4.966999999999999194e-03 1.655500000000004190e-03 6.039376686748676448e+00
5.463580000000000103e-01 3.781459999999999821e-01 2.317900000000000515e-02 3.311000000000008381e-03 8.277999999999979819e-03 3.311250000000001692e-03 3.843995553009662558e+00
5.728480000000000238e-01 3.847679999999999989e-01 3.311249999999998916e-02 6.622500000000003384e-03 3.310999999999980625e-03 2.499999999933111283e-07 -5.692345277081787280e-01
6.125829999999999886e-01 3.913909999999999889e-01 2.980099999999996641e-02 3.311499999999995003e-03 -6.622500000000003384e-03 -3.311250000000001692e-03 -2.846956518283864757e+00
6.324499999999999567e-01 3.913909999999999889e-01 1.986749999999998240e-02 0.000000000000000000e+00 -6.622249999999968439e-03 -1.655749999999997502e-03 -4.194771612720737508e+00
6.523179999999999534e-01 3.913909999999999889e-01 1.655650000000002953e-02 0.000000000000000000e+00 -1.655749999999983624e-03 -3.311250000000001692e-03 -1.207966539051435362e+01
6.655630000000000157e-01 3.913909999999999889e-01 1.655600000000001515e-02 -6.622500000000003384e-03 -1.655750000000011379e-03 -6.622500000000003384e-03 -2.127245904650482089e+01
6.854299999999999837e-01 3.781459999999999821e-01 1.324500000000000677e-02 -1.324500000000000677e-02 -6.622249999999996195e-03 -3.311249999999987814e-03 -2.001950695417318116e+01
6.920530000000000292e-01 3.649009999999999754e-01 3.311500000000022759e-03 -1.324499999999997901e-02 -4.966999999999999194e-03 -1.655749999999983624e-03 -2.800640405464815075e+01
6.920530000000000292e-01 3.516560000000000241e-01 3.311000000000008381e-03 -1.655649999999997402e-02 -1.655750000000011379e-03 -4.967000000000013071e-03 -9.111906586156736765e+00
6.986750000000000460e-01 3.317880000000000273e-01 0.000000000000000000e+00 -2.317900000000000515e-02 -4.966750000000019760e-03 -1.387778780781445676e-17 -9.244488988649884220e+00
6.920530000000000292e-01 3.052980000000000138e-01 -6.622500000000031140e-03 -1.655650000000000177e-02 -3.311250000000015570e-03 8.278250000000000886e-03 -1.933751349387910423e+01
6.854299999999999837e-01 2.986750000000000238e-01 -6.622500000000031140e-03 -6.622500000000003384e-03 -1.655499999999976435e-03 8.278250000000000886e-03 -8.008004316948392898e+01
6.788079999999999670e-01 2.920530000000000070e-01 -9.933499999999984009e-03 0.000000000000000000e+00 -1.655749999999983624e-03 8.278250000000000886e-03 -8.389458799187474369e+01
6.655630000000000157e-01 2.986750000000000238e-01 -9.933999999999998387e-03 9.933999999999998387e-03 3.310999999999980625e-03 8.278250000000000886e-03 -4.152044759691285236e+01
6.589399999999999702e-01 3.119210000000000038e-01 -3.311500000000022759e-03 1.655650000000000177e-02 6.622750000000010573e-03 3.310999999999994503e-03 -2.505756451160147336e+01
6.589399999999999702e-01 3.317880000000000273e-01 3.311500000000022759e-03 1.655599999999998739e-02 4.967000000000026949e-03 -1.655750000000011379e-03 -1.822473929301974493e+01
6.655630000000000157e-01 3.450329999999999786e-01 6.622500000000031140e-03 1.324499999999997901e-02 4.966749999999992005e-03 2.500000000071889161e-07 -2.025780682639676300e+01
6.721850000000000325e-01 3.582779999999999854e-01 1.324500000000000677e-02 1.655650000000000177e-02 3.311249999999987814e-03 1.387778780781445676e-17 -5.751707732695332531e+00
6.920530000000000292e-01 3.781459999999999821e-01 1.324500000000000677e-02 1.324500000000000677e-02 -3.311250000000015570e-03 -6.622749999999996695e-03 -6.673840768988193339e+00
6.986750000000000460e-01 3.847679999999999989e-01 6.622499999999975628e-03 3.311000000000008381e-03 -3.311000000000036136e-03 -6.622500000000003384e-03 -8.104305581945344272e+01
7.052979999999999805e-01 3.847679999999999989e-01 6.622999999999934495e-03 0.000000000000000000e+00 4.999999999588666810e-07 -3.311000000000008381e-03 -7.548309006660257126e+01
