5.463580000000000103e-01 3.317880000000000273e-01 -6.623000000000045517e-03 0.000000000000000000e+00 5.000000000143778323e-07 0.000000000000000000e+00 -0.000000000000000000e+00
5.397349999999999648e-01 3.317880000000000273e-01 -6.622500000000031140e-03 0.000000000000000000e+00 -1.655249999999969246e-03 1.655749999999997502e-03 -3.775294451448620237e+01
5.331129999999999480e-01 3.317880000000000273e-01 -9.933499999999984009e-03 3.311499999999995003e-03 -1.655749999999983624e-03 1.655749999999997502e-03 -9.550534975243895275e+00
5.198679999999999968e-01 3.384110000000000174e-01 -9.933999999999998387e-03 3.311499999999995003e-03 -2.500000000071889161e-07 -1.655749999999997502e-03 1.432601881405996735e+01
5.132449999999999513e-01 3.384110000000000174e-01 -9.933999999999998387e-03 0.000000000000000000e+00 1.387778780781445676e-17 -3.311499999999995003e-03 3.355648386660187299e+01
5.000000000000000000e-01 3.384110000000000174e-01 -9.933999999999970631e-03 -3.311499999999995003e-03 0.000000000000000000e+00 -1.655749999999997502e-03 1.432529779041443696e+01
4.933770000000000100e-01 3.317880000000000273e-01 -9.933999999999998387e-03 -3.311499999999995003e-03 2.499999999794333405e-07 2.499999999933111283e-07 -1.441938424541342216e-03
4.801320000000000032e-01 3.317880000000000273e-01 -9.933500000000011765e-03 -3.311000000000008381e-03 2.499999999933111283e-07 -3.311000000000008381e-03 2.865073979861512754e+01
4.735099999999999865e-01 3.251660000000000106e-01 -9.933500000000011765e-03 -9.933500000000011765e-03 -2.499999999933111283e-07 -3.311499999999995003e-03 1.186430726329360752e+01
4.602649999999999797e-01 3.119210000000000038e-01 -9.933999999999998387e-03 -9.933999999999998387e-03 -2.499999999933111283e-07 -2.499999999933111283e-07 0.000000000000000000e+00
4.536419999999999897e-01 3.052980000000000138e-01 -9.933999999999998387e-03 -9.933999999999998387e-03 2.500000000071889161e-07 0.000000000000000000e+00 8.956672691957388898e-04
4.403969999999999829e-01 2.920530000000000070e-01 -9.933499999999984009e-03 -9.933999999999998387e-03 1.655749999999997502e-03 -1.655500000000004190e-03 1.186371011045398127e+01
4.337750000000000217e-01 2.854300000000000170e-01 -6.622500000000003384e-03 -1.324500000000000677e-02 3.310999999999980625e-03 -1.655500000000004190e-03 1.688108081498994295e+01
4.271519999999999762e-01 2.655629999999999935e-01 -3.311500000000022759e-03 -1.324500000000000677e-02 1.655750000000011379e-03 1.655500000000004190e-03 6.463441715038320545e+00
4.271519999999999762e-01 2.589400000000000035e-01 -3.310999999999980625e-03 -9.933999999999998387e-03 2.500000000210667039e-07 0.000000000000000000e+00 2.163060050511084968e-03
4.205300000000000149e-01 2.456949999999999967e-01 -3.310999999999980625e-03 -1.324500000000000677e-02 1.655499999999990313e-03 -1.655499999999997252e-03 1.077062965336604350e+01
4.205300000000000149e-01 2.324499999999999900e-01 0.000000000000000000e+00 -1.324499999999999289e-02 1.655499999999990313e-03 6.938893903907228378e-18 9.436811058996269708e+00
4.205300000000000149e-01 2.192050000000000110e-01 0.000000000000000000e+00 -1.324499999999999289e-02 1.655499999999990313e-03 -1.655500000000004190e-03 9.436811058996269708e+00
4.205300000000000149e-01 2.059600000000000042e-01 3.310999999999980625e-03 -1.655600000000000127e-02 3.311250000000001692e-03 -6.938893903907228378e-18 1.139027353166773260e+01
4.271519999999999762e-01 1.860930000000000084e-01 6.622500000000003384e-03 -1.324500000000000677e-02 3.311500000000008881e-03 4.966749999999998944e-03 2.363606238302999429e+01
4.337750000000000217e-01 1.794699999999999906e-01 9.933999999999998387e-03 -6.622500000000003384e-03 3.311249999999987814e-03 3.311250000000008631e-03 3.221416376887283661e+01
4.470199999999999729e-01 1.728480000000000016e-01 1.324499999999997901e-02 -6.622499999999989506e-03 -2.499999999933111283e-07 0.000000000000000000e+00 -5.098484087749449115e-04
4.602649999999999797e-01 1.662250000000000116e-01 9.933500000000011765e-03 -6.622500000000003384e-03 -1.655749999999983624e-03 1.655749999999990563e-03 3.221704491019862893e+00
4.668869999999999965e-01 1.596029999999999949e-01 9.933500000000011765e-03 -3.311000000000008381e-03 2.499999999933111283e-07 3.311250000000001692e-03 2.865290304376405928e+01
4.801320000000000032e-01 1.596029999999999949e-01 9.933999999999998387e-03 0.000000000000000000e+00 -1.655500000000004190e-03 1.655500000000004190e-03 1.677570860370213879e+01
4.867549999999999932e-01 1.596029999999999949e-01 6.622500000000003384e-03 0.000000000000000000e+00 -1.655749999999997502e-03 0.000000000000000000e+00 0.000000000000000000e+00
4.933770000000000100e-01 1.596029999999999949e-01 6.622500000000003384e-03 0.000000000000000000e+00 2.500000000071889161e-07 0.000000000000000000e+00 0.000000000000000000e+00
5.000000000000000000e-01 1.596029999999999949e-01 6.623000000000017762e-03 0.000000000000000000e+00 -1.387778780781445676e-17 1.655500000000004190e-03 3.774154503330034061e+01
5.066230000000000455e-01 1.596029999999999949e-01 6.622499999999975628e-03 3.311000000000008381e-03 -2.500000000210667039e-07 3.311250000000001692e-03 5.402802399963560731e+01
5.132449999999999513e-01 1.662250000000000116e-01 6.622499999999975628e-03 6.622500000000003384e-03 -1.655499999999976435e-03 1.655749999999990563e-03 2.669334772316129900e+01
5.198679999999999968e-01 1.728480000000000016e-01 3.311500000000022759e-03 6.622499999999989506e-03 -3.311249999999987814e-03 0.000000000000000000e+00 5.402109012287964163e+01
5.198679999999999968e-01 1.794699999999999906e-01 0.000000000000000000e+00 6.622500000000003384e-03 -1.655750000000011379e-03 6.938893903907228378e-18 3.775294451448683475e+01
5.198679999999999968e-01 1.860930000000000084e-01 0.000000000000000000e+00 6.622500000000003384e-03 0.000000000000000000e+00 -6.938893903907228378e-18 -0.000000000000000000e+00
5.198679999999999968e-01 1.927149999999999974e-01 0.000000000000000000e+00 6.622499999999989506e-03 0.000000000000000000e+00 0.000000000000000000e+00 0.000000000000000000e+00
5.198679999999999968e-01 1.993379999999999874e-01 0.000000000000000000e+00 6.622500000000003384e-03 0.000000000000000000e+00 6.938893903907228378e-18 0.000000000000000000e+00
5.198679999999999968e-01 2.059600000000000042e-01 0.000000000000000000e+00 6.622500000000003384e-03 1.655500000000004190e-03 -1.655500000000004190e-03 -3.774724423598531331e+01
5.198679999999999968e-01 2.125829999999999942e-01 3.311000000000008381e-03 3.311499999999995003e-03 3.311249999999987814e-03 -4.966999999999999194e-03 -2.669334746449024465e+02
5.264900000000000135e-01 2.125829999999999942e-01 6.622499999999975628e-03 -3.311499999999995003e-03 1.655749999999983624e-03 -4.966999999999999194e-03 -6.752636257661660579e+01
5.331129999999999480e-01 2.059600000000000042e-01 6.622499999999975628e-03 -6.622500000000003384e-03 -1.655749999999983624e-03 -1.655500000000004190e-03 -2.669334772316146598e+01
5.397349999999999648e-01 1.993379999999999874e-01 3.311000000000008381e-03 -6.622500000000003384e-03 2.775557561562891351e-17 1.655500000000004190e-03 1.350445675787057631e+01
5.397349999999999648e-01 1.927149999999999974e-01 6.622500000000031140e-03 -3.311499999999995003e-03 3.311499999999995003e-03 1.655750000000004440e-03 5.402720818059830066e+01
5.529800000000000271e-01 1.927149999999999974e-01 9.933999999999998387e-03 -3.310999999999994503e-03 -2.775557561562891351e-17 -1.655500000000004190e-03 -1.432378365327748426e+01
5.596029999999999616e-01 1.860930000000000084e-01 6.622499999999975628e-03 -6.622500000000003384e-03 -1.655749999999983624e-03 -2.500000000071889161e-07 -1.334969689076795696e+01
5.662249999999999783e-01 1.794699999999999906e-01 6.622500000000031140e-03 -3.311500000000008881e-03 1.655750000000011379e-03 3.311250000000001692e-03 6.752840203183367862e+01
5.728480000000000238e-01 1.794699999999999906e-01 9.933999999999998387e-03 0.000000000000000000e+00 1.655499999999976435e-03 1.655750000000004440e-03 1.677824193330101110e+01
5.860929999999999751e-01 1.794699999999999906e-01 9.933499999999984009e-03 0.000000000000000000e+00 -1.655749999999983624e-03 0.000000000000000000e+00 0.000000000000000000e+00
5.927149999999999919e-01 1.794699999999999906e-01 6.622500000000031140e-03 0.000000000000000000e+00 -1.655499999999976435e-03 0.000000000000000000e+00 0.000000000000000000e+00
5.993380000000000374e-01 1.794699999999999906e-01 6.622500000000031140e-03 0.000000000000000000e+00 -2.775557561562891351e-17 1.655750000000004440e-03 3.775294451448635868e+01
6.059600000000000541e-01 1.794699999999999906e-01 6.622499999999975628e-03 3.311500000000008881e-03 -2.775557561562891351e-17 4.966999999999999194e-03 8.103367448557082753e+01
6.125829999999999886e-01 1.860930000000000084e-01 6.622499999999975628e-03 9.933999999999998387e-03 -1.655749999999983624e-03 3.310999999999994503e-03 2.254957415715285052e+01
6.192050000000000054e-01 1.993379999999999874e-01 3.311000000000008381e-03 9.933499999999997887e-03 -1.655499999999976435e-03 -1.655749999999997502e-03 9.549525554117291648e+00
6.192050000000000054e-01 2.059600000000000042e-01 3.311500000000022759e-03 6.622500000000003384e-03 2.500000000071889161e-07 2.500000000002500222e-07 -2.039147282877740597e-03
6.258280000000000509e-01 2.125829999999999942e-01 3.311500000000022759e-03 9.933999999999998387e-03 -1.655750000000011379e-03 3.311250000000001692e-03 2.387525597614222761e+01
6.258280000000000509e-01 2.258280000000000010e-01 0.000000000000000000e+00 1.324500000000000677e-02 -1.655750000000011379e-03 1.655499999999997252e-03 9.438236128621708687e+00
6.258280000000000509e-01 2.390730000000000077e-01 0.000000000000000000e+00 1.324499999999999289e-02 0.000000000000000000e+00 -1.655750000000004440e-03 -0.000000000000000000e+00
6.258280000000000509e-01 2.523179999999999867e-01 0.000000000000000000e+00 9.933499999999997887e-03 -1.655750000000011379e-03 6.938893903907228378e-18 1.677993103222868854e+01
6.258280000000000509e-01 2.589400000000000035e-01 -3.311500000000022759e-03 1.324500000000000677e-02 -3.311250000000015570e-03 1.655750000000004440e-03 1.507952062457155051e+01
6.192050000000000054e-01 2.788080000000000003e-01 -6.622500000000031140e-03 1.324500000000000677e-02 -1.655499999999976435e-03 -3.311250000000001692e-03 1.350537450040070020e+01
6.125829999999999886e-01 2.854300000000000170e-01 -6.622499999999975628e-03 6.622500000000003384e-03 -1.655749999999983624e-03 -1.655500000000004190e-03 2.669334772316146598e+01
6.059600000000000541e-01 2.920530000000000070e-01 -9.933999999999998387e-03 9.933999999999998387e-03 -1.655500000000031946e-03 1.655749999999997502e-03 -8.956672690466640184e-04
5.927149999999999919e-01 3.052980000000000138e-01 -9.933500000000039520e-03 9.933999999999998387e-03 1.655750000000011379e-03 -1.655749999999997502e-03 -2.985933258151509469e-04
5.860929999999999751e-01 3.119210000000000038e-01 -6.622499999999975628e-03 6.622500000000003384e-03 -1.655749999999983624e-03 -1.655749999999997502e-03 2.669536307595289060e+01
5.794700000000000406e-01 3.185430000000000206e-01 -1.324500000000000677e-02 6.622500000000003384e-03 -3.311250000000015570e-03 0.000000000000000000e+00 6.752942174404825693e+00
5.596029999999999616e-01 3.251660000000000106e-01 -1.324500000000000677e-02 6.622500000000003384e-03 3.311250000000015570e-03 0.000000000000000000e+00 -6.752942174404825693e+00
5.529800000000000271e-01 3.317880000000000273e-01 -6.622499999999975628e-03 6.622500000000003384e-03 3.311249999999987814e-03 -1.655500000000004190e-03 -1.334768153797647194e+01
5.463580000000000103e-01 3.384110000000000174e-01 -6.622500000000031140e-03 3.311499999999995003e-03 -3.311250000000015570e-03 -1.655750000000011379e-03 5.402516872538055281e+01
5.397349999999999648e-01 3.384110000000000174e-01 -1.324500000000000677e-02 3.310999999999980625e-03 -3.311249999999987814e-03 -2.500000000071889161e-07 4.309618130298118466e+00
5.198679999999999968e-01 3.450329999999999786e-01 -1.324500000000000677e-02 3.310999999999980625e-03 -2.499999999933111283e-07 -1.655499999999990313e-03 8.616959112929443165e+00
5.132449999999999513e-01 3.450329999999999786e-01 -1.324549999999999339e-02 0.000000000000000000e+00 -3.311249999999987814e-03 -1.655499999999990313e-03 9.436098618322420251e+00
4.933770000000000100e-01 3.450329999999999786e-01 -1.986749999999998240e-02 0.000000000000000000e+00 2.499999999933111283e-07 0.000000000000000000e+00 -0.000000000000000000e+00
4.735099999999999865e-01 3.450329999999999786e-01 -1.324500000000000677e-02 0.000000000000000000e+00 6.622499999999989506e-03 0.000000000000000000e+00 -0.000000000000000000e+00
4.668869999999999965e-01 3.450329999999999786e-01 -6.622500000000003384e-03 0.000000000000000000e+00 0.000000000000000000e+00 0.000000000000000000e+00 -0.000000000000000000e+00
4.602649999999999797e-01 3.450329999999999786e-01 -1.324500000000000677e-02 0.000000000000000000e+00 -3.311249999999987814e-03 0.000000000000000000e+00 0.000000000000000000e+00
4.403969999999999829e-01 3.450329999999999786e-01 -1.324499999999997901e-02 0.000000000000000000e+00 1.655750000000011379e-03 0.000000000000000000e+00 -0.000000000000000000e+00
4.337750000000000217e-01 3.450329999999999786e-01 -9.933499999999984009e-03 0.000000000000000000e+00 1.655499999999990313e-03 0.000000000000000000e+00 -0.000000000000000000e+00
4.205300000000000149e-01 3.450329999999999786e-01 -9.933999999999998387e-03 0.000000000000000000e+00 1.655499999999990313e-03 0.000000000000000000e+00 -0.000000000000000000e+00
4.139070000000000249e-01 3.450329999999999786e-01 -6.622500000000003384e-03 0.000000000000000000e+00 4.966999999999999194e-03 0.000000000000000000e+00 -0.000000000000000000e+00
4.072850000000000081e-01 3.450329999999999786e-01 0.000000000000000000e+00 0.000000000000000000e+00 6.622500000000003384e-03 -1.655499999999990313e-03 0.000000000000000000e+00
4.139070000000000249e-01 3.450329999999999786e-01 6.622500000000003384e-03 -3.310999999999980625e-03 3.311249999999987814e-03 -1.655499999999990313e-03 -1.126893350052595538e-13
4.205300000000000149e-01 3.384110000000000174e-01 6.622499999999975628e-03 -3.310999999999980625e-03 1.655499999999990313e-03 1.655499999999990313e-03 4.051540960564869209e+01
4.271519999999999762e-01 3.384110000000000174e-01 9.933499999999984009e-03 0.000000000000000000e+00 9.933750000000018954e-03 3.310999999999980625e-03 3.355479489518867098e+01
4.403969999999999829e-01 3.384110000000000174e-01 2.649000000000001354e-02 3.310999999999980625e-03 9.934000000000012265e-03 1.655499999999990313e-03 5.762008915461750425e-01
4.801320000000000032e-01 3.450329999999999786e-01 2.980150000000000854e-02 3.310999999999980625e-03 2.499999999794333405e-07 -1.655499999999990313e-03 -1.830072546511003484e+00
5.000000000000000000e-01 3.450329999999999786e-01 2.649049999999997240e-02 0.000000000000000000e+00 -1.387778780781445676e-17 2.500000000210667039e-07 3.562539576173839417e-04
5.331129999999999480e-01 3.450329999999999786e-01 2.980149999999998078e-02 3.311500000000022759e-03 -1.655999999999963057e-03 3.311250000000001692e-03 3.863751744213434147e+00
5.596029999999999616e-01 3.516560000000000241e-01 2.317850000000004629e-02 6.622500000000003384e-03 -3.311499999999967248e-03 -2.500000000210667039e-07 1.565147357143980678e+00
5.794700000000000406e-01 3.582779999999999854e-01 2.317850000000004629e-02 3.310999999999980625e-03 -1.655500000000031946e-03 -1.655500000000004190e-03 -2.562460769928680548e+00
6.059600000000000541e-01 3.582779999999999854e-01 1.986749999999998240e-02 3.311499999999995003e-03 -4.966750000000047516e-03 2.500000000071889161e-07 2.013478664290969444e+00
6.192050000000000054e-01 3.649009999999999754e-01 1.324499999999995126e-02 3.311499999999995003e-03 -3.311249999999987814e-03 -2.499999999933111283e-07 4.307551525097652600e+00
6.324499999999999567e-01 3.649009999999999754e-01 1.324500000000000677e-02 3.311000000000008381e-03 2.775557561562891351e-17 -2.499999999933111283e-07 -1.301213203593725278e-03
6.456950000000000189e-01 3.715229999999999921e-01 1.324500000000000677e-02 3.311000000000008381e-03 -1.655500000000004190e-03 -1.655500000000004190e-03 -6.462638015012019288e+00
6.589399999999999702e-01 3.715229999999999921e-01 9.933999999999998387e-03 0.000000000000000000e+00 -1.655500000000004190e-03 -1.655500000000004190e-03 -1.677570860370213879e+01
6.655630000000000157e-01 3.715229999999999921e-01 9.933999999999998387e-03 0.000000000000000000e+00 -2.500000000071889161e-07 0.000000000000000000e+00 0.000000000000000000e+00
6.788079999999999670e-01 3.715229999999999921e-01 9.933499999999984009e-03 0.000000000000000000e+00 -1.655749999999983624e-03 0.000000000000000000e+00 0.000000000000000000e+00
6.854299999999999837e-01 3.715229999999999921e-01 6.622500000000031140e-03 0.000000000000000000e+00 -1.655499999999976435e-03 -1.655500000000004190e-03 -3.774724423598499357e+01
6.920530000000000292e-01 3.715229999999999921e-01 6.622500000000031140e-03 -3.311000000000008381e-03 -1.655750000000011379e-03 -4.966749999999992005e-03 -9.454343360528299911e+01
6.986750000000000460e-01 3.649009999999999754e-01 3.311000000000008381e-03 -9.933499999999984009e-03 -3.311250000000015570e-03 -3.311499999999995003e-03 -3.820314964330277263e+01
6.986750000000000460e-01 3.516560000000000241e-01 0.000000000000000000e+00 -9.933999999999998387e-03 2.499999999794333405e-07 -3.311500000000008881e-03 2.533329598659319563e-03
6.986750000000000460e-01 3.450329999999999786e-01 3.311499999999967248e-03 -1.655650000000000177e-02 1.655749999999983624e-03 -6.622499999999989506e-03 1.139097469413716368e+00
7.052979999999999805e-01 3.185430000000000206e-01 3.311499999999967248e-03 -2.317899999999997740e-02 -1.655749999999983624e-03 0.000000000000000000e+00 -2.989804560120775889e+00
7.052979999999999805e-01 2.986750000000000238e-01 0.000000000000000000e+00 -1.655650000000000177e-02 -1.655749999999983624e-03 4.966999999999985316e-03 -6.040288703765647860e+00
7.052979999999999805e-01 2.854300000000000170e-01 0.000000000000000000e+00 -1.324500000000000677e-02 -1.655749999999983624e-03 1.655749999999997502e-03 -9.438236128621550591e+00
7.052979999999999805e-01 2.721850000000000103e-01 -3.311499999999967248e-03 -1.324500000000000677e-02 -4.966999999999999194e-03 1.655749999999997502e-03 -2.800640405464810812e+01
6.986750000000000460e-01 2.589400000000000035e-01 -9.933999999999998387e-03 -9.933500000000011765e-03 -3.311000000000036136e-03 4.966999999999999194e-03 -2.965897668280918253e+01
6.854299999999999837e-01 2.523179999999999867e-01 -9.933500000000039520e-03 -3.311000000000008381e-03 2.500000000071889161e-07 4.966750000000005882e-03 -4.297647032951922341e+01
6.788079999999999670e-01 2.523179999999999867e-01 -9.933499999999984009e-03 0.000000000000000000e+00 -1.655749999999983624e-03 3.311000000000008381e-03 -3.355479489518895519e+01
6.655630000000000157e-01 2.523179999999999867e-01 -1.324500000000000677e-02 3.311000000000008381e-03 -2.500000000071889161e-07 6.622500000000003384e-03 -3.446881248442296197e+01
6.523179999999999534e-01 2.589400000000000035e-01 -9.933999999999998387e-03 1.324500000000000677e-02 4.966750000000019760e-03 8.278250000000000886e-03 -3.261555985660981349e+01
6.456950000000000189e-01 2.788080000000000003e-01 -3.311499999999967248e-03 1.986750000000001015e-02 4.966999999999999194e-03 0.000000000000000000e+00 -1.207692093228499175e+01
6.456950000000000189e-01 2.986750000000000238e-01 0.000000000000000000e+00 1.324500000000000677e-02 8.278249999999987008e-03 -3.311000000000008381e-03 -4.718833050385746475e+01
6.456950000000000189e-01 3.052980000000000138e-01 1.324500000000000677e-02 1.324549999999999339e-02 8.278249999999987008e-03 -1.655500000000004190e-03 -2.001950696011707720e+01
6.721850000000000325e-01 3.251660000000000106e-01 1.655649999999997402e-02 9.933999999999998387e-03 0.000000000000000000e+00 -6.622749999999996695e-03 -1.523314093319560847e+01
6.788079999999999670e-01 3.251660000000000106e-01 1.324500000000000677e-02 0.000000000000000000e+00 2.775557561562891351e-17 -4.966999999999999194e-03 -2.831328331623959116e+01
6.986750000000000460e-01 3.251660000000000106e-01 1.655650000000002953e-02 0.000000000000000000e+00 4.999999999866222566e-07 0.000000000000000000e+00 0.000000000000000000e+00
7.119210000000000260e-01 3.251660000000000106e-01 1.324599999999998001e-02 0.000000000000000000e+00 -3.310500000000049514e-03 0.000000000000000000e+00 0.000000000000000000e+00
