3.874170000000000114e-01 3.913909999999999889e-01 -6.622000000000016762e-03 0.000000000000000000e+00 -3.311499999999995003e-03 0.000000000000000000e+00 0.000000000000000000e+00
3.807949999999999946e-01 3.913909999999999889e-01 -9.933500000000011765e-03 0.000000000000000000e+00 -3.311499999999995003e-03 -3.311250000000001692e-03 3.355732847982288547e+01
3.675499999999999878e-01 3.913909999999999889e-01 -1.324500000000000677e-02 -6.622500000000003384e-03 -2.499999999933111283e-07 -6.622500000000003384e-03 2.701125884921041376e+01
3.543049999999999811e-01 3.781459999999999821e-01 -9.933999999999998387e-03 -1.324500000000000677e-02 3.311250000000001692e-03 -4.966999999999999194e-03 2.053604039322486230e+01
3.476819999999999911e-01 3.649009999999999754e-01 -6.622500000000003384e-03 -1.655650000000000177e-02 1.655749999999997502e-03 -3.311249999999987814e-03 8.702187670170308920e+00
3.410599999999999743e-01 3.450329999999999786e-01 -6.622500000000003384e-03 -1.986749999999998240e-02 1.655500000000004190e-03 -1.655499999999990313e-03 4.774690687215042750e+00
3.344369999999999843e-01 3.251660000000000106e-01 -3.311499999999995003e-03 -1.986749999999998240e-02 1.655750000000011379e-03 -2.500000000071889161e-07 4.025944247365006667e+00
3.344369999999999843e-01 3.052980000000000138e-01 -3.310999999999980625e-03 -1.986799999999999677e-02 2.500000000071889161e-07 -1.387778780781445676e-17 6.078359963286859326e-04
3.278150000000000230e-01 2.854300000000000170e-01 -3.310999999999980625e-03 -1.986750000000001015e-02 3.310999999999980625e-03 2.499999999933111283e-07 8.050467405782654851e+00
3.278150000000000230e-01 2.655629999999999935e-01 3.310999999999980625e-03 -1.986750000000001015e-02 4.966749999999978127e-03 1.655500000000004190e-03 1.274729100301999729e+01
3.344369999999999843e-01 2.456949999999999967e-01 6.622499999999975628e-03 -1.655650000000000177e-02 2.500000000071889161e-07 4.967000000000006132e-03 5.802042439678036345e+00
3.410599999999999743e-01 2.324499999999999900e-01 3.311499999999995003e-03 -9.933499999999997887e-03 -1.655749999999983624e-03 4.967000000000006132e-03 7.211216382592903866e-04
3.410599999999999743e-01 2.258280000000000010e-01 3.311000000000008381e-03 -6.622499999999989506e-03 1.655500000000004190e-03 1.655499999999997252e-03 4.051540960564874894e+01
3.476819999999999911e-01 2.192050000000000110e-01 6.622500000000003384e-03 -6.622500000000003384e-03 1.655749999999997502e-03 1.655749999999990563e-03 2.669536307595283375e+01
3.543049999999999811e-01 2.125829999999999942e-01 6.622500000000003384e-03 -3.311000000000008381e-03 0.000000000000000000e+00 4.966750000000005882e-03 8.103693751537531398e+01
3.609269999999999978e-01 2.125829999999999942e-01 6.622500000000003384e-03 3.311000000000008381e-03 0.000000000000000000e+00 3.311000000000008381e-03 5.402190569555705224e+01
3.675499999999999878e-01 2.192050000000000110e-01 6.622500000000003384e-03 3.311000000000008381e-03 -1.655749999999997502e-03 2.499999999933111283e-07 1.351057506194812952e+01
3.741720000000000046e-01 2.192050000000000110e-01 3.311000000000008381e-03 3.311499999999995003e-03 -1.655500000000004190e-03 1.655749999999990563e-03 1.067733893710504702e+02
3.741720000000000046e-01 2.258280000000000010e-01 3.311499999999995003e-03 6.622499999999989506e-03 2.499999999933111283e-07 1.655500000000004190e-03 1.350119385123557336e+01
3.807949999999999946e-01 2.324499999999999900e-01 3.311499999999995003e-03 6.622500000000003384e-03 -1.655749999999997502e-03 6.938893903907228378e-18 2.701258436269038299e+01
3.807949999999999946e-01 2.390730000000000077e-01 0.000000000000000000e+00 6.622500000000003384e-03 -1.655749999999997502e-03 -6.938893903907228378e-18 3.775294451448651500e+01
3.807949999999999946e-01 2.456949999999999967e-01 0.000000000000000000e+00 6.622499999999989506e-03 0.000000000000000000e+00 -3.311250000000001692e-03 -0.000000000000000000e+00
3.807949999999999946e-01 2.523179999999999867e-01 0.000000000000000000e+00 0.000000000000000000e+00 0.000000000000000000e+00 -6.622499999999989506e-03 0.000000000000000000e+00
3.807949999999999946e-01 2.456949999999999967e-01 0.000000000000000000e+00 -6.622499999999989506e-03 1.655500000000004190e-03 -4.966749999999998944e-03 3.774724423598548384e+01
3.807949999999999946e-01 2.390730000000000077e-01 3.311000000000008381e-03 -9.933499999999997887e-03 3.311250000000001692e-03 -1.655750000000004440e-03 2.387669817586360921e+01
3.874170000000000114e-01 2.258280000000000010e-01 6.622500000000003384e-03 -9.933999999999998387e-03 1.655749999999997502e-03 -2.500000000002500222e-07 9.664103220701347752e+00
3.940400000000000014e-01 2.192050000000000110e-01 6.622500000000003384e-03 -9.933999999999998387e-03 1.655500000000004190e-03 2.499999999933111283e-07 9.664589611719895501e+00
4.006620000000000181e-01 2.059600000000000042e-01 9.933500000000011765e-03 -9.933500000000011765e-03 1.655749999999997502e-03 3.311499999999995003e-03 1.779780453109703586e+01
4.139070000000000249e-01 1.993379999999999874e-01 9.933999999999998387e-03 -3.311000000000008381e-03 2.499999999933111283e-07 3.311000000000008381e-03 2.864828825399049350e+01
4.205300000000000149e-01 1.993379999999999874e-01 9.933999999999998387e-03 -3.311499999999995003e-03 -2.500000000071889161e-07 -2.499999999933111283e-07 -2.883985715665873285e-03
4.337750000000000217e-01 1.927149999999999974e-01 9.933499999999984009e-03 -3.311499999999995003e-03 -2.500000000071889161e-07 4.966999999999999194e-03 4.297668648472210151e+01
4.403969999999999829e-01 1.927149999999999974e-01 9.933499999999984009e-03 6.622500000000003384e-03 2.500000000071889161e-07 6.622749999999996695e-03 3.865996759728729870e+01
4.536419999999999897e-01 2.059600000000000042e-01 9.933999999999998387e-03 9.933999999999998387e-03 -3.310999999999994503e-03 1.655749999999997502e-03 1.779422163660003520e+01
4.602649999999999797e-01 2.125829999999999942e-01 3.311499999999995003e-03 9.933999999999998387e-03 -3.311499999999995003e-03 1.655500000000004190e-03 3.342521416186981753e+01
4.602649999999999797e-01 2.258280000000000010e-01 3.311000000000008381e-03 1.324500000000000677e-02 -2.499999999933111283e-07 1.655499999999997252e-03 2.155297032380602662e+00
4.668869999999999965e-01 2.390730000000000077e-01 3.311000000000008381e-03 1.324499999999999289e-02 -1.655500000000004190e-03 1.655499999999997252e-03 1.077062965336613942e+01
4.668869999999999965e-01 2.523179999999999867e-01 0.000000000000000000e+00 1.655600000000000127e-02 -4.966750000000005882e-03 6.622500000000010323e-03 1.812013650319203606e+01
4.668869999999999965e-01 2.721850000000000103e-01 -6.622500000000003384e-03 2.649000000000001354e-02 -3.311250000000001692e-03 3.311500000000001942e-03 3.231357287427129243e+00
4.536419999999999897e-01 3.052980000000000138e-01 -6.622500000000003384e-03 2.317900000000000515e-02 1.655749999999997502e-03 -6.622500000000003384e-03 3.911009225990572102e-01
4.536419999999999897e-01 3.185430000000000206e-01 -3.311000000000008381e-03 1.324500000000000677e-02 0.000000000000000000e+00 -4.967000000000013071e-03 6.462638015012036163e+00
4.470199999999999729e-01 3.317880000000000273e-01 -6.622500000000003384e-03 1.324499999999997901e-02 -1.655749999999983624e-03 -1.655500000000004190e-03 1.012966818581156403e+01
4.403969999999999829e-01 3.450329999999999786e-01 -6.622499999999975628e-03 9.933999999999998387e-03 -1.655499999999990313e-03 1.387778780781445676e-17 9.663616756231984795e+00
4.337750000000000217e-01 3.516560000000000241e-01 -9.933499999999984009e-03 1.324500000000000677e-02 -1.655750000000011379e-03 1.655499999999990313e-03 1.208765502536082614e+00
4.205300000000000149e-01 3.715229999999999921e-01 -9.933999999999998387e-03 1.324499999999997901e-02 1.655499999999990313e-03 -4.966750000000005882e-03 6.040215734692269578e+00
4.139070000000000249e-01 3.781459999999999821e-01 -6.622500000000003384e-03 3.311499999999995003e-03 1.655749999999997502e-03 -4.966999999999985316e-03 6.752636257661592367e+01
4.072850000000000081e-01 3.781459999999999821e-01 -6.622500000000003384e-03 3.311000000000008381e-03 -1.655749999999997502e-03 1.655500000000004190e-03 -1.350445675787012334e+01
4.006620000000000181e-01 3.847679999999999989e-01 -9.933999999999998387e-03 6.622500000000003384e-03 -1.655500000000004190e-03 2.499999999933111283e-07 6.440789720524771056e+00
3.874170000000000114e-01 3.913909999999999889e-01 -9.933500000000011765e-03 3.311499999999995003e-03 1.655749999999997502e-03 -3.311250000000001692e-03 2.387489541259619585e+01
3.807949999999999946e-01 3.913909999999999889e-01 -6.622500000000003384e-03 0.000000000000000000e+00 1.655500000000004190e-03 -2.499999999933111283e-07 5.700278501204359728e-03
3.741720000000000046e-01 3.913909999999999889e-01 -6.622500000000003384e-03 3.311000000000008381e-03 3.311250000000001692e-03 3.311250000000001692e-03 -8.103693751537531398e+01
3.675499999999999878e-01 3.980130000000000057e-01 0.000000000000000000e+00 6.622500000000003384e-03 6.622500000000003384e-03 2.499999999933111283e-07 -1.510003775009436708e+02
3.741720000000000046e-01 4.046359999999999957e-01 6.622500000000003384e-03 3.311499999999995003e-03 4.966999999999999194e-03 -3.311250000000001692e-03 -9.454098639452445241e+01
3.807949999999999946e-01 4.046359999999999957e-01 9.933999999999998387e-03 0.000000000000000000e+00 3.311250000000001692e-03 -2.499999999933111283e-07 -2.533329598799947957e-03
3.940400000000000014e-01 4.046359999999999957e-01 1.324500000000000677e-02 3.311000000000008381e-03 3.310999999999994503e-03 1.655500000000004190e-03 4.308642195834982758e+00
4.072850000000000081e-01 4.112580000000000124e-01 1.655599999999998739e-02 3.311000000000008381e-03 4.966749999999992005e-03 1.655749999999997502e-03 2.278777077209125590e+00
4.271519999999999762e-01 4.112580000000000124e-01 2.317849999999999078e-02 6.622500000000003384e-03 1.655750000000011379e-03 1.655749999999997502e-03 1.956921727442462622e+00
4.536419999999999897e-01 4.245030000000000192e-01 1.986750000000001015e-02 6.622500000000003384e-03 -4.966749999999992005e-03 -1.655500000000004190e-03 1.802586336008248904e-04
4.668869999999999965e-01 4.245030000000000192e-01 1.324500000000000677e-02 3.311499999999995003e-03 2.500000000071889161e-07 -1.655500000000004190e-03 -8.616729547918096088e+00
4.801320000000000032e-01 4.311260000000000092e-01 1.986800000000002453e-02 3.311499999999995003e-03 1.655749999999983624e-03 -1.655749999999997502e-03 -4.696623708233697236e+00
5.066230000000000455e-01 4.311260000000000092e-01 1.655649999999997402e-02 0.000000000000000000e+00 -6.622750000000024451e-03 -1.655749999999997502e-03 -6.040288703765718914e+00
5.132449999999999513e-01 4.311260000000000092e-01 6.622499999999975628e-03 0.000000000000000000e+00 -4.966999999999971438e-03 0.000000000000000000e+00 0.000000000000000000e+00
5.198679999999999968e-01 4.311260000000000092e-01 6.622500000000031140e-03 0.000000000000000000e+00 0.000000000000000000e+00 -1.655749999999997502e-03 -3.775294451448620237e+01
5.264900000000000135e-01 4.311260000000000092e-01 6.622499999999975628e-03 -3.311499999999995003e-03 -1.655500000000031946e-03 -4.966999999999999194e-03 -9.453894693930733695e+01
5.331129999999999480e-01 4.245030000000000192e-01 3.311499999999967248e-03 -9.933999999999998387e-03 -3.311249999999987814e-03 -3.311000000000008381e-03 -3.819766978084072662e+01
5.331129999999999480e-01 4.112580000000000124e-01 0.000000000000000000e+00 -9.933500000000011765e-03 -1.655749999999983624e-03 1.655749999999997502e-03 -1.677993103222836169e+01
5.331129999999999480e-01 4.046359999999999957e-01 0.000000000000000000e+00 -6.622500000000003384e-03 -1.655749999999983624e-03 -2.499999999933111283e-07 -3.775294451448620237e+01
5.331129999999999480e-01 3.980130000000000057e-01 -3.311499999999967248e-03 -9.933999999999998387e-03 -3.311249999999987814e-03 0.000000000000000000e+00 -2.864843261875862268e+01
5.264900000000000135e-01 3.847679999999999989e-01 -6.622499999999975628e-03 -6.622500000000003384e-03 -1.655500000000031946e-03 4.966999999999999194e-03 -5.338669544632332276e+01
5.198679999999999968e-01 3.847679999999999989e-01 -6.622500000000031140e-03 0.000000000000000000e+00 0.000000000000000000e+00 4.966999999999999194e-03 -1.132531332649573983e+02
5.132449999999999513e-01 3.847679999999999989e-01 -6.622499999999975628e-03 3.311499999999995003e-03 2.775557561562891351e-17 1.655749999999997502e-03 -2.701258436269070984e+01
5.066230000000000455e-01 3.913909999999999889e-01 -6.622499999999975628e-03 3.311499999999995003e-03 1.655499999999976435e-03 1.655500000000004190e-03 -4.051377821392589595e+01
5.000000000000000000e-01 3.913909999999999889e-01 -3.311500000000022759e-03 6.622500000000003384e-03 3.311249999999987814e-03 3.311000000000008381e-03 -8.103163503035192150e+01
5.000000000000000000e-01 4.046359999999999957e-01 0.000000000000000000e+00 9.933500000000011765e-03 3.311500000000022759e-03 1.655500000000004190e-03 -3.355986206445728470e+01
5.000000000000000000e-01 4.112580000000000124e-01 3.311500000000022759e-03 9.933500000000011765e-03 1.655750000000011379e-03 2.499999999933111283e-07 -1.432580246286581804e+01
5.066230000000000455e-01 4.245030000000000192e-01 3.311500000000022759e-03 9.933999999999998387e-03 -2.500000000349444917e-07 -1.655500000000004190e-03 -4.772455618970684377e+00
5.066230000000000455e-01 4.311260000000000092e-01 3.310999999999952870e-03 6.622500000000003384e-03 1.655249999999941490e-03 -1.655999999999990813e-03 -4.051540929768454191e+01
5.132449999999999513e-01 4.377480000000000260e-01 6.621999999999905739e-03 6.622000000000016762e-03 3.310999999999952870e-03 -4.999999999866222566e-07 -2.669939454241397314e+01
