4.072850000000000081e-01 3.582779999999999854e-01 0.000000000000000000e+00 6.622999999999990006e-03 -3.311499999999995003e-03 -3.311499999999995003e-03 7.549448890231025189e+01
4.072850000000000081e-01 3.649009999999999754e-01 -3.311499999999995003e-03 3.311499999999995003e-03 -4.966999999999999194e-03 -3.311499999999995003e-03 2.669052650311531920e+02
4.006620000000000181e-01 3.649009999999999754e-01 -9.933999999999998387e-03 0.000000000000000000e+00 -4.966750000000005882e-03 -1.655749999999997502e-03 1.677824193330093649e+01
3.874170000000000114e-01 3.649009999999999754e-01 -1.324500000000000677e-02 0.000000000000000000e+00 -8.278000000000007574e-03 -9.933749999999991198e-03 5.662514156285379840e+01
3.741720000000000046e-01 3.649009999999999754e-01 -2.649000000000001354e-02 -1.986749999999998240e-02 -6.622500000000003384e-03 -1.490074999999999039e-02 7.248109324501320394e+00
3.344369999999999843e-01 3.251660000000000106e-01 -2.649000000000001354e-02 -2.980149999999998078e-02 8.278250000000014763e-03 -4.967000000000013071e-03 5.967321945713188747e+00
3.211919999999999775e-01 3.052980000000000138e-01 -9.933499999999984009e-03 -2.980150000000000854e-02 1.490075000000001815e-02 -1.387778780781445676e-17 1.432517764531021420e+01
3.145700000000000163e-01 2.655629999999999935e-01 3.311500000000022759e-03 -2.980150000000000854e-02 1.158924999999998151e-02 8.278250000000007824e-03 1.382789585123723164e+01
3.278150000000000230e-01 2.456949999999999967e-01 1.324499999999997901e-02 -1.324499999999999289e-02 6.622249999999982317e-03 1.324525000000000702e-02 4.004002158474227002e+01
3.410599999999999743e-01 2.390730000000000077e-01 1.655599999999998739e-02 -3.310999999999994503e-03 1.655500000000018068e-03 9.933749999999991198e-03 3.530969315812114218e+01
3.609269999999999978e-01 2.390730000000000077e-01 1.655600000000001515e-02 6.622499999999989506e-03 -3.310999999999994503e-03 4.966749999999992005e-03 1.837091923293229101e+01
3.741720000000000046e-01 2.523179999999999867e-01 9.933999999999998387e-03 6.622499999999989506e-03 -4.966750000000005882e-03 -3.311249999999994753e-03 -9.728554878118151478e-04
3.807949999999999946e-01 2.523179999999999867e-01 6.622500000000003384e-03 0.000000000000000000e+00 -1.655749999999997502e-03 -3.311249999999994753e-03 -7.550018875047167910e+01
3.874170000000000114e-01 2.523179999999999867e-01 6.622500000000003384e-03 0.000000000000000000e+00 1.655749999999997502e-03 -3.311249999999994753e-03 -7.550018875047167910e+01
3.940400000000000014e-01 2.523179999999999867e-01 9.933999999999998387e-03 -6.622499999999989506e-03 6.622500000000003384e-03 -6.622499999999996445e-03 -1.288644379193942591e+01
4.072850000000000081e-01 2.390730000000000077e-01 1.986750000000001015e-02 -1.324499999999999289e-02 8.277999999999993697e-03 -1.655750000000004440e-03 5.637384170701593256e+00
4.337750000000000217e-01 2.258280000000000010e-01 2.648999999999998578e-02 -9.933999999999998387e-03 -1.655750000000011379e-03 4.966749999999998944e-03 5.083821081905050221e+00
4.602649999999999797e-01 2.192050000000000110e-01 1.655599999999998739e-02 -3.311499999999995003e-03 -8.278249999999987008e-03 9.933999999999998387e-03 2.847544565407709527e+01
4.668869999999999965e-01 2.192050000000000110e-01 9.933500000000011765e-03 9.933999999999998387e-03 -4.966749999999992005e-03 1.324524999999999314e-02 6.525010687891794703e+01
4.801320000000000032e-01 2.390730000000000077e-01 6.622500000000003384e-03 2.317899999999999128e-02 -6.622250000000010073e-03 9.933500000000004826e-03 1.565307807681611862e+01
4.801320000000000032e-01 2.655629999999999935e-01 -3.311000000000008381e-03 2.980100000000000804e-02 -8.278000000000007574e-03 1.655500000000011129e-03 8.947732343423540513e+00
4.735099999999999865e-01 2.986750000000000238e-01 -9.933500000000011765e-03 2.649000000000001354e-02 -6.622749999999996695e-03 -3.311000000000015320e-03 9.200009695621265138e+00
4.602649999999999797e-01 3.185430000000000206e-01 -1.655650000000000177e-02 2.317899999999997740e-02 -4.966999999999985316e-03 -1.655500000000018068e-03 6.167304857081918890e+00
4.403969999999999829e-01 3.450329999999999786e-01 -1.986749999999998240e-02 2.317899999999997740e-02 2.500000000071889161e-07 -1.655749999999983624e-03 1.155976677012948262e+00
4.205300000000000149e-01 3.649009999999999754e-01 -1.655599999999998739e-02 1.986750000000001015e-02 4.966749999999992005e-03 -4.966999999999985316e-03 -9.506598492043366599e-01
4.072850000000000081e-01 3.847679999999999989e-01 -9.933999999999998387e-03 1.324500000000000677e-02 6.622249999999996195e-03 -6.622500000000003384e-03 -4.830786323210391586e+00
4.006620000000000181e-01 3.913909999999999889e-01 -3.311499999999995003e-03 6.622500000000003384e-03 6.622749999999996695e-03 -3.311250000000001692e-03 -8.103367448557028752e+01
4.006620000000000181e-01 3.980130000000000057e-01 3.311499999999995003e-03 6.622500000000003384e-03 9.933999999999998387e-03 -1.655500000000004190e-03 -1.755726214248767860e+02
4.072850000000000081e-01 4.046359999999999957e-01 1.655650000000000177e-02 3.311499999999995003e-03 1.821174999999999877e-02 -3.311250000000001692e-03 -2.391846704218771080e+01
4.337750000000000217e-01 4.046359999999999957e-01 3.973499999999999255e-02 0.000000000000000000e+00 1.986749999999999627e-02 -1.655749999999997502e-03 -1.048692903180182601e+00
4.867549999999999932e-01 4.046359999999999957e-01 5.629149999999999432e-02 0.000000000000000000e+00 3.311250000000015570e-03 0.000000000000000000e+00 0.000000000000000000e+00
5.463580000000000103e-01 4.046359999999999957e-01 4.635750000000002369e-02 0.000000000000000000e+00 -9.933999999999998387e-03 -3.311250000000001692e-03 -1.540820178581058020e+00
5.794700000000000406e-01 4.046359999999999957e-01 3.642349999999999755e-02 -6.622500000000003384e-03 -8.278000000000021452e-03 -8.278250000000000886e-03 -7.023232477537522556e+00
6.192050000000000054e-01 3.913909999999999889e-01 2.980149999999998078e-02 -1.655650000000000177e-02 -1.158924999999999539e-02 -8.278250000000000886e-03 -1.106885728622137144e+01
6.390730000000000022e-01 3.715229999999999921e-01 1.324500000000000677e-02 -2.317900000000000515e-02 -1.655650000000000177e-02 -3.310999999999994503e-03 -2.247494995382811567e+01
6.456950000000000189e-01 3.450329999999999786e-01 -3.311500000000022759e-03 -2.317849999999999078e-02 -1.324500000000000677e-02 3.311500000000008881e-03 -2.477197100171698096e+01
6.324499999999999567e-01 3.251660000000000106e-01 -1.324500000000000677e-02 -1.655599999999998739e-02 -6.622249999999968439e-03 8.277999999999993697e-03 -2.300697285437103901e+01
6.192050000000000054e-01 3.119210000000000038e-01 -1.655599999999995964e-02 -6.622500000000003384e-03 0.000000000000000000e+00 1.158924999999999539e-02 -3.384190472696551666e+01
5.993380000000000374e-01 3.119210000000000038e-01 -1.324500000000000677e-02 6.622500000000003384e-03 8.277999999999979819e-03 9.933750000000005076e-03 -5.739975355823633407e+01
5.927149999999999919e-01 3.251660000000000106e-01 0.000000000000000000e+00 1.324500000000000677e-02 9.933750000000018954e-03 3.311250000000001692e-03 -5.662514156285394762e+01
5.993380000000000374e-01 3.384110000000000174e-01 6.622500000000031140e-03 1.324500000000000677e-02 6.622500000000003384e-03 -1.387778780781445676e-17 -2.701176869761914645e+01
6.059600000000000541e-01 3.516560000000000241e-01 1.324500000000000677e-02 1.324499999999997901e-02 4.966999999999971438e-03 -1.655750000000011379e-03 -1.334717769977858026e+01
6.258280000000000509e-01 3.649009999999999754e-01 1.655649999999997402e-02 9.933499999999984009e-03 -2.775557561562891351e-17 -3.311499999999981125e-03 -7.617162432376916925e+00
6.390730000000000022e-01 3.715229999999999921e-01 1.324499999999995126e-02 6.622000000000016762e-03 -3.311500000000022759e-03 -3.311499999999967248e-03 -6.754267864954766054e+00
