3.741720000000000046e-01 3.913909999999999889e-01 -6.622000000000016762e-03 0.000000000000000000e+00 -3.311499999999995003e-03 0.000000000000000000e+00 0.000000000000000000e+00
3.675499999999999878e-01 3.913909999999999889e-01 -9.933500000000011765e-03 0.000000000000000000e+00 -3.311499999999995003e-03 0.000000000000000000e+00 0.000000000000000000e+00
3.543049999999999811e-01 3.913909999999999889e-01 -1.324500000000000677e-02 0.000000000000000000e+00 -3.311499999999995003e-03 -4.966999999999999194e-03 2.831328331623959116e+01
3.410599999999999743e-01 3.913909999999999889e-01 -1.655650000000000177e-02 -9.933999999999998387e-03 -1.655749999999983624e-03 -9.933749999999991198e-03 2.056376845637212014e+01
3.211919999999999775e-01 3.715229999999999921e-01 -1.655649999999997402e-02 -1.986749999999998240e-02 0.000000000000000000e+00 -4.966749999999992005e-03 4.754032041850746459e+00
3.079470000000000263e-01 3.516560000000000241e-01 -1.655650000000000177e-02 -1.986749999999998240e-02 -1.387778780781445676e-17 -1.655750000000011379e-03 1.584836875883496754e+00
2.880789999999999740e-01 3.317880000000000273e-01 -1.655650000000000177e-02 -2.317900000000000515e-02 3.311500000000008881e-03 -3.311250000000015570e-03 5.693119963028485664e+00
2.748340000000000227e-01 3.052980000000000138e-01 -9.933499999999984009e-03 -2.649000000000001354e-02 6.622749999999996695e-03 0.000000000000000000e+00 7.747545902148075037e+00
2.682120000000000060e-01 2.788080000000000003e-01 -3.311000000000008381e-03 -2.317900000000000515e-02 6.622249999999996195e-03 3.311250000000008631e-03 1.110387287362461173e+01
2.682120000000000060e-01 2.589400000000000035e-01 3.311000000000008381e-03 -1.986749999999999627e-02 4.966750000000005882e-03 3.311500000000001942e-03 1.341832368363648342e+01
2.748340000000000227e-01 2.390730000000000077e-01 6.622500000000003384e-03 -1.655600000000000127e-02 3.311499999999995003e-03 4.966749999999998944e-03 1.547142350638127972e+01
2.814570000000000127e-01 2.258280000000000010e-01 9.933999999999998387e-03 -9.933999999999998387e-03 4.966999999999999194e-03 6.622250000000003134e-03 4.152044759691293052e+01
2.947020000000000195e-01 2.192050000000000110e-01 1.655650000000000177e-02 -3.311499999999995003e-03 3.311250000000001692e-03 4.966999999999999194e-03 1.936259313802042215e+01
3.145700000000000163e-01 2.192050000000000110e-01 1.655650000000000177e-02 0.000000000000000000e+00 -1.655750000000011379e-03 4.966999999999992255e-03 1.811995409428006809e+01
3.278150000000000230e-01 2.192050000000000110e-01 1.324499999999997901e-02 6.622499999999989506e-03 -3.311500000000008881e-03 4.966999999999999194e-03 2.701278839443688184e+01
3.410599999999999743e-01 2.324499999999999900e-01 9.933499999999984009e-03 9.933999999999998387e-03 -3.311249999999987814e-03 6.938893903907228378e-18 1.186400865869545385e+01
3.476819999999999911e-01 2.390730000000000077e-01 6.622500000000003384e-03 6.622500000000003384e-03 -3.310999999999994503e-03 -1.655750000000004440e-03 1.334365083239342376e+01
3.543049999999999811e-01 2.456949999999999967e-01 3.311499999999995003e-03 6.622499999999989506e-03 -1.655749999999997502e-03 0.000000000000000000e+00 2.701258436269041141e+01
3.543049999999999811e-01 2.523179999999999867e-01 3.311000000000008381e-03 6.622500000000003384e-03 1.655500000000004190e-03 -1.655749999999990563e-03 -4.051744893768687206e+01
3.609269999999999978e-01 2.589400000000000035e-01 6.622500000000003384e-03 3.311000000000008381e-03 2.499999999933111283e-07 -6.622500000000003384e-03 -1.080540086672318552e+02
3.675499999999999878e-01 2.589400000000000035e-01 3.311499999999995003e-03 -6.622500000000003384e-03 -1.655749999999997502e-03 -8.278000000000007574e-03 -9.454302554180715390e+01
3.675499999999999878e-01 2.456949999999999967e-01 3.311000000000008381e-03 -1.324500000000000677e-02 1.655500000000004190e-03 -3.311249999999994753e-03 4.308316917094544785e+00
3.741720000000000046e-01 2.324499999999999900e-01 6.622500000000003384e-03 -1.324499999999999289e-02 3.311499999999995003e-03 1.655750000000004440e-03 1.688363005703397235e+01
3.807949999999999946e-01 2.192050000000000110e-01 9.933999999999998387e-03 -9.933499999999997887e-03 3.311250000000001692e-03 3.311249999999994753e-03 2.372742017582359964e+01
3.940400000000000014e-01 2.125829999999999942e-01 1.324500000000000677e-02 -6.622500000000003384e-03 3.310999999999994503e-03 3.311000000000001442e-03 2.025729697798801254e+01
4.072850000000000081e-01 2.059600000000000042e-01 1.655599999999998739e-02 -3.311499999999995003e-03 1.655499999999990313e-03 3.311250000000001692e-03 1.252909977370161165e+01
4.271519999999999762e-01 2.059600000000000042e-01 1.655599999999998739e-02 0.000000000000000000e+00 -3.310999999999994503e-03 1.655749999999997502e-03 6.040653549133776501e+00
4.403969999999999829e-01 2.059600000000000042e-01 9.933999999999998387e-03 0.000000000000000000e+00 -4.966749999999992005e-03 1.655749999999997502e-03 1.677824193330093649e+01
4.470199999999999729e-01 2.059600000000000042e-01 6.622500000000003384e-03 3.311499999999995003e-03 -1.655749999999997502e-03 4.966999999999999194e-03 9.454098639452445241e+01
4.536419999999999897e-01 2.125829999999999942e-01 6.622500000000003384e-03 9.933999999999998387e-03 -1.655500000000004190e-03 9.933500000000004826e-03 4.831905671009896963e+01
4.602649999999999797e-01 2.258280000000000010e-01 3.311499999999995003e-03 2.317850000000000465e-02 -4.966999999999999194e-03 8.278000000000000635e-03 1.110499244240716799e+01
4.602649999999999797e-01 2.589400000000000035e-01 -3.311499999999995003e-03 2.648999999999999966e-02 -4.966999999999999194e-03 -1.655499999999997252e-03 7.203722682444933412e+00
4.536419999999999897e-01 2.788080000000000003e-01 -6.622500000000003384e-03 1.986750000000001015e-02 -4.966750000000005882e-03 6.938893903907228378e-18 1.074359482213466599e+01
4.470199999999999729e-01 2.986750000000000238e-01 -1.324500000000000677e-02 2.649000000000001354e-02 -6.622499999999989506e-03 1.655749999999983624e-03 5.908760671553093147e+00
4.271519999999999762e-01 3.317880000000000273e-01 -1.986749999999998240e-02 2.317899999999997740e-02 -1.655499999999990313e-03 -6.622500000000017262e-03 5.973060187922965447e+00
4.072850000000000081e-01 3.450329999999999786e-01 -1.655599999999998739e-02 1.324499999999997901e-02 3.311249999999987814e-03 -4.966999999999985316e-03 4.026443895401696338e+00
3.940400000000000014e-01 3.582779999999999854e-01 -1.324500000000000677e-02 1.324500000000000677e-02 1.655499999999990313e-03 1.387778780781445676e-17 -3.336416546296254282e+00
3.807949999999999946e-01 3.715229999999999921e-01 -1.324500000000000677e-02 1.324500000000000677e-02 -1.655749999999997502e-03 0.000000000000000000e+00 3.336920384494110881e+00
3.675499999999999878e-01 3.847679999999999989e-01 -1.655650000000000177e-02 1.324500000000000677e-02 0.000000000000000000e+00 -1.655500000000004190e-03 2.875636738837966000e+00
3.476819999999999911e-01 3.980130000000000057e-01 -1.324500000000000677e-02 9.933999999999998387e-03 4.966999999999999194e-03 -4.966750000000005882e-03 3.622998533544958821e+00
3.410599999999999743e-01 4.046359999999999957e-01 -6.622500000000003384e-03 3.311499999999995003e-03 3.311250000000015570e-03 -3.311499999999995003e-03 2.701258436269021246e+01
3.344369999999999843e-01 4.046359999999999957e-01 -6.622499999999975628e-03 3.311000000000008381e-03 1.655750000000011379e-03 1.655500000000004190e-03 -4.051744893768734812e+01
3.278150000000000230e-01 4.112580000000000124e-01 -3.310999999999980625e-03 6.622500000000003384e-03 6.622499999999975628e-03 2.499999999933111283e-07 -1.080540086672319262e+02
3.278150000000000230e-01 4.178810000000000024e-01 6.622499999999975628e-03 3.311499999999995003e-03 9.933499999999984009e-03 -1.655749999999997502e-03 -1.080482979955440896e+02
3.410599999999999743e-01 4.178810000000000024e-01 1.655599999999998739e-02 3.311000000000008381e-03 6.622500000000017262e-03 -2.499999999933111283e-07 -4.556694186616724096e+00
3.609269999999999978e-01 4.245030000000000192e-01 1.986750000000001015e-02 3.311000000000008381e-03 3.311500000000008881e-03 2.499999999933111283e-07 -1.341254889396097383e+00
3.807949999999999946e-01 4.245030000000000192e-01 2.317900000000000515e-02 3.311499999999995003e-03 4.966749999999992005e-03 1.655749999999997502e-03 1.708505815655550819e+00
4.072850000000000081e-01 4.311260000000000092e-01 2.980099999999999416e-02 6.622500000000003384e-03 6.622249999999996195e-03 1.655500000000004190e-03 1.926031039933989997e-01
4.403969999999999829e-01 4.377480000000000260e-01 3.642349999999999755e-02 6.622500000000003384e-03 2.500000000071889161e-07 -1.655500000000004190e-03 -1.188476251322696076e+00
4.801320000000000032e-01 4.443710000000000160e-01 2.980150000000000854e-02 3.311499999999995003e-03 -9.933500000000011765e-03 -3.311250000000001692e-03 -2.440175373826384053e+00
5.000000000000000000e-01 4.443710000000000160e-01 1.655649999999997402e-02 0.000000000000000000e+00 -8.278250000000000886e-03 -1.655749999999997502e-03 -6.040288703765718914e+00
5.132449999999999513e-01 4.443710000000000160e-01 1.324500000000000677e-02 0.000000000000000000e+00 2.775557561562891351e-17 -3.311250000000001692e-03 -1.887504718761795885e+01
5.264900000000000135e-01 4.443710000000000160e-01 1.655650000000002953e-02 -6.622500000000003384e-03 -1.655500000000004190e-03 -4.966999999999999194e-03 -1.643707627061204590e+01
5.463580000000000103e-01 4.311260000000000092e-01 9.933999999999998387e-03 -9.933999999999998387e-03 -8.278250000000014763e-03 -1.655749999999997502e-03 -3.559023460773850900e+01
5.463580000000000103e-01 4.245030000000000192e-01 0.000000000000000000e+00 -9.933999999999998387e-03 -6.622750000000010573e-03 -4.966750000000005882e-03 -6.711043440360509749e+01
5.463580000000000103e-01 4.112580000000000124e-01 -3.311500000000022759e-03 -1.986750000000001015e-02 -4.966999999999999194e-03 -4.966750000000005882e-03 -1.006405012590284542e+01
5.397349999999999648e-01 3.847679999999999989e-01 -9.933999999999998387e-03 -1.986750000000001015e-02 -3.310999999999980625e-03 6.622500000000003384e-03 -1.200474712501276642e+01
5.264900000000000135e-01 3.715229999999999921e-01 -9.933499999999984009e-03 -6.622500000000003384e-03 2.500000000071889161e-07 9.933750000000005076e-03 -5.798824877593495586e+01
5.198679999999999968e-01 3.715229999999999921e-01 -9.933499999999984009e-03 0.000000000000000000e+00 1.655500000000004190e-03 6.622500000000003384e-03 -6.711465695964614042e+01
5.066230000000000455e-01 3.715229999999999921e-01 -6.622499999999975628e-03 6.622500000000003384e-03 6.622249999999968439e-03 8.278250000000000886e-03 -1.201190570778310303e+02
5.066230000000000455e-01 3.847679999999999989e-01 3.310999999999952870e-03 1.655650000000000177e-02 6.622499999999975628e-03 3.311250000000001692e-03 -2.050153184709072463e+01
5.132449999999999513e-01 4.046359999999999957e-01 6.622499999999975628e-03 1.324500000000000677e-02 6.622750000000038328e-03 -1.655749999999997502e-03 -3.038951440584375874e+01
5.198679999999999968e-01 4.112580000000000124e-01 1.655650000000002953e-02 1.324500000000000677e-02 9.933750000000018954e-03 3.311499999999995003e-03 -8.051748131492173499e+00
5.463580000000000103e-01 4.311260000000000092e-01 2.649000000000001354e-02 1.986799999999999677e-02 9.933499999999984009e-03 6.622999999999990006e-03 -6.036202820156534310e-01
