4.602649999999999797e-01 3.715229999999999921e-01 -6.622999999999990006e-03 0.000000000000000000e+00 4.999999999866222566e-07 0.000000000000000000e+00 -0.000000000000000000e+00
4.536419999999999897e-01 3.715229999999999921e-01 -6.622500000000003384e-03 0.000000000000000000e+00 -1.655249999999997002e-03 0.000000000000000000e+00 0.000000000000000000e+00
4.470199999999999729e-01 3.715229999999999921e-01 -9.933499999999984009e-03 0.000000000000000000e+00 -3.311249999999987814e-03 -3.311250000000001692e-03 3.355732847982307021e+01
4.337750000000000217e-01 3.715229999999999921e-01 -1.324499999999997901e-02 -6.622500000000003384e-03 -2.500000000071889161e-07 -4.966749999999992005e-03 2.025780682639681629e+01
4.205300000000000149e-01 3.582779999999999854e-01 -9.933999999999998387e-03 -9.933499999999984009e-03 1.655499999999990313e-03 -3.311249999999987814e-03 1.779526657235510001e+01
4.139070000000000249e-01 3.516560000000000241e-01 -9.933999999999998387e-03 -1.324499999999997901e-02 -1.655500000000004190e-03 -6.622750000000010573e-03 9.665038335322314822e+00
4.006620000000000181e-01 3.317880000000000273e-01 -1.324500000000000677e-02 -2.317900000000000515e-02 -1.655500000000004190e-03 -4.967000000000013071e-03 1.440897152594259989e+00
3.874170000000000114e-01 3.052980000000000138e-01 -1.324500000000000677e-02 -2.317900000000000515e-02 1.655749999999997502e-03 0.000000000000000000e+00 2.017125487076191881e+00
3.741720000000000046e-01 2.854300000000000170e-01 -9.933500000000011765e-03 -2.317900000000000515e-02 4.966999999999999194e-03 2.500000000002500222e-07 7.178848681803778220e+00
3.675499999999999878e-01 2.589400000000000035e-01 -3.311000000000008381e-03 -2.317850000000000465e-02 4.966750000000005882e-03 3.311500000000001942e-03 8.114749333397556441e+00
3.675499999999999878e-01 2.390730000000000077e-01 0.000000000000000000e+00 -1.655600000000000127e-02 3.311000000000008381e-03 4.966749999999998944e-03 1.207948295405826933e+01
3.675499999999999878e-01 2.258280000000000010e-01 3.311000000000008381e-03 -1.324500000000000677e-02 3.311250000000001692e-03 1.655499999999997252e-03 1.938856470075874938e+01
3.741720000000000046e-01 2.125829999999999942e-01 6.622500000000003384e-03 -1.324500000000000677e-02 1.655749999999997502e-03 3.311250000000001692e-03 1.350639419721836987e+01
3.807949999999999946e-01 1.993379999999999874e-01 6.622500000000003384e-03 -6.622500000000003384e-03 3.311250000000001692e-03 6.622500000000003384e-03 8.008004316948439794e+01
3.874170000000000114e-01 1.993379999999999874e-01 1.324500000000000677e-02 0.000000000000000000e+00 3.311250000000001692e-03 3.311250000000001692e-03 1.887504718761795885e+01
4.072850000000000081e-01 1.993379999999999874e-01 1.324500000000000677e-02 0.000000000000000000e+00 -3.311250000000001692e-03 1.655500000000004190e-03 9.436811058996328327e+00
4.139070000000000249e-01 1.993379999999999874e-01 6.622500000000003384e-03 3.311000000000008381e-03 -3.311250000000015570e-03 3.311250000000001692e-03 8.103693751537542767e+01
4.205300000000000149e-01 2.059600000000000042e-01 6.622499999999975628e-03 6.622500000000003384e-03 -1.655750000000011379e-03 1.655749999999997502e-03 2.669536307595311442e+01
4.271519999999999762e-01 2.125829999999999942e-01 3.310999999999980625e-03 6.622500000000003384e-03 -1.655499999999976435e-03 -1.655749999999997502e-03 1.350445675786985156e+01
4.271519999999999762e-01 2.192050000000000110e-01 3.311500000000022759e-03 3.311000000000008381e-03 2.500000000210667039e-07 -1.655500000000004190e-03 -5.339475548798474591e+01
4.337750000000000217e-01 2.192050000000000110e-01 3.311500000000022759e-03 3.311499999999995003e-03 -1.655750000000011379e-03 -1.655500000000004190e-03 8.060194027418426596e-03
4.337750000000000217e-01 2.258280000000000010e-01 0.000000000000000000e+00 0.000000000000000000e+00 -2.500000000210667039e-07 -4.966999999999999194e-03 0.000000000000000000e+00
4.337750000000000217e-01 2.192050000000000110e-01 3.310999999999980625e-03 -6.622500000000003384e-03 1.655499999999990313e-03 -3.311250000000001692e-03 0.000000000000000000e+00
4.403969999999999829e-01 2.125829999999999942e-01 3.310999999999980625e-03 -6.622500000000003384e-03 1.655750000000011379e-03 0.000000000000000000e+00 2.701503181981860990e+01
4.403969999999999829e-01 2.059600000000000042e-01 6.622500000000003384e-03 -6.622500000000003384e-03 3.311500000000008881e-03 0.000000000000000000e+00 2.669536307595300073e+01
4.536419999999999897e-01 1.993379999999999874e-01 9.933999999999998387e-03 -6.622500000000003384e-03 1.655749999999997502e-03 6.938893903907228378e-18 6.443221895969736046e+00
4.602649999999999797e-01 1.927149999999999974e-01 9.933999999999998387e-03 -6.622499999999989506e-03 1.655500000000004190e-03 1.655750000000004440e-03 1.610732511667113087e+01
4.735099999999999865e-01 1.860930000000000084e-01 1.324500000000000677e-02 -3.310999999999994503e-03 4.966749999999992005e-03 3.311249999999994753e-03 2.369688161785322933e+01
4.867549999999999932e-01 1.860930000000000084e-01 1.986749999999998240e-02 0.000000000000000000e+00 3.311250000000001692e-03 3.310999999999994503e-03 8.388276496885614719e+00
5.132449999999999513e-01 1.860930000000000084e-01 1.986750000000001015e-02 3.310999999999994503e-03 -4.966749999999992005e-03 3.311249999999994753e-03 1.006376810001151512e+01
5.264900000000000135e-01 1.927149999999999974e-01 9.933999999999998387e-03 6.622499999999989506e-03 -6.622500000000017262e-03 3.311500000000001942e-03 4.510109402528165390e+01
5.331129999999999480e-01 1.993379999999999874e-01 6.622499999999975628e-03 9.933999999999998387e-03 -3.311499999999995003e-03 3.311250000000008631e-03 3.221562308883005699e+01
5.397349999999999648e-01 2.125829999999999942e-01 3.311000000000008381e-03 1.324500000000000677e-02 -3.311249999999987814e-03 1.655500000000004190e-03 1.938856470075868188e+01
5.397349999999999648e-01 2.258280000000000010e-01 0.000000000000000000e+00 1.324500000000000677e-02 -3.311000000000008381e-03 1.655499999999997252e-03 1.887362211799265665e+01
5.397349999999999648e-01 2.390730000000000077e-01 -3.311000000000008381e-03 1.655600000000000127e-02 -4.966749999999992005e-03 6.622499999999996445e-03 1.252914609478561481e+01
5.331129999999999480e-01 2.589400000000000035e-01 -9.933499999999984009e-03 2.648999999999999966e-02 -3.311499999999995003e-03 3.311500000000001942e-03 2.421236048233882165e+00
5.198679999999999968e-01 2.920530000000000070e-01 -9.933999999999998387e-03 2.317900000000000515e-02 -2.500000000071889161e-07 -6.622499999999996445e-03 4.102508697378083546e+00
5.132449999999999513e-01 3.052980000000000138e-01 -9.933999999999998387e-03 1.324500000000000677e-02 1.387778780781445676e-17 -4.966999999999999194e-03 1.087227889935353176e+01
5.000000000000000000e-01 3.185430000000000206e-01 -9.933999999999970631e-03 1.324500000000000677e-02 0.000000000000000000e+00 -1.387778780781445676e-17 3.037712493509310449e-14
4.933770000000000100e-01 3.317880000000000273e-01 -9.933999999999998387e-03 1.324499999999997901e-02 -4.966750000000019760e-03 -1.387778780781445676e-17 1.449527743289863047e+01
4.801320000000000032e-01 3.450329999999999786e-01 -1.986750000000001015e-02 1.324499999999997901e-02 -3.311000000000008381e-03 -1.655499999999990313e-03 5.637262557409173702e+00
4.536419999999999897e-01 3.582779999999999854e-01 -1.655600000000001515e-02 9.933999999999998387e-03 6.622500000000003384e-03 -3.311249999999987814e-03 -1.523680102129168823e+00
4.470199999999999729e-01 3.649009999999999754e-01 -6.622500000000003384e-03 6.622500000000003384e-03 3.311000000000008381e-03 -1.655749999999997502e-03 -1.334365083239359073e+01
4.403969999999999829e-01 3.715229999999999921e-01 -9.933999999999998387e-03 6.622500000000003384e-03 0.000000000000000000e+00 0.000000000000000000e+00 -0.000000000000000000e+00
4.271519999999999762e-01 3.781459999999999821e-01 -6.622500000000003384e-03 6.622500000000003384e-03 4.966999999999999194e-03 0.000000000000000000e+00 -4.004102926113790772e+01
4.271519999999999762e-01 3.847679999999999989e-01 0.000000000000000000e+00 6.622500000000003384e-03 3.311250000000001692e-03 0.000000000000000000e+00 -7.550018875047183542e+01
4.271519999999999762e-01 3.913909999999999889e-01 0.000000000000000000e+00 6.622500000000003384e-03 1.655750000000011379e-03 -1.655749999999997502e-03 -3.775294451448683475e+01
4.271519999999999762e-01 3.980130000000000057e-01 3.311500000000022759e-03 3.311000000000008381e-03 4.966999999999999194e-03 -1.655500000000004190e-03 -2.135387179396404917e+02
4.337750000000000217e-01 3.980130000000000057e-01 9.933999999999998387e-03 3.311499999999995003e-03 6.622249999999982317e-03 2.499999999933111283e-07 -1.909703238573974104e+01
4.470199999999999729e-01 4.046359999999999957e-01 1.655599999999998739e-02 3.311499999999995003e-03 4.966750000000005882e-03 -1.655749999999997502e-03 -9.112713619845681734e+00
4.668869999999999965e-01 4.046359999999999957e-01 1.986750000000001015e-02 0.000000000000000000e+00 9.933999999999998387e-03 -1.655749999999997502e-03 -4.194771612720724185e+00
4.867549999999999932e-01 4.046359999999999957e-01 3.642399999999998417e-02 0.000000000000000000e+00 8.278249999999987008e-03 0.000000000000000000e+00 0.000000000000000000e+00
5.397349999999999648e-01 4.046359999999999957e-01 3.642399999999998417e-02 0.000000000000000000e+00 -8.278249999999973130e-03 0.000000000000000000e+00 0.000000000000000000e+00
5.596029999999999616e-01 4.046359999999999957e-01 1.986750000000003791e-02 0.000000000000000000e+00 -4.966999999999985316e-03 -3.311250000000001692e-03 -8.388909861163512005e+00
5.794700000000000406e-01 4.046359999999999957e-01 2.649000000000001354e-02 -6.622500000000003384e-03 1.655749999999983624e-03 -4.966999999999999194e-03 -5.924426109422132214e+00
6.125829999999999886e-01 3.913909999999999889e-01 2.317900000000000515e-02 -9.933999999999998387e-03 -4.966999999999999194e-03 -4.966999999999999194e-03 -1.025552328359207266e+01
6.258280000000000509e-01 3.847679999999999989e-01 1.655600000000001515e-02 -1.655650000000000177e-02 -6.622750000000010573e-03 -6.622249999999996195e-03 -1.708374254671862147e+01
6.456950000000000189e-01 3.582779999999999854e-01 9.933499999999984009e-03 -2.317849999999999078e-02 -6.622250000000023951e-03 2.500000000071889161e-07 -9.571564459362596367e+00
6.456950000000000189e-01 3.384110000000000174e-01 3.311499999999967248e-03 -1.655599999999998739e-02 -6.622249999999996195e-03 1.655249999999997002e-03 -2.164043750020386980e+01
6.523179999999999534e-01 3.251660000000000106e-01 -3.311000000000008381e-03 -1.986799999999999677e-02 -6.622749999999982817e-03 -2.500000000071889161e-07 -1.610208208232970151e+01
6.390730000000000022e-01 2.986750000000000238e-01 -9.933999999999998387e-03 -1.655650000000000177e-02 -4.966999999999999194e-03 8.278499999999994197e-03 -2.284976890634654367e+01
6.324499999999999567e-01 2.920530000000000070e-01 -1.324500000000000677e-02 -3.311000000000008381e-03 -1.655499999999976435e-03 9.933750000000005076e-03 -5.385770246392213068e+01
6.125829999999999886e-01 2.920530000000000070e-01 -1.324499999999995126e-02 3.311000000000008381e-03 4.966750000000019760e-03 8.278000000000007574e-03 -4.954808433362450160e+01
6.059600000000000541e-01 2.986750000000000238e-01 -3.311499999999967248e-03 1.324500000000000677e-02 6.622499999999975628e-03 6.622749999999996695e-03 -4.308624999841186565e+01
6.059600000000000541e-01 3.185430000000000206e-01 0.000000000000000000e+00 1.655650000000000177e-02 4.966999999999971438e-03 1.655749999999997502e-03 -1.811995409427998993e+01
6.059600000000000541e-01 3.317880000000000273e-01 6.622499999999975628e-03 1.655650000000000177e-02 6.622499999999975628e-03 -1.387778780781445676e-17 -1.933751349387902607e+01
6.192050000000000054e-01 3.516560000000000241e-01 1.324499999999995126e-02 1.655649999999997402e-02 3.311250000000015570e-03 -1.655750000000011379e-03 -8.052529785281544505e+00
6.324499999999999567e-01 3.649009999999999754e-01 1.324500000000000677e-02 1.324499999999997901e-02 5.551115123125782702e-17 -1.655749999999983624e-03 -3.336920384494205916e+00
6.456950000000000189e-01 3.781459999999999821e-01 1.324500000000006228e-02 1.324500000000000677e-02 5.551115123125782702e-17 2.775557561562891351e-17 -5.593727679610990347e-14
