4.470199999999999729e-01 3.715229999999999921e-01 -6.622999999999990006e-03 0.000000000000000000e+00 -3.311000000000008381e-03 0.000000000000000000e+00 0.000000000000000000e+00
4.403969999999999829e-01 3.715229999999999921e-01 -9.933999999999998387e-03 0.000000000000000000e+00 -1.655249999999997002e-03 0.000000000000000000e+00 0.000000000000000000e+00
4.271519999999999762e-01 3.715229999999999921e-01 -9.933499999999984009e-03 0.000000000000000000e+00 2.500000000071889161e-07 0.000000000000000000e+00 -0.000000000000000000e+00
4.205300000000000149e-01 3.715229999999999921e-01 -9.933499999999984009e-03 0.000000000000000000e+00 -1.655750000000011379e-03 -4.966749999999992005e-03 5.033472592741740925e+01
4.072850000000000081e-01 3.715229999999999921e-01 -1.324500000000000677e-02 -9.933499999999984009e-03 -1.655750000000011379e-03 -1.158924999999999539e-02 3.020034911383221399e+01
3.940400000000000014e-01 3.516560000000000241e-01 -1.324500000000000677e-02 -2.317849999999999078e-02 0.000000000000000000e+00 -6.622750000000010573e-03 4.610573699591227204e+00
3.807949999999999946e-01 3.251660000000000106e-01 -1.324500000000000677e-02 -2.317900000000000515e-02 3.311250000000001692e-03 -2.500000000071889161e-07 4.034120444968706032e+00
3.675499999999999878e-01 3.052980000000000138e-01 -6.622500000000003384e-03 -2.317900000000000515e-02 6.622500000000003384e-03 0.000000000000000000e+00 1.095756239223935147e+01
3.675499999999999878e-01 2.788080000000000003e-01 0.000000000000000000e+00 -2.317900000000000515e-02 3.311250000000001692e-03 1.655750000000004440e-03 6.163147765373095055e+00
3.675499999999999878e-01 2.589400000000000035e-01 0.000000000000000000e+00 -1.986749999999999627e-02 0.000000000000000000e+00 3.311500000000001942e-03 0.000000000000000000e+00
3.675499999999999878e-01 2.390730000000000077e-01 0.000000000000000000e+00 -1.655600000000000127e-02 1.655500000000004190e-03 3.311249999999994753e-03 6.039741477029134664e+00
3.675499999999999878e-01 2.258280000000000010e-01 3.311000000000008381e-03 -1.324500000000000677e-02 4.966750000000005882e-03 3.311000000000001442e-03 3.015919435412487104e+01
3.741720000000000046e-01 2.125829999999999942e-01 9.933500000000011765e-03 -9.933999999999998387e-03 3.311499999999995003e-03 4.966750000000005882e-03 2.965957382437634848e+01
3.874170000000000114e-01 2.059600000000000042e-01 9.933999999999998387e-03 -3.311499999999995003e-03 -1.655500000000004190e-03 6.622749999999996695e-03 5.252440961854632206e+01
3.940400000000000014e-01 2.059600000000000042e-01 6.622500000000003384e-03 3.311499999999995003e-03 -2.499999999933111283e-07 8.278249999999993947e-03 1.350568040636681246e+02
4.006620000000000181e-01 2.125829999999999942e-01 9.933500000000011765e-03 1.324499999999999289e-02 1.655749999999997502e-03 4.966750000000005882e-03 6.039267207247478453e+00
4.139070000000000249e-01 2.324499999999999900e-01 9.933999999999998387e-03 1.324500000000000677e-02 -3.311000000000008381e-03 -3.311249999999994753e-03 2.415028353696829111e+00
4.205300000000000149e-01 2.390730000000000077e-01 3.311499999999995003e-03 6.622500000000003384e-03 -3.311500000000008881e-03 -3.311250000000008631e-03 2.701258436269048957e+01
4.205300000000000149e-01 2.456949999999999967e-01 3.310999999999980625e-03 6.622499999999989506e-03 -2.500000000071889161e-07 0.000000000000000000e+00 4.078972039950981045e-03
4.271519999999999762e-01 2.523179999999999867e-01 3.310999999999980625e-03 6.622500000000003384e-03 2.500000000210667039e-07 -3.311249999999994753e-03 -2.701503181981855306e+01
4.271519999999999762e-01 2.589400000000000035e-01 3.311500000000022759e-03 0.000000000000000000e+00 2.500000000210667039e-07 -6.622500000000003384e-03 -6.039103158756361154e+02
4.337750000000000217e-01 2.523179999999999867e-01 3.311500000000022759e-03 -6.622500000000003384e-03 -2.500000000210667039e-07 -4.966999999999999194e-03 -4.052397487414573618e+01
4.337750000000000217e-01 2.456949999999999967e-01 3.310999999999980625e-03 -9.933999999999998387e-03 3.310999999999980625e-03 -3.311249999999994753e-03 1.909861852018165962e+01
4.403969999999999829e-01 2.324499999999999900e-01 9.933499999999984009e-03 -1.324499999999999289e-02 4.967000000000013071e-03 2.500000000002500222e-07 1.449734230288457759e+01
4.536419999999999897e-01 2.192050000000000110e-01 1.324500000000000677e-02 -9.933499999999997887e-03 1.655750000000011379e-03 3.311249999999994753e-03 1.328857680034848698e+01
4.668869999999999965e-01 2.125829999999999942e-01 1.324500000000000677e-02 -6.622500000000003384e-03 4.966999999999985316e-03 3.311000000000001442e-03 2.363453283780357239e+01
4.801320000000000032e-01 2.059600000000000042e-01 2.317899999999997740e-02 -3.311499999999995003e-03 4.966999999999999194e-03 6.622500000000003384e-03 1.323967862370086834e+01
5.132449999999999513e-01 2.059600000000000042e-01 2.317900000000000515e-02 6.622500000000003384e-03 -6.622499999999989506e-03 6.622749999999996695e-03 1.408867438641986958e+01
5.264900000000000135e-01 2.192050000000000110e-01 9.933999999999998387e-03 9.933999999999998387e-03 -9.933750000000018954e-03 1.655749999999997502e-03 4.152134326418214982e+01
5.331129999999999480e-01 2.258280000000000010e-01 3.311499999999967248e-03 9.933999999999998387e-03 -6.622749999999982817e-03 8.278000000000000635e-03 8.117356315208380124e+01
5.331129999999999480e-01 2.390730000000000077e-01 -3.311499999999967248e-03 2.648999999999999966e-02 -4.966999999999971438e-03 9.933500000000004826e-03 5.186642047430417790e+00
5.264900000000000135e-01 2.788080000000000003e-01 -6.622499999999975628e-03 2.980100000000000804e-02 -3.311000000000008381e-03 -3.311249999999994753e-03 4.238897659913971161e+00
5.198679999999999968e-01 2.986750000000000238e-01 -9.933499999999984009e-03 1.986750000000001015e-02 -3.311500000000008881e-03 -6.622250000000003134e-03 1.200548735165041592e+01
5.066230000000000455e-01 3.185430000000000206e-01 -1.324549999999999339e-02 1.655650000000000177e-02 -1.656000000000018568e-03 -4.966750000000005882e-03 9.778105002610301355e+00
4.933770000000000100e-01 3.317880000000000273e-01 -1.324550000000002115e-02 9.933999999999998387e-03 2.499999999933111283e-07 -3.311250000000001692e-03 9.662878699957452966e+00
4.801320000000000032e-01 3.384110000000000174e-01 -1.324500000000000677e-02 9.933999999999998387e-03 -3.310999999999994503e-03 1.655499999999990313e-03 2.415940359696300277e+00
4.668869999999999965e-01 3.516560000000000241e-01 -1.986750000000001015e-02 1.324499999999997901e-02 -1.655499999999990313e-03 -1.655750000000011379e-03 4.026980952312433359e+00
4.403969999999999829e-01 3.649009999999999754e-01 -1.655599999999998739e-02 6.622499999999975628e-03 4.967000000000013071e-03 -4.966999999999985316e-03 8.702429334881770728e+00
4.337750000000000217e-01 3.649009999999999754e-01 -9.933499999999984009e-03 3.311000000000008381e-03 3.310999999999994503e-03 1.387778780781445676e-17 -9.549525554117671788e+00
4.205300000000000149e-01 3.715229999999999921e-01 -9.933999999999998387e-03 6.622500000000003384e-03 3.310999999999994503e-03 1.655749999999997502e-03 -2.254957415715289670e+01
4.139070000000000249e-01 3.781459999999999821e-01 -3.311499999999995003e-03 6.622500000000003384e-03 8.278249999999987008e-03 -1.655749999999997502e-03 -1.215474526994959064e+02
4.139070000000000249e-01 3.847679999999999989e-01 6.622499999999975628e-03 3.311000000000008381e-03 9.933999999999984509e-03 -1.655500000000004190e-03 -1.080458507231532650e+02
4.271519999999999762e-01 3.847679999999999989e-01 1.655649999999997402e-02 3.311499999999995003e-03 8.278250000000014763e-03 1.655749999999997502e-03 -1.900489274351013182e-14
4.470199999999999729e-01 3.913909999999999889e-01 2.317900000000000515e-02 6.622500000000003384e-03 9.933750000000018954e-03 1.655500000000004190e-03 -1.956863744196533750e+00
4.735099999999999865e-01 3.980130000000000057e-01 3.642400000000001192e-02 6.622500000000003384e-03 4.966749999999992005e-03 0.000000000000000000e+00 -6.482532124911777327e-01
5.198679999999999968e-01 4.046359999999999957e-01 3.311249999999998916e-02 6.622500000000003384e-03 -9.933999999999998387e-03 -1.655749999999997502e-03 2.846817590419123412e-01
5.397349999999999648e-01 4.112580000000000124e-01 1.655600000000001515e-02 3.311000000000008381e-03 -9.933749999999991198e-03 -3.311250000000001692e-03 -4.556522203444989039e+00
5.529800000000000271e-01 4.112580000000000124e-01 1.324500000000000677e-02 0.000000000000000000e+00 -1.655500000000004190e-03 -3.311000000000008381e-03 -1.887362211799265665e+01
5.662249999999999783e-01 4.112580000000000124e-01 1.324500000000000677e-02 -3.311000000000008381e-03 -1.655500000000004190e-03 -4.966750000000005882e-03 -2.800519853494783362e+01
5.794700000000000406e-01 4.046359999999999957e-01 9.933999999999998387e-03 -9.933500000000011765e-03 -1.655500000000004190e-03 -6.622749999999996695e-03 -2.966017096594361035e+01
5.860929999999999751e-01 3.913909999999999889e-01 9.933999999999998387e-03 -1.655650000000000177e-02 -2.499999999794333405e-07 -3.311499999999995003e-03 -4.570735825241674100e+00
5.993380000000000374e-01 3.715229999999999921e-01 9.933500000000039520e-03 -1.655650000000000177e-02 -3.311499999999995003e-03 1.655749999999997502e-03 -5.332105716826653463e+00
6.059600000000000541e-01 3.582779999999999854e-01 3.311000000000008381e-03 -1.324500000000000677e-02 -8.278000000000035330e-03 3.311500000000008881e-03 -3.877712940151764087e+01
6.059600000000000541e-01 3.450329999999999786e-01 -6.622500000000031140e-03 -9.933499999999984009e-03 -8.278000000000007574e-03 3.311250000000015570e-03 -6.121043978228112081e+01
5.927149999999999919e-01 3.384110000000000174e-01 -1.324500000000000677e-02 -6.622499999999975628e-03 -1.655499999999976435e-03 4.966749999999992005e-03 -2.363453283780356173e+01
5.794700000000000406e-01 3.317880000000000273e-01 -9.933499999999984009e-03 0.000000000000000000e+00 3.311249999999987814e-03 9.933749999999977320e-03 -1.006719854394689406e+02
5.728480000000000238e-01 3.384110000000000174e-01 -6.622500000000031140e-03 1.324499999999997901e-02 3.310999999999980625e-03 6.622499999999989506e-03 -2.701074900080159225e+01
5.662249999999999783e-01 3.582779999999999854e-01 -3.311500000000022759e-03 1.324499999999997901e-02 4.967000000000026949e-03 1.387778780781445676e-17 -2.585181504323807999e+01
5.662249999999999783e-01 3.649009999999999754e-01 3.311500000000022759e-03 1.324500000000000677e-02 6.622750000000010573e-03 1.387778780781445676e-17 -3.446952045049394542e+01
5.728480000000000238e-01 3.847679999999999989e-01 9.933999999999998387e-03 1.324500000000000677e-02 3.310999999999980625e-03 -1.655500000000004190e-03 -1.328676002741616635e+01
5.860929999999999751e-01 3.913909999999999889e-01 9.933499999999984009e-03 9.933999999999998387e-03 -1.655749999999983624e-03 -3.311250000000001692e-03 -5.930959320333969664e+00
5.927149999999999919e-01 4.046359999999999957e-01 6.622500000000031140e-03 6.622500000000003384e-03 -1.655249999999969246e-03 -4.966999999999999194e-03 -2.669737842874465272e+01
5.993380000000000374e-01 4.046359999999999957e-01 6.623000000000045517e-03 0.000000000000000000e+00 5.000000000143778323e-07 -6.622500000000003384e-03 -1.509775789689090288e+02
