3.410599999999999743e-01 3.516560000000000241e-01 -6.622999999999990006e-03 0.000000000000000000e+00 5.000000000143778323e-07 0.000000000000000000e+00 -0.000000000000000000e+00
3.344369999999999843e-01 3.516560000000000241e-01 -6.622499999999975628e-03 0.000000000000000000e+00 2.499999999933111283e-07 -1.655750000000011379e-03 3.775294451448715449e+01
3.278150000000000230e-01 3.516560000000000241e-01 -6.622500000000003384e-03 -3.311500000000022759e-03 -1.655750000000011379e-03 -3.311250000000001692e-03 4.051377821392539857e+01
3.211919999999999775e-01 3.450329999999999786e-01 -9.933999999999998387e-03 -6.622500000000003384e-03 -1.655499999999990313e-03 -1.655499999999976435e-03 3.221367715750093286e+00
3.079470000000000263e-01 3.384110000000000174e-01 -9.933499999999984009e-03 -6.622499999999975628e-03 -1.387778780781445676e-17 -3.311250000000001692e-03 1.932974057770976017e+01
3.013250000000000095e-01 3.317880000000000273e-01 -9.934000000000026143e-03 -1.324500000000000677e-02 -2.500000000071889161e-07 -4.967000000000013071e-03 1.087154928353675309e+01
2.880789999999999740e-01 3.119210000000000038e-01 -9.933999999999998387e-03 -1.655650000000000177e-02 1.655750000000025257e-03 -1.655749999999997502e-03 6.093509388219716882e+00
2.814570000000000127e-01 2.986750000000000238e-01 -6.622499999999975628e-03 -1.655650000000000177e-02 3.311250000000001692e-03 2.499999999933111283e-07 9.668464754164904917e+00
2.748340000000000227e-01 2.788080000000000003e-01 -3.311499999999995003e-03 -1.655600000000001515e-02 3.311249999999987814e-03 1.655749999999997502e-03 1.025087836720356904e+01
2.748340000000000227e-01 2.655629999999999935e-01 0.000000000000000000e+00 -1.324500000000000677e-02 1.655749999999997502e-03 -2.499999999933111283e-07 9.438236128621628751e+00
2.748340000000000227e-01 2.523179999999999867e-01 0.000000000000000000e+00 -1.655650000000000177e-02 0.000000000000000000e+00 -4.966999999999992255e-03 0.000000000000000000e+00
2.748340000000000227e-01 2.324499999999999900e-01 0.000000000000000000e+00 -2.317899999999999128e-02 0.000000000000000000e+00 2.500000000002500222e-07 0.000000000000000000e+00
2.748340000000000227e-01 2.059600000000000042e-01 0.000000000000000000e+00 -1.655600000000000127e-02 1.655749999999997502e-03 8.278249999999993947e-03 6.040653549133765843e+00
2.748340000000000227e-01 1.993379999999999874e-01 3.311499999999995003e-03 -6.622500000000003384e-03 4.966999999999999194e-03 3.311000000000001442e-03 1.080442193930426100e+02
2.814570000000000127e-01 1.927149999999999974e-01 9.933999999999998387e-03 -9.933999999999998387e-03 4.966750000000005882e-03 0.000000000000000000e+00 1.779422163660008138e+01
2.947020000000000195e-01 1.794699999999999906e-01 1.324500000000000677e-02 -6.622500000000003384e-03 0.000000000000000000e+00 6.622750000000003634e-03 2.701278839443676461e+01
3.079470000000000263e-01 1.794699999999999906e-01 9.933999999999998387e-03 3.311500000000008881e-03 -3.311250000000015570e-03 6.622500000000003384e-03 6.684682342324505555e+01
3.145700000000000163e-01 1.860930000000000084e-01 6.622499999999975628e-03 6.622500000000003384e-03 -1.655749999999997502e-03 1.655499999999990313e-03 2.669334772316146598e+01
3.211919999999999775e-01 1.927149999999999974e-01 6.622500000000003384e-03 6.622499999999989506e-03 -1.655499999999976435e-03 0.000000000000000000e+00 1.334566618518480929e+01
3.278150000000000230e-01 1.993379999999999874e-01 3.311500000000022759e-03 6.622500000000003384e-03 -3.311250000000001692e-03 6.938893903907228378e-18 5.402109012287976242e+01
3.278150000000000230e-01 2.059600000000000042e-01 0.000000000000000000e+00 6.622500000000003384e-03 -2.500000000210667039e-07 0.000000000000000000e+00 5.700278501837218077e-03
3.278150000000000230e-01 2.125829999999999942e-01 3.310999999999980625e-03 6.622500000000003384e-03 1.655499999999990313e-03 0.000000000000000000e+00 -2.701095284777843730e+01
3.344369999999999843e-01 2.192050000000000110e-01 3.310999999999980625e-03 6.622500000000003384e-03 -1.655499999999990313e-03 -6.938893903907228378e-18 2.701095284777837691e+01
3.344369999999999843e-01 2.258280000000000010e-01 0.000000000000000000e+00 6.622499999999989506e-03 -1.655499999999990313e-03 -3.311250000000001692e-03 3.774724423598516410e+01
3.344369999999999843e-01 2.324499999999999900e-01 0.000000000000000000e+00 0.000000000000000000e+00 0.000000000000000000e+00 -6.622499999999989506e-03 0.000000000000000000e+00
3.344369999999999843e-01 2.258280000000000010e-01 0.000000000000000000e+00 -6.622499999999989506e-03 1.655749999999997502e-03 -3.311250000000001692e-03 3.775294451448668553e+01
3.344369999999999843e-01 2.192050000000000110e-01 3.311499999999995003e-03 -6.622500000000003384e-03 3.311250000000001692e-03 -1.655500000000011129e-03 4.051581766914373617e+01
3.410599999999999743e-01 2.125829999999999942e-01 6.622500000000003384e-03 -9.933500000000011765e-03 1.655500000000004190e-03 -1.655749999999997502e-03 3.220245091957773642e+00
3.476819999999999911e-01 1.993379999999999874e-01 6.622500000000003384e-03 -9.933999999999998387e-03 0.000000000000000000e+00 1.655500000000011129e-03 6.442249040481907052e+00
3.543049999999999811e-01 1.927149999999999974e-01 6.622500000000003384e-03 -6.622499999999989506e-03 1.655500000000004190e-03 3.311500000000001942e-03 4.004102926113806404e+01
3.609269999999999978e-01 1.860930000000000084e-01 9.933500000000011765e-03 -3.310999999999994503e-03 1.655749999999997502e-03 1.655499999999990313e-03 1.910049319907663801e+01
3.741720000000000046e-01 1.860930000000000084e-01 9.933999999999998387e-03 -3.311500000000008881e-03 2.499999999933111283e-07 -2.500000000071889161e-07 -1.441938424621380405e-03
3.807949999999999946e-01 1.794699999999999906e-01 9.933999999999998387e-03 -3.311500000000008881e-03 -2.499999999933111283e-07 3.311500000000008881e-03 2.864987455718325293e+01
3.940400000000000014e-01 1.794699999999999906e-01 9.933500000000011765e-03 3.311500000000008881e-03 -2.499999999933111283e-07 6.622750000000003634e-03 5.730465231250195046e+01
4.006620000000000181e-01 1.860930000000000084e-01 9.933500000000011765e-03 9.933999999999998387e-03 2.499999999933111283e-07 3.310999999999994503e-03 1.186162009242632642e+01
4.139070000000000249e-01 1.993379999999999874e-01 9.933999999999998387e-03 9.933499999999997887e-03 -3.311000000000008381e-03 1.655500000000004190e-03 1.779407228922062956e+01
4.205300000000000149e-01 2.059600000000000042e-01 3.311499999999995003e-03 1.324500000000000677e-02 -4.966999999999999194e-03 3.311500000000001942e-03 3.016099306605832808e+01
4.205300000000000149e-01 2.258280000000000010e-01 0.000000000000000000e+00 1.655650000000000177e-02 -1.655749999999997502e-03 -6.938893903907228378e-18 6.040288703765698486e+00
4.205300000000000149e-01 2.390730000000000077e-01 0.000000000000000000e+00 1.324499999999999289e-02 -1.655749999999997502e-03 -1.655750000000004440e-03 9.438236128621650067e+00
4.205300000000000149e-01 2.523179999999999867e-01 -3.311499999999995003e-03 1.324499999999999289e-02 -1.655749999999997502e-03 6.938893903907228378e-18 8.617705407256101680e+00
4.139070000000000249e-01 2.655629999999999935e-01 -3.311499999999995003e-03 1.324500000000000677e-02 -1.655500000000004190e-03 1.655500000000011129e-03 6.462140536507839705e+00
4.139070000000000249e-01 2.788080000000000003e-01 -6.622500000000003384e-03 1.655600000000001515e-02 -3.311000000000008381e-03 0.000000000000000000e+00 9.668489898050568243e+00
4.006620000000000181e-01 2.986750000000000238e-01 -9.933500000000011765e-03 1.324500000000000677e-02 -1.655500000000004190e-03 -3.311000000000008381e-03 1.207926406997481905e+01
3.940400000000000014e-01 3.052980000000000138e-01 -9.933500000000011765e-03 9.933999999999998387e-03 -1.655749999999997502e-03 0.000000000000000000e+00 5.932452196794236521e+00
3.807949999999999946e-01 3.185430000000000206e-01 -1.324500000000000677e-02 1.324500000000000677e-02 -2.499999999933111283e-07 0.000000000000000000e+00 5.038381978566865973e-04
3.675499999999999878e-01 3.317880000000000273e-01 -9.933999999999998387e-03 9.933999999999998387e-03 1.655500000000004190e-03 -3.311250000000015570e-03 5.932004323712840588e+00
3.609269999999999978e-01 3.384110000000000174e-01 -9.933999999999998387e-03 6.622499999999975628e-03 -1.655500000000004190e-03 -2.500000000071889161e-07 6.443708360439068805e+00
3.476819999999999911e-01 3.450329999999999786e-01 -1.324500000000000677e-02 9.933499999999984009e-03 2.500000000071889161e-07 1.387778780781445676e-17 -5.472278377144848679e-04
3.344369999999999843e-01 3.582779999999999854e-01 -9.933499999999984009e-03 6.622500000000003384e-03 1.655750000000011379e-03 -3.310999999999994503e-03 1.288438568128146322e+01
3.278150000000000230e-01 3.582779999999999854e-01 -9.933499999999984009e-03 3.311499999999995003e-03 -2.500000000071889161e-07 -1.655500000000004190e-03 1.432508155899057911e+01
3.145700000000000163e-01 3.649009999999999754e-01 -9.933999999999998387e-03 3.311499999999995003e-03 4.966749999999992005e-03 -2.499999999933111283e-07 -1.432241380469870329e+01
3.079470000000000263e-01 3.649009999999999754e-01 0.000000000000000000e+00 3.311000000000008381e-03 9.933999999999998387e-03 -2.499999999933111283e-07 -9.061618917420179287e+02
3.145700000000000163e-01 3.715229999999999921e-01 9.933999999999998387e-03 3.311000000000008381e-03 6.622499999999989506e-03 -1.655500000000004190e-03 -3.342168122602338087e+01
3.278150000000000230e-01 3.715229999999999921e-01 1.324499999999997901e-02 0.000000000000000000e+00 1.655499999999990313e-03 -1.655500000000004190e-03 -9.436811058996370960e+00
3.410599999999999743e-01 3.715229999999999921e-01 1.324499999999997901e-02 0.000000000000000000e+00 6.622500000000017262e-03 1.655749999999997502e-03 9.438236128621671384e+00
3.543049999999999811e-01 3.715229999999999921e-01 2.649000000000001354e-02 3.311499999999995003e-03 8.278000000000021452e-03 3.311250000000001692e-03 3.169474386760796403e+00
3.940400000000000014e-01 3.781459999999999821e-01 2.980100000000002192e-02 6.622500000000003384e-03 -1.655750000000011379e-03 -2.499999999933111283e-07 3.851480153429750475e-01
4.139070000000000249e-01 3.847679999999999989e-01 2.317849999999999078e-02 3.311000000000008381e-03 -4.966750000000019760e-03 -3.311250000000001692e-03 -4.698263951007164430e+00
4.403969999999999829e-01 3.847679999999999989e-01 1.986749999999998240e-02 0.000000000000000000e+00 -4.966749999999992005e-03 -1.655500000000004190e-03 -4.194138248442825123e+00
4.536419999999999897e-01 3.847679999999999989e-01 1.324500000000000677e-02 0.000000000000000000e+00 1.387778780781445676e-17 0.000000000000000000e+00 0.000000000000000000e+00
4.668869999999999965e-01 3.847679999999999989e-01 1.986750000000001015e-02 0.000000000000000000e+00 1.655749999999997502e-03 -1.655500000000004190e-03 -4.194138248442812689e+00
4.933770000000000100e-01 3.847679999999999989e-01 1.655650000000000177e-02 -3.311000000000008381e-03 -4.966750000000019760e-03 -4.966750000000005882e-03 -2.050049996004391772e+01
5.000000000000000000e-01 3.781459999999999821e-01 9.933999999999970631e-03 -9.933500000000011765e-03 -4.967000000000013071e-03 -3.311499999999995003e-03 -2.966046951418523747e+01
5.132449999999999513e-01 3.649009999999999754e-01 6.622499999999975628e-03 -9.933999999999998387e-03 -4.966999999999985316e-03 -2.499999999933111283e-07 -2.899474176409831117e+01
5.132449999999999513e-01 3.582779999999999854e-01 0.000000000000000000e+00 -9.933999999999998387e-03 -8.278249999999973130e-03 2.500000000071889161e-07 -8.388614300730681350e+01
5.132449999999999513e-01 3.450329999999999786e-01 -9.933999999999970631e-03 -9.933499999999984009e-03 -6.622499999999989506e-03 3.311500000000008881e-03 -3.559172742784500798e+01
4.933770000000000100e-01 3.384110000000000174e-01 -1.324499999999997901e-02 -3.310999999999980625e-03 2.499999999794333405e-07 4.966749999999992005e-03 -2.585087743703043728e+01
4.867549999999999932e-01 3.384110000000000174e-01 -9.933500000000011765e-03 0.000000000000000000e+00 1.655499999999990313e-03 3.310999999999980625e-03 -3.355479489518848624e+01
4.735099999999999865e-01 3.384110000000000174e-01 -9.933999999999998387e-03 3.310999999999980625e-03 3.311000000000008381e-03 3.311250000000001692e-03 -3.819795820554235632e+01
4.668869999999999965e-01 3.450329999999999786e-01 -3.311499999999995003e-03 6.622500000000003384e-03 4.966999999999999194e-03 1.655750000000011379e-03 -9.454098639452456609e+01
4.668869999999999965e-01 3.516560000000000241e-01 0.000000000000000000e+00 6.622500000000003384e-03 3.311499999999995003e-03 -1.655750000000011379e-03 -7.550588902897303001e+01
4.668869999999999965e-01 3.582779999999999854e-01 3.311499999999995003e-03 3.310999999999980625e-03 3.311250000000001692e-03 0.000000000000000000e+00 -1.067653285685924232e+02
4.735099999999999865e-01 3.582779999999999854e-01 6.622500000000003384e-03 6.622500000000003384e-03 4.966750000000005882e-03 4.967000000000013071e-03 2.015352791536072566e-03
4.801320000000000032e-01 3.715229999999999921e-01 1.324500000000000677e-02 1.324500000000000677e-02 3.311500000000008881e-03 1.655749999999997502e-03 -3.336920384494138858e+00
5.000000000000000000e-01 3.847679999999999989e-01 1.324550000000002115e-02 9.933999999999998387e-03 -3.310999999999980625e-03 -3.311000000000008381e-03 -2.415765262345117570e+00
5.066230000000000455e-01 3.913909999999999889e-01 6.623000000000045517e-03 6.622999999999990006e-03 -6.622499999999975628e-03 -3.311000000000008381e-03 2.669133252251728194e+01
