4.006620000000000181e-01 3.582779999999999854e-01 0.000000000000000000e+00 6.622999999999990006e-03 3.311499999999995003e-03 -4.999999999866222566e-07 -7.549448890231025189e+01
4.006620000000000181e-01 3.649009999999999754e-01 3.311499999999995003e-03 6.622500000000003384e-03 0.000000000000000000e+00 -1.655999999999990813e-03 -1.350935136417211169e+01
4.072850000000000081e-01 3.715229999999999921e-01 0.000000000000000000e+00 3.311000000000008381e-03 -4.966999999999999194e-03 -3.311250000000001692e-03 4.530809458710089643e+02
4.006620000000000181e-01 3.715229999999999921e-01 -6.622500000000003384e-03 0.000000000000000000e+00 -4.966750000000005882e-03 -3.311000000000008381e-03 7.549448847197062662e+01
3.940400000000000014e-01 3.715229999999999921e-01 -9.933500000000011765e-03 -3.311000000000008381e-03 -3.311250000000001692e-03 -3.311250000000001692e-03 1.910193539880482305e+01
3.807949999999999946e-01 3.649009999999999754e-01 -1.324500000000000677e-02 -6.622500000000003384e-03 -1.655749999999997502e-03 -3.311499999999995003e-03 1.013017803422035712e+01
3.675499999999999878e-01 3.582779999999999854e-01 -1.324500000000000677e-02 -9.933999999999998387e-03 1.655500000000004190e-03 -4.966749999999992005e-03 1.811900558226025737e+01
3.543049999999999811e-01 3.450329999999999786e-01 -9.933999999999998387e-03 -1.655599999999998739e-02 3.311250000000001692e-03 -4.966749999999992005e-03 1.447156810937758209e+01
3.476819999999999911e-01 3.251660000000000106e-01 -6.622500000000003384e-03 -1.986749999999998240e-02 1.655749999999997502e-03 -1.656000000000004690e-03 4.775591980383118162e+00
3.410599999999999743e-01 3.052980000000000138e-01 -6.622500000000003384e-03 -1.986799999999999677e-02 1.387778780781445676e-17 1.655499999999990313e-03 -1.193591565115010189e+00
3.344369999999999843e-01 2.854300000000000170e-01 -6.622499999999975628e-03 -1.655650000000000177e-02 0.000000000000000000e+00 1.655999999999990813e-03 -1.934160139272398160e+00
3.278150000000000230e-01 2.721850000000000103e-01 -6.622500000000003384e-03 -1.655600000000001515e-02 1.655499999999976435e-03 2.500000000002500222e-07 4.833952933443963929e+00
3.211919999999999775e-01 2.523179999999999867e-01 -3.311500000000022759e-03 -1.655600000000000127e-02 3.311250000000001692e-03 1.655500000000011129e-03 1.025105037334980906e+01
3.211919999999999775e-01 2.390730000000000077e-01 0.000000000000000000e+00 -1.324499999999999289e-02 3.311500000000022759e-03 3.311000000000001442e-03 1.887647225724346001e+01
3.211919999999999775e-01 2.258280000000000010e-01 3.311500000000022759e-03 -9.933999999999998387e-03 3.311250000000001692e-03 4.966749999999998944e-03 4.297300938552746175e+01
3.278150000000000230e-01 2.192050000000000110e-01 6.622500000000003384e-03 -3.311499999999995003e-03 4.966749999999978127e-03 4.966999999999999194e-03 1.215515313019965760e+02
3.344369999999999843e-01 2.192050000000000110e-01 1.324499999999997901e-02 0.000000000000000000e+00 3.311250000000001692e-03 3.311499999999995003e-03 1.887647225724334277e+01
3.543049999999999811e-01 2.192050000000000110e-01 1.324500000000000677e-02 3.311499999999995003e-03 -3.311249999999987814e-03 3.311249999999994753e-03 2.154296233960975471e+01
3.609269999999999978e-01 2.258280000000000010e-01 6.622500000000003384e-03 6.622499999999989506e-03 -4.966750000000005882e-03 1.655500000000004190e-03 5.338468009353158550e+01
3.675499999999999878e-01 2.324499999999999900e-01 3.311499999999995003e-03 6.622500000000003384e-03 -1.655749999999997502e-03 1.655750000000004440e-03 4.051989627164452656e+01
3.675499999999999878e-01 2.390730000000000077e-01 3.311000000000008381e-03 9.933999999999998387e-03 -2.499999999933111283e-07 1.655499999999997252e-03 4.776276979518899068e+00
3.741720000000000046e-01 2.523179999999999867e-01 3.311000000000008381e-03 9.933499999999997887e-03 -1.655500000000004190e-03 -1.655749999999997502e-03 9.549525554117529680e+00
3.741720000000000046e-01 2.589400000000000035e-01 0.000000000000000000e+00 6.622500000000003384e-03 2.499999999933111283e-07 -3.311000000000001442e-03 -5.700278501204359728e-03
3.741720000000000046e-01 2.655629999999999935e-01 3.311499999999995003e-03 3.311499999999995003e-03 1.655749999999997502e-03 -6.622500000000003384e-03 -2.668972048371257983e+02
3.807949999999999946e-01 2.655629999999999935e-01 3.311499999999995003e-03 -6.622500000000003384e-03 -1.655749999999997502e-03 -6.622749999999996695e-03 -8.103979254328893944e+01
3.807949999999999946e-01 2.523179999999999867e-01 0.000000000000000000e+00 -9.933999999999998387e-03 -2.499999999933111283e-07 6.938893903907228378e-18 -2.533329598799947957e-03
3.807949999999999946e-01 2.456949999999999967e-01 3.311000000000008381e-03 -6.622499999999989506e-03 3.311250000000001692e-03 1.655749999999997502e-03 6.753248075750541091e+01
3.874170000000000114e-01 2.390730000000000077e-01 6.622500000000003384e-03 -6.622500000000003384e-03 3.311499999999995003e-03 -6.938893903907228378e-18 2.669536307595283020e+01
3.940400000000000014e-01 2.324499999999999900e-01 9.933999999999998387e-03 -6.622500000000003384e-03 1.655500000000004190e-03 6.938893903907228378e-18 6.442249040481921263e+00
4.072850000000000081e-01 2.258280000000000010e-01 9.933500000000011765e-03 -6.622499999999989506e-03 -2.500000000071889161e-07 1.655500000000004190e-03 9.663167632129566087e+00
4.139070000000000249e-01 2.192050000000000110e-01 9.933499999999984009e-03 -3.311499999999995003e-03 1.655749999999983624e-03 3.311249999999994753e-03 3.342687263111628937e+01
4.271519999999999762e-01 2.192050000000000110e-01 1.324499999999997901e-02 0.000000000000000000e+00 2.500000000071889161e-07 1.655749999999997502e-03 9.438236128621671384e+00
4.403969999999999829e-01 2.192050000000000110e-01 9.933999999999998387e-03 0.000000000000000000e+00 1.387778780781445676e-17 3.311249999999994753e-03 3.355395053700300423e+01
4.470199999999999729e-01 2.192050000000000110e-01 1.324500000000000677e-02 6.622499999999989506e-03 -2.499999999933111283e-07 4.966999999999999194e-03 2.025984622003196733e+01
4.668869999999999965e-01 2.324499999999999900e-01 9.933500000000011765e-03 9.933999999999998387e-03 -4.966750000000005882e-03 1.655750000000004440e-03 2.372771872406510241e+01
4.668869999999999965e-01 2.390730000000000077e-01 3.311499999999995003e-03 9.933999999999998387e-03 -3.311000000000008381e-03 3.311000000000001442e-03 3.819550681877074538e+01
4.735099999999999865e-01 2.523179999999999867e-01 3.311499999999995003e-03 1.655600000000000127e-02 -3.311499999999995003e-03 3.311000000000008381e-03 1.366898442669539016e+01
4.735099999999999865e-01 2.721850000000000103e-01 -3.311499999999995003e-03 1.655600000000001515e-02 -4.966999999999999194e-03 1.655999999999997752e-03 1.594617387422921340e+01
4.668869999999999965e-01 2.854300000000000170e-01 -6.622500000000003384e-03 1.986799999999999677e-02 -1.655500000000004190e-03 1.655999999999990813e-03 2.386912753847464153e+00
4.602649999999999797e-01 3.119210000000000038e-01 -6.622500000000003384e-03 1.986799999999999677e-02 0.000000000000000000e+00 -4.967249999999992505e-03 3.581315434501787465e+00
4.536419999999999897e-01 3.251660000000000106e-01 -6.622500000000003384e-03 9.933500000000011765e-03 -1.655499999999990313e-03 -4.967250000000006382e-03 2.899582708142185083e+01
4.470199999999999729e-01 3.317880000000000273e-01 -9.933499999999984009e-03 9.933499999999984009e-03 -1.655749999999997502e-03 2.499999999933111283e-07 5.931705752927964426e+00
4.337750000000000217e-01 3.450329999999999786e-01 -9.933999999999998387e-03 9.933999999999998387e-03 -3.311500000000008881e-03 2.500000000071889161e-07 1.186311298015643700e+01
4.271519999999999762e-01 3.516560000000000241e-01 -1.655650000000000177e-02 9.933999999999998387e-03 -3.310999999999994503e-03 -1.655750000000011379e-03 8.377899741533594735e+00
4.006620000000000181e-01 3.649009999999999754e-01 -1.655599999999998739e-02 6.622499999999975628e-03 1.655749999999997502e-03 -3.311499999999995003e-03 7.735930759364786802e+00
3.940400000000000014e-01 3.649009999999999754e-01 -1.324500000000000677e-02 3.311000000000008381e-03 1.655499999999990313e-03 -1.655749999999983624e-03 6.463939228215521915e+00
3.741720000000000046e-01 3.715229999999999921e-01 -1.324500000000000677e-02 3.311000000000008381e-03 6.622500000000003384e-03 -1.655500000000004190e-03 0.000000000000000000e+00
3.675499999999999878e-01 3.715229999999999921e-01 0.000000000000000000e+00 0.000000000000000000e+00 9.933750000000005076e-03 2.499999999933111283e-07 0.000000000000000000e+00
3.741720000000000046e-01 3.715229999999999921e-01 6.622500000000003384e-03 3.311499999999995003e-03 4.966999999999999194e-03 1.655749999999997502e-03 -1.350731190895414358e+01
3.807949999999999946e-01 3.781459999999999821e-01 9.933999999999998387e-03 3.311499999999995003e-03 3.311250000000001692e-03 -1.655749999999997502e-03 -2.387525597614208905e+01
3.940400000000000014e-01 3.781459999999999821e-01 1.324500000000000677e-02 0.000000000000000000e+00 4.966750000000005882e-03 -2.499999999933111283e-07 -1.425069625301089932e-03
4.072850000000000081e-01 3.781459999999999821e-01 1.986750000000001015e-02 3.311000000000008381e-03 4.966749999999992005e-03 1.655500000000004190e-03 2.012692828877817863e+00
4.337750000000000217e-01 3.847679999999999989e-01 2.317849999999999078e-02 3.311000000000008381e-03 8.278250000000000886e-03 2.499999999933111283e-07 -2.134964768802683377e+00
4.536419999999999897e-01 3.847679999999999989e-01 3.642400000000001192e-02 3.311499999999995003e-03 6.622750000000010573e-03 2.499999999933111283e-07 -4.480819253291870585e-01
5.066230000000000455e-01 3.913909999999999889e-01 3.642400000000001192e-02 3.311499999999995003e-03 -9.934000000000026143e-03 -1.655749999999997502e-03 -5.603054489614834877e-01
5.264900000000000135e-01 3.913909999999999889e-01 1.655599999999995964e-02 0.000000000000000000e+00 -9.933750000000018954e-03 -3.311499999999995003e-03 -1.208130709826759563e+01
5.397349999999999648e-01 3.913909999999999889e-01 1.655649999999997402e-02 -3.311499999999995003e-03 -1.655499999999976435e-03 -3.311250000000001692e-03 -1.252835230386320475e+01
5.596029999999999616e-01 3.847679999999999989e-01 1.324500000000000677e-02 -6.622500000000003384e-03 -6.622749999999982817e-03 -3.311000000000008381e-03 -2.701125884921038534e+01
5.662249999999999783e-01 3.781459999999999821e-01 3.311000000000008381e-03 -9.933500000000011765e-03 -6.622500000000003384e-03 -3.311249999999987814e-03 -6.685461059622473101e+01
5.662249999999999783e-01 3.649009999999999754e-01 0.000000000000000000e+00 -1.324499999999997901e-02 -4.966749999999992005e-03 -1.655749999999983624e-03 -2.831185824661433159e+01
5.662249999999999783e-01 3.516560000000000241e-01 -6.622499999999975628e-03 -1.324499999999997901e-02 -6.622500000000003384e-03 3.311249999999987814e-03 -3.376471087202413202e+01
5.529800000000000271e-01 3.384110000000000174e-01 -1.324500000000000677e-02 -6.622500000000003384e-03 -3.311250000000015570e-03 6.622499999999989506e-03 -3.376471087202395438e+01
5.397349999999999648e-01 3.384110000000000174e-01 -1.324500000000000677e-02 0.000000000000000000e+00 1.655750000000011379e-03 4.966749999999992005e-03 -2.831185824661420369e+01
5.264900000000000135e-01 3.384110000000000174e-01 -9.933499999999984009e-03 3.310999999999980625e-03 3.311249999999987814e-03 4.966749999999992005e-03 -5.252743797447888596e+01
5.198679999999999968e-01 3.450329999999999786e-01 -6.622500000000031140e-03 9.933499999999984009e-03 3.310999999999980625e-03 3.311500000000008881e-03 -3.221607217337961515e+01
5.132449999999999513e-01 3.582779999999999854e-01 -3.311500000000022759e-03 9.933999999999998387e-03 6.622500000000031140e-03 -1.655499999999990313e-03 -5.252224665647636215e+01
5.132449999999999513e-01 3.649009999999999754e-01 6.622500000000031140e-03 6.622500000000003384e-03 6.622750000000010573e-03 -1.655749999999997502e-03 -6.673639233709053542e+01
5.264900000000000135e-01 3.715229999999999921e-01 9.933999999999998387e-03 6.622500000000003384e-03 1.655749999999983624e-03 1.655749999999997502e-03 3.221854180219548169e+00
5.331129999999999480e-01 3.781459999999999821e-01 9.933999999999998387e-03 9.933999999999998387e-03 1.655500000000031946e-03 3.311250000000001692e-03 5.932004323712693150e+00
5.463580000000000103e-01 3.913909999999999889e-01 1.324500000000006228e-02 1.324500000000000677e-02 3.311000000000063892e-03 3.311000000000008381e-03 -8.454798496486419207e-14
