4.536419999999999897e-01 3.980130000000000057e-01 -6.622000000000016762e-03 0.000000000000000000e+00 -4.999999999866222566e-07 0.000000000000000000e+00 0.000000000000000000e+00
4.470199999999999729e-01 3.980130000000000057e-01 -6.622500000000003384e-03 0.000000000000000000e+00 -1.655999999999990813e-03 0.000000000000000000e+00 0.000000000000000000e+00
4.403969999999999829e-01 3.980130000000000057e-01 -9.933999999999998387e-03 0.000000000000000000e+00 -3.311249999999987814e-03 -3.311250000000001692e-03 3.355395053700308239e+01
4.271519999999999762e-01 3.980130000000000057e-01 -1.324499999999997901e-02 -6.622500000000003384e-03 2.500000000071889161e-07 -6.622500000000003384e-03 2.701227854602807454e+01
4.139070000000000249e-01 3.847679999999999989e-01 -9.933499999999984009e-03 -1.324500000000000677e-02 1.655749999999983624e-03 -3.311250000000001692e-03 1.208054095329234023e+01
4.072850000000000081e-01 3.715229999999999921e-01 -9.933500000000011765e-03 -1.324500000000000677e-02 -2.500000000071889161e-07 0.000000000000000000e+00 -7.296554799407934397e-04
3.940400000000000014e-01 3.582779999999999854e-01 -9.933999999999998387e-03 -1.324500000000000677e-02 1.655500000000004190e-03 -1.655499999999990313e-03 8.455244088388974788e+00
3.874170000000000114e-01 3.450329999999999786e-01 -6.622500000000003384e-03 -1.655599999999998739e-02 1.655749999999997502e-03 -4.966999999999985316e-03 1.063674054500777189e+01
3.807949999999999946e-01 3.251660000000000106e-01 -6.622500000000003384e-03 -2.317899999999997740e-02 1.655500000000004190e-03 -1.656000000000004690e-03 3.522035636081150667e+00
3.741720000000000046e-01 2.986750000000000238e-01 -3.311499999999995003e-03 -1.986799999999999677e-02 3.311250000000001692e-03 3.311499999999981125e-03 6.708738829084206934e+00
3.741720000000000046e-01 2.854300000000000170e-01 0.000000000000000000e+00 -1.655600000000001515e-02 3.311499999999995003e-03 2.499999999933111283e-07 1.208130709826751392e+01
3.741720000000000046e-01 2.655629999999999935e-01 3.311499999999995003e-03 -1.986750000000001015e-02 1.655749999999997502e-03 1.655500000000011129e-03 4.696766093091844674e+00
3.807949999999999946e-01 2.456949999999999967e-01 3.311499999999995003e-03 -1.324499999999999289e-02 1.655500000000004190e-03 4.967000000000006132e-03 1.507984594376399023e+01
3.807949999999999946e-01 2.390730000000000077e-01 6.622500000000003384e-03 -9.933499999999997887e-03 4.966750000000005882e-03 3.311249999999994753e-03 4.188069920457137840e+01
3.940400000000000014e-01 2.258280000000000010e-01 1.324500000000000677e-02 -6.622500000000003384e-03 1.655500000000004190e-03 4.966749999999998944e-03 2.363453283780360081e+01
4.072850000000000081e-01 2.258280000000000010e-01 9.933500000000011765e-03 0.000000000000000000e+00 -3.311250000000001692e-03 3.311250000000001692e-03 3.355732847982288547e+01
4.139070000000000249e-01 2.258280000000000010e-01 6.622500000000003384e-03 0.000000000000000000e+00 -3.311000000000008381e-03 1.655499999999997252e-03 3.774724423598515699e+01
4.205300000000000149e-01 2.258280000000000010e-01 3.311499999999995003e-03 3.310999999999994503e-03 -1.655750000000011379e-03 3.311250000000001692e-03 1.601681460763121265e+02
4.205300000000000149e-01 2.324499999999999900e-01 3.310999999999980625e-03 6.622500000000003384e-03 1.655500000000004190e-03 2.500000000071889161e-07 -2.700891351574026800e+01
4.271519999999999762e-01 2.390730000000000077e-01 6.622500000000003384e-03 3.311500000000008881e-03 2.500000000210667039e-07 -4.967000000000006132e-03 -8.103571394078838352e+01
4.337750000000000217e-01 2.390730000000000077e-01 3.311500000000022759e-03 -3.311500000000008881e-03 -1.655750000000011379e-03 -4.967000000000006132e-03 -2.135225999861153241e+02
4.337750000000000217e-01 2.324499999999999900e-01 3.310999999999980625e-03 -6.622500000000003384e-03 3.310999999999980625e-03 -1.655499999999990313e-03 4.051744893768690758e+01
4.403969999999999829e-01 2.258280000000000010e-01 9.933499999999984009e-03 -6.622499999999989506e-03 3.311500000000008881e-03 0.000000000000000000e+00 1.288779099473218359e+01
4.536419999999999897e-01 2.192050000000000110e-01 9.933999999999998387e-03 -6.622500000000003384e-03 -1.655499999999990313e-03 1.655749999999990563e-03 3.222827035707322985e+00
4.602649999999999797e-01 2.125829999999999942e-01 6.622500000000003384e-03 -3.311000000000008381e-03 -2.499999999933111283e-07 3.311250000000001692e-03 5.402394533555849421e+01
4.668869999999999965e-01 2.125829999999999942e-01 9.933500000000011765e-03 0.000000000000000000e+00 1.655749999999997502e-03 1.655500000000004190e-03 1.677739744759438167e+01
4.801320000000000032e-01 2.125829999999999942e-01 9.933999999999998387e-03 0.000000000000000000e+00 -1.655500000000004190e-03 1.655500000000004190e-03 1.677570860370213879e+01
4.867549999999999932e-01 2.125829999999999942e-01 6.622500000000003384e-03 3.311000000000008381e-03 -1.655749999999997502e-03 3.311250000000001692e-03 6.753248075750518353e+01
4.933770000000000100e-01 2.192050000000000110e-01 6.622500000000003384e-03 6.622500000000003384e-03 2.500000000071889161e-07 1.655749999999990563e-03 1.334566618518485015e+01
5.000000000000000000e-01 2.258280000000000010e-01 6.623000000000017762e-03 6.622499999999989506e-03 -1.655499999999990313e-03 1.655499999999997252e-03 2.668931722679628749e+01
5.066230000000000455e-01 2.324499999999999900e-01 3.311500000000022759e-03 9.933499999999997887e-03 -3.311500000000008881e-03 8.278250000000007824e-03 5.253154797203188053e+01
5.066230000000000455e-01 2.456949999999999967e-01 0.000000000000000000e+00 2.317900000000000515e-02 -3.311500000000022759e-03 8.278250000000007824e-03 6.163613084192717473e+00
5.066230000000000455e-01 2.788080000000000003e-01 -3.311500000000022759e-03 2.649000000000001354e-02 -3.311500000000008881e-03 -3.311250000000001692e-03 5.186946610943635072e+00
5.000000000000000000e-01 2.986750000000000238e-01 -6.623000000000017762e-03 1.655650000000000177e-02 -1.655499999999990313e-03 -4.966750000000005882e-03 1.063513954619157076e+01
4.933770000000000100e-01 3.119210000000000038e-01 -6.622500000000003384e-03 1.655650000000000177e-02 -1.655249999999997002e-03 3.310999999999994503e-03 9.661310765844620674e-01
4.867549999999999932e-01 3.317880000000000273e-01 -9.933500000000011765e-03 2.317849999999999078e-02 -3.311250000000001692e-03 -1.387778780781445676e-17 4.786040333530983126e+00
4.735099999999999865e-01 3.582779999999999854e-01 -1.324500000000000677e-02 1.655649999999997402e-02 -2.499999999933111283e-07 -8.277999999999993697e-03 1.150350232164038999e+01
4.602649999999999797e-01 3.649009999999999754e-01 -9.933999999999998387e-03 6.622500000000003384e-03 3.311250000000001692e-03 -4.966999999999985316e-03 1.610829797215880532e+01
4.536419999999999897e-01 3.715229999999999921e-01 -6.622500000000003384e-03 6.622500000000003384e-03 2.500000000071889161e-07 1.655749999999997502e-03 -1.334969689076798183e+01
4.470199999999999729e-01 3.781459999999999821e-01 -9.933499999999984009e-03 9.933999999999998387e-03 -1.655749999999997502e-03 1.655500000000004190e-03 1.194283134541580327e-03
4.337750000000000217e-01 3.913909999999999889e-01 -9.933999999999998387e-03 9.933500000000011765e-03 1.655499999999990313e-03 -3.311499999999995003e-03 5.933646479928810891e+00
4.271519999999999762e-01 3.980130000000000057e-01 -6.622500000000003384e-03 3.311000000000008381e-03 1.655750000000011379e-03 -3.311000000000008381e-03 4.051540960564852867e+01
4.205300000000000149e-01 3.980130000000000057e-01 -6.622499999999975628e-03 3.311499999999995003e-03 0.000000000000000000e+00 1.655749999999997502e-03 -2.701258436269048602e+01
4.139070000000000249e-01 4.046359999999999957e-01 -6.622500000000003384e-03 6.622500000000003384e-03 3.311249999999987814e-03 1.655500000000004190e-03 -4.003901390834636231e+01
4.072850000000000081e-01 4.112580000000000124e-01 0.000000000000000000e+00 6.622500000000003384e-03 8.277999999999993697e-03 -1.655500000000004190e-03 -1.887476217369286644e+02
4.139070000000000249e-01 4.178810000000000024e-01 9.933499999999984009e-03 3.311499999999995003e-03 4.966999999999999194e-03 -1.655749999999997502e-03 -2.865376829064594233e+01
4.271519999999999762e-01 4.178810000000000024e-01 9.933999999999998387e-03 3.311000000000008381e-03 1.655750000000011379e-03 1.655500000000004190e-03 9.548948786372976727e+00
4.337750000000000217e-01 4.245030000000000192e-01 1.324500000000000677e-02 6.622500000000003384e-03 4.966749999999992005e-03 2.499999999933111283e-07 -1.012813864058522917e+01
4.536419999999999897e-01 4.311260000000000092e-01 1.986749999999998240e-02 3.311499999999995003e-03 1.655749999999997502e-03 -1.655749999999997502e-03 -4.696867410392220776e+00
4.735099999999999865e-01 4.311260000000000092e-01 1.655650000000000177e-02 3.311000000000008381e-03 4.966999999999999194e-03 -2.499999999933111283e-07 -3.417523915118084066e+00
4.867549999999999932e-01 4.377480000000000260e-01 2.980149999999998078e-02 3.311000000000008381e-03 8.278000000000007574e-03 -3.311000000000008381e-03 -4.676749717124123684e+00
5.331129999999999480e-01 4.377480000000000260e-01 3.311250000000001692e-02 -3.311000000000008381e-03 -6.622749999999982817e-03 -3.311000000000008381e-03 -3.570081494151990054e+00
5.529800000000000271e-01 4.311260000000000092e-01 1.655600000000001515e-02 -3.311000000000008381e-03 -4.966750000000005882e-03 -1.655749999999997502e-03 -9.112356422260132760e+00
5.662249999999999783e-01 4.311260000000000092e-01 2.317900000000000515e-02 -6.622500000000003384e-03 1.655750000000011379e-03 -3.311499999999995003e-03 -4.696461166763568507e+00
5.993380000000000374e-01 4.178810000000000024e-01 1.986750000000003791e-02 -9.933999999999998387e-03 -8.278250000000014763e-03 0.000000000000000000e+00 -7.503457913705121385e+00
6.059600000000000541e-01 4.112580000000000124e-01 6.622499999999975628e-03 -6.622500000000003384e-03 -9.933750000000018954e-03 -1.655500000000004190e-03 -9.342570935467004745e+01
6.125829999999999886e-01 4.046359999999999957e-01 0.000000000000000000e+00 -1.324500000000000677e-02 -6.622499999999975628e-03 -3.311250000000001692e-03 -3.775009437523575428e+01
6.059600000000000541e-01 3.847679999999999989e-01 -6.622499999999975628e-03 -1.324500000000000677e-02 -6.622500000000003384e-03 3.311250000000001692e-03 -3.376471087202404675e+01
5.993380000000000374e-01 3.781459999999999821e-01 -1.324500000000000677e-02 -6.622500000000003384e-03 -3.311250000000015570e-03 3.311250000000001692e-03 -2.025882652321442023e+01
5.794700000000000406e-01 3.715229999999999921e-01 -1.324500000000000677e-02 -6.622500000000003384e-03 3.311249999999987814e-03 3.311250000000001692e-03 -6.752942174404826581e+00
5.728480000000000238e-01 3.649009999999999754e-01 -6.622500000000031140e-03 0.000000000000000000e+00 4.966749999999992005e-03 8.278000000000007574e-03 -1.887476217369274138e+02
5.662249999999999783e-01 3.715229999999999921e-01 -3.311500000000022759e-03 9.933500000000011765e-03 3.311250000000015570e-03 4.966999999999999194e-03 -4.297812872799827488e+01
5.662249999999999783e-01 3.847679999999999989e-01 0.000000000000000000e+00 9.933999999999998387e-03 4.967000000000026949e-03 -1.655500000000004190e-03 -5.033219247030429955e+01
5.662249999999999783e-01 3.913909999999999889e-01 6.622500000000031140e-03 6.622500000000003384e-03 6.622500000000003384e-03 -2.499999999933111283e-07 -5.338871079911402262e+01
5.794700000000000406e-01 3.980130000000000057e-01 1.324500000000000677e-02 9.933500000000011765e-03 1.655749999999983624e-03 1.655749999999997502e-03 1.208218274698384942e+00
5.927149999999999919e-01 4.112580000000000124e-01 9.933999999999998387e-03 9.933999999999998387e-03 -3.310999999999980625e-03 -1.655250000000010879e-03 5.932004323712690486e+00
5.993380000000000374e-01 4.178810000000000024e-01 6.623000000000045517e-03 6.622999999999990006e-03 -3.310999999999952870e-03 -3.311000000000008381e-03 -6.721073435816184927e-13
