4.139070000000000249e-01 2.920530000000000070e-01 -1.324500000000000677e-02 0.000000000000000000e+00 -3.311000000000008381e-03 6.622500000000003384e-03 -3.775009437523591771e+01
4.006620000000000181e-01 2.920530000000000070e-01 -1.655600000000001515e-02 6.622500000000003384e-03 0.000000000000000000e+00 4.966999999999999194e-03 -1.450419490293477587e+01
3.807949999999999946e-01 3.052980000000000138e-01 -1.324500000000000677e-02 9.933999999999998387e-03 4.966750000000005882e-03 4.966999999999999194e-03 -2.536773872243477612e+01
3.741720000000000046e-01 3.119210000000000038e-01 -6.622500000000003384e-03 1.655650000000000177e-02 8.278250000000000886e-03 4.966750000000005882e-03 -2.997327731777250293e+01
3.675499999999999878e-01 3.384110000000000174e-01 3.311499999999995003e-03 1.986750000000001015e-02 1.158925000000000927e-02 -4.966999999999999194e-03 -3.019144120249944052e+01
3.807949999999999946e-01 3.516560000000000241e-01 1.655600000000001515e-02 6.622500000000003384e-03 3.311000000000008381e-03 -1.324500000000000677e-02 -4.254433406184714528e+01
4.006620000000000181e-01 3.516560000000000241e-01 9.933500000000011765e-03 -6.622500000000003384e-03 -8.278000000000007574e-03 -1.821200000000000596e-02 -1.385308614921817707e+02
4.006620000000000181e-01 3.384110000000000174e-01 0.000000000000000000e+00 -2.980150000000000854e-02 -6.622250000000010073e-03 -1.986775000000000346e-02 -7.456402167547995674e+00
4.006620000000000181e-01 2.920530000000000070e-01 -3.311000000000008381e-03 -4.635800000000001031e-02 1.655749999999997502e-03 -4.966749999999998944e-03 9.284045891530778860e-01
3.940400000000000014e-01 2.456949999999999967e-01 3.311499999999995003e-03 -3.973500000000000643e-02 6.622250000000010073e-03 1.158975000000000283e-02 4.756414500400937939e+00
4.072850000000000081e-01 2.125829999999999942e-01 9.933500000000011765e-03 -2.317850000000000465e-02 4.966750000000005882e-03 1.158925000000000233e-02 1.435775965364437390e+01
4.139070000000000249e-01 1.993379999999999874e-01 1.324500000000000677e-02 -1.655650000000000177e-02 4.966999999999985316e-03 6.622250000000003134e-03 1.783002474058760356e+01
4.337750000000000217e-01 1.794699999999999906e-01 1.986749999999998240e-02 -9.933999999999998387e-03 -1.387778780781445676e-17 8.278250000000000886e-03 1.500653816192239276e+01
4.536419999999999897e-01 1.794699999999999906e-01 1.324499999999997901e-02 0.000000000000000000e+00 -6.622499999999989506e-03 9.933999999999998387e-03 5.662656663247942390e+01
4.602649999999999797e-01 1.794699999999999906e-01 6.622500000000003384e-03 9.933999999999998387e-03 -3.311249999999987814e-03 8.278250000000000886e-03 5.154285660129403368e+01
4.668869999999999965e-01 1.993379999999999874e-01 6.622500000000003384e-03 1.655650000000000177e-02 -1.655500000000004190e-03 1.655500000000004190e-03 6.767589530713206791e+00
4.735099999999999865e-01 2.125829999999999942e-01 3.311499999999995003e-03 1.324500000000000677e-02 -1.655749999999997502e-03 -3.311500000000001942e-03 4.308527384435625329e+00
4.735099999999999865e-01 2.258280000000000010e-01 3.311000000000008381e-03 9.933499999999997887e-03 -1.655749999999997502e-03 -4.967000000000006132e-03 1.442199728030682093e-03
4.801320000000000032e-01 2.324499999999999900e-01 0.000000000000000000e+00 3.310999999999994503e-03 -3.311000000000008381e-03 -9.933499999999997887e-03 3.020235578375131240e+02
4.735099999999999865e-01 2.324499999999999900e-01 -3.311000000000008381e-03 -9.933499999999997887e-03 3.311250000000001692e-03 -1.324474999999999264e-02 6.685244735107598046e+01
4.735099999999999865e-01 2.125829999999999942e-01 6.622500000000003384e-03 -2.317849999999999078e-02 1.490050000000001096e-02 -4.966999999999999194e-03 2.230702847996264993e+01
4.867549999999999932e-01 1.860930000000000084e-01 2.649000000000001354e-02 -1.986749999999999627e-02 1.490074999999999039e-02 8.277999999999993697e-03 1.419401268397468918e+01
5.264900000000000135e-01 1.728480000000000016e-01 3.642399999999998417e-02 -6.622500000000003384e-03 0.000000000000000000e+00 1.821174999999999877e-02 1.307343546690470504e+01
5.596029999999999616e-01 1.728480000000000016e-01 2.649000000000001354e-02 1.655600000000000127e-02 -1.324524999999997232e-02 1.655625000000000152e-02 2.158143615624585721e+01
5.794700000000000406e-01 2.059600000000000042e-01 9.933500000000039520e-03 2.648999999999999966e-02 -1.821175000000002653e-02 9.933999999999998387e-03 2.566263079607637465e+01
5.794700000000000406e-01 2.258280000000000010e-01 -9.933500000000039520e-03 3.642399999999999805e-02 -1.655600000000004290e-02 8.278250000000000886e-03 9.677810296810374524e+00
5.596029999999999616e-01 2.788080000000000003e-01 -2.317850000000004629e-02 4.304650000000000143e-02 -9.933999999999970631e-03 -4.966999999999992255e-03 4.644486480773460713e+00
5.331129999999999480e-01 3.119210000000000038e-01 -2.980149999999998078e-02 2.649000000000001354e-02 1.655250000000038635e-03 -1.490074999999999733e-02 6.313375911835910514e+00
5.000000000000000000e-01 3.317880000000000273e-01 -1.986799999999996902e-02 1.324500000000000677e-02 1.324499999999999289e-02 -9.933750000000018954e-03 1.611048687864395479e+00
4.933770000000000100e-01 3.384110000000000174e-01 -3.311499999999995003e-03 6.622499999999975628e-03 1.821224999999998539e-02 -3.311250000000001692e-03 -2.701095292169018194e+02
4.933770000000000100e-01 3.450329999999999786e-01 1.655650000000000177e-02 6.622500000000003384e-03 1.490099999999999758e-02 -1.655499999999976435e-03 -2.223795071714593874e+01
5.264900000000000135e-01 3.516560000000000241e-01 2.649050000000000016e-02 3.311500000000022759e-03 1.324499999999999289e-02 -1.655750000000011379e-03 -4.610405669846898036e+00
5.463580000000000103e-01 3.516560000000000241e-01 4.304649999999998755e-02 3.310999999999980625e-03 1.324474999999998570e-02 -2.500000000210667039e-07 -5.450712420302596950e-01
6.125829999999999886e-01 3.582779999999999854e-01 5.297999999999997156e-02 3.310999999999980625e-03 -6.622749999999982817e-03 -1.655499999999990313e-03 -4.397660729085758335e-01
6.523179999999999534e-01 3.582779999999999854e-01 2.980100000000002192e-02 0.000000000000000000e+00 -1.324499999999997901e-02 -3.310999999999980625e-03 -3.728185438065493962e+00
6.721850000000000325e-01 3.582779999999999854e-01 2.649000000000001354e-02 -3.310999999999980625e-03 2.499999999794333405e-07 -8.277999999999993697e-03 -1.152554061311243316e+01
7.052979999999999805e-01 3.516560000000000241e-01 2.980149999999998078e-02 -1.655599999999998739e-02 -3.311250000000015570e-03 -1.324525000000001396e-02 -1.134590054358710454e+01
7.317879999999999940e-01 3.251660000000000106e-01 1.986749999999998240e-02 -2.980150000000000854e-02 -1.158950000000000258e-02 -8.278500000000008074e-03 -1.109651512788598993e+01
7.450329999999999453e-01 2.920530000000000070e-01 6.622499999999975628e-03 -3.311300000000000354e-02 -1.490049999999998320e-02 0.000000000000000000e+00 -1.281310931316474111e+01
7.450329999999999453e-01 2.589400000000000035e-01 -9.933499999999984009e-03 -2.980150000000000854e-02 -9.933749999999963443e-03 9.933999999999998387e-03 -1.273335771446583564e+01
7.251659999999999773e-01 2.324499999999999900e-01 -1.324499999999995126e-02 -1.324500000000000677e-02 -2.500000000071889161e-07 1.655650000000000871e-02 -3.336769233034765847e+01
7.185430000000000428e-01 2.324499999999999900e-01 -9.933999999999998387e-03 3.311500000000008881e-03 3.311249999999960059e-03 1.821200000000000596e-02 -1.671174190699351243e+02
7.052979999999999805e-01 2.390730000000000077e-01 -6.622500000000031140e-03 2.317900000000000515e-02 8.278250000000014763e-03 1.655624999999999458e-02 -2.152390567772168950e+01
7.052979999999999805e-01 2.788080000000000003e-01 6.622500000000031140e-03 3.642399999999999805e-02 9.933750000000018954e-03 -1.655749999999997502e-03 -7.347119902199707120e+00
7.185430000000000428e-01 3.119210000000000038e-01 1.324500000000000677e-02 1.986750000000001015e-02 3.311249999999960059e-03 -1.490099999999999064e-02 -1.932958153907501497e+01
7.317879999999999940e-01 3.185430000000000206e-01 1.324499999999995126e-02 6.622000000000016762e-03 -5.551115123125782702e-17 -1.324549999999999339e-02 -5.402802415361684751e+01
