3.609269999999999978e-01 2.655629999999999935e-01 -1.324500000000000677e-02 1.324500000000000677e-02 0.000000000000000000e+00 0.000000000000000000e+00 -0.000000000000000000e+00
3.476819999999999911e-01 2.788080000000000003e-01 -1.324500000000000677e-02 1.324500000000000677e-02 3.311250000000001692e-03 -1.655749999999997502e-03 -3.336416546296254726e+00
3.344369999999999843e-01 2.920530000000000070e-01 -6.622500000000003384e-03 9.933500000000011765e-03 6.622500000000003384e-03 0.000000000000000000e+00 -3.865948115541934982e+01
3.344369999999999843e-01 2.986750000000000238e-01 0.000000000000000000e+00 1.324500000000000677e-02 6.622500000000003384e-03 1.655999999999990813e-03 -3.775009437523591771e+01
3.344369999999999843e-01 3.185430000000000206e-01 6.622500000000003384e-03 1.324549999999999339e-02 9.933750000000005076e-03 -1.655500000000004190e-03 -4.389142204676829806e+01
3.476819999999999911e-01 3.251660000000000106e-01 1.986750000000001015e-02 9.933999999999998387e-03 8.278250000000000886e-03 -4.967249999999992505e-03 -1.650792464094926970e+01
3.741720000000000046e-01 3.384110000000000174e-01 2.317900000000000515e-02 3.311000000000008381e-03 -3.311250000000001692e-03 -1.324525000000000008e-02 -2.306319946309623248e+01
3.940400000000000014e-01 3.317880000000000273e-01 1.324500000000000677e-02 -1.655650000000000177e-02 -9.933999999999998387e-03 -1.821175000000001265e-02 -4.256251563893351175e+01
4.006620000000000181e-01 3.052980000000000138e-01 3.311000000000008381e-03 -3.311250000000001692e-02 -6.622500000000003384e-03 -6.622500000000003384e-03 -6.545557493674215799e+00
4.006620000000000181e-01 2.655629999999999935e-01 0.000000000000000000e+00 -2.980150000000000854e-02 -3.311000000000008381e-03 1.655500000000011129e-03 -3.728060338518092820e+00
4.006620000000000181e-01 2.456949999999999967e-01 -3.311000000000008381e-03 -2.980149999999999466e-02 -1.655500000000004190e-03 1.655750000000004440e-03 -2.033393471331437663e+00
3.940400000000000014e-01 2.059600000000000042e-01 -3.311000000000008381e-03 -2.648999999999999966e-02 1.655500000000004190e-03 3.311499999999995003e-03 1.728689687760192051e+00
3.940400000000000014e-01 1.927149999999999974e-01 0.000000000000000000e+00 -2.317850000000000465e-02 3.311000000000008381e-03 0.000000000000000000e+00 6.162948328682067434e+00
3.940400000000000014e-01 1.596029999999999949e-01 3.311000000000008381e-03 -2.648999999999999966e-02 6.622500000000003384e-03 3.311000000000001442e-03 9.796807418791441791e+00
4.006620000000000181e-01 1.397349999999999981e-01 1.324500000000000677e-02 -1.655650000000000177e-02 6.622749999999996695e-03 9.933749999999998137e-03 2.530773983961719509e+01
4.205300000000000149e-01 1.264899999999999913e-01 1.655650000000000177e-02 -6.622500000000003384e-03 1.655499999999990313e-03 9.934000000000005326e-03 3.094057638750106776e+01
4.337750000000000217e-01 1.264899999999999913e-01 1.655599999999998739e-02 3.311500000000008881e-03 -2.500000000071889161e-07 9.933750000000005076e-03 3.417039722672340929e+01
4.536419999999999897e-01 1.331130000000000091e-01 1.655599999999998739e-02 1.324500000000000677e-02 -3.310999999999994503e-03 4.966749999999992005e-03 1.322876402683582953e+01
4.668869999999999965e-01 1.529800000000000049e-01 9.933999999999998387e-03 1.324499999999999289e-02 -4.966749999999992005e-03 -6.938893903907228378e-18 1.449527743289849013e+01
4.735099999999999865e-01 1.596029999999999949e-01 6.622500000000003384e-03 1.324499999999999289e-02 -3.311499999999995003e-03 1.655500000000004190e-03 1.688312020862518281e+01
4.801320000000000032e-01 1.794699999999999906e-01 3.311000000000008381e-03 1.655600000000000127e-02 -1.655500000000004190e-03 -1.655499999999997252e-03 4.555834218815165038e+00
4.801320000000000032e-01 1.927149999999999974e-01 3.311499999999995003e-03 9.933999999999998387e-03 1.655749999999997502e-03 -8.278000000000000635e-03 -3.819983274291087838e+01
4.867549999999999932e-01 1.993379999999999874e-01 6.622500000000003384e-03 0.000000000000000000e+00 1.655500000000004190e-03 -8.278249999999993947e-03 -1.887533220154300295e+02
4.933770000000000100e-01 1.927149999999999974e-01 6.622500000000003384e-03 -6.622499999999989506e-03 2.500000000071889161e-07 -4.966749999999998944e-03 -4.003699855555501586e+01
5.000000000000000000e-01 1.860930000000000084e-01 6.623000000000017762e-03 -9.933499999999997887e-03 3.311250000000001692e-03 -3.311250000000008631e-03 6.441500621005586957e+00
5.066230000000000455e-01 1.728480000000000016e-01 1.324500000000000677e-02 -1.324500000000000677e-02 8.277749999999986508e-03 1.655499999999997252e-03 2.001900311597531257e+01
5.264900000000000135e-01 1.596029999999999949e-01 2.317849999999999078e-02 -6.622500000000003384e-03 4.966999999999999194e-03 8.278000000000007574e-03 1.604549353939980705e+01
5.529800000000000271e-01 1.596029999999999949e-01 2.317900000000000515e-02 3.311000000000008381e-03 -4.966749999999992005e-03 8.278000000000000635e-03 1.622892083109443107e+01
5.728480000000000238e-01 1.662250000000000116e-01 1.324500000000000677e-02 9.933499999999997887e-03 -8.278250000000014763e-03 9.933999999999991448e-03 4.711394553847115674e+01
5.794700000000000406e-01 1.794699999999999906e-01 6.622499999999975628e-03 2.317899999999999128e-02 -4.966750000000019760e-03 1.655650000000000177e-02 1.604482901674557738e+01
5.860929999999999751e-01 2.125829999999999942e-01 3.311499999999967248e-03 4.304650000000000143e-02 -6.622499999999975628e-03 8.278000000000007574e-03 3.883077046150779754e+00
5.860929999999999751e-01 2.655629999999999935e-01 -6.622499999999975628e-03 3.973500000000000643e-02 -9.933999999999970631e-03 -4.966999999999992255e-03 6.541705552241387167e+00
5.728480000000000238e-01 2.920530000000000070e-01 -1.655649999999997402e-02 3.311250000000001692e-02 -6.622500000000031140e-03 -3.311250000000008631e-03 5.402321109077886874e+00
5.529800000000000271e-01 3.317880000000000273e-01 -1.986750000000003791e-02 3.311249999999998916e-02 -1.655500000000031946e-03 -4.966750000000019760e-03 2.665685837708744454e+00
5.331129999999999480e-01 3.582779999999999854e-01 -1.986750000000003791e-02 2.317899999999997740e-02 1.655500000000031946e-03 -9.933749999999991198e-03 5.587870407429609720e+00
5.132449999999999513e-01 3.781459999999999821e-01 -1.655649999999997402e-02 1.324500000000000677e-02 9.933750000000018954e-03 -9.933999999999984509e-03 3.451667333898503109e+00
5.000000000000000000e-01 3.847679999999999989e-01 0.000000000000000000e+00 3.311000000000008381e-03 2.317899999999997740e-02 -6.622500000000003384e-03 -2.114347341321543809e+03
5.132449999999999513e-01 3.847679999999999989e-01 2.980149999999998078e-02 0.000000000000000000e+00 1.821200000000000596e-02 -1.655500000000004190e-03 -1.864030169259049963e+00
5.596029999999999616e-01 3.847679999999999989e-01 3.642400000000001192e-02 0.000000000000000000e+00 4.966750000000019760e-03 0.000000000000000000e+00 0.000000000000000000e+00
5.860929999999999751e-01 3.847679999999999989e-01 3.973500000000002030e-02 0.000000000000000000e+00 4.966749999999992005e-03 1.655749999999997502e-03 1.048692903180181046e+00
6.390730000000000022e-01 3.847679999999999989e-01 4.635749999999999593e-02 3.311499999999995003e-03 -1.655500000000004190e-03 1.655749999999997502e-03 8.192190742277141169e-01
6.788079999999999670e-01 3.913909999999999889e-01 3.642400000000001192e-02 3.311499999999995003e-03 -1.324499999999997901e-02 -3.311499999999995003e-03 -1.568895868745865840e+00
7.119210000000000260e-01 3.913909999999999889e-01 1.986750000000003791e-02 -3.311499999999995003e-03 -1.158950000000000258e-02 -6.622749999999996695e-03 -2.079963127274172052e+01
7.185430000000000428e-01 3.847679999999999989e-01 1.324500000000000677e-02 -9.933999999999998387e-03 -3.311250000000043325e-03 -9.933499999999997887e-03 -3.623855839015478608e+01
7.384110000000000396e-01 3.715229999999999921e-01 1.324499999999995126e-02 -2.317849999999999078e-02 -3.311250000000015570e-03 -1.324499999999999289e-02 -1.325485550188057360e+01
7.450329999999999453e-01 3.384110000000000174e-01 6.622499999999975628e-03 -3.642399999999998417e-02 -4.966749999999964249e-03 -4.967250000000006382e-03 -4.213735612108157724e+00
7.516559999999999908e-01 2.986750000000000238e-01 3.311500000000022759e-03 -3.311300000000000354e-02 -4.966999999999999194e-03 9.933999999999984509e-03 -3.570242299353790116e+00
7.516559999999999908e-01 2.721850000000000103e-01 -3.311500000000022759e-03 -1.655600000000001515e-02 -1.324525000000001396e-02 1.324525000000000008e-02 -5.467421787905882269e+01
7.450329999999999453e-01 2.655629999999999935e-01 -2.317900000000000515e-02 -6.622500000000003384e-03 -1.158924999999996763e-02 8.278000000000007574e-03 -1.917540917775365017e+01
7.052979999999999805e-01 2.589400000000000035e-01 -2.648999999999995802e-02 0.000000000000000000e+00 6.622500000000003384e-03 9.933750000000005076e-03 -1.415628539071353309e+01
6.920530000000000292e-01 2.655629999999999935e-01 -9.933999999999998387e-03 1.324500000000000677e-02 1.986749999999998240e-02 1.490075000000000427e-02 -9.059885843565423613e+01
6.854299999999999837e-01 2.854300000000000170e-01 1.324500000000000677e-02 2.980150000000000854e-02 1.655650000000000177e-02 4.966999999999999194e-03 -1.232866342428000017e+01
7.185430000000000428e-01 3.251660000000000106e-01 2.317900000000000515e-02 2.317900000000000515e-02 1.655749999999983624e-03 -1.158950000000000258e-02 -8.716171671746424821e+00
7.317879999999999940e-01 3.317880000000000273e-01 1.655649999999997402e-02 6.622500000000003384e-03 -1.655500000000004190e-03 -8.278000000000007574e-03 -2.223795071714607730e+01
7.516559999999999908e-01 3.384110000000000174e-01 1.986799999999999677e-02 6.622999999999990006e-03 3.311500000000022759e-03 4.999999999866222566e-07 -2.386588321308309890e+00
