3.940400000000000014e-01 2.655629999999999935e-01 -1.986799999999999677e-02 0.000000000000000000e+00 3.311499999999995003e-03 6.622500000000003384e-03 -1.677697526850154119e+01
3.741720000000000046e-01 2.655629999999999935e-01 -1.655650000000000177e-02 6.622500000000003384e-03 3.311499999999995003e-03 4.966750000000005882e-03 -1.837050641692513864e+01
3.609269999999999978e-01 2.788080000000000003e-01 -1.324500000000000677e-02 9.933500000000011765e-03 3.311499999999995003e-03 1.655500000000004190e-03 -1.208035852565010693e+01
3.476819999999999911e-01 2.854300000000000170e-01 -9.933500000000011765e-03 9.933500000000011765e-03 3.311250000000001692e-03 1.655999999999990813e-03 -1.779780453109703586e+01
3.410599999999999743e-01 2.986750000000000238e-01 -6.622500000000003384e-03 1.324549999999999339e-02 3.311000000000008381e-03 1.655999999999990813e-03 -1.688108084001194698e+01
3.344369999999999843e-01 3.119210000000000038e-01 -3.311499999999995003e-03 1.324549999999999339e-02 6.622500000000003384e-03 -2.499999999933111283e-07 -3.446552140104351025e+01
3.344369999999999843e-01 3.251660000000000106e-01 6.622500000000003384e-03 1.324500000000000677e-02 1.324525000000000008e-02 -2.499999999933111283e-07 -5.402506694046468994e+01
3.476819999999999911e-01 3.384110000000000174e-01 2.317900000000000515e-02 1.324500000000000677e-02 6.622500000000003384e-03 -6.622500000000003384e-03 -1.267806756579292582e+01
3.807949999999999946e-01 3.516560000000000241e-01 1.986750000000001015e-02 0.000000000000000000e+00 -9.933999999999998387e-03 -1.655625000000000846e-02 -4.194454930581768792e+01
3.874170000000000114e-01 3.384110000000000174e-01 3.311000000000008381e-03 -1.986750000000001015e-02 -1.158925000000000927e-02 -1.986775000000000346e-02 -3.622948408991090474e+01
3.874170000000000114e-01 3.119210000000000038e-01 -3.311000000000008381e-03 -3.973550000000000693e-02 -3.311000000000008381e-03 -9.933999999999998387e-03 -1.556516698966935230e+00
3.807949999999999946e-01 2.589400000000000035e-01 -3.311000000000008381e-03 -3.973550000000000693e-02 1.655500000000004190e-03 8.278500000000001136e-03 6.053004430482543663e-01
3.807949999999999946e-01 2.324499999999999900e-01 0.000000000000000000e+00 -2.317850000000000465e-02 1.655500000000004190e-03 9.934000000000005326e-03 3.081474164341033717e+00
3.807949999999999946e-01 2.125829999999999942e-01 0.000000000000000000e+00 -1.986749999999999627e-02 3.311250000000001692e-03 3.311000000000001442e-03 8.388909861163549309e+00
3.807949999999999946e-01 1.927149999999999974e-01 6.622500000000003384e-03 -1.655650000000000177e-02 4.966750000000005882e-03 3.311250000000001692e-03 1.837021442415049677e+01
3.940400000000000014e-01 1.794699999999999906e-01 9.933500000000011765e-03 -1.324499999999999289e-02 3.311250000000001692e-03 3.311500000000001942e-03 1.691286676915905574e+01
4.006620000000000181e-01 1.662250000000000116e-01 1.324500000000000677e-02 -9.933499999999997887e-03 3.311499999999995003e-03 4.966999999999992255e-03 2.174537501266792106e+01
4.205300000000000149e-01 1.596029999999999949e-01 1.655650000000000177e-02 -3.311000000000008381e-03 1.655499999999990313e-03 8.278000000000000635e-03 2.961240654620052126e+01
4.337750000000000217e-01 1.596029999999999949e-01 1.655599999999998739e-02 6.622500000000003384e-03 -1.655750000000011379e-03 6.622250000000003134e-03 2.127172901857539955e+01
4.536419999999999897e-01 1.728480000000000016e-01 1.324499999999997901e-02 9.933499999999997887e-03 -4.966749999999992005e-03 1.655499999999997252e-03 1.570355403878538603e+01
4.602649999999999797e-01 1.794699999999999906e-01 6.622500000000003384e-03 9.933499999999997887e-03 -4.966999999999985316e-03 1.655750000000004440e-03 3.543923606346157840e+01
4.668869999999999965e-01 1.927149999999999974e-01 3.311000000000008381e-03 1.324500000000000677e-02 -1.655500000000004190e-03 1.655750000000004440e-03 1.077095493210656407e+01
4.668869999999999965e-01 2.059600000000000042e-01 3.311499999999995003e-03 1.324500000000000677e-02 2.499999999933111283e-07 -1.655500000000004190e-03 -2.155564870748245099e+00
4.735099999999999865e-01 2.192050000000000110e-01 3.311499999999995003e-03 9.933999999999998387e-03 -1.655749999999997502e-03 -6.622500000000003384e-03 -4.774618581041081278e+00
4.735099999999999865e-01 2.258280000000000010e-01 0.000000000000000000e+00 0.000000000000000000e+00 -1.655749999999997502e-03 -8.278250000000000886e-03 0.000000000000000000e+00
4.735099999999999865e-01 2.192050000000000110e-01 0.000000000000000000e+00 -6.622500000000003384e-03 1.655500000000004190e-03 -4.966750000000005882e-03 3.774724423598531331e+01
4.735099999999999865e-01 2.125829999999999942e-01 3.311000000000008381e-03 -9.933500000000011765e-03 6.622500000000003384e-03 -4.966999999999999194e-03 4.297863357466840739e+01
4.801320000000000032e-01 1.993379999999999874e-01 1.324500000000000677e-02 -1.655650000000000177e-02 8.278499999999994197e-03 -1.655749999999990563e-03 1.207909866168153634e+01
5.000000000000000000e-01 1.794699999999999906e-01 1.986799999999999677e-02 -1.324499999999999289e-02 3.311249999999987814e-03 4.967000000000006132e-03 1.046980996126551311e+01
5.198679999999999968e-01 1.728480000000000016e-01 1.986749999999998240e-02 -6.622499999999989506e-03 3.311000000000008381e-03 8.277999999999993697e-03 2.029351697246561059e+01
5.397349999999999648e-01 1.662250000000000116e-01 2.649000000000001354e-02 3.310999999999994503e-03 1.655750000000011379e-03 9.933749999999991198e-03 1.354276583853394733e+01
5.728480000000000238e-01 1.794699999999999906e-01 2.317900000000000515e-02 1.324499999999999289e-02 -9.933750000000018954e-03 6.622750000000003634e-03 1.498345950196780763e+01
5.860929999999999751e-01 1.927149999999999974e-01 6.622499999999975628e-03 1.655650000000000177e-02 -1.158950000000000258e-02 4.967000000000006132e-03 3.964232605748672711e+01
5.860929999999999751e-01 2.125829999999999942e-01 0.000000000000000000e+00 2.317900000000000515e-02 -6.622499999999975628e-03 4.966749999999998944e-03 1.232629553074613860e+01
5.860929999999999751e-01 2.390730000000000077e-01 -6.622499999999975628e-03 2.648999999999999966e-02 -1.158950000000000258e-02 6.622499999999996445e-03 1.292591709815885181e+01
5.728480000000000238e-01 2.655629999999999935e-01 -2.317900000000000515e-02 3.642399999999999805e-02 -9.933750000000018954e-03 1.655750000000004440e-03 4.019251066457290023e+00
5.397349999999999648e-01 3.119210000000000038e-01 -2.649000000000001354e-02 2.980150000000000854e-02 3.311500000000022759e-03 -1.158949999999999564e-02 3.286193754516892440e+00
5.198679999999999968e-01 3.251660000000000106e-01 -1.655599999999995964e-02 1.324500000000000677e-02 6.622250000000010073e-03 -6.622750000000010573e-03 2.301383428698898115e+00
5.066230000000000455e-01 3.384110000000000174e-01 -1.324549999999999339e-02 1.655599999999998739e-02 4.966499999999970938e-03 -1.387778780781445676e-17 -8.626744993231140413e+00
4.933770000000000100e-01 3.582779999999999854e-01 -6.623000000000017762e-03 1.324499999999997901e-02 9.934250000000005576e-03 -6.622249999999996195e-03 -2.701207457586966143e+01
4.933770000000000100e-01 3.649009999999999754e-01 6.623000000000017762e-03 3.311499999999995003e-03 1.821225000000001315e-02 -4.966999999999985316e-03 -2.295704658782234162e+02
5.066230000000000455e-01 3.649009999999999754e-01 2.980150000000000854e-02 3.311000000000008381e-03 1.324474999999998570e-02 -2.499999999933111283e-07 -1.626935868001106567e+00
5.529800000000000271e-01 3.715229999999999921e-01 3.311249999999998916e-02 3.311000000000008381e-03 -3.311250000000001692e-03 -1.655500000000004190e-03 -1.190019677491476857e+00
5.728480000000000238e-01 3.715229999999999921e-01 2.317900000000000515e-02 0.000000000000000000e+00 1.655500000000004190e-03 -1.655500000000004190e-03 -3.081341223276762520e+00
5.993380000000000374e-01 3.715229999999999921e-01 3.642349999999999755e-02 0.000000000000000000e+00 4.966749999999992005e-03 0.000000000000000000e+00 0.000000000000000000e+00
6.456950000000000189e-01 3.715229999999999921e-01 3.311249999999998916e-02 0.000000000000000000e+00 -8.278000000000007574e-03 -1.655500000000004190e-03 -1.509889769439415108e+00
6.655630000000000157e-01 3.715229999999999921e-01 1.986749999999998240e-02 -3.311000000000008381e-03 -4.966749999999992005e-03 -6.622500000000003384e-03 -1.811494467438816613e+01
6.854299999999999837e-01 3.649009999999999754e-01 2.317900000000000515e-02 -1.324500000000000677e-02 2.500000000071889161e-07 -8.278249999999987008e-03 -1.008484427341845091e+01
7.119210000000000260e-01 3.450329999999999786e-01 1.986799999999999677e-02 -1.986749999999998240e-02 -6.622750000000010573e-03 -6.622499999999989506e-03 -1.186363545085157689e+01
7.251659999999999773e-01 3.251660000000000106e-01 9.933499999999984009e-03 -2.648999999999998578e-02 -8.278499999999994197e-03 -3.311500000000008881e-03 -1.113718862518672736e+01
7.317879999999999940e-01 2.920530000000000070e-01 3.311000000000008381e-03 -2.649050000000000016e-02 -9.933499999999984009e-03 1.655499999999990313e-03 -1.354196728428954977e+01
7.317879999999999940e-01 2.721850000000000103e-01 -9.933499999999984009e-03 -2.317900000000000515e-02 -1.158924999999999539e-02 4.967249999999999444e-03 -1.982716605949218547e+01
7.119210000000000260e-01 2.456949999999999967e-01 -1.986749999999998240e-02 -1.655600000000000127e-02 -3.311500000000022759e-03 9.934000000000005326e-03 -1.458019831040217440e+01
6.920530000000000292e-01 2.390730000000000077e-01 -1.655650000000002953e-02 -3.310999999999994503e-03 3.311249999999987814e-03 8.278000000000000635e-03 -2.619591451812922500e+01
6.788079999999999670e-01 2.390730000000000077e-01 -1.324500000000000677e-02 0.000000000000000000e+00 4.967000000000026949e-03 8.277999999999993697e-03 -4.718690543423216610e+01
6.655630000000000157e-01 2.390730000000000077e-01 -6.622499999999975628e-03 1.324499999999999289e-02 8.278000000000007574e-03 1.158925000000000233e-02 -5.739924370982775770e+01
6.655630000000000157e-01 2.655629999999999935e-01 3.311000000000008381e-03 2.317850000000000465e-02 1.490074999999999039e-02 4.967000000000006132e-03 -2.562654250808321166e+01
6.721850000000000325e-01 2.854300000000000170e-01 2.317900000000000515e-02 2.317900000000000515e-02 1.158974999999998201e-02 -3.311000000000001442e-03 -9.805590308810744560e+00
7.119210000000000260e-01 3.119210000000000038e-01 2.649049999999997240e-02 1.655650000000000177e-02 -4.967000000000026949e-03 -8.278499999999994197e-03 -4.496182403130002392e+00
7.251659999999999773e-01 3.185430000000000206e-01 1.324499999999995126e-02 6.622000000000016762e-03 -1.324550000000002115e-02 -9.934499999999985009e-03 -1.351057521592962196e+01
