3.145700000000000163e-01 3.450329999999999786e-01 0.000000000000000000e+00 6.623000000000045517e-03 0.000000000000000000e+00 -5.000000000421334079e-07 -0.000000000000000000e+00
3.145700000000000163e-01 3.516560000000000241e-01 0.000000000000000000e+00 6.622500000000003384e-03 1.655499999999990313e-03 -2.500000000349444917e-07 -3.774724423598500067e+01
3.145700000000000163e-01 3.582779999999999854e-01 3.310999999999980625e-03 6.622499999999975628e-03 3.311250000000001692e-03 1.655749999999997502e-03 -4.051948857768887535e+01
3.211919999999999775e-01 3.649009999999999754e-01 6.622500000000003384e-03 9.933999999999998387e-03 1.655750000000011379e-03 1.655500000000018068e-03 -3.222827035707336751e+00
3.278150000000000230e-01 3.781459999999999821e-01 6.622500000000003384e-03 9.933500000000011765e-03 -1.387778780781445676e-17 -2.499999999933111283e-07 -9.729571941200478241e-04
3.344369999999999843e-01 3.847679999999999989e-01 6.622499999999975628e-03 9.933500000000011765e-03 1.655749999999997502e-03 2.499999999933111283e-07 -9.664627031191713513e+00
3.410599999999999743e-01 3.980130000000000057e-01 9.933999999999998387e-03 9.933999999999998387e-03 3.311250000000015570e-03 -3.311000000000008381e-03 -2.372533029304377905e+01
3.543049999999999811e-01 4.046359999999999957e-01 1.324500000000000677e-02 3.311499999999995003e-03 -2.499999999933111283e-07 -4.966999999999999194e-03 -2.585148972404544665e+01
3.675499999999999878e-01 4.046359999999999957e-01 9.933500000000011765e-03 0.000000000000000000e+00 -3.311250000000001692e-03 -3.311499999999995003e-03 -3.355986206445700049e+01
3.741720000000000046e-01 4.046359999999999957e-01 6.622500000000003384e-03 -3.311499999999995003e-03 -3.311000000000008381e-03 -3.311250000000001692e-03 -8.103163503035233362e+01
3.807949999999999946e-01 3.980130000000000057e-01 3.311499999999995003e-03 -6.622500000000003384e-03 -1.655749999999997502e-03 -3.311000000000008381e-03 -5.402312927016267707e+01
3.807949999999999946e-01 3.913909999999999889e-01 3.311000000000008381e-03 -9.933500000000011765e-03 -2.499999999933111283e-07 -3.311250000000001692e-03 -9.552409844687305807e+00
3.874170000000000114e-01 3.781459999999999821e-01 3.311000000000008381e-03 -1.324500000000000677e-02 -1.655500000000004190e-03 -1.655749999999983624e-03 -1.077095493210653565e+01
3.874170000000000114e-01 3.649009999999999754e-01 0.000000000000000000e+00 -1.324499999999997901e-02 -3.311000000000008381e-03 1.655500000000004190e-03 -1.887362211799274192e+01
3.874170000000000114e-01 3.516560000000000241e-01 -3.311000000000008381e-03 -9.933999999999998387e-03 -1.655500000000004190e-03 3.311249999999987814e-03 -2.387273243965036329e+01
3.807949999999999946e-01 3.450329999999999786e-01 -3.311000000000008381e-03 -6.622500000000003384e-03 -1.655749999999997502e-03 -1.655499999999990313e-03 -1.351057506194824320e+01
3.807949999999999946e-01 3.384110000000000174e-01 -6.622500000000003384e-03 -1.324499999999997901e-02 -3.311499999999995003e-03 -6.622749999999996695e-03 -5.098484087483475891e-04
3.675499999999999878e-01 3.185430000000000206e-01 -9.933999999999998387e-03 -1.986799999999999677e-02 0.000000000000000000e+00 -3.311250000000015570e-03 3.001156572576190396e+00
3.609269999999999978e-01 2.986750000000000238e-01 -6.622500000000003384e-03 -1.986750000000001015e-02 1.655749999999997502e-03 2.499999999933111283e-07 3.581378532678500815e+00
3.543049999999999811e-01 2.788080000000000003e-01 -6.622500000000003384e-03 -1.986750000000001015e-02 1.655500000000004190e-03 1.655500000000004190e-03 2.387345343607519599e+00
3.476819999999999911e-01 2.589400000000000035e-01 -3.311499999999995003e-03 -1.655650000000000177e-02 3.311250000000001692e-03 1.655750000000004440e-03 1.025032935619826979e+01
3.476819999999999911e-01 2.456949999999999967e-01 0.000000000000000000e+00 -1.655600000000000127e-02 3.311499999999995003e-03 2.500000000002500222e-07 1.208130709826753169e+01
3.476819999999999911e-01 2.258280000000000010e-01 3.311499999999995003e-03 -1.655600000000000127e-02 3.311250000000001692e-03 1.655499999999997252e-03 1.252909977370159211e+01
3.543049999999999811e-01 2.125829999999999942e-01 6.622500000000003384e-03 -1.324500000000000677e-02 1.655500000000004190e-03 3.311000000000001442e-03 1.350486465199203145e+01
3.609269999999999978e-01 1.993379999999999874e-01 6.622500000000003384e-03 -9.933999999999998387e-03 3.311250000000001692e-03 4.966750000000005882e-03 3.865641280935472679e+01
3.675499999999999878e-01 1.927149999999999974e-01 1.324500000000000677e-02 -3.311499999999995003e-03 6.622500000000003384e-03 6.622749999999996695e-03 4.308722585775004177e+01
3.874170000000000114e-01 1.927149999999999974e-01 1.986750000000001015e-02 3.311499999999995003e-03 0.000000000000000000e+00 6.622749999999996695e-03 1.610276386234957258e+01
4.072850000000000081e-01 1.993379999999999874e-01 1.324500000000000677e-02 9.933999999999998387e-03 -6.622500000000003384e-03 3.311000000000008381e-03 2.415903892676982068e+01
4.139070000000000249e-01 2.125829999999999942e-01 6.622500000000003384e-03 9.933500000000011765e-03 -3.311250000000015570e-03 -2.500000000002500222e-07 1.932876762051552433e+01
4.205300000000000149e-01 2.192050000000000110e-01 6.622499999999975628e-03 9.933499999999997887e-03 -1.655750000000011379e-03 1.655749999999990563e-03 1.610949548575202428e+01
4.271519999999999762e-01 2.324499999999999900e-01 3.310999999999980625e-03 1.324499999999999289e-02 -3.311249999999987814e-03 2.500000000002500222e-07 1.723489416032212773e+01
4.271519999999999762e-01 2.456949999999999967e-01 0.000000000000000000e+00 9.933999999999998387e-03 -1.655499999999990313e-03 -3.311249999999994753e-03 1.677570860370199668e+01
4.271519999999999762e-01 2.523179999999999867e-01 0.000000000000000000e+00 6.622500000000003384e-03 0.000000000000000000e+00 -4.966999999999999194e-03 -0.000000000000000000e+00
4.271519999999999762e-01 2.589400000000000035e-01 0.000000000000000000e+00 0.000000000000000000e+00 1.655750000000011379e-03 -8.278000000000000635e-03 0.000000000000000000e+00
4.271519999999999762e-01 2.523179999999999867e-01 3.311500000000022759e-03 -9.933499999999997887e-03 1.655750000000011379e-03 -6.622499999999996445e-03 -4.775988609260059192e+00
4.337750000000000217e-01 2.390730000000000077e-01 3.311500000000022759e-03 -1.324499999999999289e-02 -2.500000000210667039e-07 -2.500000000002500222e-07 -1.626497722994821966e-03
4.337750000000000217e-01 2.258280000000000010e-01 3.310999999999980625e-03 -9.933999999999998387e-03 1.655499999999976435e-03 1.655499999999997252e-03 1.909789757274578292e+01
4.403969999999999829e-01 2.192050000000000110e-01 6.622499999999975628e-03 -9.933999999999998387e-03 4.967000000000013071e-03 1.655749999999997502e-03 3.543699080458035411e+01
4.470199999999999729e-01 2.059600000000000042e-01 1.324500000000000677e-02 -6.622500000000003384e-03 3.311250000000015570e-03 4.966999999999999194e-03 2.701227854602799283e+01
4.668869999999999965e-01 2.059600000000000042e-01 1.324500000000000677e-02 0.000000000000000000e+00 0.000000000000000000e+00 6.622500000000003384e-03 3.775009437523591771e+01
4.735099999999999865e-01 2.059600000000000042e-01 1.324500000000000677e-02 6.622500000000003384e-03 1.655750000000011379e-03 8.278250000000000886e-03 3.038849470902594518e+01
4.933770000000000100e-01 2.192050000000000110e-01 1.655650000000002953e-02 1.655650000000000177e-02 -1.655500000000018068e-03 6.622499999999996445e-03 1.067685541676714323e+01
5.066230000000000455e-01 2.390730000000000077e-01 9.933999999999970631e-03 1.986749999999999627e-02 -6.622750000000038328e-03 1.655499999999997252e-03 1.350605806638010087e+01
5.132449999999999513e-01 2.589400000000000035e-01 3.310999999999952870e-03 1.986749999999999627e-02 -4.966999999999985316e-03 1.655750000000004440e-03 1.274800017161391530e+01
5.132449999999999513e-01 2.788080000000000003e-01 0.000000000000000000e+00 2.317900000000000515e-02 -1.655499999999976435e-03 6.938893903907228378e-18 3.081341223276711005e+00
5.132449999999999513e-01 3.052980000000000138e-01 0.000000000000000000e+00 1.986750000000001015e-02 -3.311249999999987814e-03 -1.655750000000011379e-03 8.388909861163501347e+00
5.132449999999999513e-01 3.185430000000000206e-01 -6.622499999999975628e-03 1.986749999999998240e-02 -4.966999999999985316e-03 -1.655500000000004190e-03 1.193780826983927490e+01
5.000000000000000000e-01 3.450329999999999786e-01 -9.933999999999970631e-03 1.655650000000000177e-02 -1.387778780781445676e-17 -4.966749999999992005e-03 6.854551147755266527e+00
4.933770000000000100e-01 3.516560000000000241e-01 -6.622500000000003384e-03 9.933999999999998387e-03 1.655749999999983624e-03 -3.311500000000008881e-03 3.221367715750334426e+00
4.867549999999999932e-01 3.649009999999999754e-01 -6.622500000000003384e-03 9.933499999999984009e-03 1.655500000000004190e-03 -1.655749999999997502e-03 -3.220245091957767425e+00
4.801320000000000032e-01 3.715229999999999921e-01 -3.311499999999995003e-03 6.622500000000003384e-03 1.655749999999997502e-03 -1.655499999999990313e-03 -1.350731190895425904e+01
4.801320000000000032e-01 3.781459999999999821e-01 -3.311000000000008381e-03 6.622500000000003384e-03 1.655749999999997502e-03 -1.655749999999997502e-03 -1.350853572990984830e+01
4.735099999999999865e-01 3.847679999999999989e-01 0.000000000000000000e+00 3.311000000000008381e-03 6.622250000000010073e-03 -3.311250000000001692e-03 -6.040699202323926329e+02
4.801320000000000032e-01 3.847679999999999989e-01 9.933500000000011765e-03 0.000000000000000000e+00 9.933999999999998387e-03 -1.655500000000004190e-03 -1.677739744759438167e+01
4.933770000000000100e-01 3.847679999999999989e-01 1.986799999999999677e-02 0.000000000000000000e+00 8.278499999999994197e-03 0.000000000000000000e+00 0.000000000000000000e+00
5.198679999999999968e-01 3.847679999999999989e-01 2.649050000000000016e-02 0.000000000000000000e+00 4.966500000000012571e-03 1.655749999999997502e-03 2.359469961101100743e+00
5.463580000000000103e-01 3.847679999999999989e-01 2.980100000000002192e-02 3.311499999999995003e-03 1.655250000000010879e-03 1.655749999999997502e-03 1.627038477610399214e+00
5.794700000000000406e-01 3.913909999999999889e-01 2.980100000000002192e-02 3.311499999999995003e-03 -1.655500000000031946e-03 -1.655749999999997502e-03 -1.627007767762005619e+00
6.059600000000000541e-01 3.913909999999999889e-01 2.648999999999995802e-02 0.000000000000000000e+00 -3.311000000000036136e-03 -1.655749999999997502e-03 -2.359559032155417846e+00
6.324499999999999567e-01 3.913909999999999889e-01 2.317899999999994964e-02 0.000000000000000000e+00 -3.311249999999960059e-03 0.000000000000000000e+00 0.000000000000000000e+00
6.523179999999999534e-01 3.913909999999999889e-01 1.986750000000003791e-02 0.000000000000000000e+00 -3.311499999999967248e-03 -1.655749999999997502e-03 -4.194771612720712639e+00
6.721850000000000325e-01 3.913909999999999889e-01 1.655600000000001515e-02 -3.311499999999995003e-03 -4.966750000000019760e-03 -4.966999999999999194e-03 -2.050278869337135390e+01
6.854299999999999837e-01 3.847679999999999989e-01 9.933999999999998387e-03 -9.933999999999998387e-03 -6.622249999999996195e-03 -3.311000000000008381e-03 -3.558754760593096478e+01
6.920530000000000292e-01 3.715229999999999921e-01 3.311500000000022759e-03 -9.933500000000011765e-03 -8.278250000000014763e-03 -1.655500000000004190e-03 -7.640355911583812087e+01
6.920530000000000292e-01 3.649009999999999754e-01 -6.622500000000031140e-03 -1.324500000000000677e-02 -6.622750000000010573e-03 -2.499999999933111283e-07 -2.701227854602794665e+01
6.788079999999999670e-01 3.450329999999999786e-01 -9.933999999999998387e-03 -9.933999999999998387e-03 2.775557561562891351e-17 8.278250000000014763e-03 -2.965823028402561690e+01
6.721850000000000325e-01 3.450329999999999786e-01 -6.622499999999975628e-03 3.311500000000022759e-03 3.311499999999995003e-03 8.278250000000000886e-03 -1.620693884263590689e+02
6.655630000000000157e-01 3.516560000000000241e-01 -3.311000000000008381e-03 6.622500000000003384e-03 3.311249999999987814e-03 3.310999999999980625e-03 -8.103489818333655137e+01
6.655630000000000157e-01 3.582779999999999854e-01 0.000000000000000000e+00 9.933499999999984009e-03 3.311000000000008381e-03 1.655749999999997502e-03 -3.355479489518895519e+01
6.655630000000000157e-01 3.715229999999999921e-01 3.311000000000008381e-03 9.933999999999998387e-03 1.655500000000004190e-03 -1.655499999999990313e-03 -1.909789757274599253e+01
6.721850000000000325e-01 3.781459999999999821e-01 3.311000000000008381e-03 6.622500000000003384e-03 -1.655500000000004190e-03 -1.655999999999990813e-03 1.350241742583184035e+01
6.721850000000000325e-01 3.847679999999999989e-01 0.000000000000000000e+00 6.622000000000016762e-03 -3.311000000000008381e-03 -4.999999999866222566e-07 7.550588945937762730e+01
