3.079470000000000263e-01 2.125829999999999942e-01 0.000000000000000000e+00 1.324500000000000677e-02 0.000000000000000000e+00 -3.311500000000008881e-03 -0.000000000000000000e+00
3.079470000000000263e-01 2.258280000000000010e-01 0.000000000000000000e+00 9.933499999999997887e-03 0.000000000000000000e+00 -3.311250000000001692e-03 -0.000000000000000000e+00
3.079470000000000263e-01 2.324499999999999900e-01 0.000000000000000000e+00 6.622500000000003384e-03 0.000000000000000000e+00 -1.655499999999997252e-03 -0.000000000000000000e+00
3.079470000000000263e-01 2.390730000000000077e-01 0.000000000000000000e+00 6.622500000000003384e-03 3.311249999999987814e-03 1.655499999999997252e-03 -7.550018875047150857e+01
3.079470000000000263e-01 2.456949999999999967e-01 6.622499999999975628e-03 9.933499999999997887e-03 6.622499999999989506e-03 0.000000000000000000e+00 -3.865948115541947772e+01
3.211919999999999775e-01 2.589400000000000035e-01 1.324499999999997901e-02 6.622500000000003384e-03 1.655750000000011379e-03 -4.966749999999998944e-03 -2.363504268621248272e+01
3.344369999999999843e-01 2.589400000000000035e-01 9.933999999999998387e-03 0.000000000000000000e+00 1.387778780781445676e-17 -3.311250000000001692e-03 -3.355395053700308239e+01
3.410599999999999743e-01 2.589400000000000035e-01 1.324500000000000677e-02 0.000000000000000000e+00 1.655500000000004190e-03 0.000000000000000000e+00 0.000000000000000000e+00
3.609269999999999978e-01 2.589400000000000035e-01 1.324500000000000677e-02 0.000000000000000000e+00 -3.311250000000001692e-03 -1.655500000000004190e-03 -9.436811058996328327e+00
3.675499999999999878e-01 2.589400000000000035e-01 6.622500000000003384e-03 -3.311000000000008381e-03 -3.311250000000001692e-03 -4.966749999999998944e-03 -1.080478903631537264e+02
3.741720000000000046e-01 2.523179999999999867e-01 6.622500000000003384e-03 -9.933499999999997887e-03 0.000000000000000000e+00 -8.278249999999993947e-03 -3.221753157244179278e+01
3.807949999999999946e-01 2.390730000000000077e-01 6.622500000000003384e-03 -1.986749999999999627e-02 -1.655749999999997502e-03 -3.311500000000001942e-03 -5.969264652186868858e+00
3.874170000000000114e-01 2.125829999999999942e-01 3.311000000000008381e-03 -1.655650000000000177e-02 -3.311250000000001692e-03 1.655499999999997252e-03 -1.025085190764030507e+01
3.874170000000000114e-01 2.059600000000000042e-01 0.000000000000000000e+00 -1.655650000000000177e-02 -1.655500000000004190e-03 -3.311000000000001442e-03 -6.039376686748696876e+00
3.874170000000000114e-01 1.794699999999999906e-01 0.000000000000000000e+00 -2.317850000000000465e-02 -1.655500000000004190e-03 3.311500000000001942e-03 -3.081474164341033717e+00
3.874170000000000114e-01 1.596029999999999949e-01 -3.311000000000008381e-03 -9.933499999999997887e-03 -8.278000000000007574e-03 8.278000000000000635e-03 -9.550462934941927529e+01
3.807949999999999946e-01 1.596029999999999949e-01 -1.655600000000001515e-02 -6.622500000000003384e-03 -9.933999999999998387e-03 1.655499999999997252e-03 -1.643777608513126864e+01
3.543049999999999811e-01 1.463579999999999881e-01 -2.317900000000000515e-02 -6.622500000000003384e-03 1.655500000000018068e-03 6.938893903907228378e-18 7.826154942125274072e-01
3.344369999999999843e-01 1.463579999999999881e-01 -1.324499999999997901e-02 -6.622499999999989506e-03 3.311500000000008881e-03 -3.311249999999994753e-03 2.025933637162325240e+01
3.278150000000000230e-01 1.331130000000000091e-01 -1.655599999999998739e-02 -1.324499999999999289e-02 -1.655750000000011379e-03 -1.655750000000007910e-03 5.751938601769380766e-01
3.013250000000000095e-01 1.198680000000000023e-01 -1.655650000000000177e-02 -9.934000000000005326e-03 6.622249999999996195e-03 -1.655750000000004440e-03 1.294771551402153875e+01
2.947020000000000195e-01 1.132449999999999984e-01 -3.311499999999995003e-03 -1.655650000000000177e-02 8.278250000000000886e-03 -8.277999999999997166e-03 3.416896838954851034e+01
2.947020000000000195e-01 8.675499999999999878e-02 0.000000000000000000e+00 -2.648999999999999966e-02 1.655749999999997502e-03 -1.655499999999998986e-03 2.359559032155410296e+00
2.947020000000000195e-01 6.026499999999999913e-02 0.000000000000000000e+00 -1.986749999999999974e-02 3.311250000000001692e-03 3.311249999999999957e-03 8.388909861163545756e+00
2.947020000000000195e-01 4.701999999999999930e-02 6.622500000000003384e-03 -1.986749999999999974e-02 8.278250000000000886e-03 0.000000000000000000e+00 1.790671240475891324e+01
3.079470000000000263e-01 2.052999999999999964e-02 1.655650000000000177e-02 -1.986749999999999974e-02 4.966999999999985316e-03 4.966749999999999811e-03 1.045907149724032870e+01
3.278150000000000230e-01 7.284999999999999809e-03 1.655649999999997402e-02 -9.934000000000000122e-03 1.655499999999990313e-03 6.622499999999999915e-03 1.751730127766250789e+01
3.410599999999999743e-01 6.620000000000000450e-04 1.986749999999998240e-02 -6.622499999999999915e-03 3.311000000000022259e-03 4.967000000000000061e-03 1.313148094164307267e+01
3.675499999999999878e-01 -5.960000000000000020e-03 2.317850000000001853e-02 0.000000000000000000e+00 -3.311249999999987814e-03 4.966749999999999811e-03 9.244887831918315868e+00
3.874170000000000114e-01 6.620000000000000450e-04 1.324500000000000677e-02 3.311000000000000141e-03 -6.622250000000010073e-03 4.967000000000000061e-03 3.446881248442296908e+01
3.940400000000000014e-01 6.620000000000000450e-04 9.933999999999998387e-03 9.934000000000000122e-03 0.000000000000000000e+00 1.158949999999999911e-02 4.152134326418207166e+01
4.072850000000000081e-01 2.052999999999999964e-02 1.324500000000000677e-02 2.648999999999999966e-02 -1.655749999999997502e-03 6.622250000000000532e-03 5.064706630803597953e+00
4.205300000000000149e-01 5.364200000000000218e-02 6.622500000000003384e-03 2.317850000000000119e-02 -6.622500000000003384e-03 -6.622500000000001649e-03 7.827095962547347519e+00
4.205300000000000149e-01 6.688700000000000201e-02 0.000000000000000000e+00 1.324499999999999636e-02 -1.655750000000011379e-03 -6.622250000000001399e-03 9.438236128621724674e+00
4.205300000000000149e-01 8.013199999999999490e-02 3.310999999999980625e-03 9.933999999999998387e-03 1.655499999999990313e-03 -6.622499999999998180e-03 -3.342168122602320324e+01
4.271519999999999762e-01 8.675499999999999878e-02 3.310999999999980625e-03 0.000000000000000000e+00 -1.655499999999990313e-03 -1.490074999999999907e-02 -1.359220033055677732e+03
4.271519999999999762e-01 8.013199999999999490e-02 0.000000000000000000e+00 -1.986749999999999974e-02 -1.655499999999990313e-03 -9.933749999999998137e-03 -4.194138248442782491e+00
4.271519999999999762e-01 4.701999999999999930e-02 0.000000000000000000e+00 -1.986749999999999627e-02 3.311250000000001692e-03 3.311249999999999957e-03 8.388909861163549309e+00
4.271519999999999762e-01 4.039700000000000235e-02 6.622500000000003384e-03 -1.324499999999999983e-02 6.622500000000003384e-03 3.311249999999997355e-03 3.376471087202400412e+01
4.403969999999999829e-01 2.052999999999999964e-02 1.324500000000000677e-02 -1.324500000000000156e-02 4.966999999999999194e-03 3.311249999999999957e-03 1.668359424607484698e+01
4.536419999999999897e-01 1.390699999999999922e-02 1.655650000000000177e-02 -6.622499999999999915e-03 3.311250000000001692e-03 4.967000000000000928e-03 1.837094441710986104e+01
4.735099999999999865e-01 7.284999999999999809e-03 1.986750000000001015e-02 -3.310999999999999707e-03 3.311250000000001692e-03 6.622499999999999915e-03 1.744411460025740013e+01
4.933770000000000100e-01 7.284999999999999809e-03 2.317900000000000515e-02 6.622499999999999915e-03 -1.655500000000004190e-03 1.158924999999999886e-02 1.995814285612417294e+01
5.198679999999999968e-01 2.052999999999999964e-02 1.655650000000000177e-02 1.986749999999999974e-02 -8.278250000000014763e-03 1.655625000000000152e-02 2.535547567093698618e+01
5.264900000000000135e-01 4.701999999999999930e-02 6.622499999999975628e-03 3.973500000000000643e-02 -6.622500000000017262e-03 1.490074999999999560e-02 5.535162675595448611e+00
5.331129999999999480e-01 1.000000000000000056e-01 3.311499999999967248e-03 4.966899999999999094e-02 -3.311249999999987814e-03 -6.622500000000003384e-03 1.155524707219263369e+00
5.331129999999999480e-01 1.463579999999999881e-01 0.000000000000000000e+00 2.648999999999999966e-02 -8.278249999999959252e-03 -1.324524999999999314e-02 1.179708262596433954e+01
5.331129999999999480e-01 1.529800000000000049e-01 -1.324499999999995126e-02 2.317850000000000465e-02 -1.158949999999998870e-02 1.655749999999997502e-03 1.296666201094693172e+01
5.066230000000000455e-01 1.927149999999999974e-01 -2.317899999999997740e-02 2.980149999999999466e-02 -1.655750000000039135e-03 -6.622250000000003134e-03 3.769229849955008760e+00
4.867549999999999932e-01 2.125829999999999942e-01 -1.655650000000002953e-02 9.933999999999998387e-03 4.966999999999985316e-03 -1.490074999999999733e-02 2.741866462608071942e+01
4.735099999999999865e-01 2.125829999999999942e-01 -1.324500000000000677e-02 0.000000000000000000e+00 1.655750000000011379e-03 -4.966999999999999194e-03 2.831328331623959116e+01
4.602649999999999797e-01 2.125829999999999942e-01 -1.324500000000000677e-02 0.000000000000000000e+00 3.311250000000001692e-03 1.655500000000004190e-03 -9.436811058996328327e+00
4.470199999999999729e-01 2.125829999999999942e-01 -6.622500000000003384e-03 3.311000000000008381e-03 8.278000000000007574e-03 1.655500000000004190e-03 -9.453731530120570881e+01
4.470199999999999729e-01 2.192050000000000110e-01 3.311000000000008381e-03 3.311000000000008381e-03 1.490050000000001096e-02 -1.655500000000004190e-03 -5.339395150767967380e+02
4.536419999999999897e-01 2.192050000000000110e-01 2.317850000000001853e-02 0.000000000000000000e+00 1.655650000000000177e-02 1.655749999999990563e-03 3.081939503236253319e+00
4.933770000000000100e-01 2.192050000000000110e-01 3.642400000000001192e-02 6.622499999999989506e-03 8.278499999999994197e-03 4.966999999999999194e-03 2.485098447952554856e+00
5.264900000000000135e-01 2.324499999999999900e-01 3.973550000000000693e-02 9.933999999999998387e-03 0.000000000000000000e+00 -4.966749999999992005e-03 -2.872238925310326429e+00
5.728480000000000238e-01 2.390730000000000077e-01 3.642400000000001192e-02 -3.310999999999994503e-03 -9.934000000000012265e-03 -1.655650000000000177e-02 -1.299858647940781964e+01
5.993380000000000374e-01 2.258280000000000010e-01 1.986749999999998240e-02 -2.317900000000000515e-02 -1.490075000000001815e-02 -9.934000000000005326e-03 -1.907594281456977114e+01
6.125829999999999886e-01 1.927149999999999974e-01 6.622499999999975628e-03 -2.317900000000000515e-02 -1.158949999999997482e-02 3.311500000000001942e-03 -1.761047365418501087e+01
6.125829999999999886e-01 1.794699999999999906e-01 -3.311499999999967248e-03 -1.655600000000000127e-02 -1.324499999999997901e-02 6.622750000000003634e-03 -5.011691511324492865e+01
6.059600000000000541e-01 1.596029999999999949e-01 -1.986749999999998240e-02 -9.933499999999997887e-03 -1.158925000000002314e-02 1.490050000000000402e-02 -3.751630764053820144e+01
5.728480000000000238e-01 1.596029999999999949e-01 -2.649000000000001354e-02 1.324500000000000677e-02 3.311249999999987814e-03 1.655600000000000127e-02 -1.857033605540878085e+01
5.529800000000000271e-01 1.860930000000000084e-01 -1.324500000000000677e-02 2.317850000000000465e-02 1.158950000000000258e-02 -6.938893903907228378e-18 -1.411934894660023332e+01
5.463580000000000103e-01 2.059600000000000042e-01 -3.311000000000008381e-03 1.324499999999999289e-02 9.933749999999991198e-03 -8.278000000000000635e-03 -4.093307699137898936e+01
5.463580000000000103e-01 2.125829999999999942e-01 6.622499999999975628e-03 6.622500000000003384e-03 8.277999999999979819e-03 -3.311499999999988064e-03 -9.342772470746103863e+01
5.596029999999999616e-01 2.192050000000000110e-01 1.324499999999995126e-02 6.622000000000016762e-03 6.622499999999975628e-03 -4.999999999866222566e-07 -1.350751590990920725e+01
