3.609269999999999978e-01 2.655629999999999935e-01 -1.324500000000000677e-02 0.000000000000000000e+00 3.311499999999995003e-03 3.311000000000008381e-03 -1.887362211799265665e+01
3.476819999999999911e-01 2.655629999999999935e-01 -9.933500000000011765e-03 3.311000000000008381e-03 3.311250000000001692e-03 3.311250000000001692e-03 -3.820242859788157830e+01
3.410599999999999743e-01 2.721850000000000103e-01 -6.622500000000003384e-03 6.622500000000003384e-03 1.655500000000018068e-03 1.655749999999997502e-03 -2.669334772316157256e+01
3.344369999999999843e-01 2.788080000000000003e-01 -6.622499999999975628e-03 6.622500000000003384e-03 0.000000000000000000e+00 0.000000000000000000e+00 -0.000000000000000000e+00
3.278150000000000230e-01 2.854300000000000170e-01 -6.622500000000003384e-03 6.622500000000003384e-03 1.655499999999976435e-03 1.655749999999997502e-03 -2.669334772316124216e+01
3.211919999999999775e-01 2.920530000000000070e-01 -3.311500000000022759e-03 9.933999999999998387e-03 4.967000000000013071e-03 1.655749999999997502e-03 -4.774907001385972194e+01
3.211919999999999775e-01 3.052980000000000138e-01 3.311500000000022759e-03 9.933999999999998387e-03 4.967000000000013071e-03 -1.655749999999997502e-03 -4.774907001385972194e+01
3.278150000000000230e-01 3.119210000000000038e-01 6.622500000000003384e-03 6.622500000000003384e-03 3.310999999999980625e-03 -1.655749999999997502e-03 -4.003901390834625573e+01
3.344369999999999843e-01 3.185430000000000206e-01 9.933499999999984009e-03 6.622500000000003384e-03 3.311250000000001692e-03 -1.655500000000004190e-03 -2.255095862686176389e+01
3.476819999999999911e-01 3.251660000000000106e-01 1.324500000000000677e-02 3.311499999999995003e-03 1.655750000000011379e-03 -1.655749999999997502e-03 -1.077229441866634296e+01
3.609269999999999978e-01 3.251660000000000106e-01 1.324500000000000677e-02 3.311000000000008381e-03 0.000000000000000000e+00 -2.499999999933111283e-07 -1.301213203557612238e-03
3.741720000000000046e-01 3.317880000000000273e-01 1.324500000000000677e-02 3.311000000000008381e-03 -1.655500000000004190e-03 -6.622250000000010073e-03 -3.231384073078279329e+01
3.874170000000000114e-01 3.317880000000000273e-01 9.933999999999998387e-03 -9.933500000000011765e-03 -4.966750000000005882e-03 -9.933750000000005076e-03 -5.338669540687416060e+01
3.940400000000000014e-01 3.119210000000000038e-01 3.311499999999995003e-03 -1.655650000000000177e-02 -4.966999999999999194e-03 -3.311499999999995003e-03 -1.936276512918294657e+01
3.940400000000000014e-01 2.986750000000000238e-01 0.000000000000000000e+00 -1.655650000000000177e-02 -3.311499999999995003e-03 2.499999999933111283e-07 -1.208057740753139697e+01
3.940400000000000014e-01 2.788080000000000003e-01 -3.311499999999995003e-03 -1.655600000000001515e-02 -3.311250000000001692e-03 0.000000000000000000e+00 -1.139007507352569881e+01
3.874170000000000114e-01 2.655629999999999935e-01 -6.622500000000003384e-03 -1.655650000000000177e-02 -1.655500000000004190e-03 -2.499999999933111283e-07 -4.833721384215444949e+00
3.807949999999999946e-01 2.456949999999999967e-01 -6.622500000000003384e-03 -1.655650000000000177e-02 1.655500000000004190e-03 2.500000000002500222e-07 4.833721384215436956e+00
3.741720000000000046e-01 2.324499999999999900e-01 -3.311499999999995003e-03 -1.655600000000000127e-02 3.311250000000001692e-03 2.500000000002500222e-07 1.138990306737950853e+01
3.741720000000000046e-01 2.125829999999999942e-01 0.000000000000000000e+00 -1.655600000000000127e-02 2.499999999933111283e-07 1.655500000000004190e-03 9.120721046311573536e-04
3.741720000000000046e-01 1.993379999999999874e-01 -3.311000000000008381e-03 -1.324499999999999289e-02 -1.655500000000004190e-03 3.311000000000001442e-03 -1.292462547254319993e+01
3.675499999999999878e-01 1.860930000000000084e-01 -3.311000000000008381e-03 -9.933999999999998387e-03 4.966750000000005882e-03 -6.938893903907228378e-18 4.297351401988245101e+01
3.675499999999999878e-01 1.794699999999999906e-01 6.622500000000003384e-03 -1.324500000000000677e-02 6.622250000000010073e-03 -1.655499999999997252e-03 2.363453283780364345e+01
3.807949999999999946e-01 1.596029999999999949e-01 9.933500000000011765e-03 -1.324499999999999289e-02 0.000000000000000000e+00 4.966750000000005882e-03 1.087177545075638996e+01
3.874170000000000114e-01 1.529800000000000049e-01 6.622500000000003384e-03 -3.311499999999995003e-03 2.499999999933111283e-07 6.622499999999996445e-03 1.080442197009778056e+02
3.940400000000000014e-01 1.529800000000000049e-01 9.933999999999998387e-03 0.000000000000000000e+00 1.655500000000004190e-03 3.311499999999995003e-03 3.355648386660187299e+01
4.072850000000000081e-01 1.529800000000000049e-01 9.933500000000011765e-03 3.311499999999995003e-03 -1.655749999999997502e-03 4.966999999999999194e-03 4.775339621562005021e+01
4.139070000000000249e-01 1.596029999999999949e-01 6.622500000000003384e-03 9.933999999999998387e-03 -1.655500000000018068e-03 3.311000000000001442e-03 2.254811483719589660e+01
4.205300000000000149e-01 1.728480000000000016e-01 6.622499999999975628e-03 9.933499999999997887e-03 -1.655750000000011379e-03 -2.500000000002500222e-07 9.664627031191781015e+00
4.271519999999999762e-01 1.794699999999999906e-01 3.310999999999980625e-03 9.933499999999997887e-03 -1.655499999999976435e-03 2.500000000002500222e-07 1.432573042201784475e+01
4.271519999999999762e-01 1.927149999999999974e-01 3.311500000000022759e-03 9.933999999999998387e-03 2.500000000210667039e-07 -1.655499999999997252e-03 -4.776781543111392914e+00
4.337750000000000217e-01 1.993379999999999874e-01 3.311500000000022759e-03 6.622500000000003384e-03 -2.500000000210667039e-07 -1.655749999999997502e-03 -1.350323330645306186e+01
4.337750000000000217e-01 2.059600000000000042e-01 3.310999999999980625e-03 6.622500000000003384e-03 -2.500000000210667039e-07 0.000000000000000000e+00 4.078972040177396285e-03
4.403969999999999829e-01 2.125829999999999942e-01 3.310999999999980625e-03 6.622500000000003384e-03 -1.655499999999990313e-03 -3.311250000000001692e-03 0.000000000000000000e+00
4.403969999999999829e-01 2.192050000000000110e-01 0.000000000000000000e+00 0.000000000000000000e+00 -1.655499999999990313e-03 -8.278000000000007574e-03 0.000000000000000000e+00
4.403969999999999829e-01 2.125829999999999942e-01 0.000000000000000000e+00 -9.933500000000011765e-03 0.000000000000000000e+00 -4.966999999999999194e-03 0.000000000000000000e+00
4.403969999999999829e-01 1.993379999999999874e-01 0.000000000000000000e+00 -9.933999999999998387e-03 1.655749999999997502e-03 1.655500000000011129e-03 1.677824193330093649e+01
4.403969999999999829e-01 1.927149999999999974e-01 3.311499999999995003e-03 -6.622499999999989506e-03 1.655749999999997502e-03 1.655749999999997502e-03 4.051989627164462604e+01
4.470199999999999729e-01 1.860930000000000084e-01 3.311499999999995003e-03 -6.622500000000003384e-03 1.655500000000004190e-03 -6.938893903907228378e-18 2.700850576018958904e+01
4.470199999999999729e-01 1.794699999999999906e-01 6.622500000000003384e-03 -6.622500000000003384e-03 6.622250000000010073e-03 6.938893903907228378e-18 5.338468009353155708e+01
4.602649999999999797e-01 1.728480000000000016e-01 1.655600000000001515e-02 -6.622499999999989506e-03 3.311250000000001692e-03 1.655500000000004190e-03 8.701991322533540796e+00
4.801320000000000032e-01 1.662250000000000116e-01 1.324500000000000677e-02 -3.311499999999995003e-03 -3.311000000000008381e-03 3.311249999999994753e-03 1.292558225154608920e+01
4.867549999999999932e-01 1.662250000000000116e-01 9.933999999999998387e-03 0.000000000000000000e+00 -1.655499999999990313e-03 3.311499999999995003e-03 3.355648386660187299e+01
5.000000000000000000e-01 1.662250000000000116e-01 9.934000000000026143e-03 3.311499999999995003e-03 -1.655750000000011379e-03 4.966999999999999194e-03 4.774907001385947325e+01
5.066230000000000455e-01 1.728480000000000016e-01 6.622499999999975628e-03 9.933999999999998387e-03 -1.655750000000025257e-03 9.933500000000004826e-03 4.832051603005626816e+01
5.132449999999999513e-01 1.860930000000000084e-01 6.622499999999975628e-03 2.317850000000000465e-02 -1.655499999999976435e-03 8.278000000000000635e-03 6.652836554867877616e+00
5.198679999999999968e-01 2.192050000000000110e-01 3.311500000000022759e-03 2.648999999999999966e-02 -4.966999999999999194e-03 -1.655500000000004190e-03 6.627438794056542903e+00
5.198679999999999968e-01 2.390730000000000077e-01 -3.311500000000022759e-03 1.986749999999999627e-02 -6.622750000000010573e-03 1.655500000000004190e-03 1.543184069932236646e+01
5.132449999999999513e-01 2.589400000000000035e-01 -9.933999999999998387e-03 2.980100000000000804e-02 -3.311249999999973936e-03 3.311500000000001942e-03 2.122143496802890272e+00
5.000000000000000000e-01 2.986750000000000238e-01 -9.933999999999970631e-03 2.649050000000000016e-02 1.655749999999997502e-03 -8.277750000000007324e-03 1.694340122325924680e+00
4.933770000000000100e-01 3.119210000000000038e-01 -6.622500000000003384e-03 1.324549999999999339e-02 2.499999999794333405e-07 -4.967250000000006382e-03 1.012824064683598202e+01
4.867549999999999932e-01 3.251660000000000106e-01 -9.933500000000011765e-03 1.655599999999998739e-02 -1.655749999999997502e-03 -2.499999999933111283e-07 3.809064963371057377e+00
4.735099999999999865e-01 3.450329999999999786e-01 -9.933999999999998387e-03 1.324500000000000677e-02 1.655500000000004190e-03 -4.966749999999992005e-03 6.040215734692162997e+00
4.668869999999999965e-01 3.516560000000000241e-01 -6.622500000000003384e-03 6.622500000000003384e-03 1.655749999999997502e-03 -3.311250000000015570e-03 1.334566618518513081e+01
4.602649999999999797e-01 3.582779999999999854e-01 -6.622500000000003384e-03 6.622499999999975628e-03 1.655500000000004190e-03 0.000000000000000000e+00 -1.334566618518504733e+01
4.536419999999999897e-01 3.649009999999999754e-01 -3.311499999999995003e-03 6.622500000000003384e-03 6.622500000000003384e-03 -1.655749999999983624e-03 -9.453486833680592838e+01
4.536419999999999897e-01 3.715229999999999921e-01 6.622500000000003384e-03 3.311000000000008381e-03 1.158950000000000258e-02 -3.311250000000001692e-03 -1.485653393008407761e+02
4.668869999999999965e-01 3.715229999999999921e-01 1.986750000000001015e-02 0.000000000000000000e+00 6.622750000000010573e-03 -1.655500000000004190e-03 -4.194138248442812689e+00
4.933770000000000100e-01 3.715229999999999921e-01 1.986800000000002453e-02 0.000000000000000000e+00 -1.655500000000004190e-03 0.000000000000000000e+00 0.000000000000000000e+00
5.066230000000000455e-01 3.715229999999999921e-01 1.655650000000000177e-02 0.000000000000000000e+00 -1.656000000000032446e-03 0.000000000000000000e+00 0.000000000000000000e+00
5.264900000000000135e-01 3.715229999999999921e-01 1.655599999999995964e-02 0.000000000000000000e+00 1.655499999999990313e-03 0.000000000000000000e+00 0.000000000000000000e+00
5.397349999999999648e-01 3.715229999999999921e-01 1.986749999999998240e-02 0.000000000000000000e+00 1.655750000000039135e-03 0.000000000000000000e+00 0.000000000000000000e+00
5.662249999999999783e-01 3.715229999999999921e-01 1.986750000000003791e-02 0.000000000000000000e+00 -1.655499999999976435e-03 0.000000000000000000e+00 0.000000000000000000e+00
5.794700000000000406e-01 3.715229999999999921e-01 1.655650000000002953e-02 0.000000000000000000e+00 -3.311250000000015570e-03 0.000000000000000000e+00 0.000000000000000000e+00
5.993380000000000374e-01 3.715229999999999921e-01 1.324500000000000677e-02 0.000000000000000000e+00 -4.967000000000026949e-03 -1.655500000000004190e-03 -9.436811058996328327e+00
6.059600000000000541e-01 3.715229999999999921e-01 6.622499999999975628e-03 -3.311000000000008381e-03 -2.775557561562891351e-17 -3.311250000000001692e-03 -5.402598466759732787e+01
6.125829999999999886e-01 3.649009999999999754e-01 1.324499999999995126e-02 -6.622500000000003384e-03 1.655500000000004190e-03 -3.311499999999995003e-03 -1.013068788262917863e+01
6.324499999999999567e-01 3.582779999999999854e-01 9.933499999999984009e-03 -9.933999999999998387e-03 -4.966749999999964249e-03 -4.966749999999992005e-03 -3.559023455138439829e+01
6.324499999999999567e-01 3.450329999999999786e-01 3.311500000000022759e-03 -1.655599999999998739e-02 -1.655499999999976435e-03 -4.966749999999992005e-03 -9.111853667027688175e+00
6.390730000000000022e-01 3.251660000000000106e-01 6.622500000000031140e-03 -1.986749999999998240e-02 -2.500000000071889161e-07 -3.311500000000008881e-03 -2.388246636775630538e+00
6.456950000000000189e-01 3.052980000000000138e-01 3.311000000000008381e-03 -2.317900000000000515e-02 -6.622500000000031140e-03 -1.655750000000011379e-03 -1.238550567904406563e+01
6.456950000000000189e-01 2.788080000000000003e-01 -6.622500000000031140e-03 -2.317900000000000515e-02 -6.622249999999996195e-03 4.966999999999999194e-03 -1.330523159417848156e+01
6.324499999999999567e-01 2.589400000000000035e-01 -9.933499999999984009e-03 -1.324500000000000677e-02 -1.655499999999976435e-03 9.933999999999998387e-03 -2.657642394521695905e+01
6.258280000000000509e-01 2.523179999999999867e-01 -9.933499999999984009e-03 -3.311000000000008381e-03 -3.311500000000022759e-03 8.278000000000007574e-03 -8.118034101824328275e+01
6.125829999999999886e-01 2.523179999999999867e-01 -1.655650000000002953e-02 3.311000000000008381e-03 -2.500000000071889161e-07 4.966750000000005882e-03 -1.708383596378273239e+01
5.927149999999999919e-01 2.589400000000000035e-01 -9.933999999999998387e-03 6.622500000000003384e-03 8.278250000000014763e-03 6.622749999999996695e-03 -7.087300875367255060e+01
5.927149999999999919e-01 2.655629999999999935e-01 0.000000000000000000e+00 1.655650000000000177e-02 9.933999999999998387e-03 8.278250000000000886e-03 -3.623990818856018592e+01
5.927149999999999919e-01 2.920530000000000070e-01 9.933999999999998387e-03 2.317900000000000515e-02 8.278250000000014763e-03 -1.655749999999997502e-03 -1.299021937413954220e+01
6.125829999999999886e-01 3.119210000000000038e-01 1.655650000000002953e-02 1.324500000000000677e-02 -2.500000000071889161e-07 -8.278250000000000886e-03 -1.437913906047830181e+01
6.258280000000000509e-01 3.185430000000000206e-01 9.933499999999984009e-03 6.622500000000003384e-03 -4.967250000000061894e-03 -3.311000000000008381e-03 3.405313450800090055e-03
6.324499999999999567e-01 3.251660000000000106e-01 6.621999999999905739e-03 6.622999999999990006e-03 -3.311500000000078270e-03 4.999999999866222566e-07 2.670140875386079315e+01
