3.874170000000000114e-01 3.516560000000000241e-01 -6.622000000000016762e-03 0.000000000000000000e+00 -4.999999999866222566e-07 0.000000000000000000e+00 0.000000000000000000e+00
3.807949999999999946e-01 3.516560000000000241e-01 -6.622500000000003384e-03 0.000000000000000000e+00 1.655250000000010879e-03 1.655499999999990313e-03 -3.774724423598500067e+01
3.741720000000000046e-01 3.516560000000000241e-01 -3.311499999999995003e-03 3.310999999999980625e-03 3.311250000000001692e-03 3.311249999999987814e-03 -2.135467799593788527e+02
3.741720000000000046e-01 3.582779999999999854e-01 0.000000000000000000e+00 6.622499999999975628e-03 1.655749999999997502e-03 1.655750000000011379e-03 -3.775294451448684185e+01
3.741720000000000046e-01 3.649009999999999754e-01 0.000000000000000000e+00 6.622500000000003384e-03 3.311250000000001692e-03 1.387778780781445676e-17 -7.550018875047183542e+01
3.741720000000000046e-01 3.715229999999999921e-01 6.622500000000003384e-03 6.622500000000003384e-03 8.278250000000000886e-03 0.000000000000000000e+00 -6.673437698429935949e+01
3.874170000000000114e-01 3.781459999999999821e-01 1.655650000000000177e-02 6.622500000000003384e-03 4.966999999999999194e-03 -1.655749999999997502e-03 -1.063605581666808853e+01
4.072850000000000081e-01 3.847679999999999989e-01 1.655650000000000177e-02 3.311000000000008381e-03 -3.311500000000008881e-03 -3.311250000000001692e-03 -9.111734617966773087e+00
4.205300000000000149e-01 3.847679999999999989e-01 9.933499999999984009e-03 0.000000000000000000e+00 -6.622750000000010573e-03 -3.311000000000008381e-03 -3.355479489518895519e+01
4.271519999999999762e-01 3.847679999999999989e-01 3.310999999999980625e-03 -3.311000000000008381e-03 -4.966749999999992005e-03 -6.622500000000003384e-03 -3.737592730794761451e+02
4.271519999999999762e-01 3.781459999999999821e-01 0.000000000000000000e+00 -1.324500000000000677e-02 -3.310999999999980625e-03 -9.933999999999984509e-03 -1.887362211799250034e+01
4.271519999999999762e-01 3.582779999999999854e-01 -3.310999999999980625e-03 -2.317899999999997740e-02 -3.311249999999987814e-03 -6.622499999999989506e-03 -4.271013021163044598e+00
4.205300000000000149e-01 3.317880000000000273e-01 -6.622499999999975628e-03 -2.648999999999998578e-02 -1.655750000000011379e-03 -1.387778780781445676e-17 -2.154455057596015966e+00
4.139070000000000249e-01 3.052980000000000138e-01 -6.622500000000003384e-03 -2.317900000000000515e-02 1.655749999999983624e-03 1.655499999999990313e-03 1.956981928354498468e+00
4.072850000000000081e-01 2.854300000000000170e-01 -3.311000000000008381e-03 -2.317900000000000515e-02 3.311250000000001692e-03 2.500000000002500222e-07 5.979147378444071848e+00
4.072850000000000081e-01 2.589400000000000035e-01 0.000000000000000000e+00 -2.317850000000000465e-02 3.311000000000008381e-03 -1.655499999999997252e-03 6.162948328682067434e+00
4.072850000000000081e-01 2.390730000000000077e-01 3.311000000000008381e-03 -2.648999999999999966e-02 4.966749999999992005e-03 1.655499999999997252e-03 7.203381301823720051e+00
4.139070000000000249e-01 2.059600000000000042e-01 9.933499999999984009e-03 -1.986750000000001015e-02 4.966999999999985316e-03 8.278250000000000886e-03 1.650759230672527167e+01
4.271519999999999762e-01 1.993379999999999874e-01 1.324499999999997901e-02 -9.933499999999997887e-03 1.655750000000011379e-03 6.622500000000010323e-03 2.295286363188651180e+01
4.403969999999999829e-01 1.860930000000000084e-01 1.324500000000000677e-02 -6.622499999999989506e-03 1.387778780781445676e-17 4.966749999999998944e-03 2.025831667480564136e+01
4.536419999999999897e-01 1.860930000000000084e-01 1.324500000000000677e-02 0.000000000000000000e+00 0.000000000000000000e+00 4.966749999999992005e-03 2.831185824661420369e+01
4.668869999999999965e-01 1.860930000000000084e-01 1.324500000000000677e-02 3.310999999999994503e-03 -1.655500000000004190e-03 3.311249999999994753e-03 1.938856470075872807e+01
4.801320000000000032e-01 1.927149999999999974e-01 9.933999999999998387e-03 6.622499999999989506e-03 -3.311250000000001692e-03 3.311500000000001942e-03 3.221562308883002856e+01
4.867549999999999932e-01 1.993379999999999874e-01 6.622500000000003384e-03 9.933999999999998387e-03 -1.655749999999997502e-03 3.311250000000008631e-03 2.255054701264079142e+01
4.933770000000000100e-01 2.125829999999999942e-01 6.622500000000003384e-03 1.324500000000000677e-02 2.500000000071889161e-07 4.966749999999998944e-03 1.012813864058518654e+01
5.000000000000000000e-01 2.258280000000000010e-01 6.623000000000017762e-03 1.986749999999999627e-02 -1.655499999999990313e-03 1.655499999999997252e-03 4.774672658630124467e+00
5.066230000000000455e-01 2.523179999999999867e-01 3.311500000000022759e-03 1.655600000000000127e-02 -3.311500000000008881e-03 -6.622499999999996445e-03 6.834492213347697742e+00
5.066230000000000455e-01 2.589400000000000035e-01 0.000000000000000000e+00 6.622500000000003384e-03 -1.655750000000011379e-03 -8.278000000000000635e-03 3.775294451448683475e+01
5.066230000000000455e-01 2.655629999999999935e-01 0.000000000000000000e+00 0.000000000000000000e+00 1.655499999999976435e-03 -6.622500000000003384e-03 0.000000000000000000e+00
5.066230000000000455e-01 2.589400000000000035e-01 3.310999999999952870e-03 -6.622500000000003384e-03 1.655499999999976435e-03 -4.966749999999998944e-03 -1.350445675786997057e+01
5.132449999999999513e-01 2.523179999999999867e-01 3.310999999999952870e-03 -9.933499999999997887e-03 2.500000000349444917e-07 -3.311249999999994753e-03 -9.548083354388991140e+00
5.132449999999999513e-01 2.390730000000000077e-01 3.311500000000022759e-03 -1.324499999999999289e-02 3.311500000000022759e-03 -1.655750000000004440e-03 1.508082180310208109e+01
5.198679999999999968e-01 2.258280000000000010e-01 9.933999999999998387e-03 -1.324500000000000677e-02 4.966749999999992005e-03 1.655499999999997252e-03 1.811900558226023961e+01
5.331129999999999480e-01 2.125829999999999942e-01 1.324500000000000677e-02 -9.933999999999998387e-03 1.655500000000004190e-03 3.311250000000001692e-03 1.328748964323305515e+01
5.463580000000000103e-01 2.059600000000000042e-01 1.324500000000000677e-02 -6.622500000000003384e-03 1.655500000000004190e-03 3.311499999999995003e-03 1.688312020862515439e+01
5.596029999999999616e-01 1.993379999999999874e-01 1.655600000000001515e-02 -3.311000000000008381e-03 3.311250000000015570e-03 4.966750000000005882e-03 1.936289742300838412e+01
5.794700000000000406e-01 1.993379999999999874e-01 1.986750000000003791e-02 3.311000000000008381e-03 -1.655500000000004190e-03 6.622250000000010073e-03 1.677257535753279782e+01
5.993380000000000374e-01 2.059600000000000042e-01 1.324500000000000677e-02 9.933500000000011765e-03 -8.278250000000014763e-03 6.622749999999996695e-03 3.744965870693321364e+01
6.059600000000000541e-01 2.192050000000000110e-01 3.311000000000008381e-03 1.655650000000000177e-02 -6.622500000000003384e-03 4.966999999999992255e-03 2.619591451812929606e+01
6.059600000000000541e-01 2.390730000000000077e-01 0.000000000000000000e+00 1.986749999999999627e-02 -4.966750000000019760e-03 4.966749999999998944e-03 1.258304810960640374e+01
6.059600000000000541e-01 2.589400000000000035e-01 -6.622500000000031140e-03 2.648999999999999966e-02 -4.966750000000019760e-03 3.311500000000001942e-03 5.385487046056276483e+00
5.927149999999999919e-01 2.920530000000000070e-01 -9.933500000000039520e-03 2.649050000000000016e-02 -1.655499999999976435e-03 -4.966749999999998944e-03 4.115304740430354435e+00
5.860929999999999751e-01 3.119210000000000038e-01 -9.933499999999984009e-03 1.655650000000000177e-02 -3.311499999999967248e-03 -4.967250000000006382e-03 1.447233257902777837e+01
5.728480000000000238e-01 3.251660000000000106e-01 -1.655649999999997402e-02 1.655599999999998739e-02 -1.655750000000011379e-03 -1.655749999999997502e-03 4.271258090691652853e+00
5.529800000000000271e-01 3.450329999999999786e-01 -1.324500000000000677e-02 1.324500000000000677e-02 4.966999999999971438e-03 -4.966749999999992005e-03 -5.038381978283402399e-04
5.463580000000000103e-01 3.516560000000000241e-01 -6.622500000000031140e-03 6.622500000000003384e-03 4.966749999999992005e-03 -3.311250000000015570e-03 -1.334566618518459435e+01
5.397349999999999648e-01 3.582779999999999854e-01 -3.311500000000022759e-03 6.622499999999975628e-03 4.967000000000026949e-03 1.655749999999997502e-03 -9.454098639452516295e+01
5.397349999999999648e-01 3.649009999999999754e-01 3.311500000000022759e-03 9.933999999999998387e-03 6.622750000000010573e-03 1.655500000000018068e-03 -5.252440961854622259e+01
5.463580000000000103e-01 3.781459999999999821e-01 9.933999999999998387e-03 9.933500000000011765e-03 6.622249999999996195e-03 -3.311499999999995003e-03 -3.559083173803600175e+01
5.596029999999999616e-01 3.847679999999999989e-01 1.655600000000001515e-02 3.311000000000008381e-03 4.966750000000019760e-03 -3.311000000000008381e-03 -1.480620323639169023e+01
5.794700000000000406e-01 3.847679999999999989e-01 1.986750000000003791e-02 3.311499999999995003e-03 6.622749999999982817e-03 1.655749999999997502e-03 1.341846326054506378e+00
5.993380000000000374e-01 3.913909999999999889e-01 2.980149999999998078e-02 6.622500000000003384e-03 4.966749999999964249e-03 1.655500000000004190e-03 5.779561632865813925e-01
6.390730000000000022e-01 3.980130000000000057e-01 2.980099999999996641e-02 6.622500000000003384e-03 -6.622749999999982817e-03 -1.655500000000004190e-03 -1.924867187057539564e-01
6.589399999999999702e-01 4.046359999999999957e-01 1.655600000000001515e-02 3.311499999999995003e-03 -4.966749999999964249e-03 -4.966999999999999194e-03 -1.366829648002368813e+01
6.721850000000000325e-01 4.046359999999999957e-01 1.986750000000003791e-02 -3.311499999999995003e-03 1.655999999999990813e-03 -6.622749999999996695e-03 -1.543163806472155741e+01
6.986750000000000460e-01 3.980130000000000057e-01 1.986799999999999677e-02 -9.933999999999998387e-03 -4.966750000000019760e-03 -4.966750000000005882e-03 -1.350486469476127382e+01
7.119210000000000260e-01 3.847679999999999989e-01 9.933999999999998387e-03 -1.324500000000000677e-02 -4.967250000000006382e-03 -8.277999999999993697e-03 -3.261647186260925935e+01
7.185430000000000428e-01 3.715229999999999921e-01 9.933499999999984009e-03 -2.648999999999998578e-02 -1.655750000000011379e-03 -6.622499999999989506e-03 -4.842106516511836212e+00
7.317879999999999940e-01 3.317880000000000273e-01 6.622499999999975628e-03 -2.648999999999998578e-02 -6.622249999999996195e-03 3.311249999999987814e-03 -7.539698129427121920e+00
7.317879999999999940e-01 3.185430000000000206e-01 -3.311000000000008381e-03 -1.986750000000001015e-02 -6.622499999999975628e-03 4.966749999999992005e-03 -1.811494467438804179e+01
7.251659999999999773e-01 2.920530000000000070e-01 -6.622499999999975628e-03 -1.655650000000000177e-02 -6.622749999999982817e-03 6.622500000000003384e-03 -2.707313208728015752e+01
7.185430000000000428e-01 2.854300000000000170e-01 -1.655649999999997402e-02 -6.622500000000003384e-03 -4.967000000000026949e-03 8.278250000000000886e-03 -2.997356931054726914e+01
6.920530000000000292e-01 2.788080000000000003e-01 -1.655650000000002953e-02 0.000000000000000000e+00 6.622499999999975628e-03 1.158950000000000258e-02 -4.227928487530873980e+01
6.854299999999999837e-01 2.854300000000000170e-01 -3.311500000000022759e-03 1.655650000000000177e-02 9.934000000000026143e-03 9.933999999999998387e-03 -4.100338121486840492e+01
6.854299999999999837e-01 3.119210000000000038e-01 3.311500000000022759e-03 1.986799999999999677e-02 9.934000000000026143e-03 -2.500000000071889161e-07 -2.415277676390813610e+01
6.920530000000000292e-01 3.251660000000000106e-01 1.655650000000002953e-02 1.655599999999998739e-02 8.277999999999979819e-03 -3.311499999999995003e-03 -1.494833921845077640e+01
7.185430000000000428e-01 3.450329999999999786e-01 1.986749999999998240e-02 1.324500000000000677e-02 -1.655750000000039135e-03 -6.622249999999982317e-03 -8.053353838162626843e+00
7.317879999999999940e-01 3.516560000000000241e-01 1.324499999999995126e-02 3.311500000000022759e-03 -3.311250000000015570e-03 -6.622500000000003384e-03 -3.015936656833559226e+01
7.450329999999999453e-01 3.516560000000000241e-01 1.324499999999995126e-02 0.000000000000000000e+00 0.000000000000000000e+00 -3.311500000000022759e-03 -1.887647225724357725e+01
