3.278150000000000230e-01 3.384110000000000174e-01 -6.623000000000045517e-03 0.000000000000000000e+00 -3.310999999999952870e-03 0.000000000000000000e+00 0.000000000000000000e+00
3.211919999999999775e-01 3.384110000000000174e-01 -9.933999999999998387e-03 0.000000000000000000e+00 -4.966749999999978127e-03 1.655499999999990313e-03 -1.677570860370199668e+01
3.079470000000000263e-01 3.384110000000000174e-01 -1.655650000000000177e-02 3.310999999999980625e-03 -4.966750000000005882e-03 3.311250000000001692e-03 -7.973133232862884334e+00
2.880789999999999740e-01 3.450329999999999786e-01 -1.986750000000001015e-02 6.622500000000003384e-03 2.500000000071889161e-07 1.655750000000011379e-03 -3.581739049945762865e+00
2.682120000000000060e-01 3.516560000000000241e-01 -1.655599999999998739e-02 6.622500000000003384e-03 3.311250000000001692e-03 1.655499999999990313e-03 -8.701991322533531914e+00
2.549669999999999992e-01 3.582779999999999854e-01 -1.324500000000000677e-02 9.933499999999984009e-03 4.966749999999992005e-03 1.655749999999997502e-03 -1.570428369426525705e+01
2.417219999999999924e-01 3.715229999999999921e-01 -6.622500000000003384e-03 9.933999999999998387e-03 8.278000000000007574e-03 -1.655499999999990313e-03 -4.187875338059279073e+01
2.417219999999999924e-01 3.781459999999999821e-01 3.311000000000008381e-03 6.622500000000003384e-03 9.933750000000005076e-03 -1.655749999999997502e-03 -1.755844500926987450e+02
2.483440000000000092e-01 3.847679999999999989e-01 1.324500000000000677e-02 6.622500000000003384e-03 8.278249999999987008e-03 -1.655500000000004190e-03 -2.363504268621237259e+01
2.682120000000000060e-01 3.913909999999999889e-01 1.986749999999998240e-02 3.311499999999995003e-03 3.311250000000001692e-03 -8.278250000000000886e-03 -2.146994657786029492e+01
2.880789999999999740e-01 3.913909999999999889e-01 1.986750000000001015e-02 -9.933999999999998387e-03 -3.310999999999980625e-03 -1.324525000000000008e-02 -2.701166294101770404e+01
3.079470000000000263e-01 3.715229999999999921e-01 1.324550000000002115e-02 -2.317900000000000515e-02 -8.278000000000007574e-03 -8.277999999999993697e-03 -1.584712092471485079e+01
3.145700000000000163e-01 3.450329999999999786e-01 3.311499999999995003e-03 -2.648999999999998578e-02 -6.622750000000010573e-03 -1.655499999999990313e-03 -9.509032287308793130e+00
3.145700000000000163e-01 3.185430000000000206e-01 0.000000000000000000e+00 -2.648999999999998578e-02 -3.311499999999995003e-03 -6.622500000000010323e-03 -4.719118064310825034e+00
3.145700000000000163e-01 2.920530000000000070e-01 -3.311499999999995003e-03 -3.973500000000000643e-02 -1.655749999999997502e-03 -4.967000000000006132e-03 -7.783895655373169742e-01
3.079470000000000263e-01 2.390730000000000077e-01 -3.311499999999995003e-03 -3.642399999999999805e-02 3.311499999999995003e-03 1.158925000000000233e-02 1.680967111451588503e+00
3.079470000000000263e-01 2.192050000000000110e-01 3.311499999999995003e-03 -1.655650000000000177e-02 4.966999999999985316e-03 1.158949999999999564e-02 2.505773650276390185e+01
3.145700000000000163e-01 2.059600000000000042e-01 6.622499999999975628e-03 -1.324500000000000677e-02 1.655500000000004190e-03 1.655749999999997502e-03 1.012915833740282068e+01
3.211919999999999775e-01 1.927149999999999974e-01 6.622500000000003384e-03 -1.324500000000000677e-02 4.967000000000013071e-03 3.311250000000001692e-03 2.701227854602801770e+01
3.278150000000000230e-01 1.794699999999999906e-01 1.655650000000000177e-02 -6.622500000000003384e-03 6.622499999999989506e-03 8.278250000000007824e-03 3.190714546427026832e+01
3.543049999999999811e-01 1.794699999999999906e-01 1.986749999999998240e-02 3.311500000000008881e-03 -1.655749999999997502e-03 8.278250000000000886e-03 2.079902341483304085e+01
3.675499999999999878e-01 1.860930000000000084e-01 1.324500000000000677e-02 9.933999999999998387e-03 -4.966999999999985316e-03 4.966749999999992005e-03 2.536755633225203255e+01
3.807949999999999946e-01 1.993379999999999874e-01 9.933500000000011765e-03 1.324499999999999289e-02 -3.311250000000001692e-03 3.311000000000001442e-03 1.691177231348374121e+01
3.874170000000000114e-01 2.125829999999999942e-01 6.622500000000003384e-03 1.655600000000000127e-02 -1.655500000000004190e-03 4.966750000000005882e-03 1.063571850149707387e+01
3.940400000000000014e-01 2.324499999999999900e-01 6.622500000000003384e-03 2.317850000000000465e-02 -1.655749999999997502e-03 1.655750000000004440e-03 3.522482749426977477e+00
4.006620000000000181e-01 2.589400000000000035e-01 3.311000000000008381e-03 1.986750000000001015e-02 -1.655500000000004190e-03 -6.622250000000003134e-03 1.341862754747106701e+00
4.006620000000000181e-01 2.721850000000000103e-01 3.311499999999995003e-03 9.933999999999998387e-03 2.499999999933111283e-07 -9.933750000000005076e-03 -2.865203751925323417e+01
4.072850000000000081e-01 2.788080000000000003e-01 3.311499999999995003e-03 0.000000000000000000e+00 -2.499999999933111283e-07 -1.158950000000000258e-02 -1.056854451618089797e+03
4.072850000000000081e-01 2.721850000000000103e-01 3.311000000000008381e-03 -1.324500000000000677e-02 1.655500000000004190e-03 -9.933750000000005076e-03 -4.308316917094535903e+00
4.139070000000000249e-01 2.523179999999999867e-01 6.622500000000003384e-03 -1.986750000000001015e-02 3.311499999999995003e-03 -1.655749999999990563e-03 5.969264652186858200e+00
4.205300000000000149e-01 2.324499999999999900e-01 9.933999999999998387e-03 -1.655649999999998789e-02 3.311249999999987814e-03 3.311250000000008631e-03 1.218609872368555536e+01
4.337750000000000217e-01 2.192050000000000110e-01 1.324499999999997901e-02 -1.324499999999999289e-02 8.277999999999993697e-03 1.655749999999990563e-03 2.002001079237112791e+01
4.470199999999999729e-01 2.059600000000000042e-01 2.648999999999998578e-02 -1.324500000000000677e-02 8.278250000000028641e-03 3.311249999999994753e-03 7.597123677256516494e+00
4.867549999999999932e-01 1.927149999999999974e-01 2.980150000000003629e-02 -6.622500000000003384e-03 -4.966749999999992005e-03 1.158950000000000258e-02 1.098308738955030783e+01
5.066230000000000455e-01 1.927149999999999974e-01 1.655650000000000177e-02 9.933999999999998387e-03 -9.934000000000026143e-03 2.317875000000000490e-02 6.702377299780046371e+01
5.198679999999999968e-01 2.125829999999999942e-01 9.933499999999984009e-03 3.973500000000000643e-02 -6.622749999999996695e-03 1.655600000000000821e-02 6.223587234313269434e+00
5.264900000000000135e-01 2.721850000000000103e-01 3.311000000000008381e-03 4.304600000000001481e-02 -8.278000000000007574e-03 -6.622250000000003134e-03 4.155622953540879294e+00
5.264900000000000135e-01 2.986750000000000238e-01 -6.622500000000031140e-03 2.649050000000000016e-02 -1.324500000000000677e-02 -4.966500000000019510e-03 1.884925730738786598e+01
5.132449999999999513e-01 3.251660000000000106e-01 -2.317900000000000515e-02 3.311299999999997579e-02 -8.278249999999973130e-03 -2.500000000071889161e-07 4.151194728273797097e+00
4.801320000000000032e-01 3.649009999999999754e-01 -2.317899999999997740e-02 2.648999999999998578e-02 6.622749999999996695e-03 -9.933999999999984509e-03 1.257092948374986197e+00
4.668869999999999965e-01 3.781459999999999821e-01 -9.933500000000011765e-03 1.324500000000000677e-02 6.622749999999982817e-03 -6.622499999999989506e-03 -4.833237898988794967e+00
4.602649999999999797e-01 3.913909999999999889e-01 -9.933500000000011765e-03 1.324500000000000677e-02 1.655500000000004190e-03 -1.655749999999997502e-03 -1.207488619218454629e+00
4.470199999999999729e-01 4.046359999999999957e-01 -6.622500000000003384e-03 9.933500000000011765e-03 1.324475000000001346e-02 -3.311250000000001692e-03 -6.443068487423876434e+01
4.470199999999999729e-01 4.112580000000000124e-01 1.655600000000001515e-02 6.622500000000003384e-03 1.821200000000001984e-02 -3.311000000000008381e-03 -3.094124096013661784e+01
4.801320000000000032e-01 4.178810000000000024e-01 2.980150000000003629e-02 3.311499999999995003e-03 4.967249999999978627e-03 -1.655749999999997502e-03 -2.440451730173841760e+00
5.066230000000000455e-01 4.178810000000000024e-01 2.649049999999997240e-02 3.311000000000008381e-03 6.622249999999968439e-03 -2.499999999933111283e-07 -1.152729104394899284e+00
5.331129999999999480e-01 4.245030000000000192e-01 4.304599999999997317e-02 3.311000000000008381e-03 6.622250000000023951e-03 -1.655500000000004190e-03 -1.158038761758275470e+00
5.927149999999999919e-01 4.245030000000000192e-01 3.973500000000002030e-02 0.000000000000000000e+00 -1.158924999999999539e-02 -1.655500000000004190e-03 -1.048534562110703172e+00
6.125829999999999886e-01 4.245030000000000192e-01 1.986749999999998240e-02 0.000000000000000000e+00 -6.622500000000003384e-03 -3.311250000000001692e-03 -8.388909861163561743e+00
6.324499999999999567e-01 4.245030000000000192e-01 2.649000000000001354e-02 -6.622500000000003384e-03 2.775557561562891351e-17 -8.278000000000007574e-03 -1.077129939107938306e+01
6.655630000000000157e-01 4.112580000000000124e-01 1.986750000000003791e-02 -1.655600000000001515e-02 -9.933750000000018954e-03 -8.278000000000007574e-03 -1.901673856089606929e+01
6.721850000000000325e-01 3.913909999999999889e-01 6.622499999999975628e-03 -2.317850000000001853e-02 -6.622500000000031140e-03 -9.933999999999984509e-03 -1.565442830755310410e+01
6.788079999999999670e-01 3.649009999999999754e-01 6.622499999999975628e-03 -3.642399999999998417e-02 -1.655749999999983624e-03 -4.967249999999978627e-03 -1.836910494756924361e+00
6.854299999999999837e-01 3.185430000000000206e-01 3.311000000000008381e-03 -3.311299999999997579e-02 -9.933749999999991198e-03 8.278249999999987008e-03 -8.181815759795203036e+00
6.854299999999999837e-01 2.986750000000000238e-01 -1.324500000000000677e-02 -1.986750000000001015e-02 -1.324474999999999958e-02 1.158974999999998201e-02 -3.060459310706314540e+01
6.589399999999999702e-01 2.788080000000000003e-01 -2.317849999999999078e-02 -9.933500000000011765e-03 -4.966749999999992005e-03 1.655625000000000846e-02 -2.700682020464985911e+01
6.390730000000000022e-01 2.788080000000000003e-01 -2.317849999999999078e-02 1.324500000000000677e-02 4.966749999999992005e-03 1.655625000000000846e-02 -2.362799366462775197e+01
6.125829999999999886e-01 3.052980000000000138e-01 -1.324500000000000677e-02 2.317900000000000515e-02 1.158924999999999539e-02 1.655749999999997502e-03 -1.527129085816735277e+01
6.125829999999999886e-01 3.251660000000000106e-01 0.000000000000000000e+00 1.655650000000000177e-02 1.490050000000001096e-02 -1.655750000000011379e-03 -5.435803824880628099e+01
6.125829999999999886e-01 3.384110000000000174e-01 1.655600000000001515e-02 1.986749999999998240e-02 1.324500000000000677e-02 -2.500000000071889161e-07 -1.521385986952034663e+01
6.456950000000000189e-01 3.649009999999999754e-01 2.649000000000001354e-02 1.655599999999998739e-02 1.655999999999990813e-03 -6.622749999999982817e-03 -6.654675122537876852e+00
6.655630000000000157e-01 3.715229999999999921e-01 1.986799999999999677e-02 6.622000000000016762e-03 -6.622000000000016762e-03 -9.933999999999970631e-03 -1.671372462049764351e+01
