3.145700000000000163e-01 1.463579999999999881e-01 6.621999999999961251e-03 0.000000000000000000e+00 5.000000000421334079e-07 0.000000000000000000e+00 0.000000000000000000e+00
3.211919999999999775e-01 1.463579999999999881e-01 6.622500000000003384e-03 0.000000000000000000e+00 2.500000000210667039e-07 0.000000000000000000e+00 0.000000000000000000e+00
3.278150000000000230e-01 1.463579999999999881e-01 6.622500000000003384e-03 0.000000000000000000e+00 -1.387778780781445676e-17 1.655500000000004190e-03 3.774724423598531331e+01
3.344369999999999843e-01 1.463579999999999881e-01 6.622499999999975628e-03 3.311000000000008381e-03 0.000000000000000000e+00 1.655500000000004190e-03 2.701095284777868955e+01
3.410599999999999743e-01 1.529800000000000049e-01 6.622500000000003384e-03 3.311000000000008381e-03 1.387778780781445676e-17 2.499999999933111283e-07 4.078972039611313515e-03
3.476819999999999911e-01 1.529800000000000049e-01 6.622500000000003384e-03 3.311499999999995003e-03 1.655749999999997502e-03 1.655749999999997502e-03 1.350527245373617724e+01
3.543049999999999811e-01 1.596029999999999949e-01 9.933999999999998387e-03 6.622500000000003384e-03 1.655500000000004190e-03 -2.499999999933111283e-07 -6.443708360438989757e+00
3.675499999999999878e-01 1.662250000000000116e-01 9.933500000000011765e-03 3.311000000000008381e-03 -1.655749999999997502e-03 -3.311250000000001692e-03 -2.387669817586358079e+01
3.741720000000000046e-01 1.662250000000000116e-01 6.622500000000003384e-03 0.000000000000000000e+00 -1.655500000000004190e-03 -1.655500000000004190e-03 -3.774724423598531331e+01
3.807949999999999946e-01 1.662250000000000116e-01 6.622500000000003384e-03 0.000000000000000000e+00 0.000000000000000000e+00 -1.655500000000004190e-03 -3.774724423598531331e+01
3.874170000000000114e-01 1.662250000000000116e-01 6.622500000000003384e-03 -3.311000000000008381e-03 0.000000000000000000e+00 -1.655500000000004190e-03 -2.701095284777852612e+01
3.940400000000000014e-01 1.596029999999999949e-01 6.622500000000003384e-03 -3.311000000000008381e-03 0.000000000000000000e+00 -2.499999999933111283e-07 -4.078972039724518966e-03
4.006620000000000181e-01 1.596029999999999949e-01 6.622500000000003384e-03 -3.311499999999995003e-03 -1.655500000000004190e-03 -1.655749999999997502e-03 -4.051785681642650161e+01
4.072850000000000081e-01 1.529800000000000049e-01 3.311499999999995003e-03 -6.622500000000003384e-03 -1.655749999999997502e-03 2.499999999933111283e-07 -2.701054490747235448e+01
4.072850000000000081e-01 1.463579999999999881e-01 3.311000000000008381e-03 -3.311000000000008381e-03 -2.499999999933111283e-07 1.655500000000004190e-03 5.338266382766808249e+01
4.139070000000000249e-01 1.463579999999999881e-01 3.311000000000008381e-03 -3.311499999999995003e-03 -1.655500000000004190e-03 -1.655749999999990563e-03 -1.067733893710504702e+02
4.139070000000000249e-01 1.397349999999999981e-01 0.000000000000000000e+00 -6.622499999999989506e-03 -1.655500000000004190e-03 -1.655500000000004190e-03 -3.774724423598548384e+01
4.139070000000000249e-01 1.331130000000000091e-01 0.000000000000000000e+00 -6.622500000000003384e-03 -1.655500000000004190e-03 -6.938893903907228378e-18 -3.774724423598531331e+01
4.139070000000000249e-01 1.264899999999999913e-01 -3.311000000000008381e-03 -6.622500000000003384e-03 -1.655500000000004190e-03 3.469446951953614189e-18 -2.701095284777855809e+01
4.072850000000000081e-01 1.198680000000000023e-01 -3.311000000000008381e-03 -6.622499999999996445e-03 -2.499999999933111283e-07 0.000000000000000000e+00 -4.078972039724525038e-03
4.072850000000000081e-01 1.132449999999999984e-01 -3.311499999999995003e-03 -6.622500000000003384e-03 -1.655749999999997502e-03 -1.655750000000000971e-03 -1.350527245373615060e+01
4.006620000000000181e-01 1.066229999999999956e-01 -6.622500000000003384e-03 -9.933999999999998387e-03 -1.655500000000004190e-03 -1.655749999999997502e-03 -3.220394860262385972e+00
3.940400000000000014e-01 9.337700000000000167e-02 -6.622500000000003384e-03 -9.933999999999998387e-03 1.655500000000004190e-03 1.655749999999997502e-03 3.220394860262385972e+00
3.874170000000000114e-01 8.675499999999999878e-02 -3.311499999999995003e-03 -6.622500000000003384e-03 1.655749999999997502e-03 1.655750000000000971e-03 1.350527245373615060e+01
3.874170000000000114e-01 8.013199999999999490e-02 -3.311000000000008381e-03 -6.622499999999996445e-03 -1.655500000000004190e-03 3.469446951953614189e-18 -2.701095284777859362e+01
3.807949999999999946e-01 7.351000000000000589e-02 -6.622500000000003384e-03 -6.622499999999996445e-03 -2.499999999933111283e-07 -1.655750000000002706e-03 1.334566618518507930e+01
3.741720000000000046e-01 6.688700000000000201e-02 -3.311499999999995003e-03 -9.934000000000001857e-03 3.311250000000001692e-03 -1.655500000000002456e-03 3.342305119979971550e+01
3.741720000000000046e-01 5.364200000000000218e-02 0.000000000000000000e+00 -9.933500000000001356e-03 2.499999999933111283e-07 -1.655499999999999854e-03 2.533584634120429526e-03
3.741720000000000046e-01 4.701999999999999930e-02 -3.311000000000008381e-03 -1.324500000000000156e-02 -1.655500000000004190e-03 -3.311500000000000207e-03 -4.307991638354103259e+00
3.675499999999999878e-01 2.715199999999999905e-02 -3.311000000000008381e-03 -1.655650000000000177e-02 3.311000000000008381e-03 8.673617379884035472e-19 1.138876534207712332e+01
3.675499999999999878e-01 1.390699999999999922e-02 3.311000000000008381e-03 -1.324499999999999983e-02 4.966750000000005882e-03 3.311500000000001075e-03 3.015984491160577718e+01
3.741720000000000046e-01 6.620000000000000450e-04 6.622500000000003384e-03 -9.933499999999999622e-03 1.655749999999997502e-03 3.311249999999999957e-03 2.255241802592377098e+01
3.807949999999999946e-01 -5.960000000000000020e-03 6.622500000000003384e-03 -6.622499999999999915e-03 0.000000000000000000e+00 3.310999999999999707e-03 2.669133237036998807e+01
3.874170000000000114e-01 -1.258300000000000043e-02 6.622500000000003384e-03 -3.311500000000000207e-03 1.655749999999997502e-03 1.655750000000000104e-03 4.051989627164449814e+01
3.940400000000000014e-01 -1.258300000000000043e-02 9.933999999999998387e-03 -3.310999999999999707e-03 1.655500000000004190e-03 2.500000000002500222e-07 4.776276979518971011e+00
4.072850000000000081e-01 -1.920499999999999985e-02 9.933500000000011765e-03 -3.310999999999999707e-03 -3.311499999999995003e-03 3.310999999999999707e-03 1.909905110823500252e+01
4.139070000000000249e-01 -1.920499999999999985e-02 3.311000000000008381e-03 3.310999999999999707e-03 -1.655500000000018068e-03 4.966749999999999811e-03 2.135709684535717940e+02
4.139070000000000249e-01 -1.258300000000000043e-02 6.622499999999975628e-03 6.622499999999999915e-03 1.655749999999983624e-03 1.655750000000000104e-03 8.454798496486532803e-14
4.271519999999999762e-01 -5.960000000000000020e-03 6.622499999999975628e-03 6.622499999999999915e-03 -1.655499999999976435e-03 1.655499999999999854e-03 2.669133237036990280e+01
4.271519999999999762e-01 6.620000000000000450e-04 3.311500000000022759e-03 9.933499999999999622e-03 1.387778780781445676e-17 1.655750000000000104e-03 4.775988609259941953e+00
4.337750000000000217e-01 1.390699999999999922e-02 6.622500000000003384e-03 9.934000000000000122e-03 -2.500000000210667039e-07 -1.655499999999999854e-03 -6.440789720524589868e+00
4.403969999999999829e-01 2.052999999999999964e-02 3.310999999999980625e-03 6.622499999999999915e-03 -3.311250000000001692e-03 -1.655750000000000104e-03 4.051948857768869061e+01
4.403969999999999829e-01 2.715199999999999905e-02 0.000000000000000000e+00 6.622499999999999915e-03 2.500000000071889161e-07 -1.655499999999999854e-03 -5.700278501520795842e-03
4.403969999999999829e-01 3.377499999999999947e-02 3.311499999999995003e-03 3.311500000000000207e-03 1.655749999999997502e-03 -4.967000000000000061e-03 -2.135225999861166883e+02
4.470199999999999729e-01 3.377499999999999947e-02 3.311499999999995003e-03 -3.311500000000000207e-03 -2.499999999933111283e-07 -4.967000000000000061e-03 -1.601479951351080331e+02
4.470199999999999729e-01 2.715199999999999905e-02 3.311000000000008381e-03 -6.622499999999999915e-03 1.655500000000004190e-03 -1.655499999999999854e-03 1.350649608990844541e+01
4.536419999999999897e-01 2.052999999999999964e-02 6.622500000000003384e-03 -6.622499999999999915e-03 1.655749999999997502e-03 -1.655750000000000104e-03 -2.680789767178640042e-14
4.602649999999999797e-01 1.390699999999999922e-02 6.622500000000003384e-03 -9.934000000000000122e-03 0.000000000000000000e+00 0.000000000000000000e+00 0.000000000000000000e+00
4.668869999999999965e-01 6.620000000000000450e-04 6.622500000000003384e-03 -6.622499999999999915e-03 0.000000000000000000e+00 4.967000000000000061e-03 4.004102926113794325e+01
4.735099999999999865e-01 6.620000000000000450e-04 6.622500000000003384e-03 0.000000000000000000e+00 3.311250000000001692e-03 3.311249999999999957e-03 7.550018875047179279e+01
4.801320000000000032e-01 6.620000000000000450e-04 1.324500000000000677e-02 0.000000000000000000e+00 3.311500000000008881e-03 1.655749999999999887e-03 9.438236128621642962e+00
5.000000000000000000e-01 6.620000000000000450e-04 1.324550000000002115e-02 3.311499999999999774e-03 -3.311250000000015570e-03 4.967000000000000061e-03 3.015842902433171346e+01
5.066230000000000455e-01 7.284999999999999809e-03 6.622499999999975628e-03 9.934000000000000122e-03 -3.311500000000022759e-03 3.310999999999999707e-03 3.221465023334233280e+01
5.132449999999999513e-01 2.052999999999999964e-02 6.622499999999975628e-03 9.933499999999999622e-03 -1.655499999999976435e-03 3.311000000000000575e-03 2.254998566966733975e+01
5.198679999999999968e-01 2.715199999999999905e-02 3.311500000000022759e-03 1.655600000000000127e-02 -3.311249999999987814e-03 3.311500000000001075e-03 1.366846848616984644e+01
5.198679999999999968e-01 5.364200000000000218e-02 0.000000000000000000e+00 1.655650000000000177e-02 -1.655750000000011379e-03 -3.310999999999999707e-03 6.040288703765749112e+00
5.198679999999999968e-01 6.026499999999999913e-02 0.000000000000000000e+00 9.934000000000001857e-03 -3.311249999999987814e-03 -2.500000000002500222e-07 3.355395053700291186e+01
5.198679999999999968e-01 7.351000000000000589e-02 -6.622499999999975628e-03 1.655600000000000127e-02 -3.311249999999987814e-03 1.655499999999998986e-03 7.735492747016511572e+00
5.066230000000000455e-01 9.337700000000000167e-02 -6.622499999999975628e-03 1.324499999999999983e-02 1.655499999999976435e-03 -4.966500000000002163e-03 3.376216162998078474e+00
5.066230000000000455e-01 1.000000000000000056e-01 -3.311500000000022759e-03 6.622999999999996945e-03 -2.500000000210667039e-07 -1.655500000000000721e-03 1.350690381469473422e+01
5.000000000000000000e-01 1.066229999999999956e-01 -6.623000000000017762e-03 9.933999999999998387e-03 -1.655499999999990313e-03 1.655250000000000471e-03 3.221629727038888280e+00
4.933770000000000100e-01 1.198680000000000023e-01 -6.622500000000003384e-03 9.933499999999997887e-03 1.656000000000004690e-03 -1.655749999999997502e-03 -3.223163890082000993e+00
4.867549999999999932e-01 1.264899999999999913e-01 -3.311000000000008381e-03 6.622500000000003384e-03 4.966750000000005882e-03 -1.655499999999997252e-03 -6.753248075750524038e+01
4.867549999999999932e-01 1.331130000000000091e-01 3.311000000000008381e-03 6.622500000000003384e-03 4.966750000000005882e-03 -6.938893903907228378e-18 -8.103693751537535661e+01
4.933770000000000100e-01 1.397349999999999981e-01 6.622500000000003384e-03 6.622499999999989506e-03 4.967249999999992505e-03 0.000000000000000000e+00 -4.004304461392937498e+01
5.000000000000000000e-01 1.463579999999999881e-01 1.324549999999999339e-02 6.622500000000003384e-03 3.311250000000001692e-03 6.938893903907228378e-18 -6.752330390957014927e+00
5.198679999999999968e-01 1.529800000000000049e-01 1.324500000000000677e-02 6.622500000000003384e-03 -1.656000000000004690e-03 -1.655500000000004190e-03 -3.375196466180432786e+00
5.264900000000000135e-01 1.596029999999999949e-01 9.933499999999984009e-03 3.311499999999995003e-03 4.966999999999999194e-03 -1.655749999999997502e-03 -2.865376829064594233e+01
5.397349999999999648e-01 1.596029999999999949e-01 2.317900000000000515e-02 3.311000000000008381e-03 6.622750000000010573e-03 -2.499999999933111283e-07 -1.708714758240254872e+00
5.728480000000000238e-01 1.662250000000000116e-01 2.317900000000000515e-02 3.311000000000008381e-03 -1.655750000000011379e-03 2.499999999933111283e-07 4.275333844451137399e-01
5.860929999999999751e-01 1.662250000000000116e-01 1.986749999999998240e-02 3.311499999999995003e-03 -2.500000000071889161e-07 2.499999999933111283e-07 7.091752091656060991e-04
6.125829999999999886e-01 1.728480000000000016e-01 2.317849999999999078e-02 3.311499999999995003e-03 -1.655749999999983624e-03 -1.655749999999997502e-03 -2.562760013932331216e+00
6.324499999999999567e-01 1.728480000000000016e-01 1.655600000000001515e-02 0.000000000000000000e+00 -4.966749999999992005e-03 -3.311499999999995003e-03 -1.208130709826751392e+01
6.456950000000000189e-01 1.728480000000000016e-01 1.324500000000000677e-02 -3.311499999999995003e-03 -3.311000000000008381e-03 -3.311250000000001692e-03 -2.154263702041739492e+01
6.589399999999999702e-01 1.662250000000000116e-01 9.933999999999998387e-03 -6.622500000000003384e-03 -3.311249999999987814e-03 -3.311000000000008381e-03 -3.221270444891568019e+01
6.655630000000000157e-01 1.596029999999999949e-01 6.622500000000031140e-03 -9.933500000000011765e-03 -3.311499999999995003e-03 -1.655749999999997502e-03 -2.577509547413770719e+01
6.721850000000000325e-01 1.463579999999999881e-01 3.311000000000008381e-03 -9.933999999999998387e-03 -4.966750000000019760e-03 1.655500000000011129e-03 -3.819940010041388234e+01
6.721850000000000325e-01 1.397349999999999981e-01 -3.311000000000008381e-03 -6.622499999999989506e-03 -4.966750000000019760e-03 2.500000000002500222e-07 -8.103897684741410501e+01
6.655630000000000157e-01 1.331130000000000091e-01 -6.622500000000031140e-03 -9.933499999999997887e-03 -1.655750000000011379e-03 -6.938893903907228378e-18 -9.665599988385906727e+00
6.589399999999999702e-01 1.198680000000000023e-01 -6.622500000000031140e-03 -6.622500000000003384e-03 -1.655499999999976435e-03 4.966749999999998944e-03 -5.338468009353104549e+01
6.523179999999999534e-01 1.198680000000000023e-01 -9.933499999999984009e-03 0.000000000000000000e+00 -1.655749999999983624e-03 3.311250000000001692e-03 -3.355732847982307021e+01
6.390730000000000022e-01 1.198680000000000023e-01 -9.933999999999998387e-03 0.000000000000000000e+00 3.310999999999980625e-03 1.655499999999997252e-03 -1.677570860370207129e+01
6.324499999999999567e-01 1.198680000000000023e-01 -3.311500000000022759e-03 3.310999999999994503e-03 6.622750000000010573e-03 3.311250000000001692e-03 -3.203201693304267224e+02
6.324499999999999567e-01 1.264899999999999913e-01 3.311500000000022759e-03 6.622500000000003384e-03 3.311500000000022759e-03 1.655750000000004440e-03 -4.051785681642657977e+01
6.390730000000000022e-01 1.331130000000000091e-01 3.311500000000022759e-03 6.622500000000003384e-03 1.655499999999976435e-03 -6.938893903907228378e-18 -2.700850576018912008e+01
6.390730000000000022e-01 1.397349999999999981e-01 6.622499999999975628e-03 6.622499999999989506e-03 4.966749999999964249e-03 2.499999999933111283e-07 -4.003699855555501586e+01
6.523179999999999534e-01 1.463579999999999881e-01 1.324499999999995126e-02 6.622999999999990006e-03 6.622499999999975628e-03 5.000000000005000445e-07 -1.350425288009484959e+01
