3.145700000000000163e-01 1.264899999999999913e-01 -6.622999999999990006e-03 0.000000000000000000e+00 4.999999999866222566e-07 0.000000000000000000e+00 -0.000000000000000000e+00
3.079470000000000263e-01 1.264899999999999913e-01 -6.622500000000003384e-03 0.000000000000000000e+00 -1.655500000000018068e-03 0.000000000000000000e+00 0.000000000000000000e+00
3.013250000000000095e-01 1.264899999999999913e-01 -9.934000000000026143e-03 0.000000000000000000e+00 -1.655749999999997502e-03 0.000000000000000000e+00 0.000000000000000000e+00
2.880789999999999740e-01 1.264899999999999913e-01 -9.933999999999998387e-03 0.000000000000000000e+00 1.655750000000025257e-03 0.000000000000000000e+00 -0.000000000000000000e+00
2.814570000000000127e-01 1.264899999999999913e-01 -6.622499999999975628e-03 0.000000000000000000e+00 1.655749999999997502e-03 3.311250000000001692e-03 -7.550018875047247491e+01
2.748340000000000227e-01 1.264899999999999913e-01 -6.622500000000003384e-03 6.622500000000003384e-03 -1.387778780781445676e-17 3.311250000000001692e-03 -2.669334772316135229e+01
2.682120000000000060e-01 1.397349999999999981e-01 -6.622500000000003384e-03 6.622500000000003384e-03 1.655500000000004190e-03 -1.655500000000004190e-03 0.000000000000000000e+00
2.615890000000000160e-01 1.397349999999999981e-01 -3.311499999999995003e-03 3.311499999999995003e-03 3.311250000000001692e-03 0.000000000000000000e+00 -1.067572698960448321e+02
2.615890000000000160e-01 1.463579999999999881e-01 0.000000000000000000e+00 6.622500000000003384e-03 3.311499999999995003e-03 -2.499999999933111283e-07 -7.550588902897303001e+01
2.615890000000000160e-01 1.529800000000000049e-01 3.311499999999995003e-03 3.311000000000008381e-03 4.966999999999999194e-03 -1.655500000000004190e-03 -2.135387179396426802e+02
2.682120000000000060e-01 1.529800000000000049e-01 9.933999999999998387e-03 3.311499999999995003e-03 3.310999999999994503e-03 2.499999999933111283e-07 -9.547074200012056977e+00
2.814570000000000127e-01 1.596029999999999949e-01 9.933499999999984009e-03 3.311499999999995003e-03 0.000000000000000000e+00 -2.499999999933111283e-07 -2.163147151460155428e-03
2.880789999999999740e-01 1.596029999999999949e-01 9.933999999999998387e-03 3.311000000000008381e-03 1.656000000000018568e-03 -2.499999999933111283e-07 -4.777718874390440185e+00
3.013250000000000095e-01 1.662250000000000116e-01 1.324550000000002115e-02 3.311000000000008381e-03 1.655500000000004190e-03 -1.655500000000004190e-03 -1.076980694226286062e+01
3.145700000000000163e-01 1.662250000000000116e-01 1.324500000000000677e-02 0.000000000000000000e+00 -1.656000000000018568e-03 -3.311000000000008381e-03 -1.887362211799265665e+01
3.278150000000000230e-01 1.662250000000000116e-01 9.933499999999984009e-03 -3.311000000000008381e-03 -3.311250000000015570e-03 -3.311250000000001692e-03 -3.820242859788183409e+01
3.344369999999999843e-01 1.596029999999999949e-01 6.622499999999975628e-03 -6.622500000000003384e-03 -3.310999999999994503e-03 -1.655749999999997502e-03 -4.003901390834656837e+01
3.410599999999999743e-01 1.529800000000000049e-01 3.311499999999995003e-03 -6.622500000000003384e-03 -3.311249999999987814e-03 0.000000000000000000e+00 -5.402109012287974110e+01
3.410599999999999743e-01 1.463579999999999881e-01 0.000000000000000000e+00 -6.622500000000003384e-03 -1.655749999999997502e-03 6.938893903907228378e-18 -3.775294451448651500e+01
3.410599999999999743e-01 1.397349999999999981e-01 0.000000000000000000e+00 -6.622499999999989506e-03 -1.655749999999997502e-03 0.000000000000000000e+00 -3.775294451448668553e+01
3.410599999999999743e-01 1.331130000000000091e-01 -3.311499999999995003e-03 -6.622500000000003384e-03 -3.311249999999987814e-03 -6.938893903907228378e-18 -5.402109012287968426e+01
3.344369999999999843e-01 1.264899999999999913e-01 -6.622499999999975628e-03 -6.622500000000003384e-03 -3.310999999999994503e-03 3.469446951953614189e-18 -2.669133237037012307e+01
3.278150000000000230e-01 1.198680000000000023e-01 -9.933499999999984009e-03 -6.622499999999996445e-03 -3.311250000000015570e-03 0.000000000000000000e+00 -1.288681803753797972e+01
3.145700000000000163e-01 1.132449999999999984e-01 -1.324500000000000677e-02 -6.622500000000003384e-03 -1.656000000000018568e-03 -1.655750000000000971e-03 3.376216162997968784e+00
3.013250000000000095e-01 1.066229999999999956e-01 -1.324550000000002115e-02 -9.933999999999998387e-03 -2.499999999933111283e-07 -1.655749999999997502e-03 4.831530552231153131e+00
2.880789999999999740e-01 9.337700000000000167e-02 -1.324549999999999339e-02 -9.933999999999998387e-03 2.500000000210667039e-07 1.655749999999997502e-03 -4.831530552231102504e+00
2.748340000000000227e-01 8.675499999999999878e-02 -1.324499999999997901e-02 -6.622500000000003384e-03 1.655999999999990813e-03 1.655750000000000971e-03 -3.376216162998028292e+00
2.615890000000000160e-01 8.013199999999999490e-02 -9.933500000000011765e-03 -6.622499999999996445e-03 3.311249999999987814e-03 -1.655499999999997252e-03 2.255095862686156849e+01
2.549669999999999992e-01 7.351000000000000589e-02 -6.622500000000003384e-03 -9.933499999999997887e-03 1.655500000000004190e-03 -1.655750000000002706e-03 1.610803608668987508e+01
2.483440000000000092e-01 6.026499999999999913e-02 -6.622500000000003384e-03 -9.934000000000001857e-03 0.000000000000000000e+00 -2.500000000002500222e-07 9.728554878417855316e-04
2.417219999999999924e-01 5.364200000000000218e-02 -6.622500000000003384e-03 -9.933999999999998387e-03 1.655500000000004190e-03 -1.655499999999999854e-03 1.610586579671394603e+01
2.350990000000000024e-01 4.039700000000000235e-02 -3.311499999999995003e-03 -1.324500000000000156e-02 3.311250000000001692e-03 2.499999999985152987e-07 1.723378431678935740e+01
2.350990000000000024e-01 2.715199999999999905e-02 0.000000000000000000e+00 -9.933500000000001356e-03 1.655749999999997502e-03 1.655750000000000971e-03 1.677993103222853577e+01
2.350990000000000024e-01 2.052999999999999964e-02 0.000000000000000000e+00 -9.933499999999999622e-03 1.655749999999997502e-03 -2.499999999993826605e-07 1.677993103222854288e+01
2.350990000000000024e-01 7.284999999999999809e-03 3.311499999999995003e-03 -9.934000000000000122e-03 6.622500000000003384e-03 -1.655750000000000104e-03 5.252152563283065945e+01
2.417219999999999924e-01 6.620000000000000450e-04 1.324500000000000677e-02 -1.324499999999999983e-02 6.622250000000010073e-03 -1.655499999999999854e-03 1.000975347708662966e+01
2.615890000000000160e-01 -1.920499999999999985e-02 1.655600000000001515e-02 -1.324499999999999983e-02 -1.387778780781445676e-17 3.311249999999999957e-03 5.751851780066512099e+00
2.748340000000000227e-01 -2.582800000000000026e-02 1.324499999999997901e-02 -6.622499999999999915e-03 -1.655250000000010879e-03 4.967000000000000061e-03 1.688363005703398656e+01
2.880789999999999740e-01 -3.244999999999999968e-02 1.324549999999999339e-02 -3.310999999999999707e-03 2.500000000210667039e-07 3.311249999999999957e-03 1.723370776821149519e+01
3.013250000000000095e-01 -3.244999999999999968e-02 1.324550000000002115e-02 0.000000000000000000e+00 -2.499999999933111283e-07 1.655499999999999854e-03 9.436098618322434461e+00
3.145700000000000163e-01 -3.244999999999999968e-02 1.324500000000000677e-02 0.000000000000000000e+00 -2.500000000210667039e-07 0.000000000000000000e+00 0.000000000000000000e+00
3.278150000000000230e-01 -3.244999999999999968e-02 1.324499999999997901e-02 0.000000000000000000e+00 -1.387778780781445676e-17 1.655499999999999854e-03 9.436811058996346091e+00
3.410599999999999743e-01 -3.244999999999999968e-02 1.324499999999997901e-02 3.310999999999999707e-03 1.387778780781445676e-17 3.311249999999999957e-03 1.723456888158175460e+01
3.543049999999999811e-01 -2.582800000000000026e-02 1.324500000000000677e-02 6.622499999999999915e-03 1.387778780781445676e-17 4.967000000000000061e-03 2.025933637162314582e+01
3.675499999999999878e-01 -1.920499999999999985e-02 1.324500000000000677e-02 1.324499999999999983e-02 -1.655749999999997502e-03 3.311249999999999957e-03 1.001025731528448048e+01
3.807949999999999946e-01 6.620000000000000450e-04 9.933500000000011765e-03 1.324499999999999983e-02 -3.311250000000001692e-03 -3.311249999999999957e-03 2.416254121754454864e+00
3.874170000000000114e-01 7.284999999999999809e-03 6.622500000000003384e-03 6.622499999999999915e-03 2.499999999933111283e-07 0.000000000000000000e+00 -2.015352791426746823e-03
3.940400000000000014e-01 1.390699999999999922e-02 9.933999999999998387e-03 1.324499999999999983e-02 1.655500000000004190e-03 3.311250000000000825e-03 2.416487585330429955e+00
4.072850000000000081e-01 3.377499999999999947e-02 9.933500000000011765e-03 1.324500000000000156e-02 -3.311499999999995003e-03 -3.311249999999999957e-03 2.416983777234356534e+00
4.139070000000000249e-01 4.039700000000000235e-02 3.311000000000008381e-03 6.622499999999999915e-03 -4.966750000000005882e-03 -3.311250000000000825e-03 5.402598466759680917e+01
4.139070000000000249e-01 4.701999999999999930e-02 0.000000000000000000e+00 6.622499999999999915e-03 2.499999999933111283e-07 0.000000000000000000e+00 -5.700278501204365800e-03
4.139070000000000249e-01 5.364200000000000218e-02 3.311499999999995003e-03 6.622499999999999915e-03 1.655749999999997502e-03 -3.311249999999999957e-03 -5.402516872538069492e+01
4.205300000000000149e-01 6.026499999999999913e-02 3.311499999999995003e-03 0.000000000000000000e+00 -1.655749999999997502e-03 -6.622499999999999915e-03 -6.039103158756458924e+02
4.205300000000000149e-01 5.364200000000000218e-02 0.000000000000000000e+00 -6.622499999999999915e-03 -1.655749999999997502e-03 -3.311249999999999957e-03 -3.775294451448656474e+01
4.205300000000000149e-01 4.701999999999999930e-02 0.000000000000000000e+00 -6.622499999999999915e-03 0.000000000000000000e+00 0.000000000000000000e+00 0.000000000000000000e+00
4.205300000000000149e-01 4.039700000000000235e-02 0.000000000000000000e+00 -6.622499999999999915e-03 1.655499999999990313e-03 -8.673617379884035472e-19 3.774724423598503620e+01
4.205300000000000149e-01 3.377499999999999947e-02 3.310999999999980625e-03 -6.622500000000001649e-03 3.311250000000001692e-03 0.000000000000000000e+00 5.402598466759707918e+01
4.271519999999999762e-01 2.715199999999999905e-02 6.622500000000003384e-03 -6.622499999999999915e-03 3.311500000000008881e-03 8.673617379884035472e-19 2.669536307595301849e+01
4.337750000000000217e-01 2.052999999999999964e-02 9.933999999999998387e-03 -6.622499999999999915e-03 1.655499999999990313e-03 0.000000000000000000e+00 6.442249040481826228e+00
4.470199999999999729e-01 1.390699999999999922e-02 9.933499999999984009e-03 -6.622499999999999915e-03 -2.499999999933111283e-07 1.655750000000000104e-03 9.664627031191725948e+00
4.536419999999999897e-01 7.284999999999999809e-03 9.933500000000011765e-03 -3.310999999999999707e-03 2.500000000071889161e-07 3.311249999999999957e-03 2.865290304376410546e+01
4.668869999999999965e-01 7.284999999999999809e-03 9.933999999999998387e-03 0.000000000000000000e+00 1.655749999999997502e-03 1.655499999999999854e-03 1.677570860370209260e+01
4.735099999999999865e-01 7.284999999999999809e-03 1.324500000000000677e-02 0.000000000000000000e+00 1.655500000000004190e-03 1.655499999999999854e-03 9.436811058996303458e+00
4.933770000000000100e-01 7.284999999999999809e-03 1.324500000000000677e-02 3.310999999999999707e-03 -3.310999999999994503e-03 1.655499999999999854e-03 1.292462547254313776e+01
5.000000000000000000e-01 1.390699999999999922e-02 6.623000000000017762e-03 3.310999999999999707e-03 -1.655500000000004190e-03 3.311500000000000207e-03 6.752636266900294970e+01
5.066230000000000455e-01 1.390699999999999922e-02 9.933999999999998387e-03 9.934000000000000122e-03 -2.500000000210667039e-07 4.967000000000000928e-03 1.779601297113847380e+01
5.198679999999999968e-01 3.377499999999999947e-02 6.622499999999975628e-03 1.324500000000000156e-02 -3.311499999999995003e-03 -1.655750000000000104e-03 1.013017803422039798e+01
5.198679999999999968e-01 4.039700000000000235e-02 3.311000000000008381e-03 6.622499999999999915e-03 -1.655749999999983624e-03 -8.673617379884035472e-19 2.701503181981803792e+01
5.264900000000000135e-01 4.701999999999999930e-02 3.311000000000008381e-03 1.324499999999999983e-02 -1.655500000000004190e-03 4.966749999999998944e-03 1.507894657046067088e+01
5.264900000000000135e-01 6.688700000000000201e-02 0.000000000000000000e+00 1.655599999999999780e-02 -4.966750000000019760e-03 1.655750000000000971e-03 1.812013650319209646e+01
5.264900000000000135e-01 8.013199999999999490e-02 -6.622500000000031140e-03 1.655650000000000177e-02 -4.966749999999992005e-03 2.500000000019847457e-07 1.450247813115489670e+01
5.132449999999999513e-01 1.000000000000000056e-01 -9.933499999999984009e-03 1.655650000000000177e-02 -3.311249999999973936e-03 -1.655750000000004440e-03 9.901644094142501018e+00
5.066230000000000455e-01 1.132449999999999984e-01 -1.324499999999997901e-02 1.324499999999999289e-02 -3.311500000000022759e-03 -1.655750000000000971e-03 1.001076115348242901e+01
4.867549999999999932e-01 1.264899999999999913e-01 -1.655650000000002953e-02 1.324499999999999983e-02 -1.387778780781445676e-17 6.938893903907228378e-18 7.231507620623928505e-15
4.735099999999999865e-01 1.397349999999999981e-01 -1.324500000000000677e-02 1.324500000000000677e-02 3.311250000000015570e-03 -3.311249999999998223e-03 -3.505648157079756850e-14
4.602649999999999797e-01 1.529800000000000049e-01 -9.933999999999998387e-03 6.622500000000003384e-03 3.311250000000001692e-03 -4.966750000000005882e-03 1.610683865220177680e+01
4.536419999999999897e-01 1.529800000000000049e-01 -6.622500000000003384e-03 3.311499999999995003e-03 1.655749999999997502e-03 0.000000000000000000e+00 -1.350731190895414535e+01
4.470199999999999729e-01 1.596029999999999949e-01 -6.622500000000003384e-03 6.622500000000003384e-03 1.387778780781445676e-17 -2.499999999933111283e-07 2.015352791314871904e-03
4.403969999999999829e-01 1.662250000000000116e-01 -6.622499999999975628e-03 3.311000000000008381e-03 3.311250000000001692e-03 -3.311250000000001692e-03 2.701503181981829727e+01
4.337750000000000217e-01 1.662250000000000116e-01 0.000000000000000000e+00 0.000000000000000000e+00 6.622499999999975628e-03 -1.655500000000004190e-03 0.000000000000000000e+00
4.403969999999999829e-01 1.662250000000000116e-01 6.622499999999975628e-03 0.000000000000000000e+00 3.311250000000001692e-03 0.000000000000000000e+00 0.000000000000000000e+00
4.470199999999999729e-01 1.662250000000000116e-01 6.622500000000003384e-03 0.000000000000000000e+00 1.655500000000018068e-03 1.655749999999997502e-03 3.775294451448651500e+01
4.536419999999999897e-01 1.662250000000000116e-01 9.933500000000011765e-03 3.311499999999995003e-03 6.622500000000003384e-03 1.655749999999997502e-03 -4.775988609260011231e+00
4.668869999999999965e-01 1.728480000000000016e-01 1.986750000000001015e-02 3.311499999999995003e-03 6.622749999999982817e-03 -1.655749999999997502e-03 -6.709839534074679257e+00
4.933770000000000100e-01 1.728480000000000016e-01 2.317899999999997740e-02 0.000000000000000000e+00 3.311499999999995003e-03 -1.655749999999997502e-03 -3.081806542096340529e+00
5.132449999999999513e-01 1.728480000000000016e-01 2.649050000000000016e-02 0.000000000000000000e+00 4.966750000000033638e-03 0.000000000000000000e+00 0.000000000000000000e+00
5.463580000000000103e-01 1.728480000000000016e-01 3.311250000000004468e-02 0.000000000000000000e+00 -1.656000000000004690e-03 0.000000000000000000e+00 0.000000000000000000e+00
5.794700000000000406e-01 1.728480000000000016e-01 2.317849999999999078e-02 0.000000000000000000e+00 -6.622500000000031140e-03 0.000000000000000000e+00 0.000000000000000000e+00
5.927149999999999919e-01 1.728480000000000016e-01 1.986749999999998240e-02 0.000000000000000000e+00 -1.655500000000004190e-03 -1.655749999999997502e-03 -4.194771612720737508e+00
6.192050000000000054e-01 1.728480000000000016e-01 1.986749999999998240e-02 -3.311499999999995003e-03 -3.311249999999987814e-03 -1.655749999999997502e-03 -5.367790573419467748e+00
6.324499999999999567e-01 1.662250000000000116e-01 1.324500000000000677e-02 -3.311499999999995003e-03 -4.966749999999992005e-03 1.655749999999997502e-03 2.154589011410247945e+00
6.456950000000000189e-01 1.662250000000000116e-01 9.933999999999998387e-03 0.000000000000000000e+00 -3.311250000000015570e-03 1.655749999999997502e-03 1.677824193330093649e+01
6.523179999999999534e-01 1.662250000000000116e-01 6.622499999999975628e-03 0.000000000000000000e+00 -4.966999999999999194e-03 0.000000000000000000e+00 0.000000000000000000e+00
6.589399999999999702e-01 1.662250000000000116e-01 0.000000000000000000e+00 0.000000000000000000e+00 -6.622499999999975628e-03 0.000000000000000000e+00 0.000000000000000000e+00
6.523179999999999534e-01 1.662250000000000116e-01 -6.622499999999975628e-03 0.000000000000000000e+00 -1.655749999999983624e-03 -1.655500000000004190e-03 3.774724423598564016e+01
6.456950000000000189e-01 1.662250000000000116e-01 -3.311499999999967248e-03 -3.311000000000008381e-03 -2.775557561562891351e-17 -1.655500000000004190e-03 5.338669468552467379e+01
6.456950000000000189e-01 1.596029999999999949e-01 -6.622500000000031140e-03 -3.311000000000008381e-03 -3.311000000000008381e-03 -2.499999999933111283e-07 -2.700483454370025171e+01
6.324499999999999567e-01 1.596029999999999949e-01 -9.933499999999984009e-03 -3.311499999999995003e-03 -1.655499999999976435e-03 -1.655749999999997502e-03 9.551256096882033475e+00
6.258280000000000509e-01 1.529800000000000049e-01 -9.933499999999984009e-03 -6.622500000000003384e-03 1.655499999999976435e-03 -3.311000000000001442e-03 2.577120371881937544e+01
6.125829999999999886e-01 1.463579999999999881e-01 -6.622500000000031140e-03 -9.933499999999997887e-03 3.311000000000008381e-03 -3.311249999999994753e-03 3.221509921618542194e+01
6.125829999999999886e-01 1.331130000000000091e-01 -3.311499999999967248e-03 -1.324499999999999289e-02 3.311250000000015570e-03 -2.500000000037194692e-07 1.723443495517431501e+01
6.059600000000000541e-01 1.198680000000000023e-01 0.000000000000000000e+00 -9.934000000000005326e-03 6.622749999999982817e-03 1.655499999999997252e-03 6.711043440360472800e+01
6.125829999999999886e-01 1.132449999999999984e-01 9.933999999999998387e-03 -9.933999999999998387e-03 6.622500000000003384e-03 3.469446951953614189e-18 2.372622596031288822e+01
6.258280000000000509e-01 1.000000000000000056e-01 1.324500000000000677e-02 -9.933999999999998387e-03 -2.500000000071889161e-07 3.311249999999998223e-03 9.663214268237110716e+00
6.390730000000000022e-01 9.337700000000000167e-02 9.933499999999984009e-03 -3.311500000000001942e-03 0.000000000000000000e+00 4.966999999999999194e-03 4.297740760636021662e+01
6.456950000000000189e-01 9.337700000000000167e-02 1.324500000000000677e-02 0.000000000000000000e+00 3.311499999999995003e-03 3.311500000000001942e-03 1.887647225724330013e+01
6.655630000000000157e-01 9.337700000000000167e-02 1.655649999999997402e-02 3.311500000000001942e-03 0.000000000000000000e+00 3.311499999999998473e-03 1.139028672948710508e+01
6.788079999999999670e-01 1.000000000000000056e-01 1.324500000000000677e-02 6.622999999999996945e-03 -4.966999999999971438e-03 3.311249999999998223e-03 2.363524659863103849e+01
6.920530000000000292e-01 1.066229999999999956e-01 6.622500000000031140e-03 9.933999999999998387e-03 -4.966999999999999194e-03 1.655250000000000471e-03 3.543504509360437282e+01
6.920530000000000292e-01 1.198680000000000023e-01 3.311000000000008381e-03 9.933499999999997887e-03 -3.311250000000015570e-03 -2.500000000002500222e-07 2.865146095292250550e+01
6.986750000000000460e-01 1.264899999999999913e-01 0.000000000000000000e+00 9.933499999999997887e-03 -3.311000000000008381e-03 2.500000000002500222e-07 3.355479489518884861e+01
6.920530000000000292e-01 1.397349999999999981e-01 -3.311000000000008381e-03 9.933999999999998387e-03 -1.655750000000011379e-03 2.500000000002500222e-07 1.432522576589203744e+01
6.920530000000000292e-01 1.463579999999999881e-01 -3.311500000000022759e-03 9.933999999999998387e-03 -3.311499999999995003e-03 -2.499999999933111283e-07 2.865131660447422135e+01
6.854299999999999837e-01 1.596029999999999949e-01 -9.933999999999998387e-03 9.933500000000011765e-03 -4.966749999999992005e-03 -1.655749999999997502e-03 2.372712162758206134e+01
6.721850000000000325e-01 1.662250000000000116e-01 -1.324500000000000677e-02 6.622500000000003384e-03 -1.655500000000004190e-03 -3.311000000000008381e-03 1.688108081499005309e+01
6.589399999999999702e-01 1.728480000000000016e-01 -1.324500000000000677e-02 3.311499999999995003e-03 0.000000000000000000e+00 -3.311250000000001692e-03 1.723410963598175982e+01
6.456950000000000189e-01 1.728480000000000016e-01 -1.324500000000000677e-02 0.000000000000000000e+00 -2.775557561562891351e-17 -1.655749999999997502e-03 9.438236128621628751e+00
6.324499999999999567e-01 1.728480000000000016e-01 -1.324500000000006228e-02 0.000000000000000000e+00 -5.551115123125782702e-17 0.000000000000000000e+00 0.000000000000000000e+00
