4.337750000000000217e-01 3.450329999999999786e-01 6.621999999999961251e-03 6.623000000000045517e-03 -3.310999999999980625e-03 -6.623000000000045517e-03 -2.669334734276267440e+01
4.403969999999999829e-01 3.516560000000000241e-01 3.310999999999980625e-03 0.000000000000000000e+00 -6.622249999999982317e-03 -8.278500000000021952e-03 -7.551501128232780502e+02
4.403969999999999829e-01 3.450329999999999786e-01 -6.622500000000003384e-03 -9.933999999999998387e-03 -6.622249999999982317e-03 -3.311249999999987814e-03 -2.577045540843375093e+01
4.271519999999999762e-01 3.317880000000000273e-01 -9.933499999999984009e-03 -6.622499999999975628e-03 1.387778780781445676e-17 3.311499999999995003e-03 -1.933119997677183477e+01
4.205300000000000149e-01 3.317880000000000273e-01 -6.622499999999975628e-03 -3.311000000000008381e-03 -2.500000000071889161e-07 -1.387778780781445676e-17 -2.039332038169608136e-03
4.139070000000000249e-01 3.251660000000000106e-01 -9.933999999999998387e-03 -6.622500000000003384e-03 -3.311250000000015570e-03 -2.499999999933111283e-07 -1.288401161649452220e+01
4.006620000000000181e-01 3.185430000000000206e-01 -1.324500000000000677e-02 -3.311499999999995003e-03 2.499999999933111283e-07 3.311250000000001692e-03 -1.723378431678934675e+01
3.874170000000000114e-01 3.185430000000000206e-01 -9.933500000000011765e-03 0.000000000000000000e+00 1.655749999999997502e-03 1.655749999999997502e-03 -1.677993103222850024e+01
3.807949999999999946e-01 3.185430000000000206e-01 -9.933500000000011765e-03 0.000000000000000000e+00 -2.499999999933111283e-07 1.655749999999997502e-03 -1.677993103222850024e+01
3.675499999999999878e-01 3.185430000000000206e-01 -9.933999999999998387e-03 3.311499999999995003e-03 1.655500000000004190e-03 6.622499999999989506e-03 -6.207148381855829911e+01
3.609269999999999978e-01 3.251660000000000106e-01 -6.622500000000003384e-03 1.324499999999997901e-02 3.311499999999995003e-03 4.966750000000005882e-03 -2.363606238303004403e+01
3.543049999999999811e-01 3.450329999999999786e-01 -3.311000000000008381e-03 1.324500000000000677e-02 3.311250000000001692e-03 -1.655499999999990313e-03 -1.508057306240466922e+01
3.543049999999999811e-01 3.516560000000000241e-01 0.000000000000000000e+00 9.933999999999998387e-03 1.655500000000004190e-03 -1.655750000000011379e-03 -1.677570860370213879e+01
3.543049999999999811e-01 3.649009999999999754e-01 0.000000000000000000e+00 9.933499999999984009e-03 0.000000000000000000e+00 -1.655749999999997502e-03 -0.000000000000000000e+00
3.543049999999999811e-01 3.715229999999999921e-01 0.000000000000000000e+00 6.622500000000003384e-03 3.311250000000001692e-03 1.655750000000011379e-03 -7.550018875047183542e+01
3.543049999999999811e-01 3.781459999999999821e-01 6.622500000000003384e-03 1.324500000000000677e-02 4.966750000000005882e-03 3.311250000000001692e-03 -1.350537450040081922e+01
3.675499999999999878e-01 3.980130000000000057e-01 9.933500000000011765e-03 1.324500000000000677e-02 0.000000000000000000e+00 -4.966750000000005882e-03 -1.087177545075636509e+01
3.741720000000000046e-01 4.046359999999999957e-01 6.622500000000003384e-03 3.311499999999995003e-03 -1.655500000000004190e-03 -4.966999999999999194e-03 -6.752840203183411916e+01
3.807949999999999946e-01 4.046359999999999957e-01 6.622500000000003384e-03 3.311000000000008381e-03 0.000000000000000000e+00 1.655500000000004190e-03 2.701095284777852612e+01
3.874170000000000114e-01 4.112580000000000124e-01 6.622500000000003384e-03 6.622500000000003384e-03 3.311250000000001692e-03 1.655749999999997502e-03 -1.334566618518501890e+01
3.940400000000000014e-01 4.178810000000000024e-01 1.324500000000000677e-02 6.622500000000003384e-03 4.966749999999992005e-03 -1.655749999999997502e-03 -1.688261036021635064e+01
4.139070000000000249e-01 4.245030000000000192e-01 1.655599999999998739e-02 3.311000000000008381e-03 -3.311250000000015570e-03 -4.966750000000005882e-03 -1.480706320419325550e+01
4.271519999999999762e-01 4.245030000000000192e-01 6.622499999999975628e-03 -3.311000000000008381e-03 -6.622249999999982317e-03 -4.966750000000005882e-03 -1.350568038788948968e+02
4.271519999999999762e-01 4.178810000000000024e-01 3.311500000000022759e-03 -6.622500000000003384e-03 -1.655499999999976435e-03 -1.655749999999997502e-03 -4.051581766914324589e+01
4.337750000000000217e-01 4.112580000000000124e-01 3.311500000000022759e-03 -6.622500000000003384e-03 -1.655750000000011379e-03 0.000000000000000000e+00 -2.701258436269041141e+01
4.337750000000000217e-01 4.046359999999999957e-01 0.000000000000000000e+00 -6.622500000000003384e-03 -1.655750000000011379e-03 -4.966999999999999194e-03 -3.775294451448683475e+01
4.337750000000000217e-01 3.980130000000000057e-01 0.000000000000000000e+00 -1.655650000000000177e-02 0.000000000000000000e+00 -6.622500000000003384e-03 0.000000000000000000e+00
4.337750000000000217e-01 3.715229999999999921e-01 0.000000000000000000e+00 -1.986750000000001015e-02 0.000000000000000000e+00 1.655749999999997502e-03 0.000000000000000000e+00
4.337750000000000217e-01 3.582779999999999854e-01 0.000000000000000000e+00 -1.324500000000000677e-02 0.000000000000000000e+00 3.311250000000015570e-03 0.000000000000000000e+00
4.337750000000000217e-01 3.450329999999999786e-01 0.000000000000000000e+00 -1.324499999999997901e-02 -1.655750000000011379e-03 -3.311249999999987814e-03 -9.438236128621751320e+00
4.337750000000000217e-01 3.317880000000000273e-01 -3.311500000000022759e-03 -1.986749999999998240e-02 -3.311250000000001692e-03 -3.311250000000015570e-03 -6.709130358865520449e+00
4.271519999999999762e-01 3.052980000000000138e-01 -6.622500000000003384e-03 -1.986750000000001015e-02 2.500000000210667039e-07 3.311249999999987814e-03 -2.386984826340227350e+00
4.205300000000000149e-01 2.920530000000000070e-01 -3.310999999999980625e-03 -1.324500000000000677e-02 -1.655749999999997502e-03 0.000000000000000000e+00 -8.617935047392643710e+00
4.205300000000000149e-01 2.788080000000000003e-01 -9.933999999999998387e-03 -1.986750000000001015e-02 -4.967000000000013071e-03 -3.311249999999994753e-03 -6.002675690334615233e+00
4.006620000000000181e-01 2.523179999999999867e-01 -1.324500000000000677e-02 -1.986749999999999627e-02 3.311499999999995003e-03 4.966750000000005882e-03 4.864531697129111771e-04
3.940400000000000014e-01 2.390730000000000077e-01 -3.311000000000008381e-03 -9.933999999999998387e-03 3.311250000000001692e-03 3.311249999999994753e-03 1.910078158023204509e+01
3.940400000000000014e-01 2.324499999999999900e-01 -6.622500000000003384e-03 -1.324500000000000677e-02 -1.655749999999997502e-03 -3.311000000000001442e-03 -1.019696817563465552e-03
3.807949999999999946e-01 2.125829999999999942e-01 -6.622500000000003384e-03 -1.655600000000000127e-02 1.655500000000004190e-03 1.655500000000004190e-03 2.900517770061772360e+00
3.807949999999999946e-01 1.993379999999999874e-01 -3.311499999999995003e-03 -9.933999999999998387e-03 1.655500000000004190e-03 3.311000000000001442e-03 4.773897666262161721e+00
3.741720000000000046e-01 1.927149999999999974e-01 -3.311499999999995003e-03 -9.933999999999998387e-03 1.655749999999997502e-03 -1.655499999999997252e-03 1.909991637145542853e+01
3.741720000000000046e-01 1.794699999999999906e-01 0.000000000000000000e+00 -1.324499999999999289e-02 1.655749999999997502e-03 2.500000000002500222e-07 9.438236128621650067e+00
3.741720000000000046e-01 1.662250000000000116e-01 0.000000000000000000e+00 -9.933499999999997887e-03 3.311250000000001692e-03 3.311249999999994753e-03 3.355732847982297073e+01
3.741720000000000046e-01 1.596029999999999949e-01 6.622500000000003384e-03 -6.622500000000003384e-03 4.966999999999999194e-03 1.655499999999997252e-03 5.338669544632286801e+01
3.874170000000000114e-01 1.529800000000000049e-01 9.933999999999998387e-03 -6.622500000000003384e-03 3.311250000000001692e-03 1.655749999999997502e-03 2.255054701264076655e+01
3.940400000000000014e-01 1.463579999999999881e-01 1.324500000000000677e-02 -3.311000000000008381e-03 1.655500000000004190e-03 3.311250000000001692e-03 1.938856470075875649e+01
4.139070000000000249e-01 1.463579999999999881e-01 1.324500000000000677e-02 0.000000000000000000e+00 -1.655500000000004190e-03 1.655500000000004190e-03 9.436811058996328327e+00
4.205300000000000149e-01 1.463579999999999881e-01 9.933999999999998387e-03 0.000000000000000000e+00 1.655499999999990313e-03 3.311250000000001692e-03 3.355395053700308239e+01
4.337750000000000217e-01 1.463579999999999881e-01 1.655599999999998739e-02 6.622500000000003384e-03 3.310999999999994503e-03 4.966750000000005882e-03 1.063601051707832745e+01
4.536419999999999897e-01 1.596029999999999949e-01 1.655599999999998739e-02 9.933500000000011765e-03 -3.310999999999994503e-03 1.655499999999997252e-03 8.377872660816928274e+00
4.668869999999999965e-01 1.662250000000000116e-01 9.933999999999998387e-03 9.933499999999997887e-03 -3.310999999999994503e-03 3.311499999999988064e-03 2.372742022090784886e+01
4.735099999999999865e-01 1.794699999999999906e-01 9.933999999999998387e-03 1.655649999999998789e-02 -1.655749999999997502e-03 3.311500000000001942e-03 8.378589785440338389e+00
4.867549999999999932e-01 1.993379999999999874e-01 6.622500000000003384e-03 1.655650000000000177e-02 -3.311499999999995003e-03 -1.655749999999990563e-03 7.735618593401131449e+00
4.867549999999999932e-01 2.125829999999999942e-01 3.311000000000008381e-03 1.324500000000000677e-02 0.000000000000000000e+00 -3.311500000000001942e-03 -4.308642195834973876e+00
4.933770000000000100e-01 2.258280000000000010e-01 6.622500000000003384e-03 9.933499999999997887e-03 2.499999999933111283e-07 -3.311250000000001692e-03 -1.288827743659996372e+01
5.000000000000000000e-01 2.324499999999999900e-01 3.311499999999995003e-03 6.622500000000003384e-03 -3.311250000000001692e-03 -4.966749999999998944e-03 1.350323330645352726e+01
5.000000000000000000e-01 2.390730000000000077e-01 0.000000000000000000e+00 0.000000000000000000e+00 1.387778780781445676e-17 -4.967000000000006132e-03 0.000000000000000000e+00
5.000000000000000000e-01 2.324499999999999900e-01 3.311500000000022759e-03 -3.311500000000008881e-03 1.655750000000011379e-03 -1.655499999999997252e-03 8.060194027863698887e-03
5.066230000000000455e-01 2.324499999999999900e-01 3.311500000000022759e-03 -3.310999999999994503e-03 1.655499999999976435e-03 -3.310999999999994503e-03 -5.339475548798532145e+01
5.066230000000000455e-01 2.258280000000000010e-01 6.622499999999975628e-03 -9.933499999999997887e-03 3.310999999999980625e-03 -3.311500000000001942e-03 6.440490183915430045e+00
5.198679999999999968e-01 2.125829999999999942e-01 9.933499999999984009e-03 -9.933999999999998387e-03 3.311250000000015570e-03 1.655499999999997252e-03 1.779526657235522435e+01
5.264900000000000135e-01 2.059600000000000042e-01 1.324500000000000677e-02 -6.622500000000003384e-03 3.311499999999995003e-03 1.655749999999997502e-03 1.350690404562714342e+01
5.463580000000000103e-01 1.993379999999999874e-01 1.655649999999997402e-02 -6.622500000000003384e-03 3.311249999999987814e-03 1.655500000000004190e-03 8.701457677210981956e+00
5.596029999999999616e-01 1.927149999999999974e-01 1.986749999999998240e-02 -3.311499999999995003e-03 1.655500000000031946e-03 3.311250000000001692e-03 8.722001165247675658e+00
5.860929999999999751e-01 1.927149999999999974e-01 1.986750000000003791e-02 0.000000000000000000e+00 -3.311249999999987814e-03 4.966999999999999194e-03 1.258368147388422464e+01
5.993380000000000374e-01 1.927149999999999974e-01 1.324500000000000677e-02 6.622500000000003384e-03 -4.967000000000026949e-03 4.966999999999999194e-03 3.038900455743480578e+01
6.125829999999999886e-01 2.059600000000000042e-01 9.933499999999984009e-03 9.933999999999998387e-03 -3.311249999999987814e-03 6.622499999999996445e-03 3.559083169295176674e+01
6.192050000000000054e-01 2.125829999999999942e-01 6.622500000000031140e-03 1.986749999999999627e-02 -3.310999999999980625e-03 6.622250000000003134e-03 1.193690697667116751e+01
6.258280000000000509e-01 2.456949999999999967e-01 3.311500000000022759e-03 2.317850000000000465e-02 -3.311250000000015570e-03 6.938893903907228378e-18 5.979407916631083175e+00
6.258280000000000509e-01 2.589400000000000035e-01 0.000000000000000000e+00 1.986750000000001015e-02 -3.311500000000022759e-03 -1.655499999999997252e-03 8.389543225441519425e+00
6.258280000000000509e-01 2.854300000000000170e-01 -3.311500000000022759e-03 1.986750000000001015e-02 -4.966999999999999194e-03 2.499999999933111283e-07 1.207681961498461121e+01
6.192050000000000054e-01 2.986750000000000238e-01 -9.933999999999998387e-03 1.986799999999999677e-02 -8.277999999999979819e-03 2.499999999933111283e-07 1.500532968710545134e+01
6.059600000000000541e-01 3.251660000000000106e-01 -1.986749999999998240e-02 1.986799999999999677e-02 -8.278000000000007574e-03 -3.311499999999995003e-03 1.038065302672312384e+01
5.794700000000000406e-01 3.384110000000000174e-01 -2.649000000000001354e-02 1.324500000000000677e-02 -2.775557561562891351e-17 -3.311500000000008881e-03 3.376726011406813832e+00
5.529800000000000271e-01 3.516560000000000241e-01 -1.986750000000003791e-02 1.324499999999997901e-02 6.622500000000003384e-03 -1.655750000000011379e-03 -4.026737725727523198e+00
5.397349999999999648e-01 3.649009999999999754e-01 -1.324500000000000677e-02 9.933499999999984009e-03 3.311250000000015570e-03 -1.655749999999983624e-03 -2.415524466274610926e+00
5.264900000000000135e-01 3.715229999999999921e-01 -1.324500000000000677e-02 9.933500000000011765e-03 3.311249999999987814e-03 2.500000000071889161e-07 -7.248762365263368146e+00
5.132449999999999513e-01 3.847679999999999989e-01 -6.622500000000031140e-03 9.933999999999998387e-03 6.622500000000003384e-03 -1.655500000000004190e-03 -3.221513662436051106e+01
5.132449999999999513e-01 3.913909999999999889e-01 0.000000000000000000e+00 6.622500000000003384e-03 4.967000000000026949e-03 -3.311499999999995003e-03 -1.132531332649589899e+02
5.132449999999999513e-01 3.980130000000000057e-01 3.311500000000022759e-03 3.311000000000008381e-03 6.622500000000003384e-03 -1.655500000000004190e-03 -2.669173518227064505e+02
5.198679999999999968e-01 3.980130000000000057e-01 1.324500000000000677e-02 3.311499999999995003e-03 1.158924999999999539e-02 2.499999999933111283e-07 -1.507952062457151321e+01
5.397349999999999648e-01 4.046359999999999957e-01 2.649000000000001354e-02 3.311499999999995003e-03 1.158950000000000258e-02 -2.499999999933111283e-07 -2.017515737010388666e+00
5.728480000000000238e-01 4.046359999999999957e-01 3.642400000000001192e-02 3.311000000000008381e-03 3.311249999999987814e-03 1.655500000000004190e-03 1.008424959129487597e+00
6.125829999999999886e-01 4.112580000000000124e-01 3.311249999999998916e-02 6.622500000000003384e-03 -2.500000000071889161e-07 1.655749999999997502e-03 1.423881759920230694e+00
6.390730000000000022e-01 4.178810000000000024e-01 3.642349999999999755e-02 6.622500000000003384e-03 1.655750000000011379e-03 -1.655749999999997502e-03 -1.404737861670742660e+00
6.854299999999999837e-01 4.245030000000000192e-01 3.642400000000001192e-02 3.311000000000008381e-03 1.656000000000018568e-03 -3.311250000000001692e-03 -2.577292810141400548e+00
7.119210000000000260e-01 4.245030000000000192e-01 3.973550000000003468e-02 0.000000000000000000e+00 1.158924999999999539e-02 -1.655500000000004190e-03 -1.048508174422988715e+00
7.649010000000000531e-01 4.245030000000000192e-01 5.960250000000000270e-02 0.000000000000000000e+00 4.966499999999957060e-03 -1.655500000000004190e-03 -4.660153609380907613e-01
8.311260000000000314e-01 4.245030000000000192e-01 4.966849999999994880e-02 -3.311000000000008381e-03 -1.986750000000001015e-02 -3.311250000000001692e-03 -1.866640562490429422e+00
8.642379999999999507e-01 4.178810000000000024e-01 1.986749999999998240e-02 -6.622500000000003384e-03 -2.152299999999995883e-02 -3.311499999999995003e-03 -2.268194386787480710e+01
8.708609999999999962e-01 4.112580000000000124e-01 6.622500000000031140e-03 -9.933999999999998387e-03 -9.933749999999991198e-03 -4.966750000000005882e-03 -7.731379847419695750e+01
8.774830000000000130e-01 3.980130000000000057e-01 0.000000000000000000e+00 -1.655600000000001515e-02 -9.933750000000018954e-03 -3.311000000000008381e-03 -3.624118507848869797e+01
8.708609999999999962e-01 3.781459999999999821e-01 -1.324500000000000677e-02 -1.655600000000001515e-02 -9.933749999999991198e-03 3.311000000000008381e-03 -2.185675882988314100e+01
8.509929999999999994e-01 3.649009999999999754e-01 -1.986749999999998240e-02 -9.933999999999998387e-03 -3.311249999999987814e-03 6.622250000000010073e-03 -1.500593390626604773e+01
8.311260000000000314e-01 3.582779999999999854e-01 -1.986749999999998240e-02 -3.311499999999995003e-03 3.311249999999987814e-03 6.622749999999996695e-03 -1.476081621899475316e+01
8.112580000000000346e-01 3.582779999999999854e-01 -1.324500000000000677e-02 3.311499999999995003e-03 6.622499999999975628e-03 8.278250000000000886e-03 -5.170363008647566971e+01
8.046360000000000179e-01 3.649009999999999754e-01 -6.622500000000031140e-03 1.324500000000000677e-02 4.966749999999992005e-03 4.966750000000005882e-03 -3.038747501220832703e+01
7.980129999999999724e-01 3.847679999999999989e-01 -3.311500000000022759e-03 1.324500000000000677e-02 3.311250000000015570e-03 -1.655500000000004190e-03 -1.507984594376397247e+01
7.980129999999999724e-01 3.913909999999999889e-01 0.000000000000000000e+00 9.933999999999998387e-03 3.311500000000022759e-03 -3.311250000000001692e-03 -3.355648386660215721e+01
7.980129999999999724e-01 4.046359999999999957e-01 3.311500000000022759e-03 6.622500000000003384e-03 4.966999999999999194e-03 -1.655749999999997502e-03 -9.454098639452408293e+01
8.046360000000000179e-01 4.046359999999999957e-01 9.933999999999998387e-03 6.622500000000003384e-03 4.966749999999964249e-03 3.311250000000001692e-03 9.728554879790478034e-04
8.178809999999999691e-01 4.178810000000000024e-01 1.324499999999995126e-02 1.324500000000000677e-02 3.310999999999952870e-03 6.622500000000003384e-03 6.673840768988319461e+00
