3.079470000000000263e-01 2.854300000000000170e-01 -6.622000000000016762e-03 0.000000000000000000e+00 -4.999999999866222566e-07 0.000000000000000000e+00 0.000000000000000000e+00
3.013250000000000095e-01 2.854300000000000170e-01 -6.622500000000003384e-03 0.000000000000000000e+00 -5.000000000005000445e-07 0.000000000000000000e+00 0.000000000000000000e+00
2.947020000000000195e-01 2.854300000000000170e-01 -6.623000000000017762e-03 0.000000000000000000e+00 0.000000000000000000e+00 0.000000000000000000e+00 -0.000000000000000000e+00
2.880789999999999740e-01 2.854300000000000170e-01 -6.622500000000003384e-03 0.000000000000000000e+00 1.656000000000018568e-03 1.655749999999997502e-03 -3.775294451448651500e+01
2.814570000000000127e-01 2.854300000000000170e-01 -3.310999999999980625e-03 3.311499999999995003e-03 1.655500000000004190e-03 1.655749999999997502e-03 -1.067733893710515787e+02
2.814570000000000127e-01 2.920530000000000070e-01 -3.311499999999995003e-03 3.311499999999995003e-03 -1.655750000000011379e-03 1.655500000000004190e-03 8.060194027872096684e-03
2.748340000000000227e-01 2.920530000000000070e-01 -6.622500000000003384e-03 6.622500000000003384e-03 2.499999999933111283e-07 3.311250000000001692e-03 -2.669536307595288704e+01
2.682120000000000060e-01 3.052980000000000138e-01 -3.311000000000008381e-03 9.933999999999998387e-03 3.311250000000001692e-03 0.000000000000000000e+00 -2.864973036660504491e+01
2.682120000000000060e-01 3.119210000000000038e-01 0.000000000000000000e+00 6.622500000000003384e-03 1.655500000000004190e-03 -1.655749999999997502e-03 -3.774724423598531331e+01
2.682120000000000060e-01 3.185430000000000206e-01 0.000000000000000000e+00 6.622500000000003384e-03 1.655500000000004190e-03 0.000000000000000000e+00 -3.774724423598531331e+01
2.682120000000000060e-01 3.251660000000000106e-01 3.311000000000008381e-03 6.622500000000003384e-03 1.655500000000004190e-03 0.000000000000000000e+00 -2.701095284777852612e+01
2.748340000000000227e-01 3.317880000000000273e-01 3.311000000000008381e-03 6.622500000000003384e-03 2.499999999933111283e-07 -1.655500000000004190e-03 -1.350853572990984830e+01
2.748340000000000227e-01 3.384110000000000174e-01 3.311499999999995003e-03 3.311499999999995003e-03 1.655749999999983624e-03 -1.655750000000011379e-03 -1.067653300900722400e+02
2.814570000000000127e-01 3.384110000000000174e-01 6.622499999999975628e-03 3.310999999999980625e-03 1.655500000000004190e-03 -2.500000000071889161e-07 -1.350853572991016271e+01
2.880789999999999740e-01 3.450329999999999786e-01 6.622500000000003384e-03 3.310999999999980625e-03 2.500000000210667039e-07 -1.655499999999990313e-03 -2.701299217981694767e+01
2.947020000000000195e-01 3.450329999999999786e-01 6.623000000000017762e-03 0.000000000000000000e+00 0.000000000000000000e+00 -1.655499999999990313e-03 -3.774154503330002086e+01
3.013250000000000095e-01 3.450329999999999786e-01 6.622500000000003384e-03 0.000000000000000000e+00 -1.656000000000004690e-03 1.655750000000011379e-03 3.775294451448683475e+01
3.079470000000000263e-01 3.450329999999999786e-01 3.311000000000008381e-03 3.311500000000022759e-03 -1.655500000000004190e-03 1.655750000000011379e-03 1.067733893710502713e+02
3.079470000000000263e-01 3.516560000000000241e-01 3.311499999999995003e-03 3.311500000000022759e-03 1.655749999999983624e-03 -1.655750000000011379e-03 -1.067653300900713731e+02
3.145700000000000163e-01 3.516560000000000241e-01 6.622499999999975628e-03 0.000000000000000000e+00 -2.500000000071889161e-07 -3.311500000000022759e-03 -7.550588902897430899e+01
3.211919999999999775e-01 3.516560000000000241e-01 3.310999999999980625e-03 -3.311500000000022759e-03 -1.655499999999976435e-03 -1.655750000000011379e-03 -1.067733893710502429e+02
3.211919999999999775e-01 3.450329999999999786e-01 3.311500000000022759e-03 -3.311500000000022759e-03 1.655750000000011379e-03 1.655750000000011379e-03 1.067653300900713731e+02
3.278150000000000230e-01 3.450329999999999786e-01 6.622500000000003384e-03 0.000000000000000000e+00 -2.500000000210667039e-07 2.500000000210667039e-07 5.700278501837218077e-03
3.344369999999999843e-01 3.450329999999999786e-01 3.310999999999980625e-03 -3.310999999999980625e-03 -1.655500000000004190e-03 -3.311249999999987814e-03 -1.601802419973253393e+02
3.344369999999999843e-01 3.384110000000000174e-01 3.311499999999995003e-03 -6.622499999999975628e-03 1.655750000000011379e-03 -1.655750000000011379e-03 1.350527245373631580e+01
3.410599999999999743e-01 3.317880000000000273e-01 6.622500000000003384e-03 -6.622500000000003384e-03 -2.499999999933111283e-07 -1.387778780781445676e-17 -2.015352791538620441e-03
3.476819999999999911e-01 3.251660000000000106e-01 3.311000000000008381e-03 -6.622500000000003384e-03 -3.311250000000001692e-03 0.000000000000000000e+00 -5.402598466759678075e+01
3.476819999999999911e-01 3.185430000000000206e-01 0.000000000000000000e+00 -6.622500000000003384e-03 -1.655500000000004190e-03 0.000000000000000000e+00 -3.774724423598531331e+01
3.476819999999999911e-01 3.119210000000000038e-01 0.000000000000000000e+00 -6.622500000000003384e-03 0.000000000000000000e+00 -2.499999999933111283e-07 0.000000000000000000e+00
3.476819999999999911e-01 3.052980000000000138e-01 0.000000000000000000e+00 -6.622999999999990006e-03 0.000000000000000000e+00 0.000000000000000000e+00 0.000000000000000000e+00
3.476819999999999911e-01 2.986750000000000238e-01 0.000000000000000000e+00 -6.622500000000003384e-03 0.000000000000000000e+00 2.499999999933111283e-07 0.000000000000000000e+00
3.476819999999999911e-01 2.920530000000000070e-01 0.000000000000000000e+00 -6.622500000000003384e-03 -1.655500000000004190e-03 0.000000000000000000e+00 -3.774724423598531331e+01
3.476819999999999911e-01 2.854300000000000170e-01 -3.311000000000008381e-03 -6.622500000000003384e-03 -3.311250000000001692e-03 0.000000000000000000e+00 -5.402598466759678075e+01
3.410599999999999743e-01 2.788080000000000003e-01 -6.622500000000003384e-03 -6.622500000000003384e-03 -1.655749999999983624e-03 0.000000000000000000e+00 -1.334768153797633339e+01
3.344369999999999843e-01 2.721850000000000103e-01 -6.622499999999975628e-03 -6.622500000000003384e-03 0.000000000000000000e+00 1.655749999999997502e-03 -1.334768153797647372e+01
3.278150000000000230e-01 2.655629999999999935e-01 -6.622500000000003384e-03 -3.311000000000008381e-03 -1.387778780781445676e-17 1.655500000000004190e-03 -2.701095284777863981e+01
3.211919999999999775e-01 2.655629999999999935e-01 -6.622500000000003384e-03 -3.311499999999995003e-03 1.387778780781445676e-17 -1.655749999999997502e-03 2.701258436269043628e+01
3.145700000000000163e-01 2.589400000000000035e-01 -6.622499999999975628e-03 -6.622500000000003384e-03 0.000000000000000000e+00 2.499999999933111283e-07 -2.015352791426750726e-03
3.079470000000000263e-01 2.523179999999999867e-01 -6.622500000000003384e-03 -3.311000000000008381e-03 -1.387778780781445676e-17 1.655500000000004190e-03 -2.701095284777863981e+01
3.013250000000000095e-01 2.523179999999999867e-01 -6.622500000000003384e-03 -3.311499999999995003e-03 -2.500000000071889161e-07 -2.499999999933111283e-07 2.039147282594753422e-03
2.947020000000000195e-01 2.456949999999999967e-01 -6.623000000000017762e-03 -3.311499999999995003e-03 1.655499999999990313e-03 2.500000000002500222e-07 1.349874747181088352e+01
2.880789999999999740e-01 2.456949999999999967e-01 -3.311500000000022759e-03 -3.310999999999994503e-03 1.656000000000018568e-03 -1.655500000000004190e-03 1.067814501735098816e+02
2.880789999999999740e-01 2.390730000000000077e-01 -3.310999999999980625e-03 -6.622500000000003384e-03 -1.655499999999976435e-03 -1.655750000000004440e-03 -1.350445675786979471e+01
2.814570000000000127e-01 2.324499999999999900e-01 -6.622499999999975628e-03 -6.622500000000003384e-03 -2.500000000071889161e-07 6.938893903907228378e-18 -2.015352791594570911e-03
2.748340000000000227e-01 2.258280000000000010e-01 -3.311499999999995003e-03 -6.622499999999989506e-03 1.655749999999983624e-03 0.000000000000000000e+00 2.701258436269018048e+01
2.748340000000000227e-01 2.192050000000000110e-01 -3.311000000000008381e-03 -6.622500000000003384e-03 2.499999999933111283e-07 -6.938893903907228378e-18 4.078972039781122126e-03
2.682120000000000060e-01 2.125829999999999942e-01 -3.311000000000008381e-03 -6.622500000000003384e-03 1.655500000000004190e-03 0.000000000000000000e+00 2.701095284777852612e+01
2.682120000000000060e-01 2.059600000000000042e-01 0.000000000000000000e+00 -6.622500000000003384e-03 1.655500000000004190e-03 0.000000000000000000e+00 3.774724423598531331e+01
2.682120000000000060e-01 1.993379999999999874e-01 0.000000000000000000e+00 -6.622500000000003384e-03 0.000000000000000000e+00 6.938893903907228378e-18 0.000000000000000000e+00
2.682120000000000060e-01 1.927149999999999974e-01 0.000000000000000000e+00 -6.622499999999989506e-03 0.000000000000000000e+00 0.000000000000000000e+00 0.000000000000000000e+00
2.682120000000000060e-01 1.860930000000000084e-01 0.000000000000000000e+00 -6.622500000000003384e-03 0.000000000000000000e+00 -6.938893903907228378e-18 0.000000000000000000e+00
2.682120000000000060e-01 1.794699999999999906e-01 0.000000000000000000e+00 -6.622500000000003384e-03 1.655500000000004190e-03 6.938893903907228378e-18 3.774724423598531331e+01
2.682120000000000060e-01 1.728480000000000016e-01 3.311000000000008381e-03 -6.622499999999989506e-03 1.655500000000004190e-03 0.000000000000000000e+00 2.701095284777861139e+01
2.748340000000000227e-01 1.662250000000000116e-01 3.311000000000008381e-03 -6.622500000000003384e-03 2.499999999933111283e-07 -6.938893903907228378e-18 4.078972039667916674e-03
2.748340000000000227e-01 1.596029999999999949e-01 3.311499999999995003e-03 -6.622500000000003384e-03 1.655749999999983624e-03 0.000000000000000000e+00 2.701258436269009877e+01
2.814570000000000127e-01 1.529800000000000049e-01 6.622499999999975628e-03 -6.622500000000003384e-03 -2.500000000071889161e-07 0.000000000000000000e+00 -2.015352791538633885e-03
2.880789999999999740e-01 1.463579999999999881e-01 3.310999999999980625e-03 -6.622500000000003384e-03 -1.655499999999976435e-03 6.938893903907228378e-18 -2.701095284777815309e+01
2.880789999999999740e-01 1.397349999999999981e-01 3.311500000000022759e-03 -6.622499999999989506e-03 1.656000000000018568e-03 0.000000000000000000e+00 2.701666296519139721e+01
2.947020000000000195e-01 1.331130000000000091e-01 6.623000000000017762e-03 -6.622500000000003384e-03 1.655499999999990313e-03 -6.938893903907228378e-18 1.334415487029230540e+01
3.013250000000000095e-01 1.264899999999999913e-01 6.622500000000003384e-03 -6.622500000000003384e-03 -2.500000000071889161e-07 3.469446951953614189e-18 -2.015352791510652362e-03
3.079470000000000263e-01 1.198680000000000023e-01 6.622500000000003384e-03 -6.622499999999996445e-03 -1.387778780781445676e-17 1.655500000000000721e-03 1.334566618518489989e+01
3.145700000000000163e-01 1.132449999999999984e-01 6.622499999999975628e-03 -3.311500000000001942e-03 0.000000000000000000e+00 3.311249999999998223e-03 5.402109012288017453e+01
3.211919999999999775e-01 1.132449999999999984e-01 6.622500000000003384e-03 0.000000000000000000e+00 1.387778780781445676e-17 1.655750000000000971e-03 3.775294451448660027e+01
3.278150000000000230e-01 1.132449999999999984e-01 6.622500000000003384e-03 0.000000000000000000e+00 -1.387778780781445676e-17 0.000000000000000000e+00 0.000000000000000000e+00
3.344369999999999843e-01 1.132449999999999984e-01 6.622499999999975628e-03 0.000000000000000000e+00 0.000000000000000000e+00 0.000000000000000000e+00 0.000000000000000000e+00
3.410599999999999743e-01 1.132449999999999984e-01 6.622500000000003384e-03 0.000000000000000000e+00 1.387778780781445676e-17 1.655750000000000971e-03 3.775294451448660027e+01
3.476819999999999911e-01 1.132449999999999984e-01 6.622500000000003384e-03 3.311500000000001942e-03 -1.655500000000004190e-03 3.311249999999998223e-03 6.752636257661603736e+01
3.543049999999999811e-01 1.198680000000000023e-01 3.311499999999995003e-03 6.622499999999996445e-03 -1.655749999999997502e-03 -2.500000000037194692e-07 2.701054490747231185e+01
3.543049999999999811e-01 1.264899999999999913e-01 3.311000000000008381e-03 3.310999999999994503e-03 -2.499999999933111283e-07 -1.655499999999993782e-03 -5.338266382766807538e+01
3.609269999999999978e-01 1.264899999999999913e-01 3.311000000000008381e-03 3.311500000000008881e-03 2.499999999933111283e-07 3.311500000000001942e-03 1.067653273513154062e+02
3.609269999999999978e-01 1.331130000000000091e-01 3.311499999999995003e-03 9.933999999999998387e-03 2.499999999933111283e-07 3.310999999999994503e-03 9.547074200012056977e+00
3.675499999999999878e-01 1.463579999999999881e-01 3.311499999999995003e-03 9.933499999999997887e-03 -1.655749999999997502e-03 -1.655749999999997502e-03 9.550534975243836655e+00
3.675499999999999878e-01 1.529800000000000049e-01 0.000000000000000000e+00 6.622500000000003384e-03 -2.499999999933111283e-07 -1.655499999999997252e-03 5.700278501204359728e-03
3.675499999999999878e-01 1.596029999999999949e-01 3.311000000000008381e-03 6.622500000000003384e-03 1.655500000000004190e-03 0.000000000000000000e+00 -2.701095284777852612e+01
3.741720000000000046e-01 1.662250000000000116e-01 3.311000000000008381e-03 6.622500000000003384e-03 -1.655500000000004190e-03 -6.938893903907228378e-18 2.701095284777846928e+01
3.741720000000000046e-01 1.728480000000000016e-01 0.000000000000000000e+00 6.622499999999989506e-03 -1.655500000000004190e-03 0.000000000000000000e+00 3.774724423598548384e+01
3.741720000000000046e-01 1.794699999999999906e-01 0.000000000000000000e+00 6.622500000000003384e-03 0.000000000000000000e+00 6.938893903907228378e-18 0.000000000000000000e+00
3.741720000000000046e-01 1.860930000000000084e-01 0.000000000000000000e+00 6.622500000000003384e-03 0.000000000000000000e+00 -6.938893903907228378e-18 -0.000000000000000000e+00
3.741720000000000046e-01 1.927149999999999974e-01 0.000000000000000000e+00 6.622499999999989506e-03 0.000000000000000000e+00 0.000000000000000000e+00 0.000000000000000000e+00
3.741720000000000046e-01 1.993379999999999874e-01 0.000000000000000000e+00 6.622500000000003384e-03 0.000000000000000000e+00 -3.311249999999994753e-03 -0.000000000000000000e+00
3.741720000000000046e-01 2.059600000000000042e-01 0.000000000000000000e+00 0.000000000000000000e+00 0.000000000000000000e+00 -6.622500000000003384e-03 0.000000000000000000e+00
3.741720000000000046e-01 1.993379999999999874e-01 0.000000000000000000e+00 -6.622500000000003384e-03 0.000000000000000000e+00 -3.311249999999994753e-03 0.000000000000000000e+00
3.741720000000000046e-01 1.927149999999999974e-01 0.000000000000000000e+00 -6.622499999999989506e-03 0.000000000000000000e+00 0.000000000000000000e+00 0.000000000000000000e+00
3.741720000000000046e-01 1.860930000000000084e-01 0.000000000000000000e+00 -6.622500000000003384e-03 0.000000000000000000e+00 -1.655750000000004440e-03 0.000000000000000000e+00
3.741720000000000046e-01 1.794699999999999906e-01 0.000000000000000000e+00 -9.933999999999998387e-03 1.655749999999997502e-03 -1.655499999999997252e-03 1.677824193330093649e+01
3.741720000000000046e-01 1.662250000000000116e-01 3.311499999999995003e-03 -9.933499999999997887e-03 3.311250000000001692e-03 1.655749999999997502e-03 3.342687263111629647e+01
3.807949999999999946e-01 1.596029999999999949e-01 6.622500000000003384e-03 -6.622500000000003384e-03 -2.499999999933111283e-07 1.655499999999997252e-03 1.334365083239353567e+01
3.874170000000000114e-01 1.529800000000000049e-01 3.311000000000008381e-03 -6.622500000000003384e-03 -1.655500000000004190e-03 0.000000000000000000e+00 -2.701095284777852612e+01
3.874170000000000114e-01 1.463579999999999881e-01 3.311499999999995003e-03 -6.622500000000003384e-03 1.655749999999997502e-03 6.938893903907228378e-18 2.701258436269038299e+01
3.940400000000000014e-01 1.397349999999999981e-01 6.622500000000003384e-03 -6.622499999999989506e-03 1.655500000000004190e-03 0.000000000000000000e+00 1.334566618518503311e+01
4.006620000000000181e-01 1.331130000000000091e-01 6.622500000000003384e-03 -6.622500000000003384e-03 0.000000000000000000e+00 -6.938893903907228378e-18 -5.593727679611049038e-14
4.072850000000000081e-01 1.264899999999999913e-01 6.622500000000003384e-03 -6.622500000000003384e-03 0.000000000000000000e+00 1.655750000000004440e-03 1.334768153797650037e+01
4.139070000000000249e-01 1.198680000000000023e-01 6.622500000000003384e-03 -3.310999999999994503e-03 -1.387778780781445676e-17 3.311250000000001692e-03 5.402598466759680207e+01
4.205300000000000149e-01 1.198680000000000023e-01 6.622499999999975628e-03 0.000000000000000000e+00 0.000000000000000000e+00 1.655499999999997252e-03 3.774724423598547673e+01
4.271519999999999762e-01 1.198680000000000023e-01 6.622500000000003384e-03 0.000000000000000000e+00 1.387778780781445676e-17 0.000000000000000000e+00 0.000000000000000000e+00
4.337750000000000217e-01 1.198680000000000023e-01 6.622500000000003384e-03 0.000000000000000000e+00 -1.387778780781445676e-17 0.000000000000000000e+00 0.000000000000000000e+00
4.403969999999999829e-01 1.198680000000000023e-01 6.622499999999975628e-03 0.000000000000000000e+00 0.000000000000000000e+00 1.655499999999997252e-03 3.774724423598547673e+01
4.470199999999999729e-01 1.198680000000000023e-01 6.622500000000003384e-03 3.310999999999994503e-03 -1.655749999999983624e-03 3.311250000000001692e-03 6.753248075750518353e+01
4.536419999999999897e-01 1.264899999999999913e-01 3.311000000000008381e-03 6.622500000000003384e-03 -1.655500000000004190e-03 1.655750000000004440e-03 4.051744893768699285e+01
4.536419999999999897e-01 1.331130000000000091e-01 3.311499999999995003e-03 6.622500000000003384e-03 2.499999999933111283e-07 -6.938893903907228378e-18 -4.078602500731168951e-03
4.602649999999999797e-01 1.397349999999999981e-01 3.311499999999995003e-03 6.622499999999989506e-03 -2.499999999933111283e-07 0.000000000000000000e+00 4.078602500674576199e-03
4.602649999999999797e-01 1.463579999999999881e-01 3.311000000000008381e-03 6.622500000000003384e-03 -2.499999999933111283e-07 6.938893903907228378e-18 4.078972039781122126e-03
4.668869999999999965e-01 1.529800000000000049e-01 3.311000000000008381e-03 6.622500000000003384e-03 -1.655500000000004190e-03 0.000000000000000000e+00 2.701095284777852612e+01
4.668869999999999965e-01 1.596029999999999949e-01 0.000000000000000000e+00 6.622500000000003384e-03 -1.655500000000004190e-03 0.000000000000000000e+00 3.774724423598531331e+01
4.668869999999999965e-01 1.662250000000000116e-01 0.000000000000000000e+00 6.622500000000003384e-03 0.000000000000000000e+00 -6.938893903907228378e-18 -0.000000000000000000e+00
4.668869999999999965e-01 1.728480000000000016e-01 0.000000000000000000e+00 6.622499999999989506e-03 0.000000000000000000e+00 1.655499999999997252e-03 0.000000000000000000e+00
4.668869999999999965e-01 1.794699999999999906e-01 0.000000000000000000e+00 9.933499999999997887e-03 0.000000000000000000e+00 1.655750000000004440e-03 0.000000000000000000e+00
4.668869999999999965e-01 1.927149999999999974e-01 0.000000000000000000e+00 9.933999999999998387e-03 0.000000000000000000e+00 -1.655499999999997252e-03 -0.000000000000000000e+00
4.668869999999999965e-01 1.993379999999999874e-01 0.000000000000000000e+00 6.622500000000003384e-03 -1.655500000000004190e-03 -3.311499999999995003e-03 3.774724423598531331e+01
4.668869999999999965e-01 2.059600000000000042e-01 -3.311000000000008381e-03 3.311000000000008381e-03 -1.655500000000004190e-03 -1.655500000000004190e-03 1.067814529124955811e+02
4.602649999999999797e-01 2.059600000000000042e-01 -3.311000000000008381e-03 3.311499999999995003e-03 -2.499999999933111283e-07 3.311499999999995003e-03 -1.067653273513158467e+02
4.602649999999999797e-01 2.125829999999999942e-01 -3.311499999999995003e-03 9.933999999999998387e-03 -2.499999999933111283e-07 3.311000000000001442e-03 -9.547074200012078293e+00
4.536419999999999897e-01 2.258280000000000010e-01 -3.311499999999995003e-03 9.933499999999997887e-03 1.655749999999997502e-03 -1.655749999999997502e-03 -9.550534975243836655e+00
4.536419999999999897e-01 2.324499999999999900e-01 0.000000000000000000e+00 6.622500000000003384e-03 2.499999999933111283e-07 -1.655499999999997252e-03 -5.700278501204359728e-03
4.536419999999999897e-01 2.390730000000000077e-01 -3.311000000000008381e-03 6.622500000000003384e-03 -1.655500000000004190e-03 -6.938893903907228378e-18 2.701095284777858652e+01
4.470199999999999729e-01 2.456949999999999967e-01 -3.311000000000008381e-03 6.622499999999989506e-03 -2.499999999933111283e-07 0.000000000000000000e+00 4.078972039724531977e-03
4.470199999999999729e-01 2.523179999999999867e-01 -3.311499999999995003e-03 6.622500000000003384e-03 -2.499999999933111283e-07 6.938893903907228378e-18 4.078602500617956560e-03
4.403969999999999829e-01 2.589400000000000035e-01 -3.311499999999995003e-03 6.622500000000003384e-03 2.500000000071889161e-07 0.000000000000000000e+00 -4.078602500900970623e-03
4.403969999999999829e-01 2.655629999999999935e-01 -3.310999999999980625e-03 6.622500000000003384e-03 -1.655500000000004190e-03 1.655500000000004190e-03 1.350649608990858574e+01
4.337750000000000217e-01 2.721850000000000103e-01 -6.622500000000003384e-03 9.933500000000011765e-03 -2.500000000210667039e-07 1.655749999999997502e-03 -6.442436098303788050e+00
4.271519999999999762e-01 2.854300000000000170e-01 -3.311500000000022759e-03 9.933999999999998387e-03 1.655750000000011379e-03 -3.311000000000008381e-03 -4.776060628332232660e+00
4.271519999999999762e-01 2.920530000000000070e-01 -3.310999999999980625e-03 3.311499999999995003e-03 -1.655499999999976435e-03 -3.311499999999995003e-03 1.601600840565762383e+02
4.205300000000000149e-01 2.920530000000000070e-01 -6.622499999999975628e-03 3.311000000000008381e-03 -2.500000000071889161e-07 1.655500000000004190e-03 -2.700891351574029642e+01
4.139070000000000249e-01 2.986750000000000238e-01 -3.311499999999995003e-03 6.622500000000003384e-03 1.655749999999983624e-03 2.499999999933111283e-07 -2.701462381790806688e+01
4.139070000000000249e-01 3.052980000000000138e-01 -3.311000000000008381e-03 3.311499999999995003e-03 1.655749999999997502e-03 -3.311250000000001692e-03 5.337057186333179004e+01
4.072850000000000081e-01 3.052980000000000138e-01 0.000000000000000000e+00 0.000000000000000000e+00 4.966750000000005882e-03 -1.655749999999997502e-03 0.000000000000000000e+00
4.139070000000000249e-01 3.052980000000000138e-01 6.622500000000003384e-03 0.000000000000000000e+00 3.311249999999987814e-03 0.000000000000000000e+00 0.000000000000000000e+00
4.205300000000000149e-01 3.052980000000000138e-01 6.622499999999975628e-03 0.000000000000000000e+00 0.000000000000000000e+00 0.000000000000000000e+00 0.000000000000000000e+00
4.271519999999999762e-01 3.052980000000000138e-01 6.622500000000003384e-03 0.000000000000000000e+00 1.387778780781445676e-17 0.000000000000000000e+00 0.000000000000000000e+00
4.337750000000000217e-01 3.052980000000000138e-01 6.622500000000003384e-03 0.000000000000000000e+00 1.655499999999990313e-03 0.000000000000000000e+00 0.000000000000000000e+00
4.403969999999999829e-01 3.052980000000000138e-01 9.933499999999984009e-03 0.000000000000000000e+00 3.311250000000001692e-03 1.655749999999997502e-03 1.677993103222859617e+01
4.536419999999999897e-01 3.052980000000000138e-01 1.324500000000000677e-02 3.311499999999995003e-03 1.655750000000011379e-03 1.655749999999997502e-03 6.463116395845846185e+00
4.668869999999999965e-01 3.119210000000000038e-01 1.324500000000000677e-02 3.311499999999995003e-03 0.000000000000000000e+00 -2.499999999933111283e-07 -1.301178530428134632e-03
4.801320000000000032e-01 3.119210000000000038e-01 1.324500000000000677e-02 3.311000000000008381e-03 1.655749999999983624e-03 1.655500000000004190e-03 6.462312736271607960e+00
4.933770000000000100e-01 3.185430000000000206e-01 1.655649999999997402e-02 6.622500000000003384e-03 3.311499999999981125e-03 2.499999999933111283e-07 -3.867006300036167854e+00
5.132449999999999513e-01 3.251660000000000106e-01 1.986799999999996902e-02 3.311499999999995003e-03 2.775557561562891351e-17 -1.655749999999997502e-03 -4.025648518526629083e+00
5.331129999999999480e-01 3.251660000000000106e-01 1.655650000000002953e-02 3.311000000000008381e-03 -2.499999999655555527e-07 -2.499999999933111283e-07 -6.879506671321781661e-04
5.463580000000000103e-01 3.317880000000000273e-01 1.986750000000003791e-02 3.311000000000008381e-03 3.310999999999980625e-03 -3.311000000000008381e-03 -9.392228857286939459e+00
5.728480000000000238e-01 3.317880000000000273e-01 2.317849999999999078e-02 -3.311000000000008381e-03 -1.655750000000011379e-03 -3.311000000000008381e-03 -6.406119680443106645e+00
5.927149999999999919e-01 3.251660000000000106e-01 1.655600000000001515e-02 -3.311000000000008381e-03 -4.966749999999992005e-03 -2.499999999933111283e-07 -3.417649640327037552e+00
6.059600000000000541e-01 3.251660000000000106e-01 1.324500000000000677e-02 -3.311499999999995003e-03 -1.655500000000031946e-03 -1.655749999999997502e-03 -1.077196909947394765e+01
6.192050000000000054e-01 3.185430000000000206e-01 1.324499999999995126e-02 -6.622500000000003384e-03 -1.655500000000004190e-03 -1.655500000000004190e-03 -1.012864848899410930e+01
6.324499999999999567e-01 3.119210000000000038e-01 9.933999999999998387e-03 -6.622500000000003384e-03 -3.311249999999960059e-03 -1.655749999999997502e-03 -2.255054701264059958e+01
6.390730000000000022e-01 3.052980000000000138e-01 6.622500000000031140e-03 -9.933999999999998387e-03 -1.655750000000011379e-03 -3.311250000000001692e-03 -2.255054701264081274e+01
6.456950000000000189e-01 2.920530000000000070e-01 6.622499999999975628e-03 -1.324500000000000677e-02 -3.311250000000015570e-03 0.000000000000000000e+00 -1.350588434880968691e+01
6.523179999999999534e-01 2.788080000000000003e-01 0.000000000000000000e+00 -9.933999999999998387e-03 -8.278249999999987008e-03 3.311250000000001692e-03 -8.388614300730694140e+01
6.456950000000000189e-01 2.721850000000000103e-01 -9.933999999999998387e-03 -6.622500000000003384e-03 -6.622500000000003384e-03 1.655749999999997502e-03 -3.543601794909234570e+01
6.324499999999999567e-01 2.655629999999999935e-01 -1.324500000000000677e-02 -6.622500000000003384e-03 -3.310999999999980625e-03 0.000000000000000000e+00 -6.752432325995965101e+00
6.192050000000000054e-01 2.589400000000000035e-01 -1.655599999999995964e-02 -6.622500000000003384e-03 -3.311249999999987814e-03 1.655749999999997502e-03 -8.702721350463047401e+00
5.993380000000000374e-01 2.523179999999999867e-01 -1.986749999999998240e-02 -3.311000000000008381e-03 -2.500000000349444917e-07 3.311250000000001692e-03 -8.051277877619458678e+00
5.794700000000000406e-01 2.523179999999999867e-01 -1.655650000000002953e-02 0.000000000000000000e+00 3.311249999999987814e-03 4.966750000000005882e-03 -1.811904207726302829e+01
5.662249999999999783e-01 2.523179999999999867e-01 -1.324500000000000677e-02 6.622500000000003384e-03 3.311500000000022759e-03 4.966750000000005882e-03 -2.701176869761924237e+01
5.529800000000000271e-01 2.655629999999999935e-01 -9.933499999999984009e-03 9.933500000000011765e-03 3.311249999999987814e-03 0.000000000000000000e+00 -1.186430726329360930e+01
5.463580000000000103e-01 2.721850000000000103e-01 -6.622500000000031140e-03 6.622500000000003384e-03 3.310999999999980625e-03 2.499999999933111283e-07 -2.669334772316106807e+01
5.397349999999999648e-01 2.788080000000000003e-01 -3.311500000000022759e-03 9.933999999999998387e-03 3.311250000000015570e-03 1.655500000000004190e-03 -3.342305119979982919e+01
5.397349999999999648e-01 2.920530000000000070e-01 0.000000000000000000e+00 9.933500000000011765e-03 3.311500000000022759e-03 -3.311499999999995003e-03 -3.355986206445728470e+01
5.397349999999999648e-01 2.986750000000000238e-01 3.311500000000022759e-03 3.311000000000008381e-03 1.655750000000011379e-03 -3.311000000000008381e-03 -1.601600840565753856e+02
5.463580000000000103e-01 2.986750000000000238e-01 3.311500000000022759e-03 3.311499999999995003e-03 -1.655750000000011379e-03 1.655999999999990813e-03 1.067733902840992215e+02
5.463580000000000103e-01 3.052980000000000138e-01 0.000000000000000000e+00 6.622999999999990006e-03 -3.311500000000022759e-03 3.311499999999995003e-03 7.549448890231087717e+01
