3.741720000000000046e-01 2.456949999999999967e-01 -1.324500000000000677e-02 0.000000000000000000e+00 3.311499999999995003e-03 1.655650000000000177e-02 -9.437666100771508582e+01
3.609269999999999978e-01 2.456949999999999967e-01 -9.933500000000011765e-03 1.655650000000000177e-02 8.278250000000000886e-03 1.324500000000000677e-02 -3.732082962426446926e+01
3.543049999999999811e-01 2.788080000000000003e-01 3.311499999999995003e-03 2.649000000000001354e-02 1.324475000000001346e-02 -3.311499999999995003e-03 -1.901710737125040040e+01
3.675499999999999878e-01 2.986750000000000238e-01 1.655600000000001515e-02 9.933500000000011765e-03 4.966750000000005882e-03 -2.152300000000001434e-02 -5.636427022467687920e+01
3.874170000000000114e-01 2.986750000000000238e-01 1.324500000000000677e-02 -1.655600000000001515e-02 -9.933500000000011765e-03 -1.986725000000000990e-02 -4.486407910221629436e+01
3.940400000000000014e-01 2.655629999999999935e-01 -3.311000000000008381e-03 -2.980100000000000804e-02 -1.490075000000000427e-02 -4.966999999999992255e-03 -1.586224648020992234e+01
3.807949999999999946e-01 2.390730000000000077e-01 -1.655650000000000177e-02 -2.648999999999999966e-02 -6.622749999999996695e-03 1.655500000000004190e-03 -6.654261364728593087e+00
3.609269999999999978e-01 2.125829999999999942e-01 -1.655650000000000177e-02 -2.648999999999999966e-02 4.966999999999999194e-03 0.000000000000000000e+00 4.316280578433027593e+00
3.476819999999999911e-01 1.860930000000000084e-01 -6.622500000000003384e-03 -2.648999999999999966e-02 1.490075000000000427e-02 3.311249999999994753e-03 1.831164811844025309e+01
3.476819999999999911e-01 1.596029999999999949e-01 1.324500000000000677e-02 -1.986750000000001015e-02 1.986750000000001015e-02 1.158925000000000233e-02 4.026907984336964574e+01
3.741720000000000046e-01 1.463579999999999881e-01 3.311250000000001692e-02 -3.311499999999995003e-03 6.622499999999989506e-03 1.655625000000000846e-02 1.547139943770785742e+01
4.139070000000000249e-01 1.529800000000000049e-01 2.648999999999998578e-02 1.324500000000000677e-02 -1.324500000000002065e-02 1.158949999999999564e-02 1.857071844171542097e+01
4.271519999999999762e-01 1.728480000000000016e-01 6.622499999999975628e-03 1.986749999999999627e-02 -1.324499999999999289e-02 -6.938893903907228378e-18 2.865030722689360587e+01
4.271519999999999762e-01 1.927149999999999974e-01 0.000000000000000000e+00 1.324499999999999289e-02 -3.311249999999987814e-03 -9.933749999999998137e-03 1.887504718761792333e+01
4.271519999999999762e-01 1.993379999999999874e-01 0.000000000000000000e+00 0.000000000000000000e+00 0.000000000000000000e+00 -1.158949999999999564e-02 0.000000000000000000e+00
4.271519999999999762e-01 1.927149999999999974e-01 0.000000000000000000e+00 -9.933999999999998387e-03 3.311250000000001692e-03 -8.278000000000000635e-03 3.355395053700308239e+01
4.271519999999999762e-01 1.794699999999999906e-01 6.622500000000003384e-03 -1.655600000000000127e-02 8.278250000000000886e-03 -1.655499999999997252e-03 2.223968764995132474e+01
4.403969999999999829e-01 1.596029999999999949e-01 1.655650000000000177e-02 -1.324499999999999289e-02 8.278250000000000886e-03 4.966749999999998944e-03 2.013075993692409682e+01
4.602649999999999797e-01 1.529800000000000049e-01 2.317900000000000515e-02 -6.622500000000003384e-03 3.311250000000015570e-03 6.622499999999996445e-03 1.252291156482239742e+01
4.867549999999999932e-01 1.463579999999999881e-01 2.317900000000003291e-02 0.000000000000000000e+00 -4.967000000000013071e-03 1.490050000000000402e-02 2.773393228476906458e+01
5.066230000000000455e-01 1.529800000000000049e-01 1.324499999999997901e-02 2.317850000000000465e-02 -1.158950000000001646e-02 2.152325000000000071e-02 2.910323485196082061e+01
5.132449999999999513e-01 1.927149999999999974e-01 0.000000000000000000e+00 4.304650000000000143e-02 -1.158949999999997482e-02 8.278250000000000886e-03 6.254448316658078433e+00
5.066230000000000455e-01 2.390730000000000077e-01 -9.933999999999970631e-03 3.973500000000000643e-02 -8.278250000000014763e-03 -8.278250000000000886e-03 5.984239482159998680e+00
4.933770000000000100e-01 2.721850000000000103e-01 -1.655650000000002953e-02 2.648999999999999966e-02 -3.311000000000022259e-03 -1.158925000000000233e-02 9.171675310406955717e+00
4.735099999999999865e-01 2.920530000000000070e-01 -1.655600000000001515e-02 1.655650000000000177e-02 6.622500000000017262e-03 -9.933749999999998137e-03 4.270613177798558979e+00
4.602649999999999797e-01 3.052980000000000138e-01 -3.311499999999995003e-03 6.622500000000003384e-03 1.324475000000001346e-02 -8.278250000000000886e-03 -1.485478012546844298e+02
4.668869999999999965e-01 3.052980000000000138e-01 9.933500000000011765e-03 0.000000000000000000e+00 1.655650000000000177e-02 -3.311250000000001692e-03 -3.355732847982288547e+01
4.801320000000000032e-01 3.052980000000000138e-01 2.980150000000000854e-02 0.000000000000000000e+00 1.655649999999998789e-02 0.000000000000000000e+00 0.000000000000000000e+00
5.264900000000000135e-01 3.052980000000000138e-01 4.304649999999998755e-02 0.000000000000000000e+00 1.655499999999990313e-03 -1.655749999999997502e-03 -8.935504379228288441e-01
5.662249999999999783e-01 3.052980000000000138e-01 3.311249999999998916e-02 -3.311499999999995003e-03 -9.933749999999991198e-03 -6.622500000000003384e-03 -6.843166500524802132e+00
5.927149999999999919e-01 2.986750000000000238e-01 2.317900000000000515e-02 -1.324500000000000677e-02 -9.933749999999991198e-03 -1.655600000000000821e-02 -2.708468960584797003e+01
6.125829999999999886e-01 2.788080000000000003e-01 1.324500000000000677e-02 -3.642350000000001142e-02 -1.324524999999998620e-02 -1.324499999999999983e-02 -1.130030464742672791e+01
6.192050000000000054e-01 2.258280000000000010e-01 -3.311499999999967248e-03 -3.973500000000000643e-02 -1.490050000000001096e-02 9.933500000000004826e-03 -9.858887287477454464e+00
6.059600000000000541e-01 1.993379999999999874e-01 -1.655600000000001515e-02 -1.655650000000000177e-02 -8.278000000000035330e-03 2.317875000000000490e-02 -4.057343708386883208e+01
5.860929999999999751e-01 1.927149999999999974e-01 -1.986750000000003791e-02 6.622500000000003384e-03 3.311000000000008381e-03 2.483450000000000241e-02 -5.610694178198322390e+01
5.662249999999999783e-01 2.125829999999999942e-01 -9.933999999999998387e-03 3.311250000000000304e-02 1.324500000000003452e-02 1.490050000000000402e-02 -1.419780460685317180e+01
5.662249999999999783e-01 2.589400000000000035e-01 6.622500000000031140e-03 3.642350000000001142e-02 1.158950000000003033e-02 -3.311249999999994753e-03 -8.752020132234113348e+00
5.794700000000000406e-01 2.854300000000000170e-01 1.324500000000006228e-02 2.649000000000001354e-02 6.622500000000031140e-03 -9.933499999999997887e-03 -1.181752134310621294e+01
