3.741720000000000046e-01 3.185430000000000206e-01 0.000000000000000000e+00 6.622999999999990006e-03 0.000000000000000000e+00 3.311000000000008381e-03 0.000000000000000000e+00
3.741720000000000046e-01 3.251660000000000106e-01 0.000000000000000000e+00 9.933999999999998387e-03 0.000000000000000000e+00 1.655249999999997002e-03 0.000000000000000000e+00
3.741720000000000046e-01 3.384110000000000174e-01 0.000000000000000000e+00 9.933499999999984009e-03 0.000000000000000000e+00 -1.655749999999997502e-03 -0.000000000000000000e+00
3.741720000000000046e-01 3.450329999999999786e-01 0.000000000000000000e+00 6.622500000000003384e-03 1.655749999999997502e-03 2.500000000071889161e-07 -3.775294451448651500e+01
3.741720000000000046e-01 3.516560000000000241e-01 3.311499999999995003e-03 9.933999999999998387e-03 4.966999999999999194e-03 -1.387778780781445676e-17 -4.297373040917307918e+01
3.807949999999999946e-01 3.649009999999999754e-01 9.933999999999998387e-03 6.622499999999975628e-03 3.311000000000008381e-03 -4.966999999999999194e-03 -4.187826698957432825e+01
3.940400000000000014e-01 3.649009999999999754e-01 9.933500000000011765e-03 0.000000000000000000e+00 -1.655749999999997502e-03 -6.622499999999975628e-03 -6.711465695964547251e+01
4.006620000000000181e-01 3.649009999999999754e-01 6.622500000000003384e-03 -6.622499999999975628e-03 -3.311000000000008381e-03 -6.622499999999989506e-03 -8.007802781669325043e+01
4.072850000000000081e-01 3.516560000000000241e-01 3.311499999999995003e-03 -1.324499999999997901e-02 -3.311250000000001692e-03 -4.967000000000013071e-03 -2.369755135102015942e+01
4.072850000000000081e-01 3.384110000000000174e-01 0.000000000000000000e+00 -1.655650000000000177e-02 -3.311499999999995003e-03 -3.311500000000008881e-03 -1.208057740753139697e+01
4.072850000000000081e-01 3.185430000000000206e-01 -3.311499999999995003e-03 -1.986799999999999677e-02 -3.311250000000001692e-03 -1.655500000000004190e-03 -7.379815328649333317e+00
4.006620000000000181e-01 2.986750000000000238e-01 -6.622500000000003384e-03 -1.986750000000001015e-02 -1.655500000000004190e-03 2.499999999933111283e-07 -3.581198274044890439e+00
3.940400000000000014e-01 2.788080000000000003e-01 -6.622500000000003384e-03 -1.986750000000001015e-02 0.000000000000000000e+00 -1.655749999999997502e-03 1.193852930437370841e+00
3.874170000000000114e-01 2.589400000000000035e-01 -6.622500000000003384e-03 -2.317900000000000515e-02 1.655749999999997502e-03 6.938893903907228378e-18 2.739597422567043861e+00
3.807949999999999946e-01 2.324499999999999900e-01 -3.311000000000008381e-03 -1.986749999999999627e-02 1.655500000000004190e-03 3.311500000000001942e-03 2.683421599765677623e+00
3.807949999999999946e-01 2.192050000000000110e-01 -3.311499999999995003e-03 -1.655600000000000127e-02 1.655500000000004190e-03 1.655749999999997502e-03 4.555410854031817003e+00
3.741720000000000046e-01 1.993379999999999874e-01 0.000000000000000000e+00 -1.655600000000000127e-02 4.966999999999999194e-03 1.655500000000004190e-03 1.812104857529666901e+01
3.807949999999999946e-01 1.860930000000000084e-01 6.622500000000003384e-03 -1.324499999999999289e-02 3.311250000000001692e-03 3.311000000000001442e-03 2.025831667480564136e+01
3.874170000000000114e-01 1.728480000000000016e-01 6.622500000000003384e-03 -9.933999999999998387e-03 1.655749999999997502e-03 3.311249999999994753e-03 2.255054701264073458e+01
3.940400000000000014e-01 1.662250000000000116e-01 9.933999999999998387e-03 -6.622500000000003384e-03 1.655500000000004190e-03 3.311499999999995003e-03 2.577240119286025788e+01
4.072850000000000081e-01 1.596029999999999949e-01 9.933500000000011765e-03 -3.311000000000008381e-03 -2.500000000071889161e-07 3.311250000000001692e-03 2.865146095292229944e+01
4.139070000000000249e-01 1.596029999999999949e-01 9.933499999999984009e-03 0.000000000000000000e+00 1.655749999999983624e-03 6.622250000000003134e-03 6.711212337501196146e+01
4.271519999999999762e-01 1.596029999999999949e-01 1.324499999999997901e-02 9.933499999999997887e-03 2.500000000071889161e-07 8.278000000000000635e-03 2.415980502326722501e+01
4.403969999999999829e-01 1.794699999999999906e-01 9.933999999999998387e-03 1.655600000000000127e-02 -3.311249999999987814e-03 2.500000000002500222e-07 7.616905362224092535e+00
4.470199999999999729e-01 1.927149999999999974e-01 6.622500000000003384e-03 9.933999999999998387e-03 -3.311499999999995003e-03 -3.311000000000001442e-03 6.445654071414644193e+00
4.536419999999999897e-01 1.993379999999999874e-01 3.311000000000008381e-03 9.933999999999998387e-03 -1.655500000000004190e-03 -2.499999999933111283e-07 1.432306270584166441e+01
4.536419999999999897e-01 2.125829999999999942e-01 3.311499999999995003e-03 9.933500000000011765e-03 2.499999999933111283e-07 -6.622749999999996695e-03 -1.910539646255340074e+01
4.602649999999999797e-01 2.192050000000000110e-01 3.311499999999995003e-03 -3.311499999999995003e-03 -1.655749999999997502e-03 -9.933500000000011765e-03 -3.736464145391431657e+02
4.602649999999999797e-01 2.059600000000000042e-01 0.000000000000000000e+00 -9.933500000000011765e-03 -2.499999999933111283e-07 -1.655500000000004190e-03 -2.533584634120424756e-03
4.602649999999999797e-01 1.993379999999999874e-01 3.311000000000008381e-03 -6.622500000000003384e-03 3.311250000000001692e-03 1.655500000000011129e-03 6.753044142546696094e+01
4.668869999999999965e-01 1.927149999999999974e-01 6.622500000000003384e-03 -6.622499999999989506e-03 1.655749999999997502e-03 0.000000000000000000e+00 1.334768153797646129e+01
4.735099999999999865e-01 1.860930000000000084e-01 6.622500000000003384e-03 -6.622500000000003384e-03 1.655500000000004190e-03 -6.938893903907228378e-18 1.334566618518496206e+01
4.801320000000000032e-01 1.794699999999999906e-01 9.933500000000011765e-03 -6.622500000000003384e-03 1.655749999999997502e-03 1.655750000000004440e-03 1.610949548575194257e+01
4.933770000000000100e-01 1.728480000000000016e-01 9.933999999999998387e-03 -3.310999999999994503e-03 2.499999999794333405e-07 3.311250000000001692e-03 2.865045131404076173e+01
5.000000000000000000e-01 1.728480000000000016e-01 9.933999999999970631e-03 0.000000000000000000e+00 1.655500000000004190e-03 1.655499999999997252e-03 1.677570860370216366e+01
5.132449999999999513e-01 1.728480000000000016e-01 1.324500000000000677e-02 0.000000000000000000e+00 3.311250000000029448e-03 8.278000000000000635e-03 4.718690543423220163e+01
5.264900000000000135e-01 1.728480000000000016e-01 1.655650000000002953e-02 1.655600000000000127e-02 -1.655500000000004190e-03 1.490049999999999708e-02 2.135461367993619675e+01
5.463580000000000103e-01 2.059600000000000042e-01 9.933999999999998387e-03 2.980099999999999416e-02 -6.622750000000010573e-03 4.966999999999999194e-03 7.958805899411419915e+00
5.463580000000000103e-01 2.324499999999999900e-01 3.311000000000008381e-03 2.648999999999999966e-02 -3.311499999999995003e-03 -3.310999999999994503e-03 4.034450450843040770e+00
5.529800000000000271e-01 2.589400000000000035e-01 3.311000000000008381e-03 2.317900000000000515e-02 -3.311000000000008381e-03 -3.311249999999994753e-03 5.124661010513073656e+00
5.529800000000000271e-01 2.788080000000000003e-01 -3.311000000000008381e-03 1.986750000000001015e-02 -8.278000000000007574e-03 1.655500000000004190e-03 1.945680742913522110e+01
5.463580000000000103e-01 2.986750000000000238e-01 -1.324500000000000677e-02 2.649000000000001354e-02 -6.622750000000010573e-03 1.655749999999983624e-03 5.909015595757508343e+00
5.264900000000000135e-01 3.317880000000000273e-01 -1.655650000000002953e-02 2.317899999999997740e-02 1.655750000000011379e-03 -8.278000000000007574e-03 4.269454931838396305e+00
5.132449999999999513e-01 3.450329999999999786e-01 -9.933499999999984009e-03 9.933999999999998387e-03 4.967000000000026949e-03 -8.278249999999987008e-03 1.186251578223493830e+01
5.066230000000000455e-01 3.516560000000000241e-01 -6.622499999999975628e-03 6.622500000000003384e-03 -2.500000000210667039e-07 -2.500000000071889161e-07 4.030705583189134016e-03
5.000000000000000000e-01 3.582779999999999854e-01 -9.934000000000026143e-03 9.933499999999984009e-03 1.655499999999990313e-03 0.000000000000000000e+00 -5.931257913659644387e+00
4.867549999999999932e-01 3.715229999999999921e-01 -3.311499999999995003e-03 6.622500000000003384e-03 9.934000000000026143e-03 -4.966749999999992005e-03 -1.215494921547146561e+02
4.933770000000000100e-01 3.715229999999999921e-01 9.934000000000026143e-03 0.000000000000000000e+00 8.278499999999994197e-03 -3.311250000000001692e-03 -3.355395053700288344e+01
5.066230000000000455e-01 3.715229999999999921e-01 1.324549999999999339e-02 0.000000000000000000e+00 1.655499999999962557e-03 1.655749999999997502e-03 9.437523580360867470e+00
5.198679999999999968e-01 3.715229999999999921e-01 1.324499999999995126e-02 3.311499999999995003e-03 1.655250000000010879e-03 1.655749999999997502e-03 6.463767034230731845e+00
5.331129999999999480e-01 3.781459999999999821e-01 1.655600000000001515e-02 3.311499999999995003e-03 1.655500000000031946e-03 -1.655749999999997502e-03 -6.834492213347703959e+00
5.529800000000000271e-01 3.781459999999999821e-01 1.655600000000001515e-02 0.000000000000000000e+00 3.311499999999995003e-03 -1.655749999999997502e-03 -6.040653549133756961e+00
5.662249999999999783e-01 3.781459999999999821e-01 2.317900000000000515e-02 0.000000000000000000e+00 3.311499999999995003e-03 -1.655749999999997502e-03 -3.081806542096332979e+00
5.993380000000000374e-01 3.781459999999999821e-01 2.317900000000000515e-02 -3.311499999999995003e-03 -3.311500000000022759e-03 -3.311250000000001692e-03 -6.833442847445576618e+00
6.125829999999999886e-01 3.715229999999999921e-01 1.655599999999995964e-02 -6.622500000000003384e-03 -2.500000000071889161e-07 -6.622249999999996195e-03 -1.933800183961190911e+01
6.324499999999999567e-01 3.649009999999999754e-01 2.317849999999999078e-02 -1.655599999999998739e-02 2.500000000349444917e-07 -6.622499999999989506e-03 -6.641834376308462851e+00
6.589399999999999702e-01 3.384110000000000174e-01 1.655650000000002953e-02 -1.986749999999998240e-02 -8.277999999999979819e-03 1.655499999999990313e-03 -7.923418646473792570e+00
6.655630000000000157e-01 3.251660000000000106e-01 6.622500000000031140e-03 -1.324500000000000677e-02 -4.967000000000026949e-03 3.310999999999994503e-03 -1.350690404562722335e+01
6.721850000000000325e-01 3.119210000000000038e-01 6.622499999999975628e-03 -1.324549999999999339e-02 -1.655500000000031946e-03 -3.311499999999995003e-03 -1.350491566377862718e+01
6.788079999999999670e-01 2.986750000000000238e-01 3.311499999999967248e-03 -1.986799999999999677e-02 -4.966999999999971438e-03 -1.655250000000010879e-03 -1.274711029701602527e+01
6.788079999999999670e-01 2.721850000000000103e-01 -3.311499999999967248e-03 -1.655600000000001515e-02 -6.622749999999982817e-03 8.278499999999994197e-03 -2.847682162533345362e+01
6.721850000000000325e-01 2.655629999999999935e-01 -9.933999999999998387e-03 -3.311000000000008381e-03 -4.966750000000019760e-03 9.933500000000011765e-03 -1.002700907456065806e+02
6.589399999999999702e-01 2.655629999999999935e-01 -1.324500000000000677e-02 3.311000000000008381e-03 2.500000000071889161e-07 6.622250000000010073e-03 -3.446816182870029621e+01
6.456950000000000189e-01 2.721850000000000103e-01 -9.933499999999984009e-03 9.933500000000011765e-03 4.966999999999999194e-03 4.966999999999999194e-03 -3.559381754731868597e+01
6.390730000000000022e-01 2.854300000000000170e-01 -3.311000000000008381e-03 1.324500000000000677e-02 3.310999999999980625e-03 6.622749999999996695e-03 -2.585022678130750151e+01
6.390730000000000022e-01 2.986750000000000238e-01 -3.311500000000022759e-03 2.317900000000000515e-02 -2.500000000071889161e-07 8.278249999999987008e-03 -2.135132471669217047e+00
6.324499999999999567e-01 3.317880000000000273e-01 -3.311500000000022759e-03 2.980149999999998078e-02 3.311500000000022759e-03 -3.311250000000015570e-03 -3.253884459695914000e+00
6.324499999999999567e-01 3.582779999999999854e-01 3.311500000000022759e-03 1.655649999999997402e-02 6.622750000000010573e-03 -9.933749999999991198e-03 -2.961378239809394586e+01
6.390730000000000022e-01 3.649009999999999754e-01 9.933999999999998387e-03 9.933999999999998387e-03 4.966749999999964249e-03 -1.655749999999983624e-03 -2.372622596031267506e+01
6.523179999999999534e-01 3.781459999999999821e-01 1.324499999999995126e-02 1.324500000000000677e-02 3.310999999999952870e-03 3.311000000000008381e-03 8.351691197748887049e-14
