4.139070000000000249e-01 3.913909999999999889e-01 0.000000000000000000e+00 6.622000000000016762e-03 0.000000000000000000e+00 4.999999999866222566e-07 0.000000000000000000e+00
4.139070000000000249e-01 3.980130000000000057e-01 0.000000000000000000e+00 6.622500000000003384e-03 0.000000000000000000e+00 2.499999999933111283e-07 0.000000000000000000e+00
4.139070000000000249e-01 4.046359999999999957e-01 0.000000000000000000e+00 6.622500000000003384e-03 3.311249999999987814e-03 1.655500000000004190e-03 -7.550018875047150857e+01
4.139070000000000249e-01 4.112580000000000124e-01 6.622499999999975628e-03 9.933500000000011765e-03 6.622499999999989506e-03 0.000000000000000000e+00 -3.865948115541942798e+01
4.271519999999999762e-01 4.245030000000000192e-01 1.324499999999997901e-02 6.622500000000003384e-03 3.311250000000015570e-03 -3.311000000000008381e-03 -2.025780682639694774e+01
4.403969999999999829e-01 4.245030000000000192e-01 1.324500000000000677e-02 3.311499999999995003e-03 1.387778780781445676e-17 -1.655500000000004190e-03 -8.616404228725684789e+00
4.536419999999999897e-01 4.311260000000000092e-01 1.324500000000000677e-02 3.311499999999995003e-03 -1.655500000000004190e-03 -4.966999999999999194e-03 -2.369755135102003862e+01
4.668869999999999965e-01 4.311260000000000092e-01 9.933999999999998387e-03 -6.622500000000003384e-03 -3.311250000000001692e-03 -6.622749999999996695e-03 -5.154431592125122563e+01
4.735099999999999865e-01 4.178810000000000024e-01 6.622500000000003384e-03 -9.933999999999998387e-03 -3.311499999999995003e-03 -3.311250000000001692e-03 -3.221562308882995751e+01
4.801320000000000032e-01 4.112580000000000124e-01 3.311000000000008381e-03 -1.324500000000000677e-02 -4.966750000000005882e-03 -6.622250000000010073e-03 -3.446751127121942204e+01
4.801320000000000032e-01 3.913909999999999889e-01 -3.311000000000008381e-03 -2.317850000000001853e-02 -4.966750000000005882e-03 -4.966999999999999194e-03 -7.687704782788067348e+00
4.735099999999999865e-01 3.649009999999999754e-01 -6.622500000000003384e-03 -2.317900000000000515e-02 -1.655749999999997502e-03 -2.499999999794333405e-07 -2.739479238409066486e+00
4.668869999999999965e-01 3.450329999999999786e-01 -6.622500000000003384e-03 -2.317899999999997740e-02 1.655749999999997502e-03 -1.655499999999990313e-03 3.522212916779581704e+00
4.602649999999999797e-01 3.185430000000000206e-01 -3.311000000000008381e-03 -2.648999999999998578e-02 1.655500000000004190e-03 -1.387778780781445676e-17 2.304977592428024469e+00
4.602649999999999797e-01 2.920530000000000070e-01 -3.311499999999995003e-03 -2.317900000000000515e-02 -2.499999999933111283e-07 4.966749999999992005e-03 -1.281750171999598065e+00
4.536419999999999897e-01 2.721850000000000103e-01 -3.311499999999995003e-03 -1.655650000000000177e-02 1.655749999999997502e-03 3.311500000000001942e-03 3.416948425916095822e+00
4.536419999999999897e-01 2.589400000000000035e-01 0.000000000000000000e+00 -1.655600000000000127e-02 3.311499999999995003e-03 1.655749999999997502e-03 1.208130709826753169e+01
4.536419999999999897e-01 2.390730000000000077e-01 3.311499999999995003e-03 -1.324500000000000677e-02 4.966999999999999194e-03 3.311000000000001442e-03 3.016034242767348061e+01
4.602649999999999797e-01 2.324499999999999900e-01 9.933999999999998387e-03 -9.933999999999998387e-03 4.966750000000005882e-03 1.655750000000004440e-03 2.372622596031289888e+01
4.735099999999999865e-01 2.192050000000000110e-01 1.324500000000000677e-02 -9.933499999999997887e-03 3.311250000000015570e-03 3.311499999999995003e-03 1.691304919680131391e+01
4.867549999999999932e-01 2.125829999999999942e-01 1.655650000000002953e-02 -3.311000000000008381e-03 1.655749999999997502e-03 4.966749999999998944e-03 1.822295325345623596e+01
5.066230000000000455e-01 2.125829999999999942e-01 1.655650000000000177e-02 0.000000000000000000e+00 -1.655750000000039135e-03 3.311000000000008381e-03 1.207875337349739375e+01
5.198679999999999968e-01 2.125829999999999942e-01 1.324499999999995126e-02 3.311000000000008381e-03 -3.311500000000008881e-03 4.966749999999998944e-03 3.015984491160597614e+01
5.331129999999999480e-01 2.192050000000000110e-01 9.933499999999984009e-03 9.933499999999997887e-03 -3.311249999999960059e-03 6.622749999999989756e-03 3.559381754731854386e+01
5.397349999999999648e-01 2.324499999999999900e-01 6.622500000000031140e-03 1.655649999999998789e-02 -1.655499999999976435e-03 3.311500000000001942e-03 8.701749669985552771e+00
5.463580000000000103e-01 2.523179999999999867e-01 6.622500000000031140e-03 1.655650000000000177e-02 -1.655750000000011379e-03 -2.499999999863722344e-07 4.834451377174842079e+00
5.529800000000000271e-01 2.655629999999999935e-01 3.311000000000008381e-03 1.655600000000001515e-02 -3.311250000000015570e-03 -2.499999999933111283e-07 1.139010154849604461e+01
5.529800000000000271e-01 2.854300000000000170e-01 0.000000000000000000e+00 1.655600000000001515e-02 -1.655500000000004190e-03 -3.311000000000008381e-03 6.039741477029125782e+00
5.529800000000000271e-01 2.986750000000000238e-01 0.000000000000000000e+00 9.933999999999998387e-03 0.000000000000000000e+00 -8.278000000000007574e-03 -0.000000000000000000e+00
5.529800000000000271e-01 3.052980000000000138e-01 0.000000000000000000e+00 0.000000000000000000e+00 0.000000000000000000e+00 -9.933999999999998387e-03 0.000000000000000000e+00
5.529800000000000271e-01 2.986750000000000238e-01 0.000000000000000000e+00 -9.933999999999998387e-03 1.655749999999983624e-03 -4.966750000000005882e-03 1.677824193330079794e+01
5.529800000000000271e-01 2.854300000000000170e-01 3.311499999999967248e-03 -9.933500000000011765e-03 1.655749999999983624e-03 2.499999999933111283e-07 1.432724470614184931e+01
5.596029999999999616e-01 2.788080000000000003e-01 3.311499999999967248e-03 -9.933500000000011765e-03 -2.499999999794333405e-07 -1.655749999999997502e-03 -4.778151756411322282e+00
5.596029999999999616e-01 2.655629999999999935e-01 3.311000000000008381e-03 -1.324500000000000677e-02 3.311000000000036136e-03 -2.499999999933111283e-07 1.723294238963785929e+01
5.662249999999999783e-01 2.523179999999999867e-01 9.933500000000039520e-03 -9.933999999999998387e-03 4.966999999999999194e-03 3.311250000000008631e-03 2.965987237261776954e+01
5.794700000000000406e-01 2.456949999999999967e-01 1.324500000000000677e-02 -6.622499999999989506e-03 1.655749999999983624e-03 1.655749999999997502e-03 1.013017803422033403e+01
5.927149999999999919e-01 2.390730000000000077e-01 1.324500000000000677e-02 -6.622500000000003384e-03 0.000000000000000000e+00 1.655499999999990313e-03 6.752432325995965101e+00
6.059600000000000541e-01 2.324499999999999900e-01 1.324500000000000677e-02 -3.311500000000008881e-03 1.655749999999983624e-03 3.311250000000001692e-03 1.938869864739196558e+01
6.192050000000000054e-01 2.324499999999999900e-01 1.655649999999997402e-02 0.000000000000000000e+00 3.311249999999987814e-03 1.158950000000000952e-02 4.227928487530905244e+01
6.390730000000000022e-01 2.324499999999999900e-01 1.986749999999998240e-02 1.986750000000001015e-02 -3.311499999999995003e-03 1.490075000000000427e-02 1.631293727850836817e+01
6.589399999999999702e-01 2.721850000000000103e-01 9.933499999999984009e-03 2.980150000000000854e-02 -9.933749999999991198e-03 1.655749999999997502e-03 1.008061825281524015e+01
6.589399999999999702e-01 2.920530000000000070e-01 0.000000000000000000e+00 2.317900000000000515e-02 -4.966749999999992005e-03 -3.311250000000001692e-03 9.244488988649832706e+00
6.589399999999999702e-01 3.185430000000000206e-01 0.000000000000000000e+00 2.317900000000000515e-02 -6.622500000000003384e-03 1.655499999999990313e-03 1.232629553074619011e+01
6.589399999999999702e-01 3.384110000000000174e-01 -1.324500000000000677e-02 2.648999999999998578e-02 -9.933749999999991198e-03 -2.500000000071889161e-07 1.012954072370939862e+01
6.324499999999999567e-01 3.715229999999999921e-01 -1.986749999999998240e-02 2.317849999999999078e-02 2.775557561562891351e-17 -8.277999999999993697e-03 5.780593659095681680e+00
6.192050000000000054e-01 3.847679999999999989e-01 -1.324499999999995126e-02 9.933999999999998387e-03 3.311249999999987814e-03 -8.277999999999993697e-03 1.691103540241217473e+01
6.059600000000000541e-01 3.913909999999999889e-01 -1.324500000000000677e-02 6.622500000000003384e-03 -1.655500000000031946e-03 -1.655749999999997502e-03 1.012966818581164041e+01
5.927149999999999919e-01 3.980130000000000057e-01 -1.655600000000001515e-02 6.622500000000003384e-03 0.000000000000000000e+00 0.000000000000000000e+00 -0.000000000000000000e+00
5.728480000000000238e-01 4.046359999999999957e-01 -1.324500000000000677e-02 6.622500000000003384e-03 4.966749999999992005e-03 -1.655749999999997502e-03 -3.375706314589207224e+00
5.662249999999999783e-01 4.112580000000000124e-01 -6.622500000000031140e-03 3.311000000000008381e-03 6.622500000000003384e-03 -3.311250000000001692e-03 4.078972039954096608e-03
5.596029999999999616e-01 4.112580000000000124e-01 0.000000000000000000e+00 0.000000000000000000e+00 6.622500000000031140e-03 -1.655500000000004190e-03 0.000000000000000000e+00
5.662249999999999783e-01 4.112580000000000124e-01 6.622500000000031140e-03 0.000000000000000000e+00 4.966999999999999194e-03 0.000000000000000000e+00 0.000000000000000000e+00
5.728480000000000238e-01 4.112580000000000124e-01 9.933999999999998387e-03 0.000000000000000000e+00 4.966749999999992005e-03 0.000000000000000000e+00 0.000000000000000000e+00
5.860929999999999751e-01 4.112580000000000124e-01 1.655600000000001515e-02 0.000000000000000000e+00 4.966750000000019760e-03 0.000000000000000000e+00 0.000000000000000000e+00
6.059600000000000541e-01 4.112580000000000124e-01 1.986750000000003791e-02 0.000000000000000000e+00 6.622749999999982817e-03 1.655749999999997502e-03 4.194771612720712639e+00
6.258280000000000509e-01 4.112580000000000124e-01 2.980149999999998078e-02 3.311499999999995003e-03 4.966749999999964249e-03 1.655749999999997502e-03 1.220225865086930872e+00
6.655630000000000157e-01 4.178810000000000024e-01 2.980099999999996641e-02 3.311499999999995003e-03 0.000000000000000000e+00 -1.655749999999997502e-03 -1.830368383808071542e+00
6.854299999999999837e-01 4.178810000000000024e-01 2.980149999999998078e-02 0.000000000000000000e+00 -1.655249999999969246e-03 -3.311499999999995003e-03 -3.728623319541721326e+00
7.251659999999999773e-01 4.178810000000000024e-01 2.649050000000002791e-02 -3.311499999999995003e-03 -6.622749999999982817e-03 -3.311250000000001692e-03 -5.762735167006996839e+00
7.384110000000000396e-01 4.112580000000000124e-01 1.655600000000001515e-02 -6.622500000000003384e-03 -3.311500000000022759e-03 -6.622250000000010073e-03 -2.320574821312011693e+01
7.582780000000000076e-01 4.046359999999999957e-01 1.986749999999998240e-02 -1.655600000000001515e-02 -1.655500000000004190e-03 -6.622500000000003384e-03 -9.191418853609723882e+00
7.781460000000000043e-01 3.781459999999999821e-01 1.324500000000000677e-02 -1.986750000000001015e-02 -8.278249999999987008e-03 -1.655749999999983624e-03 -1.369183252849614618e+01
7.847680000000000211e-01 3.649009999999999754e-01 3.311000000000008381e-03 -1.986749999999998240e-02 -6.622500000000003384e-03 1.387778780781445676e-17 -1.610235314875318835e+01
7.847680000000000211e-01 3.384110000000000174e-01 0.000000000000000000e+00 -1.986749999999998240e-02 -3.311000000000008381e-03 3.311249999999987814e-03 -8.388276496885650246e+00
7.847680000000000211e-01 3.251660000000000106e-01 -3.311000000000008381e-03 -1.324500000000000677e-02 -3.311250000000015570e-03 6.622499999999989506e-03 -2.585120271577082818e+01
7.781460000000000043e-01 3.119210000000000038e-01 -6.622500000000031140e-03 -6.622500000000003384e-03 -3.311499999999995003e-03 8.278000000000007574e-03 -9.342772470746051283e+01
7.715229999999999588e-01 3.119210000000000038e-01 -9.933999999999998387e-03 3.311000000000008381e-03 -3.311249999999987814e-03 1.158924999999999539e-02 -9.072402596671940955e+01
7.582780000000000076e-01 3.185430000000000206e-01 -1.324500000000000677e-02 1.655599999999998739e-02 1.655749999999983624e-03 8.278249999999987008e-03 -1.438019400107591039e+01
7.450329999999999453e-01 3.450329999999999786e-01 -6.622500000000031140e-03 1.986749999999998240e-02 4.967000000000026949e-03 1.655750000000011379e-03 -1.193798852847296565e+01
7.450329999999999453e-01 3.582779999999999854e-01 -3.310999999999952870e-03 1.986750000000001015e-02 1.655750000000039135e-03 1.387778780781445676e-17 -4.025892219863904664e+00
7.384110000000000396e-01 3.847679999999999989e-01 -3.310999999999952870e-03 1.986750000000001015e-02 1.655499999999976435e-03 -4.966750000000005882e-03 -2.012692828877781448e+00
7.384110000000000396e-01 3.980130000000000057e-01 0.000000000000000000e+00 9.933999999999998387e-03 3.310999999999952870e-03 -3.311250000000001692e-03 -3.355141720740371625e+01
7.384110000000000396e-01 4.046359999999999957e-01 3.310999999999952870e-03 1.324500000000000677e-02 3.310999999999952870e-03 4.966500000000012571e-03 -1.077128021084683773e+01
7.450329999999999453e-01 4.245030000000000192e-01 6.621999999999905739e-03 1.986700000000002353e-02 3.310999999999952870e-03 6.622000000000016762e-03 -2.387741911239781523e+00
