2.682120000000000060e-01 3.649009999999999754e-01 -6.622999999999990006e-03 0.000000000000000000e+00 3.311499999999995003e-03 -3.311499999999995003e-03 7.549448890231025189e+01
2.615890000000000160e-01 3.649009999999999754e-01 -3.311499999999995003e-03 -3.311499999999995003e-03 2.499999999933111283e-07 -1.655749999999997502e-03 5.339072523906354917e+01
2.615890000000000160e-01 3.582779999999999854e-01 -6.622500000000003384e-03 -3.311499999999995003e-03 -3.311000000000008381e-03 1.655749999999997502e-03 -5.402312927016267707e+01
2.483440000000000092e-01 3.582779999999999854e-01 -9.933500000000011765e-03 0.000000000000000000e+00 0.000000000000000000e+00 1.655749999999997502e-03 -1.677993103222850024e+01
2.417219999999999924e-01 3.582779999999999854e-01 -6.622500000000003384e-03 0.000000000000000000e+00 3.311000000000008381e-03 1.655749999999997502e-03 -3.775294451448651500e+01
2.350990000000000024e-01 3.582779999999999854e-01 -3.311499999999995003e-03 3.311499999999995003e-03 1.655750000000004440e-03 3.311250000000001692e-03 -1.601399349410811794e+02
2.350990000000000024e-01 3.649009999999999754e-01 -3.310999999999994503e-03 6.622500000000003384e-03 2.500000000002500222e-07 1.655500000000004190e-03 -1.350853572990993712e+01
2.284770000000000134e-01 3.715229999999999921e-01 -3.310999999999994503e-03 6.622500000000003384e-03 1.655499999999997252e-03 0.000000000000000000e+00 -2.701095284777847993e+01
2.284770000000000134e-01 3.781459999999999821e-01 0.000000000000000000e+00 6.622500000000003384e-03 1.655499999999997252e-03 0.000000000000000000e+00 -3.774724423598515699e+01
2.284770000000000134e-01 3.847679999999999989e-01 0.000000000000000000e+00 6.622500000000003384e-03 0.000000000000000000e+00 0.000000000000000000e+00 0.000000000000000000e+00
2.284770000000000134e-01 3.913909999999999889e-01 0.000000000000000000e+00 6.622500000000003384e-03 3.311249999999994753e-03 0.000000000000000000e+00 -7.550018875047167910e+01
2.284770000000000134e-01 3.980130000000000057e-01 6.622499999999989506e-03 6.622500000000003384e-03 3.311249999999994753e-03 0.000000000000000000e+00 -2.669334772316149085e+01
2.417219999999999924e-01 4.046359999999999957e-01 6.622499999999989506e-03 6.622500000000003384e-03 -1.655749999999990563e-03 -1.655749999999997502e-03 -2.887004364653926501e-14
2.417219999999999924e-01 4.112580000000000124e-01 3.311000000000008381e-03 3.311000000000008381e-03 6.938893903907228378e-18 -3.311250000000001692e-03 -1.067895155410755166e+02
2.483440000000000092e-01 4.112580000000000124e-01 6.622500000000003384e-03 0.000000000000000000e+00 1.655749999999997502e-03 -1.655500000000004190e-03 -3.774724423598531331e+01
2.549669999999999992e-01 4.112580000000000124e-01 6.622500000000003384e-03 0.000000000000000000e+00 0.000000000000000000e+00 0.000000000000000000e+00 0.000000000000000000e+00
2.615890000000000160e-01 4.112580000000000124e-01 6.622500000000003384e-03 0.000000000000000000e+00 0.000000000000000000e+00 0.000000000000000000e+00 0.000000000000000000e+00
2.682120000000000060e-01 4.112580000000000124e-01 6.622500000000003384e-03 0.000000000000000000e+00 0.000000000000000000e+00 0.000000000000000000e+00 0.000000000000000000e+00
2.748340000000000227e-01 4.112580000000000124e-01 6.622500000000003384e-03 0.000000000000000000e+00 -1.387778780781445676e-17 0.000000000000000000e+00 0.000000000000000000e+00
2.814570000000000127e-01 4.112580000000000124e-01 6.622499999999975628e-03 0.000000000000000000e+00 0.000000000000000000e+00 -1.655500000000004190e-03 -3.774724423598564016e+01
2.880789999999999740e-01 4.112580000000000124e-01 6.622500000000003384e-03 -3.311000000000008381e-03 -1.655499999999976435e-03 -3.311250000000001692e-03 -6.753044142546667672e+01
2.947020000000000195e-01 4.046359999999999957e-01 3.311500000000022759e-03 -6.622500000000003384e-03 -1.655500000000004190e-03 -1.655749999999997502e-03 -4.051581766914370064e+01
2.947020000000000195e-01 3.980130000000000057e-01 3.311499999999995003e-03 -6.622500000000003384e-03 -1.387778780781445676e-17 0.000000000000000000e+00 -2.264079202331896690e-13
3.013250000000000095e-01 3.913909999999999889e-01 3.311499999999995003e-03 -6.622500000000003384e-03 -1.655749999999997502e-03 0.000000000000000000e+00 -2.701258436269032259e+01
3.013250000000000095e-01 3.847679999999999989e-01 0.000000000000000000e+00 -6.622500000000003384e-03 -1.655749999999997502e-03 0.000000000000000000e+00 -3.775294451448651500e+01
3.013250000000000095e-01 3.781459999999999821e-01 0.000000000000000000e+00 -6.622500000000003384e-03 0.000000000000000000e+00 0.000000000000000000e+00 0.000000000000000000e+00
3.013250000000000095e-01 3.715229999999999921e-01 0.000000000000000000e+00 -6.622500000000003384e-03 0.000000000000000000e+00 0.000000000000000000e+00 0.000000000000000000e+00
3.013250000000000095e-01 3.649009999999999754e-01 0.000000000000000000e+00 -6.622500000000003384e-03 0.000000000000000000e+00 -1.655749999999997502e-03 0.000000000000000000e+00
3.013250000000000095e-01 3.582779999999999854e-01 0.000000000000000000e+00 -9.933999999999998387e-03 0.000000000000000000e+00 -1.655499999999990313e-03 0.000000000000000000e+00
3.013250000000000095e-01 3.450329999999999786e-01 0.000000000000000000e+00 -9.933499999999984009e-03 0.000000000000000000e+00 1.655750000000011379e-03 0.000000000000000000e+00
3.013250000000000095e-01 3.384110000000000174e-01 0.000000000000000000e+00 -6.622499999999975628e-03 -1.655749999999997502e-03 1.655499999999990313e-03 -3.775294451448684185e+01
3.013250000000000095e-01 3.317880000000000273e-01 -3.311499999999995003e-03 -6.622500000000003384e-03 -1.655749999999997502e-03 -1.387778780781445676e-17 -2.701258436269021246e+01
2.947020000000000195e-01 3.251660000000000106e-01 -3.311499999999995003e-03 -6.622500000000003384e-03 -1.387778780781445676e-17 0.000000000000000000e+00 -2.264079202331896690e-13
2.947020000000000195e-01 3.185430000000000206e-01 -3.311500000000022759e-03 -6.622500000000003384e-03 -1.655500000000004190e-03 -1.655749999999997502e-03 -1.350119385123532112e+01
2.880789999999999740e-01 3.119210000000000038e-01 -6.622500000000003384e-03 -9.933999999999998387e-03 -1.655499999999976435e-03 -3.311499999999995003e-03 3.222827035707470422e+00
2.814570000000000127e-01 2.986750000000000238e-01 -6.622499999999975628e-03 -1.324549999999999339e-02 0.000000000000000000e+00 2.499999999933111283e-07 -5.098022190091631902e-04
2.748340000000000227e-01 2.854300000000000170e-01 -6.622500000000003384e-03 -9.933500000000011765e-03 1.655749999999983624e-03 3.311499999999995003e-03 -3.222191006346256437e+00
2.682120000000000060e-01 2.788080000000000003e-01 -3.311000000000008381e-03 -6.622500000000003384e-03 1.655500000000004190e-03 1.655500000000004190e-03 1.350649608990840456e+01
2.682120000000000060e-01 2.721850000000000103e-01 -3.311499999999995003e-03 -6.622500000000003384e-03 -2.499999999933111283e-07 0.000000000000000000e+00 -4.078602500674562321e-03
2.615890000000000160e-01 2.655629999999999935e-01 -3.311499999999995003e-03 -6.622500000000003384e-03 1.655749999999997502e-03 0.000000000000000000e+00 2.701258436269032259e+01
2.615890000000000160e-01 2.589400000000000035e-01 0.000000000000000000e+00 -6.622500000000003384e-03 2.499999999933111283e-07 -3.311250000000001692e-03 5.700278501204359728e-03
2.615890000000000160e-01 2.523179999999999867e-01 -3.311000000000008381e-03 -1.324500000000000677e-02 -1.655500000000004190e-03 -3.311249999999994753e-03 -4.308316917094544785e+00
2.549669999999999992e-01 2.324499999999999900e-01 -3.311000000000008381e-03 -1.324499999999999289e-02 3.311000000000008381e-03 3.311250000000008631e-03 1.292495075128361748e+01
2.549669999999999992e-01 2.258280000000000010e-01 3.311000000000008381e-03 -6.622499999999989506e-03 3.311000000000008381e-03 3.311249999999994753e-03 8.103285854333581995e+01
2.615890000000000160e-01 2.192050000000000110e-01 3.311000000000008381e-03 -6.622500000000003384e-03 1.655749999999997502e-03 -6.938893903907228378e-18 2.701503181981819424e+01
2.615890000000000160e-01 2.125829999999999942e-01 6.622500000000003384e-03 -6.622500000000003384e-03 3.311499999999995003e-03 1.655500000000004190e-03 4.004102926113790062e+01
2.748340000000000227e-01 2.059600000000000042e-01 9.933999999999998387e-03 -3.311499999999995003e-03 -1.387778780781445676e-17 3.311250000000001692e-03 2.864843261875863334e+01
2.814570000000000127e-01 2.059600000000000042e-01 6.622499999999975628e-03 0.000000000000000000e+00 -1.655749999999997502e-03 1.655749999999997502e-03 3.775294451448684185e+01
2.880789999999999740e-01 2.059600000000000042e-01 6.622500000000003384e-03 0.000000000000000000e+00 2.500000000210667039e-07 0.000000000000000000e+00 0.000000000000000000e+00
2.947020000000000195e-01 2.059600000000000042e-01 6.623000000000017762e-03 0.000000000000000000e+00 0.000000000000000000e+00 0.000000000000000000e+00 0.000000000000000000e+00
3.013250000000000095e-01 2.059600000000000042e-01 6.622500000000003384e-03 0.000000000000000000e+00 3.310999999999994503e-03 3.311250000000001692e-03 7.550018875047183542e+01
3.079470000000000263e-01 2.059600000000000042e-01 1.324500000000000677e-02 6.622500000000003384e-03 3.311249999999987814e-03 3.311250000000001692e-03 6.752942174404826581e+00
3.278150000000000230e-01 2.192050000000000110e-01 1.324499999999997901e-02 6.622500000000003384e-03 -3.311250000000015570e-03 -1.655500000000004190e-03 5.098484088172101480e-04
3.344369999999999843e-01 2.192050000000000110e-01 6.622499999999975628e-03 3.311499999999995003e-03 -3.311249999999987814e-03 1.655749999999997502e-03 5.402516872538097203e+01
3.410599999999999743e-01 2.258280000000000010e-01 6.622500000000003384e-03 9.933999999999998387e-03 1.387778780781445676e-17 3.311000000000001442e-03 1.288449808096365246e+01
3.476819999999999911e-01 2.390730000000000077e-01 6.622500000000003384e-03 9.933499999999997887e-03 -1.655500000000004190e-03 -2.500000000002500222e-07 9.663167632129583851e+00
3.543049999999999811e-01 2.456949999999999967e-01 3.311499999999995003e-03 9.933499999999997887e-03 -3.311250000000001692e-03 1.655750000000004440e-03 3.342687263111631779e+01
3.543049999999999811e-01 2.589400000000000035e-01 0.000000000000000000e+00 1.324500000000000677e-02 -2.499999999933111283e-07 2.500000000002500222e-07 1.425069625301089932e-03
3.543049999999999811e-01 2.721850000000000103e-01 3.311000000000008381e-03 9.933999999999998387e-03 1.655500000000004190e-03 -3.311250000000001692e-03 -2.387273243965040237e+01
3.609269999999999978e-01 2.788080000000000003e-01 3.311000000000008381e-03 6.622500000000003384e-03 -1.655500000000004190e-03 -1.655749999999997502e-03 1.350445675787012334e+01
3.609269999999999978e-01 2.854300000000000170e-01 0.000000000000000000e+00 6.622500000000003384e-03 -1.655500000000004190e-03 -3.311250000000001692e-03 3.774724423598531331e+01
3.609269999999999978e-01 2.920530000000000070e-01 0.000000000000000000e+00 0.000000000000000000e+00 0.000000000000000000e+00 -8.278250000000000886e-03 0.000000000000000000e+00
3.609269999999999978e-01 2.854300000000000170e-01 0.000000000000000000e+00 -9.933999999999998387e-03 0.000000000000000000e+00 -4.966750000000005882e-03 0.000000000000000000e+00
3.609269999999999978e-01 2.721850000000000103e-01 0.000000000000000000e+00 -9.933500000000011765e-03 0.000000000000000000e+00 1.655749999999997502e-03 0.000000000000000000e+00
3.609269999999999978e-01 2.655629999999999935e-01 0.000000000000000000e+00 -6.622500000000003384e-03 1.655749999999997502e-03 -2.499999999933111283e-07 3.775294451448651500e+01
3.609269999999999978e-01 2.589400000000000035e-01 3.311499999999995003e-03 -9.933999999999998387e-03 3.311250000000001692e-03 -1.655499999999997252e-03 2.387381403771761157e+01
3.675499999999999878e-01 2.456949999999999967e-01 6.622500000000003384e-03 -9.933499999999997887e-03 1.655500000000004190e-03 3.311500000000001942e-03 2.255193158405592868e+01
3.741720000000000046e-01 2.390730000000000077e-01 6.622500000000003384e-03 -3.310999999999994503e-03 0.000000000000000000e+00 4.966749999999998944e-03 8.103693751537539924e+01
3.807949999999999946e-01 2.390730000000000077e-01 6.622500000000003384e-03 0.000000000000000000e+00 0.000000000000000000e+00 3.310999999999994503e-03 7.549448847197031398e+01
3.874170000000000114e-01 2.390730000000000077e-01 6.622500000000003384e-03 3.310999999999994503e-03 0.000000000000000000e+00 1.655499999999997252e-03 2.701095284777847993e+01
3.940400000000000014e-01 2.456949999999999967e-01 6.622500000000003384e-03 3.310999999999994503e-03 -1.655749999999997502e-03 2.500000000002500222e-07 1.351057506194821833e+01
4.006620000000000181e-01 2.456949999999999967e-01 3.311000000000008381e-03 3.311499999999995003e-03 -1.655500000000004190e-03 2.500000000002500222e-07 5.339475548798429116e+01
4.006620000000000181e-01 2.523179999999999867e-01 3.311499999999995003e-03 3.311499999999995003e-03 1.655749999999997502e-03 1.655500000000004190e-03 -8.060194027426774085e-03
4.072850000000000081e-01 2.523179999999999867e-01 6.622500000000003384e-03 6.622500000000003384e-03 -2.499999999933111283e-07 4.966750000000005882e-03 4.004102926113790772e+01
4.139070000000000249e-01 2.655629999999999935e-01 3.311000000000008381e-03 1.324500000000000677e-02 -1.655500000000004190e-03 4.966750000000005882e-03 1.507894657046066200e+01
4.139070000000000249e-01 2.788080000000000003e-01 3.311499999999995003e-03 1.655600000000001515e-02 2.499999999933111283e-07 3.311250000000001692e-03 2.277361453680051717e+00
4.205300000000000149e-01 2.986750000000000238e-01 3.311499999999995003e-03 1.986750000000001015e-02 -1.655749999999997502e-03 2.499999999933111283e-07 4.025944247364956041e+00
4.205300000000000149e-01 3.185430000000000206e-01 0.000000000000000000e+00 1.655650000000000177e-02 -1.655749999999997502e-03 -1.655500000000004190e-03 6.040288703765698486e+00
4.205300000000000149e-01 3.317880000000000273e-01 0.000000000000000000e+00 1.655650000000000177e-02 -1.655749999999997502e-03 1.655499999999990313e-03 6.040288703765698486e+00
4.205300000000000149e-01 3.516560000000000241e-01 -3.311499999999995003e-03 1.986749999999998240e-02 -1.655749999999997502e-03 -1.655750000000011379e-03 4.696867410392226994e+00
4.139070000000000249e-01 3.715229999999999921e-01 -3.311499999999995003e-03 1.324499999999997901e-02 2.499999999933111283e-07 -6.622499999999989506e-03 8.616404228725700776e+00
4.139070000000000249e-01 3.781459999999999821e-01 -3.311000000000008381e-03 6.622500000000003384e-03 -1.655500000000004190e-03 -3.311249999999987814e-03 5.402190569555693855e+01
4.072850000000000081e-01 3.847679999999999989e-01 -6.622500000000003384e-03 6.622500000000003384e-03 -1.655749999999997502e-03 0.000000000000000000e+00 1.334768153797644352e+01
4.006620000000000181e-01 3.913909999999999889e-01 -6.622500000000003384e-03 6.622500000000003384e-03 0.000000000000000000e+00 0.000000000000000000e+00 -0.000000000000000000e+00
3.940400000000000014e-01 3.980130000000000057e-01 -6.622500000000003384e-03 6.622500000000003384e-03 0.000000000000000000e+00 -1.655500000000004190e-03 1.334566618518501713e+01
3.874170000000000114e-01 4.046359999999999957e-01 -6.622500000000003384e-03 3.311499999999995003e-03 1.655749999999997502e-03 -1.655749999999997502e-03 1.350527245373617724e+01
3.807949999999999946e-01 4.046359999999999957e-01 -3.311000000000008381e-03 3.311000000000008381e-03 4.966750000000005882e-03 -2.499999999933111283e-07 -1.601721793687433433e+02
3.807949999999999946e-01 4.112580000000000124e-01 3.311000000000008381e-03 3.311000000000008381e-03 6.622250000000010073e-03 -1.655500000000004190e-03 -2.669616949098186183e+02
3.874170000000000114e-01 4.112580000000000124e-01 9.933500000000011765e-03 0.000000000000000000e+00 4.966999999999999194e-03 2.499999999933111283e-07 2.533584634120424756e-03
4.006620000000000181e-01 4.112580000000000124e-01 1.324500000000000677e-02 3.311499999999995003e-03 1.655749999999983624e-03 1.655749999999997502e-03 6.463116395845882600e+00
4.139070000000000249e-01 4.178810000000000024e-01 1.324499999999997901e-02 3.311499999999995003e-03 -1.387778780781445676e-17 -1.655749999999997502e-03 -8.617705407256110561e+00
4.271519999999999762e-01 4.178810000000000024e-01 1.324499999999997901e-02 0.000000000000000000e+00 3.311250000000015570e-03 -2.499999999933111283e-07 -1.425069625301096437e-03
4.403969999999999829e-01 4.178810000000000024e-01 1.986750000000001015e-02 3.311000000000008381e-03 1.655750000000011379e-03 1.655500000000004190e-03 3.354352977139222425e+00
4.668869999999999965e-01 4.245030000000000192e-01 1.655650000000000177e-02 3.311000000000008381e-03 -4.966750000000005882e-03 -1.655500000000004190e-03 -2.277890642967313806e+00
4.735099999999999865e-01 4.245030000000000192e-01 9.933999999999998387e-03 0.000000000000000000e+00 1.655499999999990313e-03 -1.655500000000004190e-03 -1.677570860370213879e+01
4.867549999999999932e-01 4.245030000000000192e-01 1.986749999999998240e-02 0.000000000000000000e+00 6.622499999999989506e-03 0.000000000000000000e+00 0.000000000000000000e+00
5.132449999999999513e-01 4.245030000000000192e-01 2.317899999999997740e-02 0.000000000000000000e+00 -1.655499999999976435e-03 0.000000000000000000e+00 0.000000000000000000e+00
5.331129999999999480e-01 4.245030000000000192e-01 1.655650000000002953e-02 0.000000000000000000e+00 -4.966999999999985316e-03 -3.311250000000001692e-03 -1.207966539051435362e+01
5.463580000000000103e-01 4.245030000000000192e-01 1.324500000000000677e-02 -6.622500000000003384e-03 -3.311500000000022759e-03 -8.278000000000007574e-03 -4.051765304642884047e+01
5.596029999999999616e-01 4.112580000000000124e-01 9.933499999999984009e-03 -1.655600000000001515e-02 -3.311249999999987814e-03 -3.311250000000001692e-03 -1.218693762418797100e+01
5.662249999999999783e-01 3.913909999999999889e-01 6.622500000000031140e-03 -1.324500000000000677e-02 -4.966749999999992005e-03 -2.499999999933111283e-07 -2.025882652321428168e+01
5.728480000000000238e-01 3.847679999999999989e-01 0.000000000000000000e+00 -1.655650000000000177e-02 -6.622500000000031140e-03 -4.966749999999992005e-03 -2.415933078102889198e+01
5.662249999999999783e-01 3.582779999999999854e-01 -6.622500000000031140e-03 -2.317849999999999078e-02 -3.311249999999987814e-03 1.655750000000011379e-03 -6.261771323021225299e+00
5.596029999999999616e-01 3.384110000000000174e-01 -6.622499999999975628e-03 -1.324499999999997901e-02 -3.311249999999987814e-03 6.622249999999996195e-03 -2.701125884921045284e+01
5.529800000000000271e-01 3.317880000000000273e-01 -1.324500000000000677e-02 -9.933999999999998387e-03 -3.311250000000015570e-03 3.311249999999987814e-03 -1.691176501822894807e+01
5.331129999999999480e-01 3.185430000000000206e-01 -1.324500000000000677e-02 -6.622500000000003384e-03 1.655500000000004190e-03 4.966999999999999194e-03 -1.688312020862515794e+01
5.264900000000000135e-01 3.185430000000000206e-01 -9.933999999999998387e-03 0.000000000000000000e+00 1.655750000000011379e-03 6.622500000000003384e-03 -6.710790107400616478e+01
5.132449999999999513e-01 3.185430000000000206e-01 -9.933499999999984009e-03 6.622500000000003384e-03 3.311500000000022759e-03 8.278250000000000886e-03 -6.121287213853761955e+01
5.066230000000000455e-01 3.317880000000000273e-01 -3.310999999999952870e-03 1.655650000000000177e-02 4.966749999999992005e-03 6.622499999999989506e-03 -2.163944528152747182e+01
5.066230000000000455e-01 3.516560000000000241e-01 0.000000000000000000e+00 1.986749999999998240e-02 3.310999999999952870e-03 -2.500000000071889161e-07 -8.388276496885509914e+00
5.066230000000000455e-01 3.715229999999999921e-01 3.310999999999952870e-03 1.655599999999998739e-02 3.311249999999987814e-03 -3.311249999999987814e-03 -1.366819064107526138e+01
5.132449999999999513e-01 3.847679999999999989e-01 6.622499999999975628e-03 1.324500000000000677e-02 3.311500000000022759e-03 -1.655499999999990313e-03 -1.688312020862526808e+01
5.198679999999999968e-01 3.980130000000000057e-01 9.933999999999998387e-03 1.324500000000000677e-02 1.655500000000004190e-03 -3.311250000000001692e-03 -1.207951946338491034e+01
5.331129999999999480e-01 4.112580000000000124e-01 9.933499999999984009e-03 6.622500000000003384e-03 -3.311499999999995003e-03 -4.966750000000005882e-03 -1.610609017230144246e+01
5.397349999999999648e-01 4.112580000000000124e-01 3.311000000000008381e-03 3.311499999999995003e-03 -4.966749999999992005e-03 2.499999999933111283e-07 1.601762068787691646e+02
5.397349999999999648e-01 4.178810000000000024e-01 0.000000000000000000e+00 6.622999999999990006e-03 -3.311000000000008381e-03 3.311499999999995003e-03 7.548309006660130649e+01
