3.410599999999999743e-01 2.854300000000000170e-01 0.000000000000000000e+00 6.622999999999990006e-03 0.000000000000000000e+00 -4.999999999866222566e-07 -0.000000000000000000e+00
3.410599999999999743e-01 2.920530000000000070e-01 0.000000000000000000e+00 6.622500000000003384e-03 0.000000000000000000e+00 -2.499999999933111283e-07 -0.000000000000000000e+00
3.410599999999999743e-01 2.986750000000000238e-01 0.000000000000000000e+00 6.622500000000003384e-03 0.000000000000000000e+00 2.499999999933111283e-07 0.000000000000000000e+00
3.410599999999999743e-01 3.052980000000000138e-01 0.000000000000000000e+00 6.622999999999990006e-03 1.655500000000004190e-03 1.655749999999997502e-03 -3.774154503330065324e+01
3.410599999999999743e-01 3.119210000000000038e-01 3.311000000000008381e-03 9.933999999999998387e-03 4.966750000000005882e-03 3.311000000000008381e-03 -3.342528618094513604e+01
3.476819999999999911e-01 3.251660000000000106e-01 9.933500000000011765e-03 1.324500000000000677e-02 4.966999999999999194e-03 -2.500000000071889161e-07 -1.449734230288449055e+01
3.609269999999999978e-01 3.384110000000000174e-01 1.324500000000000677e-02 9.933499999999984009e-03 2.499999999933111283e-07 -3.311250000000001692e-03 -9.664834059375584374e+00
3.741720000000000046e-01 3.450329999999999786e-01 9.933999999999998387e-03 6.622500000000003384e-03 -1.655500000000004190e-03 -3.310999999999980625e-03 -1.288498447198211849e+01
3.807949999999999946e-01 3.516560000000000241e-01 9.933999999999998387e-03 3.311500000000022759e-03 1.655500000000004190e-03 -3.311250000000001692e-03 -3.342305119979970840e+01
3.940400000000000014e-01 3.516560000000000241e-01 1.324500000000000677e-02 0.000000000000000000e+00 -2.499999999933111283e-07 -3.311500000000022759e-03 -1.887647225724341737e+01
4.072850000000000081e-01 3.516560000000000241e-01 9.933500000000011765e-03 -3.311500000000022759e-03 -3.311250000000001692e-03 -4.966999999999999194e-03 -5.252866370324191081e+01
4.139070000000000249e-01 3.450329999999999786e-01 6.622500000000003384e-03 -9.933999999999998387e-03 -1.655500000000018068e-03 -4.966749999999978127e-03 -2.899133673316551452e+01
4.205300000000000149e-01 3.317880000000000273e-01 6.622499999999975628e-03 -1.324499999999997901e-02 0.000000000000000000e+00 -1.655500000000004190e-03 -3.376216162998023407e+00
4.271519999999999762e-01 3.185430000000000206e-01 6.622500000000003384e-03 -1.324500000000000677e-02 -1.655499999999976435e-03 -1.387778780781445676e-17 -6.752432325995937568e+00
4.337750000000000217e-01 3.052980000000000138e-01 3.311500000000022759e-03 -1.324500000000000677e-02 -3.311250000000001692e-03 0.000000000000000000e+00 -1.723410963598173140e+01
4.337750000000000217e-01 2.920530000000000070e-01 0.000000000000000000e+00 -1.324500000000000677e-02 -3.311500000000022759e-03 0.000000000000000000e+00 -1.887647225724341737e+01
4.337750000000000217e-01 2.788080000000000003e-01 -3.311500000000022759e-03 -1.324500000000000677e-02 -3.311250000000001692e-03 -1.655749999999997502e-03 -1.507952062457148656e+01
4.271519999999999762e-01 2.655629999999999935e-01 -6.622500000000003384e-03 -1.655650000000000177e-02 -1.655499999999976435e-03 -1.655749999999997502e-03 -2.900145230492242376e+00
4.205300000000000149e-01 2.456949999999999967e-01 -6.622499999999975628e-03 -1.655650000000000177e-02 -1.655749999999997502e-03 3.311500000000001942e-03 -8.702479662944975658e+00
4.139070000000000249e-01 2.324499999999999900e-01 -9.933999999999998387e-03 -9.933499999999997887e-03 -1.655500000000018068e-03 4.967000000000006132e-03 -2.372771876914949019e+01
4.006620000000000181e-01 2.258280000000000010e-01 -9.933500000000011765e-03 -6.622499999999989506e-03 2.499999999933111283e-07 1.655499999999997252e-03 -9.663167632129582074e+00
3.940400000000000014e-01 2.192050000000000110e-01 -9.933500000000011765e-03 -6.622500000000003384e-03 -4.966999999999999194e-03 -3.311250000000008631e-03 -9.729571941622501769e-04
3.807949999999999946e-01 2.125829999999999942e-01 -1.986750000000001015e-02 -1.324500000000000677e-02 -3.311499999999995003e-03 -4.966999999999999194e-03 4.026859339019993378e+00
3.543049999999999811e-01 1.927149999999999974e-01 -1.655650000000000177e-02 -1.655650000000000177e-02 6.622500000000003384e-03 1.655750000000004440e-03 6.406048760718551449e+00
3.476819999999999911e-01 1.794699999999999906e-01 -6.622500000000003384e-03 -9.933499999999997887e-03 4.966999999999999194e-03 3.311500000000001942e-03 1.610754957136347443e+01
3.410599999999999743e-01 1.728480000000000016e-01 -6.622500000000003384e-03 -9.933499999999997887e-03 1.655500000000004190e-03 -2.500000000002500222e-07 9.665113546518041332e+00
3.344369999999999843e-01 1.596029999999999949e-01 -3.311499999999995003e-03 -9.933999999999998387e-03 3.311250000000001692e-03 -2.500000000002500222e-07 2.864915364240425433e+01
3.344369999999999843e-01 1.529800000000000049e-01 0.000000000000000000e+00 -9.933999999999998387e-03 3.311499999999995003e-03 1.655749999999997502e-03 3.355648386660187299e+01
3.344369999999999843e-01 1.397349999999999981e-01 3.311499999999995003e-03 -6.622500000000003384e-03 4.966999999999999194e-03 3.311500000000001942e-03 1.080482983034786457e+02
3.410599999999999743e-01 1.397349999999999981e-01 9.933999999999998387e-03 -3.310999999999994503e-03 4.966750000000005882e-03 1.655750000000004440e-03 2.864900941916936006e+01
3.543049999999999811e-01 1.331130000000000091e-01 1.324500000000000677e-02 -3.310999999999994503e-03 3.311000000000008381e-03 1.655499999999997252e-03 1.292462547254313776e+01
3.675499999999999878e-01 1.331130000000000091e-01 1.655600000000001515e-02 0.000000000000000000e+00 1.655500000000004190e-03 3.310999999999994503e-03 1.207948295405820005e+01
3.874170000000000114e-01 1.331130000000000091e-01 1.655600000000001515e-02 3.310999999999994503e-03 -1.655500000000004190e-03 3.311249999999994753e-03 1.252914609478561836e+01
4.006620000000000181e-01 1.397349999999999981e-01 1.324500000000000677e-02 6.622499999999989506e-03 -3.311000000000008381e-03 1.655750000000004440e-03 1.350588434880962474e+01
4.139070000000000249e-01 1.463579999999999881e-01 9.933999999999998387e-03 6.622500000000003384e-03 -1.655500000000004190e-03 6.938893903907228378e-18 6.442249040481921263e+00
4.205300000000000149e-01 1.529800000000000049e-01 9.933999999999998387e-03 6.622500000000003384e-03 1.655499999999990313e-03 1.655749999999997502e-03 3.222827035707362953e+00
4.337750000000000217e-01 1.596029999999999949e-01 1.324499999999997901e-02 9.933999999999998387e-03 -2.500000000071889161e-07 1.655499999999997252e-03 4.832063164661398957e+00
4.470199999999999729e-01 1.728480000000000016e-01 9.933499999999984009e-03 9.933499999999997887e-03 -4.966999999999985316e-03 -1.655749999999997502e-03 1.186430726329362706e+01
4.536419999999999897e-01 1.794699999999999906e-01 3.311000000000008381e-03 6.622500000000003384e-03 -3.310999999999994503e-03 -1.655499999999997252e-03 4.051744893768676548e+01
4.536419999999999897e-01 1.860930000000000084e-01 3.311499999999995003e-03 6.622500000000003384e-03 2.499999999933111283e-07 -3.311250000000001692e-03 -2.701666296519099930e+01
4.602649999999999797e-01 1.927149999999999974e-01 3.311499999999995003e-03 0.000000000000000000e+00 -1.655749999999997502e-03 -8.278000000000000635e-03 -7.548764960088482212e+02
4.602649999999999797e-01 1.860930000000000084e-01 0.000000000000000000e+00 -9.933499999999997887e-03 -1.655749999999997502e-03 -4.966999999999999194e-03 -1.677993103222854998e+01
4.602649999999999797e-01 1.728480000000000016e-01 0.000000000000000000e+00 -9.933999999999998387e-03 1.655500000000004190e-03 1.655499999999997252e-03 1.677570860370213879e+01
4.602649999999999797e-01 1.662250000000000116e-01 3.311000000000008381e-03 -6.622500000000003384e-03 1.655500000000004190e-03 1.655749999999997502e-03 4.051744893768693601e+01
4.668869999999999965e-01 1.596029999999999949e-01 3.311000000000008381e-03 -6.622500000000003384e-03 2.499999999933111283e-07 0.000000000000000000e+00 4.078972039724518966e-03
4.668869999999999965e-01 1.529800000000000049e-01 3.311499999999995003e-03 -6.622500000000003384e-03 4.966999999999999194e-03 -1.655499999999997252e-03 6.752840203183419021e+01
4.735099999999999865e-01 1.463579999999999881e-01 1.324500000000000677e-02 -9.933499999999997887e-03 6.622500000000017262e-03 6.938893903907228378e-18 1.449606541956696759e+01
4.933770000000000100e-01 1.331130000000000091e-01 1.655650000000002953e-02 -6.622499999999989506e-03 2.499999999933111283e-07 4.966749999999998944e-03 1.450306211670421241e+01
5.066230000000000455e-01 1.331130000000000091e-01 1.324549999999999339e-02 0.000000000000000000e+00 -1.655750000000039135e-03 4.966749999999992005e-03 2.830972081700578613e+01
5.198679999999999968e-01 1.331130000000000091e-01 1.324499999999995126e-02 3.310999999999994503e-03 -3.311500000000008881e-03 4.966749999999998944e-03 3.015984491160598324e+01
5.331129999999999480e-01 1.397349999999999981e-01 6.622499999999975628e-03 9.933499999999997887e-03 -6.622499999999975628e-03 4.967000000000006132e-03 5.799019469032335650e+01
5.331129999999999480e-01 1.529800000000000049e-01 0.000000000000000000e+00 1.324500000000000677e-02 -3.311249999999987814e-03 6.622749999999996695e-03 1.887504718761787714e+01
5.331129999999999480e-01 1.662250000000000116e-01 0.000000000000000000e+00 2.317899999999999128e-02 0.000000000000000000e+00 6.622499999999996445e-03 0.000000000000000000e+00
5.331129999999999480e-01 1.993379999999999874e-01 0.000000000000000000e+00 2.648999999999999966e-02 -1.655749999999983624e-03 -1.655749999999990563e-03 2.359559032155389868e+00
5.331129999999999480e-01 2.192050000000000110e-01 -3.311499999999967248e-03 1.986750000000001015e-02 -1.655749999999983624e-03 -4.966750000000005882e-03 6.038713736446661429e+00
5.264900000000000135e-01 2.390730000000000077e-01 -3.311499999999967248e-03 1.655649999999998789e-02 1.655749999999983624e-03 -6.938893903907228378e-18 -5.695143364743492143e+00
5.264900000000000135e-01 2.523179999999999867e-01 0.000000000000000000e+00 1.986749999999999627e-02 1.655749999999983624e-03 1.655500000000011129e-03 -4.194771612720694876e+00
5.264900000000000135e-01 2.788080000000000003e-01 0.000000000000000000e+00 1.986750000000001015e-02 -1.655500000000004190e-03 -1.655499999999997252e-03 4.194138248442812689e+00
5.264900000000000135e-01 2.920530000000000070e-01 -3.311000000000008381e-03 1.655650000000000177e-02 -1.655500000000004190e-03 -3.311250000000001692e-03 7.972101345816013485e+00
5.198679999999999968e-01 3.119210000000000038e-01 -3.311000000000008381e-03 1.324500000000000677e-02 1.655500000000004190e-03 -4.966999999999999194e-03 -2.153995819177053406e+00
5.198679999999999968e-01 3.185430000000000206e-01 0.000000000000000000e+00 6.622500000000003384e-03 1.655500000000004190e-03 -1.655500000000004190e-03 -3.774724423598531331e+01
5.198679999999999968e-01 3.251660000000000106e-01 0.000000000000000000e+00 9.933999999999998387e-03 1.655500000000004190e-03 0.000000000000000000e+00 -1.677570860370213879e+01
5.198679999999999968e-01 3.384110000000000174e-01 3.311000000000008381e-03 6.622500000000003384e-03 4.966749999999992005e-03 -3.311500000000008881e-03 -1.080499296951920059e+02
5.264900000000000135e-01 3.384110000000000174e-01 9.933499999999984009e-03 3.310999999999980625e-03 3.311499999999995003e-03 0.000000000000000000e+00 -9.550967644959252212e+00
5.397349999999999648e-01 3.450329999999999786e-01 9.933999999999998387e-03 6.622500000000003384e-03 3.311500000000022759e-03 2.500000000210667039e-07 -1.288498447198222685e+01
5.463580000000000103e-01 3.516560000000000241e-01 1.655650000000002953e-02 3.311500000000022759e-03 4.966749999999992005e-03 -4.967000000000013071e-03 -2.050151861627159633e+01
5.728480000000000238e-01 3.516560000000000241e-01 1.986749999999998240e-02 -3.311500000000022759e-03 -3.311500000000022759e-03 -3.311500000000022759e-03 -9.393734820784523265e+00
5.860929999999999751e-01 3.450329999999999786e-01 9.933499999999984009e-03 -3.311500000000022759e-03 -3.311249999999987814e-03 -3.310999999999980625e-03 -3.819997697158658667e+01
5.927149999999999919e-01 3.450329999999999786e-01 1.324500000000000677e-02 -9.933499999999984009e-03 2.500000000071889161e-07 -6.622249999999982317e-03 -1.932729677975822469e+01
6.125829999999999886e-01 3.251660000000000106e-01 9.933999999999998387e-03 -1.655599999999998739e-02 -6.622500000000003384e-03 -2.500000000071889161e-07 -1.523346567950983221e+01
6.125829999999999886e-01 3.119210000000000038e-01 0.000000000000000000e+00 -9.933999999999998387e-03 -4.966999999999999194e-03 1.655249999999997002e-03 -5.033219247030401533e+01
6.125829999999999886e-01 3.052980000000000138e-01 0.000000000000000000e+00 -1.324549999999999339e-02 -4.966999999999999194e-03 -1.655500000000004190e-03 -2.831114577904423157e+01
6.125829999999999886e-01 2.854300000000000170e-01 -9.933999999999998387e-03 -1.324500000000000677e-02 -6.622500000000003384e-03 4.967249999999992505e-03 -3.020034911273029365e+01
5.927149999999999919e-01 2.788080000000000003e-01 -1.324500000000000677e-02 -3.311000000000008381e-03 1.655750000000011379e-03 1.158925000000000927e-02 -5.816601938101668168e+01
5.860929999999999751e-01 2.788080000000000003e-01 -6.622499999999975628e-03 9.933500000000011765e-03 3.311250000000015570e-03 8.278000000000007574e-03 -5.154629919295735618e+01
5.794700000000000406e-01 2.986750000000000238e-01 -6.622499999999975628e-03 1.324500000000000677e-02 3.311249999999987814e-03 1.655999999999990813e-03 -1.688312020862512597e+01
5.728480000000000238e-01 3.052980000000000138e-01 0.000000000000000000e+00 1.324549999999999339e-02 4.966749999999992005e-03 0.000000000000000000e+00 -2.830972081700578613e+01
5.794700000000000406e-01 3.251660000000000106e-01 3.311000000000008381e-03 1.324500000000000677e-02 3.311249999999987814e-03 -3.311499999999995003e-03 -2.154321107741659347e+01
5.794700000000000406e-01 3.317880000000000273e-01 6.622499999999975628e-03 6.622500000000003384e-03 3.311499999999995003e-03 -3.311250000000015570e-03 -5.338871079911469764e+01
5.927149999999999919e-01 3.384110000000000174e-01 9.933999999999998387e-03 6.622499999999975628e-03 2.775557561562891351e-17 -1.655750000000011379e-03 -9.665076076189416554e+00
5.993380000000000374e-01 3.450329999999999786e-01 6.622500000000031140e-03 3.310999999999980625e-03 -1.655750000000011379e-03 -1.655499999999976435e-03 -1.350445675786971655e+01
6.059600000000000541e-01 3.450329999999999786e-01 6.622499999999975628e-03 3.311500000000022759e-03 2.499999999516777649e-07 1.656000000000032446e-03 2.701462350997407924e+01
6.125829999999999886e-01 3.516560000000000241e-01 6.622999999999934495e-03 6.623000000000045517e-03 4.999999999588666810e-07 3.311500000000022759e-03 2.668730242550458343e+01
