4.933770000000000100e-01 2.788080000000000003e-01 -6.622000000000016762e-03 0.000000000000000000e+00 -3.311499999999995003e-03 3.311000000000008381e-03 -7.550588945937762730e+01
4.867549999999999932e-01 2.788080000000000003e-01 -9.933500000000011765e-03 3.311000000000008381e-03 -1.655999999999990813e-03 3.311250000000001692e-03 -2.387597713044272041e+01
4.735099999999999865e-01 2.854300000000000170e-01 -9.933999999999998387e-03 6.622500000000003384e-03 1.655500000000004190e-03 1.655749999999997502e-03 -1.610732511667107048e+01
4.668869999999999965e-01 2.920530000000000070e-01 -6.622500000000003384e-03 6.622500000000003384e-03 1.655749999999997502e-03 0.000000000000000000e+00 -1.334768153797644352e+01
4.602649999999999797e-01 2.986750000000000238e-01 -6.622500000000003384e-03 6.622500000000003384e-03 0.000000000000000000e+00 2.499999999933111283e-07 -2.015352791426746389e-03
4.536419999999999897e-01 3.052980000000000138e-01 -6.622500000000003384e-03 6.622999999999990006e-03 1.655749999999997502e-03 1.655749999999997502e-03 -2.669334762806894190e+01
4.470199999999999729e-01 3.119210000000000038e-01 -3.311000000000008381e-03 9.933999999999998387e-03 3.311250000000001692e-03 3.311000000000008381e-03 -3.819795820554234211e+01
4.470199999999999729e-01 3.251660000000000106e-01 0.000000000000000000e+00 1.324500000000000677e-02 1.655500000000004190e-03 -2.500000000071889161e-07 -9.436811058996328327e+00
4.470199999999999729e-01 3.384110000000000174e-01 0.000000000000000000e+00 9.933499999999984009e-03 1.655500000000004190e-03 -1.655750000000011379e-03 -1.677739744759447760e+01
4.470199999999999729e-01 3.450329999999999786e-01 3.311000000000008381e-03 9.933499999999984009e-03 4.966750000000005882e-03 2.500000000071889161e-07 -4.297647032951964974e+01
4.536419999999999897e-01 3.582779999999999854e-01 9.933500000000011765e-03 9.933999999999998387e-03 4.966999999999999194e-03 -3.310999999999994503e-03 -2.965897668280903687e+01
4.668869999999999965e-01 3.649009999999999754e-01 1.324500000000000677e-02 3.311499999999995003e-03 1.655749999999997502e-03 -4.966999999999999194e-03 -2.800640405464808680e+01
4.801320000000000032e-01 3.649009999999999754e-01 1.324500000000000677e-02 0.000000000000000000e+00 -1.655500000000004190e-03 -4.966999999999985316e-03 -2.831328331623950945e+01
4.933770000000000100e-01 3.649009999999999754e-01 9.933999999999998387e-03 -6.622499999999975628e-03 -1.655500000000018068e-03 -6.622499999999989506e-03 -4.509963470532454721e+01
5.000000000000000000e-01 3.516560000000000241e-01 9.933999999999970631e-03 -1.324499999999997901e-02 0.000000000000000000e+00 -6.622500000000017262e-03 -1.449600704871543044e+01
5.132449999999999513e-01 3.384110000000000174e-01 9.933999999999998387e-03 -1.986750000000001015e-02 -3.311249999999973936e-03 -9.934000000000012265e-03 -1.500676476349614141e+01
5.198679999999999968e-01 3.119210000000000038e-01 3.311500000000022759e-03 -3.311300000000000354e-02 -6.622750000000010573e-03 -4.966999999999999194e-03 -6.396882540592337740e+00
5.198679999999999968e-01 2.721850000000000103e-01 -3.311500000000022759e-03 -2.980150000000000854e-02 -4.966999999999999194e-03 6.622749999999996695e-03 -6.304142057744184235e+00
5.132449999999999513e-01 2.523179999999999867e-01 -6.622499999999975628e-03 -1.986750000000001015e-02 -1.655499999999976435e-03 6.622500000000010323e-03 -8.356069219893477396e+00
5.066230000000000455e-01 2.324499999999999900e-01 -6.622499999999975628e-03 -1.655649999999998789e-02 -1.655750000000025257e-03 3.311250000000008631e-03 -8.702187670170427936e+00
5.000000000000000000e-01 2.192050000000000110e-01 -9.934000000000026143e-03 -1.324499999999999289e-02 -3.311250000000015570e-03 1.655749999999990563e-03 -1.328803686886720570e+01
4.867549999999999932e-01 2.059600000000000042e-01 -1.324500000000000677e-02 -1.324500000000000677e-02 -3.311249999999987814e-03 -1.655500000000004190e-03 -3.336920384494082903e+00
4.735099999999999865e-01 1.927149999999999974e-01 -1.655650000000000177e-02 -1.655600000000000127e-02 -1.655749999999997502e-03 -1.655499999999997252e-03 -2.579651572215264075e-04
4.536419999999999897e-01 1.728480000000000016e-01 -1.655650000000000177e-02 -1.655600000000000127e-02 3.311500000000008881e-03 1.655499999999997252e-03 2.135854762423846420e+00
4.403969999999999829e-01 1.596029999999999949e-01 -9.933499999999984009e-03 -1.324500000000000677e-02 6.622750000000010573e-03 3.311000000000001442e-03 1.208181783661002129e+01
4.337750000000000217e-01 1.463579999999999881e-01 -3.310999999999980625e-03 -9.933999999999998387e-03 3.310999999999980625e-03 1.655500000000004190e-03 2.387345338708598064e+01
4.337750000000000217e-01 1.397349999999999981e-01 -3.311500000000022759e-03 -9.933999999999998387e-03 1.655499999999990313e-03 -1.655500000000000721e-03 1.909775340938524479e+01
4.271519999999999762e-01 1.264899999999999913e-01 0.000000000000000000e+00 -1.324499999999999983e-02 4.967000000000013071e-03 2.500000000002500222e-07 2.831328331623970129e+01
4.337750000000000217e-01 1.132449999999999984e-01 6.622500000000003384e-03 -9.933499999999997887e-03 8.277999999999993697e-03 1.655500000000000721e-03 5.476654428491496418e+01
4.403969999999999829e-01 1.066229999999999956e-01 1.655599999999998739e-02 -9.933999999999998387e-03 6.622500000000003384e-03 -2.500000000002500222e-07 9.139665367673257990e+00
4.668869999999999965e-01 9.337700000000000167e-02 1.986750000000001015e-02 -9.933999999999998387e-03 2.500000000071889161e-07 3.311499999999998473e-03 6.003204419736585251e+00
4.801320000000000032e-01 8.675499999999999878e-02 1.655650000000000177e-02 -3.311000000000001442e-03 -1.655500000000018068e-03 4.966999999999999194e-03 1.594609449753583519e+01
5.000000000000000000e-01 8.675499999999999878e-02 1.655649999999997402e-02 0.000000000000000000e+00 -1.655749999999997502e-03 3.311000000000001442e-03 1.207875337349740796e+01
5.132449999999999513e-01 8.675499999999999878e-02 1.324500000000000677e-02 3.311000000000001442e-03 -1.655749999999983624e-03 3.311250000000001692e-03 1.938888997949917226e+01
5.264900000000000135e-01 9.337700000000000167e-02 1.324500000000000677e-02 6.622500000000003384e-03 0.000000000000000000e+00 6.622749999999996695e-03 2.701278839443673618e+01
5.397349999999999648e-01 1.000000000000000056e-01 1.324500000000000677e-02 1.655649999999999483e-02 -1.655500000000004190e-03 4.966999999999999194e-03 9.777755497826387199e+00
5.529800000000000271e-01 1.264899999999999913e-01 9.933999999999998387e-03 1.655650000000000177e-02 -3.311250000000015570e-03 -4.966999999999995724e-03 7.613867814890096231e-01
5.596029999999999616e-01 1.331130000000000091e-01 6.622499999999975628e-03 6.622500000000003384e-03 -3.311499999999995003e-03 -4.967000000000006132e-03 -1.334566618518499226e+01
5.662249999999999783e-01 1.397349999999999981e-01 3.311000000000008381e-03 6.622499999999989506e-03 -1.655499999999976435e-03 0.000000000000000000e+00 2.701095284777815664e+01
5.662249999999999783e-01 1.463579999999999881e-01 3.311500000000022759e-03 6.622500000000003384e-03 2.500000000071889161e-07 -3.311249999999994753e-03 -2.701666296519125865e+01
5.728480000000000238e-01 1.529800000000000049e-01 3.311500000000022759e-03 0.000000000000000000e+00 -1.655750000000011379e-03 -6.622500000000003384e-03 -6.039103158756361154e+02
5.728480000000000238e-01 1.463579999999999881e-01 0.000000000000000000e+00 -6.622500000000003384e-03 -2.500000000071889161e-07 -3.311249999999994753e-03 -5.700278501520788903e-03
5.728480000000000238e-01 1.397349999999999981e-01 3.311000000000008381e-03 -6.622499999999989506e-03 3.311249999999987814e-03 0.000000000000000000e+00 5.402598466759671680e+01
5.794700000000000406e-01 1.331130000000000091e-01 6.622499999999975628e-03 -6.622500000000003384e-03 1.655749999999983624e-03 -6.938893903907228378e-18 1.334768153797636359e+01
5.860929999999999751e-01 1.264899999999999913e-01 6.622499999999975628e-03 -6.622500000000003384e-03 4.966750000000019760e-03 3.469446951953614189e-18 4.003901390834687390e+01
5.927149999999999919e-01 1.198680000000000023e-01 1.655600000000001515e-02 -6.622499999999996445e-03 6.622500000000003384e-03 1.655500000000000721e-03 1.256973769604178948e+01
6.192050000000000054e-01 1.132449999999999984e-01 1.986749999999998240e-02 -3.311500000000001942e-03 2.499999999794333405e-07 6.622499999999996445e-03 1.610225732174116331e+01
6.324499999999999567e-01 1.132449999999999984e-01 1.655649999999997402e-02 6.622499999999996445e-03 -1.655499999999976435e-03 6.622750000000003634e-03 2.127181964056159202e+01
6.523179999999999534e-01 1.264899999999999913e-01 1.655650000000002953e-02 9.934000000000005326e-03 -4.966999999999971438e-03 1.655750000000000971e-03 1.066332516070754899e+01
6.655630000000000157e-01 1.331130000000000091e-01 6.622500000000031140e-03 9.933999999999998387e-03 -6.622750000000010573e-03 1.655499999999993782e-03 4.510109402528141942e+01
6.655630000000000157e-01 1.463579999999999881e-01 3.311000000000008381e-03 1.324499999999999289e-02 -1.655750000000011379e-03 1.655500000000004190e-03 1.077193086656977883e+01
6.721850000000000325e-01 1.596029999999999949e-01 3.311000000000008381e-03 1.324500000000000677e-02 -3.311000000000008381e-03 6.938893903907228378e-18 1.723326766837815427e+01
6.721850000000000325e-01 1.728480000000000016e-01 -3.311000000000008381e-03 1.324500000000000677e-02 -8.278000000000007574e-03 3.311249999999994753e-03 3.877745468025795361e+01
6.655630000000000157e-01 1.860930000000000084e-01 -1.324500000000000677e-02 1.986749999999999627e-02 -4.966999999999999194e-03 3.311249999999994753e-03 4.027102565604860018e+00
6.456950000000000189e-01 2.125829999999999942e-01 -1.324500000000000677e-02 1.986749999999999627e-02 3.311249999999987814e-03 -4.966999999999999194e-03 1.216132924531151808e-04
6.390730000000000022e-01 2.258280000000000010e-01 -6.622500000000031140e-03 9.933499999999997887e-03 1.655500000000004190e-03 -6.622499999999996445e-03 1.610949548575198520e+01
6.324499999999999567e-01 2.324499999999999900e-01 -9.933999999999998387e-03 6.622500000000003384e-03 1.655750000000039135e-03 -3.310999999999994503e-03 1.288401161649422555e+01
6.192050000000000054e-01 2.390730000000000077e-01 -3.310999999999952870e-03 3.311500000000008881e-03 8.278249999999987008e-03 -1.655750000000004440e-03 -2.135709648013113053e+02
6.258280000000000509e-01 2.390730000000000077e-01 6.622499999999975628e-03 3.310999999999994503e-03 1.158924999999996763e-02 -2.500000000071889161e-07 -9.454139427324609812e+01
6.324499999999999567e-01 2.456949999999999967e-01 1.986749999999998240e-02 3.310999999999994503e-03 9.933750000000018954e-03 2.500000000002500222e-07 -4.024676489161758575e+00
6.655630000000000157e-01 2.456949999999999967e-01 2.649000000000001354e-02 3.311499999999995003e-03 -1.655749999999983624e-03 2.500000000002500222e-07 2.885335333625244081e-01
6.854299999999999837e-01 2.523179999999999867e-01 1.655600000000001515e-02 3.311499999999995003e-03 -6.622249999999996195e-03 -1.655749999999997502e-03 -1.139196706322090913e+00
6.986750000000000460e-01 2.523179999999999867e-01 1.324550000000002115e-02 0.000000000000000000e+00 1.655999999999990813e-03 -3.311499999999995003e-03 -1.887504716072165323e+01
7.119210000000000260e-01 2.523179999999999867e-01 1.986799999999999677e-02 -3.311499999999995003e-03 3.310999999999980625e-03 -3.311249999999994753e-03 -6.708941448800240792e+00
7.384110000000000396e-01 2.456949999999999967e-01 1.986749999999998240e-02 -6.622499999999989506e-03 -4.967250000000006382e-03 -1.655500000000004190e-03 -7.162576806723421008e+00
7.516559999999999908e-01 2.390730000000000077e-01 9.933499999999984009e-03 -6.622500000000003384e-03 -6.622499999999975628e-03 -6.938893903907228378e-18 -2.577363607507578536e+01
7.582780000000000076e-01 2.324499999999999900e-01 6.622500000000031140e-03 -6.622500000000003384e-03 -4.966749999999992005e-03 6.938893903907228378e-18 -4.003901390834605678e+01
7.649010000000000531e-01 2.258280000000000010e-01 0.000000000000000000e+00 -6.622499999999989506e-03 -6.622500000000031140e-03 0.000000000000000000e+00 -1.510003775009449782e+02
7.582780000000000076e-01 2.192050000000000110e-01 -6.622500000000031140e-03 -6.622500000000003384e-03 -4.966749999999992005e-03 -6.938893903907228378e-18 -4.003901390834605678e+01
7.516559999999999908e-01 2.125829999999999942e-01 -9.933499999999984009e-03 -6.622500000000003384e-03 -3.311249999999987814e-03 1.655500000000004190e-03 -2.255095862686170705e+01
7.384110000000000396e-01 2.059600000000000042e-01 -1.324500000000000677e-02 -3.311499999999995003e-03 -2.500000000071889161e-07 4.966999999999999194e-03 -2.585214036243029057e+01
7.251659999999999773e-01 2.059600000000000042e-01 -9.933999999999998387e-03 3.311499999999995003e-03 4.966750000000019760e-03 4.966999999999999194e-03 -5.729830717594188627e+01
7.185430000000000428e-01 2.125829999999999942e-01 -3.311499999999967248e-03 6.622500000000003384e-03 6.622749999999982817e-03 3.311000000000001442e-03 -1.350568037557331706e+02
7.185430000000000428e-01 2.192050000000000110e-01 3.311499999999967248e-03 9.933499999999997887e-03 4.966999999999971438e-03 1.655749999999997502e-03 -3.820141899710000644e+01
7.251659999999999773e-01 2.324499999999999900e-01 6.622499999999975628e-03 9.933999999999998387e-03 1.655500000000031946e-03 -1.655499999999997252e-03 -1.610586579671413432e+01
7.317879999999999940e-01 2.390730000000000077e-01 6.622500000000031140e-03 6.622500000000003384e-03 2.500000000349444917e-07 -1.656000000000004690e-03 -1.335171224355971731e+01
7.384110000000000396e-01 2.456949999999999967e-01 6.623000000000045517e-03 6.621999999999989006e-03 5.000000000143778323e-07 -5.000000000143778323e-07 -8.061411097226019867e-03
