4.801320000000000032e-01 3.913909999999999889e-01 -6.622000000000016762e-03 0.000000000000000000e+00 -4.999999999866222566e-07 0.000000000000000000e+00 0.000000000000000000e+00
4.735099999999999865e-01 3.913909999999999889e-01 -6.622500000000003384e-03 0.000000000000000000e+00 -1.655999999999990813e-03 3.311250000000001692e-03 -7.550018875047183542e+01
4.668869999999999965e-01 3.913909999999999889e-01 -9.933999999999998387e-03 6.622500000000003384e-03 -1.655500000000004190e-03 4.966750000000005882e-03 -2.255006054817147287e+01
4.536419999999999897e-01 4.046359999999999957e-01 -9.933500000000011765e-03 9.933500000000011765e-03 3.311499999999995003e-03 0.000000000000000000e+00 -1.186520302073135724e+01
4.470199999999999729e-01 4.112580000000000124e-01 -3.311000000000008381e-03 6.622500000000003384e-03 4.966750000000005882e-03 -1.655500000000004190e-03 -6.753248075750518353e+01
4.470199999999999729e-01 4.178810000000000024e-01 0.000000000000000000e+00 6.622500000000003384e-03 3.311000000000008381e-03 0.000000000000000000e+00 -7.549448847197062662e+01
4.470199999999999729e-01 4.245030000000000192e-01 3.311000000000008381e-03 6.622500000000003384e-03 3.311250000000001692e-03 -1.655500000000004190e-03 -6.753044142546690409e+01
4.536419999999999897e-01 4.311260000000000092e-01 6.622500000000003384e-03 3.311499999999995003e-03 1.655749999999997502e-03 -3.311250000000001692e-03 -6.752840203183411916e+01
4.602649999999999797e-01 4.311260000000000092e-01 6.622500000000003384e-03 0.000000000000000000e+00 0.000000000000000000e+00 -1.655749999999997502e-03 -3.775294451448651500e+01
4.668869999999999965e-01 4.311260000000000092e-01 6.622500000000003384e-03 0.000000000000000000e+00 1.655749999999997502e-03 0.000000000000000000e+00 0.000000000000000000e+00
4.735099999999999865e-01 4.311260000000000092e-01 9.933999999999998387e-03 0.000000000000000000e+00 1.655500000000004190e-03 0.000000000000000000e+00 0.000000000000000000e+00
4.867549999999999932e-01 4.311260000000000092e-01 9.933500000000011765e-03 0.000000000000000000e+00 -3.311499999999995003e-03 -3.311250000000001692e-03 -3.355732847982288547e+01
4.933770000000000100e-01 4.311260000000000092e-01 3.311000000000008381e-03 -6.622500000000003384e-03 -4.966750000000005882e-03 -4.966999999999999194e-03 -1.215543864530622500e+02
4.933770000000000100e-01 4.178810000000000024e-01 0.000000000000000000e+00 -9.933999999999998387e-03 -1.655500000000004190e-03 -3.311250000000001692e-03 -1.677570860370213879e+01
4.933770000000000100e-01 4.112580000000000124e-01 0.000000000000000000e+00 -1.324500000000000677e-02 -1.655500000000004190e-03 -4.966750000000005882e-03 -9.436811058996328327e+00
4.933770000000000100e-01 3.913909999999999889e-01 -3.311000000000008381e-03 -1.986750000000001015e-02 -3.311250000000001692e-03 -3.311249999999987814e-03 -6.709415122872320225e+00
4.867549999999999932e-01 3.715229999999999921e-01 -6.622500000000003384e-03 -1.986749999999998240e-02 -1.655749999999997502e-03 -1.655499999999990313e-03 -2.387886119508367155e+00
4.801320000000000032e-01 3.516560000000000241e-01 -6.622500000000003384e-03 -2.317849999999999078e-02 0.000000000000000000e+00 -1.655750000000011379e-03 7.827805109922612026e-01
4.735099999999999865e-01 3.251660000000000106e-01 -6.622500000000003384e-03 -2.317900000000000515e-02 0.000000000000000000e+00 -2.500000000071889161e-07 1.181841579938138111e-04
4.668869999999999965e-01 3.052980000000000138e-01 -6.622500000000003384e-03 -2.317900000000000515e-02 1.655749999999997502e-03 0.000000000000000000e+00 2.739597422567046969e+00
4.602649999999999797e-01 2.788080000000000003e-01 -3.311000000000008381e-03 -2.317900000000000515e-02 3.311250000000001692e-03 3.311250000000001692e-03 5.125112442137303326e+00
4.602649999999999797e-01 2.589400000000000035e-01 0.000000000000000000e+00 -1.655650000000000177e-02 1.655500000000004190e-03 3.311500000000001942e-03 6.039376686748696876e+00
4.602649999999999797e-01 2.456949999999999967e-01 0.000000000000000000e+00 -1.655600000000000127e-02 1.655500000000004190e-03 1.655750000000004440e-03 6.039741477029134664e+00
4.602649999999999797e-01 2.258280000000000010e-01 3.311000000000008381e-03 -1.324499999999999289e-02 4.966750000000005882e-03 3.311000000000001442e-03 3.015919435412493499e+01
4.668869999999999965e-01 2.192050000000000110e-01 9.933500000000011765e-03 -9.933999999999998387e-03 8.278500000000008074e-03 3.311249999999994753e-03 4.152477676620632963e+01
4.801320000000000032e-01 2.059600000000000042e-01 1.986800000000002453e-02 -6.622500000000003384e-03 4.967249999999992505e-03 4.966999999999999194e-03 1.432499137523310928e+01
5.066230000000000455e-01 2.059600000000000042e-01 1.986799999999999677e-02 0.000000000000000000e+00 -3.311500000000036636e-03 4.966999999999999194e-03 1.258304811757600383e+01
5.198679999999999968e-01 2.059600000000000042e-01 1.324499999999995126e-02 3.311499999999995003e-03 -4.967250000000006382e-03 4.966999999999999194e-03 3.231558207746884648e+01
5.331129999999999480e-01 2.125829999999999942e-01 9.933499999999984009e-03 9.933999999999998387e-03 -4.966999999999971438e-03 4.966750000000005882e-03 3.559113028627754005e+01
5.397349999999999648e-01 2.258280000000000010e-01 3.311000000000008381e-03 1.324500000000000677e-02 -3.310999999999980625e-03 1.655499999999997252e-03 1.938726348755504603e+01
5.397349999999999648e-01 2.390730000000000077e-01 3.311500000000022759e-03 1.324499999999999289e-02 2.500000000071889161e-07 -6.938893903907228378e-18 -1.301178530509394717e-03
5.463580000000000103e-01 2.523179999999999867e-01 3.311500000000022759e-03 1.324499999999999289e-02 -1.655750000000011379e-03 -1.655749999999990563e-03 6.463116395845927897e+00
5.463580000000000103e-01 2.655629999999999935e-01 0.000000000000000000e+00 9.933500000000011765e-03 -1.655750000000011379e-03 -1.655749999999990563e-03 1.677993103222864235e+01
5.463580000000000103e-01 2.721850000000000103e-01 0.000000000000000000e+00 9.933500000000011765e-03 0.000000000000000000e+00 -3.311000000000008381e-03 -0.000000000000000000e+00
5.463580000000000103e-01 2.854300000000000170e-01 0.000000000000000000e+00 3.311499999999995003e-03 0.000000000000000000e+00 -8.278000000000007574e-03 -0.000000000000000000e+00
5.463580000000000103e-01 2.788080000000000003e-01 0.000000000000000000e+00 -6.622500000000003384e-03 0.000000000000000000e+00 -6.622749999999996695e-03 0.000000000000000000e+00
5.463580000000000103e-01 2.721850000000000103e-01 0.000000000000000000e+00 -9.933999999999998387e-03 1.655500000000004190e-03 -3.311250000000001692e-03 1.677570860370213879e+01
5.463580000000000103e-01 2.589400000000000035e-01 3.311000000000008381e-03 -1.324500000000000677e-02 3.311249999999987814e-03 2.500000000002500222e-07 1.723489416032206734e+01
5.529800000000000271e-01 2.456949999999999967e-01 6.622499999999975628e-03 -9.933499999999997887e-03 1.655749999999983624e-03 1.655750000000004440e-03 1.610949548575191770e+01
5.596029999999999616e-01 2.390730000000000077e-01 6.622499999999975628e-03 -9.933499999999997887e-03 1.655500000000031946e-03 -2.500000000002500222e-07 9.663167632129786355e+00
5.662249999999999783e-01 2.258280000000000010e-01 9.933500000000039520e-03 -9.933999999999998387e-03 3.311250000000015570e-03 1.655499999999997252e-03 1.779526657235510712e+01
5.794700000000000406e-01 2.192050000000000110e-01 1.324500000000000677e-02 -6.622500000000003384e-03 3.311499999999967248e-03 3.311499999999995003e-03 2.026035606844066095e+01
5.927149999999999919e-01 2.125829999999999942e-01 1.655649999999997402e-02 -3.311000000000008381e-03 1.655750000000011379e-03 4.966750000000005882e-03 1.822295325345638517e+01
6.125829999999999886e-01 2.125829999999999942e-01 1.655650000000002953e-02 3.311000000000008381e-03 -1.655749999999983624e-03 6.622250000000003134e-03 2.391733592449476831e+01
6.258280000000000509e-01 2.192050000000000110e-01 1.324500000000000677e-02 9.933499999999997887e-03 -1.655750000000039135e-03 1.324524999999999314e-02 4.228216695044222462e+01
6.390730000000000022e-01 2.324499999999999900e-01 1.324499999999995126e-02 2.980149999999999466e-02 -3.311250000000015570e-03 1.324525000000000702e-02 7.902925117332648242e+00
6.523179999999999534e-01 2.788080000000000003e-01 6.622499999999975628e-03 3.642400000000001192e-02 -6.622499999999975628e-03 -3.311249999999994753e-03 4.321829478414901615e+00
6.523179999999999534e-01 3.052980000000000138e-01 0.000000000000000000e+00 2.317900000000000515e-02 -4.966999999999971438e-03 -8.278250000000014763e-03 9.244954307469376076e+00
6.523179999999999534e-01 3.251660000000000106e-01 -3.311499999999967248e-03 1.986749999999998240e-02 -6.622499999999975628e-03 -2.500000000071889161e-07 1.610225732174113844e+01
6.456950000000000189e-01 3.450329999999999786e-01 -1.324499999999995126e-02 2.317849999999999078e-02 -4.966750000000019760e-03 1.387778780781445676e-17 6.050931997111796967e+00
6.258280000000000509e-01 3.715229999999999921e-01 -1.324500000000000677e-02 1.986750000000001015e-02 1.655499999999976435e-03 -6.622249999999996195e-03 4.026859339020020023e+00
6.192050000000000054e-01 3.847679999999999989e-01 -9.933999999999998387e-03 9.933999999999998387e-03 1.655750000000011379e-03 -6.622500000000003384e-03 1.779422163660003520e+01
6.059600000000000541e-01 3.913909999999999889e-01 -9.933499999999984009e-03 6.622500000000003384e-03 2.499999999794333405e-07 -1.655749999999997502e-03 9.664627031191761475e+00
5.993380000000000374e-01 3.980130000000000057e-01 -9.933500000000039520e-03 6.622500000000003384e-03 3.310999999999980625e-03 -1.655500000000004190e-03 -3.221704491019696359e+00
5.860929999999999751e-01 4.046359999999999957e-01 -3.311500000000022759e-03 3.311499999999995003e-03 9.933500000000039520e-03 -3.311250000000001692e-03 -2.135064795980595989e+02
5.927149999999999919e-01 4.046359999999999957e-01 9.933500000000039520e-03 0.000000000000000000e+00 1.324525000000001396e-02 -1.655749999999997502e-03 -1.677993103222840787e+01
6.059600000000000541e-01 4.046359999999999957e-01 2.317900000000000515e-02 0.000000000000000000e+00 6.622749999999955062e-03 0.000000000000000000e+00 0.000000000000000000e+00
6.390730000000000022e-01 4.046359999999999957e-01 2.317899999999994964e-02 0.000000000000000000e+00 -3.311499999999995003e-03 0.000000000000000000e+00 0.000000000000000000e+00
6.523179999999999534e-01 4.046359999999999957e-01 1.655600000000001515e-02 0.000000000000000000e+00 -1.655749999999955868e-03 0.000000000000000000e+00 0.000000000000000000e+00
6.721850000000000325e-01 4.046359999999999957e-01 1.986750000000003791e-02 0.000000000000000000e+00 1.655999999999990813e-03 0.000000000000000000e+00 0.000000000000000000e+00
6.920530000000000292e-01 4.046359999999999957e-01 1.986799999999999677e-02 0.000000000000000000e+00 -2.775557561562891351e-17 -1.655749999999997502e-03 -4.194560483325234124e+00
7.119210000000000260e-01 4.046359999999999957e-01 1.986749999999998240e-02 -3.311499999999995003e-03 3.311000000000008381e-03 -4.966999999999999194e-03 -1.073507460623050846e+01
7.317879999999999940e-01 3.980130000000000057e-01 2.649000000000001354e-02 -9.933999999999998387e-03 1.655750000000011379e-03 -4.966750000000005882e-03 -5.083821081905050221e+00
7.649010000000000531e-01 3.847679999999999989e-01 2.317900000000000515e-02 -1.324500000000000677e-02 -8.278250000000014763e-03 -6.622249999999996195e-03 -1.383039370557311543e+01
7.781460000000000043e-01 3.715229999999999921e-01 9.933499999999984009e-03 -2.317849999999999078e-02 -9.933999999999998387e-03 -6.622499999999989506e-03 -1.846074363736867952e+01
7.847680000000000211e-01 3.384110000000000174e-01 3.311000000000008381e-03 -2.648999999999998578e-02 -6.622249999999996195e-03 -2.500000000071889161e-07 -9.220301955039483133e+00
7.847680000000000211e-01 3.185430000000000206e-01 -3.311000000000008381e-03 -2.317900000000000515e-02 -4.966750000000019760e-03 4.966749999999992005e-03 -1.024970896798290276e+01
7.781460000000000043e-01 2.920530000000000070e-01 -6.622500000000031140e-03 -1.655650000000000177e-02 -1.655749999999983624e-03 8.278250000000000886e-03 -1.450350011688894369e+01
7.715229999999999588e-01 2.854300000000000170e-01 -6.622499999999975628e-03 -6.622500000000003384e-03 -1.655499999999976435e-03 9.933999999999998387e-03 -9.342772470746086810e+01
7.649010000000000531e-01 2.788080000000000003e-01 -9.933499999999984009e-03 3.311499999999995003e-03 -1.655750000000039135e-03 9.933750000000005076e-03 -8.117666345630885871e+01
7.516559999999999908e-01 2.920530000000000070e-01 -9.934000000000053898e-03 1.324500000000000677e-02 1.655500000000004190e-03 9.933750000000005076e-03 -2.657552651210020400e+01
7.450329999999999453e-01 3.052980000000000138e-01 -6.622499999999975628e-03 2.317900000000000515e-02 3.311500000000050514e-03 9.933749999999991198e-03 -1.017524236288332418e+01
7.384110000000000396e-01 3.384110000000000174e-01 -3.310999999999952870e-03 3.311249999999998916e-02 3.311249999999987814e-03 -2.500000000071889161e-07 -2.975251365786666824e+00
7.384110000000000396e-01 3.715229999999999921e-01 0.000000000000000000e+00 2.317849999999999078e-02 3.310999999999952870e-03 -1.158924999999999539e-02 -6.162948328681969734e+00
7.384110000000000396e-01 3.847679999999999989e-01 3.310999999999952870e-03 9.933999999999998387e-03 3.310999999999952870e-03 -8.277750000000000385e-03 -5.251885785133307394e+01
7.450329999999999453e-01 3.913909999999999889e-01 6.621999999999905739e-03 6.622999999999990006e-03 3.310999999999952870e-03 -3.311000000000008381e-03 -5.338266428429643184e+01
