3.344369999999999843e-01 2.854300000000000170e-01 -6.621999999999961251e-03 0.000000000000000000e+00 -5.000000000421334079e-07 0.000000000000000000e+00 0.000000000000000000e+00
3.278150000000000230e-01 2.854300000000000170e-01 -6.622500000000003384e-03 0.000000000000000000e+00 -2.500000000210667039e-07 0.000000000000000000e+00 0.000000000000000000e+00
3.211919999999999775e-01 2.854300000000000170e-01 -6.622500000000003384e-03 0.000000000000000000e+00 -1.655499999999990313e-03 3.311250000000001692e-03 -7.550018875047183542e+01
3.145700000000000163e-01 2.854300000000000170e-01 -9.933499999999984009e-03 6.622500000000003384e-03 0.000000000000000000e+00 4.966999999999999194e-03 -2.899534056609564558e+01
3.013250000000000095e-01 2.986750000000000238e-01 -6.622500000000003384e-03 9.933999999999998387e-03 3.310999999999994503e-03 1.655749999999997502e-03 -2.577045540843377935e+01
3.013250000000000095e-01 3.052980000000000138e-01 -3.311499999999995003e-03 9.933999999999998387e-03 1.655500000000004190e-03 1.655500000000004190e-03 -1.909775340938538335e+01
2.947020000000000195e-01 3.185430000000000206e-01 -3.311499999999995003e-03 1.324500000000000677e-02 3.311499999999995003e-03 0.000000000000000000e+00 -1.723541081451218915e+01
2.947020000000000195e-01 3.317880000000000273e-01 3.311499999999995003e-03 9.933999999999998387e-03 4.966999999999999194e-03 -3.311250000000015570e-03 -5.252368859490080411e+01
3.013250000000000095e-01 3.384110000000000174e-01 6.622500000000003384e-03 6.622499999999975628e-03 1.655500000000004190e-03 -1.655749999999997502e-03 -2.669334772316157967e+01
3.079470000000000263e-01 3.450329999999999786e-01 6.622500000000003384e-03 6.622500000000003384e-03 1.655749999999997502e-03 -1.655499999999976435e-03 -2.669334772316124216e+01
3.145700000000000163e-01 3.516560000000000241e-01 9.933999999999998387e-03 3.311500000000022759e-03 1.655499999999990313e-03 -3.311250000000001692e-03 -3.342305119979966577e+01
3.278150000000000230e-01 3.516560000000000241e-01 9.933499999999984009e-03 0.000000000000000000e+00 -2.500000000071889161e-07 -1.655750000000011379e-03 -1.677993103222873827e+01
3.344369999999999843e-01 3.516560000000000241e-01 9.933499999999984009e-03 0.000000000000000000e+00 2.500000000071889161e-07 -1.655750000000011379e-03 -1.677993103222873827e+01
3.476819999999999911e-01 3.516560000000000241e-01 9.933999999999998387e-03 -3.311500000000022759e-03 -1.655499999999990313e-03 -3.311250000000001692e-03 -3.342305119979966577e+01
3.543049999999999811e-01 3.450329999999999786e-01 6.622500000000003384e-03 -6.622500000000003384e-03 -1.655749999999997502e-03 -3.310999999999980625e-03 -4.003901390834625573e+01
3.609269999999999978e-01 3.384110000000000174e-01 6.622500000000003384e-03 -9.933499999999984009e-03 0.000000000000000000e+00 -3.311250000000001692e-03 -1.288681803753792998e+01
3.675499999999999878e-01 3.251660000000000106e-01 6.622500000000003384e-03 -1.324500000000000677e-02 -1.655749999999997502e-03 -2.500000000071889161e-07 -6.753961871222375457e+00
3.741720000000000046e-01 3.119210000000000038e-01 3.311000000000008381e-03 -9.933999999999998387e-03 -3.311250000000001692e-03 1.655500000000004190e-03 -2.387561644713639808e+01
3.741720000000000046e-01 3.052980000000000138e-01 0.000000000000000000e+00 -9.933999999999998387e-03 -3.311000000000008381e-03 -1.655500000000004190e-03 -3.355141720740427758e+01
3.741720000000000046e-01 2.920530000000000070e-01 -3.311000000000008381e-03 -1.324500000000000677e-02 -1.655500000000004190e-03 -1.655500000000004190e-03 -6.462638015012019288e+00
3.675499999999999878e-01 2.788080000000000003e-01 -3.311000000000008381e-03 -1.324500000000000677e-02 -1.655749999999997502e-03 -3.311249999999994753e-03 -4.309618130298102479e+00
3.675499999999999878e-01 2.655629999999999935e-01 -6.622500000000003384e-03 -1.986749999999999627e-02 -4.966999999999999194e-03 -1.655749999999997502e-03 -9.550282667598146702e+00
3.543049999999999811e-01 2.390730000000000077e-01 -1.324500000000000677e-02 -1.655650000000000177e-02 -1.655749999999997502e-03 4.966749999999998944e-03 -9.777842354075994891e+00
3.410599999999999743e-01 2.324499999999999900e-01 -9.933999999999998387e-03 -9.933999999999998387e-03 3.311250000000015570e-03 3.311500000000001942e-03 -8.956672691199791788e-04
3.344369999999999843e-01 2.192050000000000110e-01 -6.622499999999975628e-03 -9.933499999999997887e-03 1.655749999999997502e-03 -1.655500000000004190e-03 1.610852252855777067e+01
3.278150000000000230e-01 2.125829999999999942e-01 -6.622500000000003384e-03 -1.324500000000000677e-02 1.655499999999976435e-03 -3.311500000000001942e-03 1.350588434880949507e+01
3.211919999999999775e-01 1.927149999999999974e-01 -3.311500000000022759e-03 -1.655650000000000177e-02 3.311250000000001692e-03 1.655750000000004440e-03 1.025032935619825203e+01
3.211919999999999775e-01 1.794699999999999906e-01 0.000000000000000000e+00 -9.933499999999997887e-03 1.655750000000011379e-03 4.967000000000006132e-03 1.677993103222868854e+01
3.211919999999999775e-01 1.728480000000000016e-01 0.000000000000000000e+00 -6.622499999999989506e-03 0.000000000000000000e+00 1.655499999999997252e-03 0.000000000000000000e+00
3.211919999999999775e-01 1.662250000000000116e-01 0.000000000000000000e+00 -6.622500000000003384e-03 0.000000000000000000e+00 -6.938893903907228378e-18 0.000000000000000000e+00
3.211919999999999775e-01 1.596029999999999949e-01 0.000000000000000000e+00 -6.622500000000003384e-03 1.655750000000011379e-03 0.000000000000000000e+00 3.775294451448683475e+01
3.211919999999999775e-01 1.529800000000000049e-01 3.311500000000022759e-03 -6.622500000000003384e-03 6.622500000000003384e-03 0.000000000000000000e+00 1.080421802457594112e+02
3.278150000000000230e-01 1.463579999999999881e-01 1.324500000000000677e-02 -6.622500000000003384e-03 4.966749999999978127e-03 6.938893903907228378e-18 1.012915833740278160e+01
3.476819999999999911e-01 1.397349999999999981e-01 1.324499999999997901e-02 -6.622499999999989506e-03 -1.655500000000004190e-03 1.655750000000004440e-03 3.377235859815604258e+00
3.543049999999999811e-01 1.331130000000000091e-01 9.933999999999998387e-03 -3.310999999999994503e-03 -1.655749999999983624e-03 4.966749999999992005e-03 3.819867915297804473e+01
3.675499999999999878e-01 1.331130000000000091e-01 9.933500000000011765e-03 3.310999999999994503e-03 1.655500000000004190e-03 6.622249999999996195e-03 5.252743797447867280e+01
3.741720000000000046e-01 1.397349999999999981e-01 1.324500000000000677e-02 9.933499999999997887e-03 2.499999999933111283e-07 3.311500000000001942e-03 9.664469259180201277e+00
3.940400000000000014e-01 1.529800000000000049e-01 9.933999999999998387e-03 9.933999999999998387e-03 -4.966999999999999194e-03 -1.655499999999997252e-03 1.186400864742560657e+01
3.940400000000000014e-01 1.596029999999999949e-01 3.311000000000008381e-03 6.622500000000003384e-03 -1.655749999999997502e-03 -1.655749999999997502e-03 1.350853572990984830e+01
4.006620000000000181e-01 1.662250000000000116e-01 6.622500000000003384e-03 6.622500000000003384e-03 2.499999999933111283e-07 -6.938893903907228378e-18 -2.015352791482683415e-03
4.072850000000000081e-01 1.728480000000000016e-01 3.311499999999995003e-03 6.622499999999989506e-03 -3.311250000000001692e-03 0.000000000000000000e+00 5.402109012288013901e+01
4.072850000000000081e-01 1.794699999999999906e-01 0.000000000000000000e+00 6.622500000000003384e-03 -1.655749999999997502e-03 -3.311249999999994753e-03 3.775294451448651500e+01
4.072850000000000081e-01 1.860930000000000084e-01 0.000000000000000000e+00 0.000000000000000000e+00 0.000000000000000000e+00 -6.622500000000003384e-03 0.000000000000000000e+00
4.072850000000000081e-01 1.794699999999999906e-01 0.000000000000000000e+00 -6.622500000000003384e-03 0.000000000000000000e+00 -3.311249999999994753e-03 0.000000000000000000e+00
4.072850000000000081e-01 1.728480000000000016e-01 0.000000000000000000e+00 -6.622499999999989506e-03 1.655500000000004190e-03 0.000000000000000000e+00 3.774724423598548384e+01
4.072850000000000081e-01 1.662250000000000116e-01 3.311000000000008381e-03 -6.622500000000003384e-03 4.966749999999992005e-03 -6.938893903907228378e-18 8.103693751537502976e+01
4.139070000000000249e-01 1.596029999999999949e-01 9.933499999999984009e-03 -6.622500000000003384e-03 3.311499999999995003e-03 1.655500000000004190e-03 2.255193158405596066e+01
4.271519999999999762e-01 1.529800000000000049e-01 9.933999999999998387e-03 -3.311499999999995003e-03 2.500000000071889161e-07 1.655749999999997502e-03 1.432601881405996735e+01
4.337750000000000217e-01 1.529800000000000049e-01 9.933999999999998387e-03 -3.311000000000008381e-03 -2.500000000071889161e-07 2.499999999933111283e-07 1.442112614510448771e-03
4.470199999999999729e-01 1.463579999999999881e-01 9.933499999999984009e-03 -3.311000000000008381e-03 -2.499999999933111283e-07 1.655500000000004190e-03 1.432428833117634603e+01
4.536419999999999897e-01 1.463579999999999881e-01 9.933500000000011765e-03 0.000000000000000000e+00 2.500000000071889161e-07 -2.499999999933111283e-07 -2.533584634120424756e-03
4.668869999999999965e-01 1.463579999999999881e-01 9.933999999999998387e-03 -3.311499999999995003e-03 2.499999999933111283e-07 -1.655749999999997502e-03 -1.432457676676880354e+01
4.735099999999999865e-01 1.397349999999999981e-01 9.933999999999998387e-03 -3.311499999999995003e-03 -2.499999999933111283e-07 1.655749999999997502e-03 1.432457676676880354e+01
4.867549999999999932e-01 1.397349999999999981e-01 9.933500000000011765e-03 0.000000000000000000e+00 1.655499999999990313e-03 3.311499999999995003e-03 3.355986206445700049e+01
4.933770000000000100e-01 1.397349999999999981e-01 1.324499999999997901e-02 3.311499999999995003e-03 1.655999999999990813e-03 1.655749999999997502e-03 6.462791076653471301e+00
5.132449999999999513e-01 1.463579999999999881e-01 1.324549999999999339e-02 3.311499999999995003e-03 -1.655499999999990313e-03 -2.499999999933111283e-07 2.152733001613362340e+00
5.198679999999999968e-01 1.463579999999999881e-01 9.933999999999998387e-03 3.311000000000008381e-03 -3.311500000000008881e-03 1.655500000000004190e-03 2.387345338708616538e+01
5.331129999999999480e-01 1.529800000000000049e-01 6.622499999999975628e-03 6.622500000000003384e-03 -3.311499999999995003e-03 3.311499999999995003e-03 5.339072615190601567e+01
5.331129999999999480e-01 1.596029999999999949e-01 3.311000000000008381e-03 9.933999999999998387e-03 -1.655749999999983624e-03 1.655499999999997252e-03 1.910006063279616484e+01
5.397349999999999648e-01 1.728480000000000016e-01 3.311000000000008381e-03 9.933499999999997887e-03 -1.655500000000004190e-03 1.655499999999997252e-03 1.909977215365591974e+01
5.397349999999999648e-01 1.794699999999999906e-01 0.000000000000000000e+00 1.324499999999999289e-02 -3.311000000000008381e-03 1.655750000000004440e-03 1.887362211799269929e+01
5.397349999999999648e-01 1.993379999999999874e-01 -3.311000000000008381e-03 1.324500000000000677e-02 -3.311249999999987814e-03 6.938893903907228378e-18 1.723456888158161959e+01
5.331129999999999480e-01 2.059600000000000042e-01 -6.622499999999975628e-03 1.324500000000000677e-02 -1.655749999999983624e-03 -6.938893903907228378e-18 6.753452022813547728e+00
5.264900000000000135e-01 2.258280000000000010e-01 -6.622499999999975628e-03 1.324499999999999289e-02 -2.775557561562891351e-17 -3.311250000000001692e-03 6.752942174404917175e+00
5.198679999999999968e-01 2.324499999999999900e-01 -6.622500000000031140e-03 6.622500000000003384e-03 0.000000000000000000e+00 -3.311249999999994753e-03 2.669334772316134874e+01
5.132449999999999513e-01 2.390730000000000077e-01 -6.622499999999975628e-03 6.622500000000003384e-03 -1.655749999999969746e-03 -6.938893903907228378e-18 1.334768153797636359e+01
5.066230000000000455e-01 2.456949999999999967e-01 -9.933999999999970631e-03 6.622499999999989506e-03 -1.655750000000025257e-03 0.000000000000000000e+00 6.443221895969840851e+00
4.933770000000000100e-01 2.523179999999999867e-01 -9.934000000000026143e-03 6.622500000000003384e-03 1.655749999999983624e-03 6.938893903907228378e-18 -6.443221895969645452e+00
4.867549999999999932e-01 2.589400000000000035e-01 -6.622500000000003384e-03 6.622500000000003384e-03 1.655750000000011379e-03 -1.655500000000004190e-03 -2.015352791538134718e-03
4.801320000000000032e-01 2.655629999999999935e-01 -6.622500000000003384e-03 3.311499999999995003e-03 3.311250000000001692e-03 -3.311250000000001692e-03 2.700850576018965299e+01
4.735099999999999865e-01 2.655629999999999935e-01 0.000000000000000000e+00 0.000000000000000000e+00 8.278000000000007574e-03 -1.655749999999997502e-03 0.000000000000000000e+00
4.801320000000000032e-01 2.655629999999999935e-01 9.933500000000011765e-03 0.000000000000000000e+00 8.278249999999987008e-03 0.000000000000000000e+00 0.000000000000000000e+00
4.933770000000000100e-01 2.655629999999999935e-01 1.655649999999997402e-02 0.000000000000000000e+00 4.967249999999978627e-03 0.000000000000000000e+00 0.000000000000000000e+00
5.132449999999999513e-01 2.655629999999999935e-01 1.986799999999996902e-02 0.000000000000000000e+00 6.622500000000031140e-03 0.000000000000000000e+00 0.000000000000000000e+00
5.331129999999999480e-01 2.655629999999999935e-01 2.980150000000003629e-02 0.000000000000000000e+00 3.311000000000022259e-03 0.000000000000000000e+00 0.000000000000000000e+00
5.728480000000000238e-01 2.655629999999999935e-01 2.649000000000001354e-02 0.000000000000000000e+00 -3.311500000000022759e-03 1.655500000000004190e-03 2.359202764749082082e+00
5.860929999999999751e-01 2.655629999999999935e-01 2.317849999999999078e-02 3.311000000000008381e-03 0.000000000000000000e+00 3.311250000000001692e-03 5.979462091592885109e+00
6.192050000000000054e-01 2.721850000000000103e-01 2.649000000000001354e-02 6.622500000000003384e-03 1.655750000000011379e-03 2.499999999933111283e-07 -5.382884654321399287e-01
6.390730000000000022e-01 2.788080000000000003e-01 2.649000000000001354e-02 3.311499999999995003e-03 -1.655750000000011379e-03 -3.311250000000001692e-03 -4.322085676365137630e+00
6.721850000000000325e-01 2.788080000000000003e-01 2.317849999999999078e-02 0.000000000000000000e+00 -3.311000000000008381e-03 -2.499999999933111283e-07 -4.653388952368744686e-04
6.854299999999999837e-01 2.788080000000000003e-01 1.986799999999999677e-02 3.311000000000008381e-03 -3.310999999999980625e-03 1.655500000000004190e-03 5.366651562312137358e+00
7.119210000000000260e-01 2.854300000000000170e-01 1.655650000000002953e-02 3.311000000000008381e-03 -4.967250000000006382e-03 -3.311000000000008381e-03 -7.971929377626125302e+00
7.185430000000000428e-01 2.854300000000000170e-01 9.933499999999984009e-03 -3.311000000000008381e-03 -3.311250000000015570e-03 -6.622250000000010073e-03 -6.685244735107625047e+01
7.317879999999999940e-01 2.788080000000000003e-01 9.933999999999998387e-03 -9.933500000000011765e-03 -3.310999999999980625e-03 -3.311499999999995003e-03 -2.372742022090779912e+01
7.384110000000000396e-01 2.655629999999999935e-01 3.311500000000022759e-03 -9.933999999999998387e-03 -4.966999999999999194e-03 -1.655749999999990563e-03 -4.774907001385957273e+01
7.384110000000000396e-01 2.589400000000000035e-01 0.000000000000000000e+00 -1.324499999999999289e-02 -1.655750000000011379e-03 -1.655500000000004190e-03 -9.438236128621730003e+00
7.384110000000000396e-01 2.390730000000000077e-01 0.000000000000000000e+00 -1.324500000000000677e-02 -4.966999999999999194e-03 1.655499999999997252e-03 -2.831328331623959116e+01
7.384110000000000396e-01 2.324499999999999900e-01 -9.933999999999998387e-03 -9.933999999999998387e-03 -9.933999999999998387e-03 3.311250000000008631e-03 -4.745334758789491758e+01
7.185430000000000428e-01 2.192050000000000110e-01 -1.986799999999999677e-02 -6.622499999999989506e-03 -1.655500000000004190e-03 6.622749999999996695e-03 -1.551867307034530086e+01
6.986750000000000460e-01 2.192050000000000110e-01 -1.324500000000000677e-02 3.311499999999995003e-03 4.967249999999978627e-03 6.622499999999989506e-03 -4.093198630619411915e+01
6.920530000000000292e-01 2.258280000000000010e-01 -9.933500000000039520e-03 6.622499999999989506e-03 3.311249999999987814e-03 3.311000000000001442e-03 -3.221509921618526562e+01
6.788079999999999670e-01 2.324499999999999900e-01 -6.622500000000031140e-03 9.933499999999997887e-03 8.278000000000035330e-03 3.311250000000008631e-03 -6.121043978228112792e+01
6.788079999999999670e-01 2.456949999999999967e-01 6.622500000000031140e-03 1.324500000000000677e-02 8.278000000000035330e-03 2.500000000002500222e-07 -3.376369117520644636e+01
6.920530000000000292e-01 2.589400000000000035e-01 9.933500000000039520e-03 9.933999999999998387e-03 -2.500000000071889161e-07 -3.311000000000008381e-03 -1.186162009242631221e+01
6.986750000000000460e-01 2.655629999999999935e-01 6.622000000000016762e-03 6.622999999999990006e-03 -3.311500000000022759e-03 -3.311000000000008381e-03 8.061411097001395729e-03
