4.403969999999999829e-01 2.258280000000000010e-01 -6.621999999999961251e-03 0.000000000000000000e+00 -5.000000000421334079e-07 0.000000000000000000e+00 0.000000000000000000e+00
4.337750000000000217e-01 2.258280000000000010e-01 -6.622500000000003384e-03 0.000000000000000000e+00 1.655249999999969246e-03 1.655499999999997252e-03 -3.774724423598515699e+01
4.271519999999999762e-01 2.258280000000000010e-01 -3.311500000000022759e-03 3.310999999999994503e-03 3.311250000000001692e-03 3.311250000000001692e-03 -2.135467799593766642e+02
4.271519999999999762e-01 2.324499999999999900e-01 0.000000000000000000e+00 6.622500000000003384e-03 2.500000000210667039e-07 3.311500000000001942e-03 -5.700278501837218077e-03
4.271519999999999762e-01 2.390730000000000077e-01 -3.310999999999980625e-03 9.933999999999998387e-03 0.000000000000000000e+00 4.966749999999998944e-03 -1.432306270584155961e+01
4.205300000000000149e-01 2.523179999999999867e-01 0.000000000000000000e+00 1.655600000000000127e-02 6.622249999999982317e-03 3.311000000000008381e-03 -2.415987798022107214e+01
4.271519999999999762e-01 2.721850000000000103e-01 9.933499999999984009e-03 1.655600000000001515e-02 4.966999999999999194e-03 -3.311000000000001442e-03 -1.599531250483277312e+01
4.403969999999999829e-01 2.854300000000000170e-01 9.933999999999998387e-03 9.933999999999998387e-03 1.655750000000011379e-03 -6.622250000000010073e-03 -2.965733461675656457e+01
4.470199999999999729e-01 2.920530000000000070e-01 1.324500000000000677e-02 3.311499999999995003e-03 3.311000000000008381e-03 -8.278250000000000886e-03 -4.739445206365525110e+01
4.668869999999999965e-01 2.920530000000000070e-01 1.655600000000001515e-02 -6.622500000000003384e-03 -1.655500000000004190e-03 -8.278250000000000886e-03 -2.610714200787831984e+01
4.801320000000000032e-01 2.788080000000000003e-01 9.933999999999998387e-03 -1.324500000000000677e-02 -4.966750000000005882e-03 -6.622499999999996445e-03 -2.899128448161385307e+01
4.867549999999999932e-01 2.655629999999999935e-01 6.622500000000003384e-03 -1.986749999999999627e-02 -3.311499999999995003e-03 -1.655749999999997502e-03 -8.356970513061606098e+00
4.933770000000000100e-01 2.390730000000000077e-01 3.311000000000008381e-03 -1.655650000000000177e-02 -4.966750000000005882e-03 3.311249999999994753e-03 -1.480628925719521050e+01
4.933770000000000100e-01 2.324499999999999900e-01 -3.311000000000008381e-03 -1.324500000000000677e-02 -4.966750000000005882e-03 -1.655499999999997252e-03 -2.369720689659373036e+01
4.867549999999999932e-01 2.125829999999999942e-01 -6.622500000000003384e-03 -1.986749999999999627e-02 -4.966999999999999194e-03 -1.655749999999997502e-03 -9.550282667598146702e+00
4.801320000000000032e-01 1.927149999999999974e-01 -1.324500000000000677e-02 -1.655650000000000177e-02 -3.311250000000001692e-03 4.966999999999999194e-03 -1.265382649168379103e+01
4.602649999999999797e-01 1.794699999999999906e-01 -1.324500000000000677e-02 -9.933499999999997887e-03 3.311250000000001692e-03 1.655750000000004440e-03 2.415524466274525661e+00
4.536419999999999897e-01 1.728480000000000016e-01 -6.622500000000003384e-03 -1.324499999999999289e-02 1.655750000000011379e-03 -3.311500000000001942e-03 1.350690404562724289e+01
4.470199999999999729e-01 1.529800000000000049e-01 -9.933499999999984009e-03 -1.655650000000000177e-02 1.387778780781445676e-17 -6.938893903907228378e-18 4.149808128081290992e-14
4.337750000000000217e-01 1.397349999999999981e-01 -6.622499999999975628e-03 -1.324500000000000677e-02 4.966749999999992005e-03 3.311500000000001942e-03 1.350486465199203501e+01
4.337750000000000217e-01 1.264899999999999913e-01 0.000000000000000000e+00 -9.933499999999997887e-03 4.966749999999978127e-03 1.655750000000004440e-03 5.033472592741711793e+01
4.337750000000000217e-01 1.198680000000000023e-01 3.310999999999980625e-03 -9.933499999999997887e-03 6.622499999999989506e-03 -2.500000000002500222e-07 5.730364295126569374e+01
4.403969999999999829e-01 1.066229999999999956e-01 1.324499999999997901e-02 -9.933999999999998387e-03 8.278250000000014763e-03 3.311000000000001442e-03 2.778331430176583083e+01
4.602649999999999797e-01 1.000000000000000056e-01 1.986750000000001015e-02 -3.311499999999995003e-03 1.655500000000018068e-03 4.966999999999999194e-03 1.274784409531223695e+01
4.801320000000000032e-01 1.000000000000000056e-01 1.655600000000001515e-02 0.000000000000000000e+00 -3.310999999999994503e-03 3.311499999999995003e-03 1.208130709826751392e+01
4.933770000000000100e-01 1.000000000000000056e-01 1.324550000000002115e-02 3.311499999999995003e-03 -3.311000000000022259e-03 3.311249999999998223e-03 2.154099152393849437e+01
5.066230000000000455e-01 1.066229999999999956e-01 9.933999999999970631e-03 6.622499999999996445e-03 -1.656000000000018568e-03 4.966750000000005882e-03 3.543650434011112793e+01
5.132449999999999513e-01 1.132449999999999984e-01 9.933499999999984009e-03 1.324500000000000677e-02 -1.655749999999969746e-03 3.311250000000001692e-03 1.208054095329229760e+01
5.264900000000000135e-01 1.331130000000000091e-01 6.622500000000031140e-03 1.324499999999999983e-02 -3.311000000000008381e-03 -3.311250000000008631e-03 6.751922477587190663e+00
5.264900000000000135e-01 1.397349999999999981e-01 3.311499999999967248e-03 6.622499999999989506e-03 -1.655500000000031946e-03 -6.622499999999999915e-03 -2.701666296519039534e+01
5.331129999999999480e-01 1.463579999999999881e-01 3.311499999999967248e-03 0.000000000000000000e+00 -1.655749999999983624e-03 -6.622499999999989506e-03 -6.039103158756551011e+02
5.331129999999999480e-01 1.397349999999999981e-01 0.000000000000000000e+00 -6.622499999999989506e-03 -2.499999999794333405e-07 -3.311250000000001692e-03 -5.700278500887956575e-03
5.331129999999999480e-01 1.331130000000000091e-01 3.311000000000008381e-03 -6.622500000000003384e-03 3.311250000000015570e-03 -6.938893903907228378e-18 5.402598466759695128e+01
5.397349999999999648e-01 1.264899999999999913e-01 6.622500000000031140e-03 -6.622500000000003384e-03 4.966999999999999194e-03 1.655750000000004440e-03 5.338871079911412920e+01
5.463580000000000103e-01 1.198680000000000023e-01 1.324500000000000677e-02 -3.310999999999994503e-03 4.966749999999992005e-03 1.655500000000000721e-03 1.507894657046061049e+01
5.662249999999999783e-01 1.198680000000000023e-01 1.655600000000001515e-02 -3.311500000000001942e-03 -1.655500000000004190e-03 1.655499999999997252e-03 4.555582860177985971e+00
5.794700000000000406e-01 1.132449999999999984e-01 9.933999999999998387e-03 0.000000000000000000e+00 -3.311000000000008381e-03 4.966999999999999194e-03 5.033219247030401533e+01
5.860929999999999751e-01 1.198680000000000023e-01 9.933999999999998387e-03 6.622499999999996445e-03 1.655500000000004190e-03 4.966749999999998944e-03 2.255006054817146222e+01
5.993380000000000374e-01 1.264899999999999913e-01 1.324500000000000677e-02 9.933499999999997887e-03 -1.655750000000011379e-03 1.655750000000000971e-03 8.456798212319505126e+00
6.125829999999999886e-01 1.397349999999999981e-01 6.622499999999975628e-03 9.933999999999998387e-03 -4.966999999999999194e-03 1.655750000000004440e-03 3.543699080458029727e+01
6.125829999999999886e-01 1.463579999999999881e-01 3.311000000000008381e-03 1.324500000000000677e-02 -1.655749999999983624e-03 4.966750000000005882e-03 1.508024778366414687e+01
6.192050000000000054e-01 1.662250000000000116e-01 3.311000000000008381e-03 1.986750000000001015e-02 -3.311000000000008381e-03 4.966999999999992255e-03 1.006326153790337052e+01
6.192050000000000054e-01 1.860930000000000084e-01 -3.311000000000008381e-03 2.317899999999999128e-02 -6.622249999999996195e-03 1.655499999999990313e-03 1.153095482644550707e+01
6.125829999999999886e-01 2.125829999999999942e-01 -9.933499999999984009e-03 2.317849999999999078e-02 -3.311499999999995003e-03 -3.311499999999995003e-03 6.837687186143962315e+00
5.993380000000000374e-01 2.324499999999999900e-01 -9.933999999999998387e-03 1.655600000000000127e-02 -2.500000000071889161e-07 -6.622249999999996195e-03 9.140470426217969901e+00
5.927149999999999919e-01 2.456949999999999967e-01 -9.933999999999998387e-03 9.933999999999998387e-03 2.500000000071889161e-07 -3.311000000000001442e-03 1.186132164561806945e+01
5.794700000000000406e-01 2.523179999999999867e-01 -9.933499999999984009e-03 9.933999999999998387e-03 1.655749999999983624e-03 -1.655749999999997502e-03 -2.985933257491647764e-04
5.728480000000000238e-01 2.655629999999999935e-01 -6.622500000000031140e-03 6.622500000000003384e-03 4.966749999999992005e-03 -4.966999999999999194e-03 2.015352791709280368e-03
5.662249999999999783e-01 2.655629999999999935e-01 0.000000000000000000e+00 0.000000000000000000e+00 6.622500000000031140e-03 -3.311250000000001692e-03 0.000000000000000000e+00
5.728480000000000238e-01 2.655629999999999935e-01 6.622500000000031140e-03 0.000000000000000000e+00 8.278000000000007574e-03 -1.655749999999997502e-03 -3.775294451448620237e+01
5.794700000000000406e-01 2.655629999999999935e-01 1.655600000000001515e-02 -3.311499999999995003e-03 1.158949999999997482e-02 -1.655749999999997502e-03 2.278393412644144522e+00
6.059600000000000541e-01 2.589400000000000035e-01 2.980149999999998078e-02 -3.311499999999995003e-03 6.622749999999982817e-03 1.655749999999997502e-03 2.643802235473974083e+00
6.390730000000000022e-01 2.589400000000000035e-01 2.980149999999998078e-02 0.000000000000000000e+00 -3.311499999999995003e-03 2.499999999933111283e-07 2.814905118105062655e-04
6.655630000000000157e-01 2.589400000000000035e-01 2.317849999999999078e-02 -3.311000000000008381e-03 -4.966999999999999194e-03 -3.311250000000001692e-03 -7.260724720935864518e+00
6.854299999999999837e-01 2.523179999999999867e-01 1.986749999999998240e-02 -6.622500000000003384e-03 -3.310999999999980625e-03 -1.655749999999990563e-03 -5.968904134919615245e+00
7.052979999999999805e-01 2.456949999999999967e-01 1.655650000000002953e-02 -6.622499999999989506e-03 -3.311249999999987814e-03 -1.655499999999997252e-03 -8.701457677210905572e+00
7.185430000000000428e-01 2.390730000000000077e-01 1.324500000000000677e-02 -9.933499999999997887e-03 -3.311250000000015570e-03 -3.311250000000008631e-03 -1.691231954132143400e+01
7.317879999999999940e-01 2.258280000000000010e-01 9.933999999999998387e-03 -1.324500000000000677e-02 -4.966749999999992005e-03 -2.500000000002500222e-07 -1.449582465853264246e+01
7.384110000000000396e-01 2.125829999999999942e-01 3.311500000000022759e-03 -9.933999999999998387e-03 -8.278250000000014763e-03 3.311250000000001692e-03 -6.207220484220387391e+01
7.384110000000000396e-01 2.059600000000000042e-01 -6.622500000000031140e-03 -6.622500000000003384e-03 -8.278250000000014763e-03 1.655749999999997502e-03 -8.008205852227547439e+01
7.251659999999999773e-01 1.993379999999999874e-01 -1.324500000000000677e-02 -6.622500000000003384e-03 -3.311499999999967248e-03 1.655500000000004190e-03 -1.350588434880953592e+01
7.119210000000000260e-01 1.927149999999999974e-01 -1.324549999999996563e-02 -3.311499999999995003e-03 1.655500000000004190e-03 6.622500000000003384e-03 -3.231181259498504232e+01
6.986750000000000460e-01 1.927149999999999974e-01 -9.933999999999998387e-03 6.622500000000003384e-03 4.967249999999978627e-03 8.278250000000000886e-03 -6.765212742894075859e+01
6.920530000000000292e-01 2.059600000000000042e-01 -3.311000000000008381e-03 1.324500000000000677e-02 4.966999999999999194e-03 3.311249999999994753e-03 -3.016082084606886227e+01
6.920530000000000292e-01 2.192050000000000110e-01 0.000000000000000000e+00 1.324499999999999289e-02 4.966749999999992005e-03 -6.938893903907228378e-18 -2.831185824661426764e+01
6.920530000000000292e-01 2.324499999999999900e-01 6.622499999999975628e-03 1.324499999999999289e-02 4.966999999999999194e-03 -1.655499999999997252e-03 -2.363555253462125094e+01
7.052979999999999805e-01 2.456949999999999967e-01 9.933999999999998387e-03 9.933999999999998387e-03 2.500000000349444917e-07 -3.311000000000001442e-03 -1.186311298015656135e+01
7.119210000000000260e-01 2.523179999999999867e-01 6.623000000000045517e-03 6.622999999999990006e-03 -3.310999999999952870e-03 -3.311000000000008381e-03 -6.721073435816184927e-13
