3.741720000000000046e-01 3.913909999999999889e-01 -6.622000000000016762e-03 0.000000000000000000e+00 -3.311499999999995003e-03 0.000000000000000000e+00 0.000000000000000000e+00
3.675499999999999878e-01 3.913909999999999889e-01 -9.933500000000011765e-03 0.000000000000000000e+00 -1.655999999999990813e-03 1.655500000000004190e-03 -1.677739744759438167e+01
3.543049999999999811e-01 3.913909999999999889e-01 -9.933999999999998387e-03 3.311000000000008381e-03 3.311000000000008381e-03 4.966750000000005882e-03 -5.252174185881972335e+01
3.476819999999999911e-01 3.980130000000000057e-01 -3.311499999999995003e-03 9.933500000000011765e-03 4.966999999999999194e-03 3.311499999999995003e-03 -5.252938482488006144e+01
3.476819999999999911e-01 4.112580000000000124e-01 0.000000000000000000e+00 9.933999999999998387e-03 3.311499999999995003e-03 -1.655500000000004190e-03 -3.355648386660187299e+01
3.476819999999999911e-01 4.178810000000000024e-01 3.311499999999995003e-03 6.622500000000003384e-03 4.966999999999999194e-03 -1.655749999999997502e-03 -9.454098639452445241e+01
3.543049999999999811e-01 4.245030000000000192e-01 9.933999999999998387e-03 6.622500000000003384e-03 3.311000000000008381e-03 0.000000000000000000e+00 -1.288449808096376081e+01
3.675499999999999878e-01 4.311260000000000092e-01 9.933500000000011765e-03 6.622500000000003384e-03 -1.655749999999997502e-03 -1.655749999999997502e-03 -3.221704491019848682e+00
3.741720000000000046e-01 4.377480000000000260e-01 6.622500000000003384e-03 3.311000000000008381e-03 2.499999999933111283e-07 -3.311250000000001692e-03 -5.402802399963506730e+01
3.807949999999999946e-01 4.377480000000000260e-01 9.933999999999998387e-03 0.000000000000000000e+00 0.000000000000000000e+00 -3.311000000000008381e-03 -3.355141720740427758e+01
3.940400000000000014e-01 4.377480000000000260e-01 6.622500000000003384e-03 -3.311000000000008381e-03 -3.311499999999995003e-03 -4.966750000000005882e-03 -1.080499296951921195e+02
3.940400000000000014e-01 4.311260000000000092e-01 3.311000000000008381e-03 -9.933500000000011765e-03 -3.311250000000001692e-03 -6.622749999999996695e-03 -4.775339624284081452e+01
4.006620000000000181e-01 4.178810000000000024e-01 0.000000000000000000e+00 -1.655650000000000177e-02 -4.966750000000005882e-03 -6.622749999999996695e-03 -1.811904207726309224e+01
3.940400000000000014e-01 3.980130000000000057e-01 -6.622500000000003384e-03 -2.317900000000000515e-02 -3.311250000000001692e-03 -4.966750000000005882e-03 -3.130816529324091047e+00
3.874170000000000114e-01 3.715229999999999921e-01 -6.622500000000003384e-03 -2.649000000000001354e-02 -1.655500000000004190e-03 -1.655499999999990313e-03 -1.615597318971853991e+00
3.807949999999999946e-01 3.450329999999999786e-01 -9.933500000000011765e-03 -2.648999999999998578e-02 -1.655749999999997502e-03 1.387778780781445676e-17 -1.936959590424176092e+00
3.675499999999999878e-01 3.185430000000000206e-01 -9.933999999999998387e-03 -2.648999999999998578e-02 1.655500000000004190e-03 -1.387778780781445676e-17 1.936631077276783408e+00
3.609269999999999978e-01 2.920530000000000070e-01 -6.622500000000003384e-03 -2.649000000000001354e-02 1.655749999999997502e-03 1.655499999999990313e-03 1.615922617938718053e+00
3.543049999999999811e-01 2.655629999999999935e-01 -6.622500000000003384e-03 -2.317900000000000515e-02 1.655500000000004190e-03 3.311250000000008631e-03 1.173834600969573483e+00
3.476819999999999911e-01 2.456949999999999967e-01 -3.311499999999995003e-03 -1.986749999999999627e-02 3.311250000000001692e-03 3.311500000000001942e-03 6.709029041565167439e+00
3.476819999999999911e-01 2.258280000000000010e-01 0.000000000000000000e+00 -1.655600000000000127e-02 4.966999999999999194e-03 0.000000000000000000e+00 1.812104857529666901e+01
3.476819999999999911e-01 2.125829999999999942e-01 6.622500000000003384e-03 -1.986749999999999627e-02 6.622500000000003384e-03 -2.500000000002500222e-07 1.432497335481318679e+01
3.609269999999999978e-01 1.860930000000000084e-01 1.324500000000000677e-02 -1.655650000000000177e-02 3.311250000000001692e-03 8.277999999999993697e-03 1.725477579931628469e+01
3.741720000000000046e-01 1.794699999999999906e-01 1.324500000000000677e-02 -3.311500000000008881e-03 0.000000000000000000e+00 8.278250000000000886e-03 4.308592467921957336e+01
3.874170000000000114e-01 1.794699999999999906e-01 1.324500000000000677e-02 0.000000000000000000e+00 -1.655500000000004190e-03 3.311500000000008881e-03 1.887647225724333566e+01
4.006620000000000181e-01 1.794699999999999906e-01 9.933999999999998387e-03 3.311500000000008881e-03 -1.655500000000004190e-03 3.311250000000001692e-03 3.342305119979972261e+01
4.072850000000000081e-01 1.860930000000000084e-01 9.933999999999998387e-03 6.622500000000003384e-03 -2.500000000071889161e-07 3.310999999999994503e-03 1.932820636795194957e+01
4.205300000000000149e-01 1.927149999999999974e-01 9.933499999999984009e-03 9.933499999999997887e-03 -1.655749999999997502e-03 3.311250000000001692e-03 1.779690877365936075e+01
4.271519999999999762e-01 2.059600000000000042e-01 6.622500000000003384e-03 1.324500000000000677e-02 -3.310999999999980625e-03 1.655749999999997502e-03 1.688159066339871828e+01
4.337750000000000217e-01 2.192050000000000110e-01 3.311500000000022759e-03 1.324499999999999289e-02 -3.311250000000001692e-03 -1.655500000000004190e-03 1.507984594376392984e+01
4.337750000000000217e-01 2.324499999999999900e-01 0.000000000000000000e+00 9.933999999999998387e-03 -1.655750000000011379e-03 -1.655499999999997252e-03 1.677824193330107860e+01
4.337750000000000217e-01 2.390730000000000077e-01 0.000000000000000000e+00 9.933999999999998387e-03 -1.655750000000011379e-03 -1.655750000000004440e-03 1.677824193330107860e+01
4.337750000000000217e-01 2.523179999999999867e-01 -3.311500000000022759e-03 6.622499999999989506e-03 -1.655750000000011379e-03 -6.622749999999996695e-03 8.103979254328956472e+01
4.271519999999999762e-01 2.523179999999999867e-01 -3.311500000000022759e-03 -3.311499999999995003e-03 1.655750000000011379e-03 -6.622499999999989506e-03 2.668972048371242636e+02
4.271519999999999762e-01 2.456949999999999967e-01 0.000000000000000000e+00 -6.622499999999989506e-03 1.655750000000011379e-03 -3.311000000000001442e-03 3.775294451448700528e+01
4.271519999999999762e-01 2.390730000000000077e-01 0.000000000000000000e+00 -9.933499999999997887e-03 1.655750000000011379e-03 -3.311250000000008631e-03 1.677993103222868854e+01
4.271519999999999762e-01 2.258280000000000010e-01 3.311500000000022759e-03 -1.324500000000000677e-02 3.311250000000001692e-03 -2.500000000002500222e-07 1.723378431678931122e+01
4.337750000000000217e-01 2.125829999999999942e-01 6.622500000000003384e-03 -9.933999999999998387e-03 4.966749999999978127e-03 6.938893903907228378e-18 2.899230958865321739e+01
4.403969999999999829e-01 2.059600000000000042e-01 1.324499999999997901e-02 -1.324499999999999289e-02 4.966999999999999194e-03 -1.655500000000004190e-03 6.673840768988248406e+00
4.602649999999999797e-01 1.860930000000000084e-01 1.655650000000000177e-02 -1.324500000000000677e-02 1.387778780781445676e-17 3.311249999999994753e-03 5.751707732695383157e+00
4.735099999999999865e-01 1.794699999999999906e-01 1.324500000000000677e-02 -6.622500000000003384e-03 1.387778780781445676e-17 4.967000000000006132e-03 2.025933637162322043e+01
4.867549999999999932e-01 1.728480000000000016e-01 1.655650000000002953e-02 -3.310999999999994503e-03 1.655749999999997502e-03 3.311250000000001692e-03 1.252857058241771071e+01
5.066230000000000455e-01 1.728480000000000016e-01 1.655650000000000177e-02 0.000000000000000000e+00 -2.500000000349444917e-07 4.966749999999998944e-03 1.811904207726306737e+01
5.198679999999999968e-01 1.728480000000000016e-01 1.655599999999995964e-02 6.622500000000003384e-03 1.655499999999990313e-03 1.490049999999999708e-02 4.157739747398208863e+01
5.397349999999999648e-01 1.860930000000000084e-01 1.986749999999998240e-02 2.980099999999999416e-02 -3.310999999999980625e-03 1.655624999999999458e-02 9.306641875317644974e+00
5.596029999999999616e-01 2.324499999999999900e-01 9.933999999999998387e-03 3.973499999999999255e-02 -9.933749999999991198e-03 2.500000000071889161e-07 5.744790386174518204e+00
5.596029999999999616e-01 2.655629999999999935e-01 0.000000000000000000e+00 2.980150000000000854e-02 -9.933999999999998387e-03 -3.311249999999987814e-03 1.118530697760151860e+01
5.596029999999999616e-01 2.920530000000000070e-01 -9.933999999999998387e-03 3.311250000000001692e-02 -8.278249999999987008e-03 0.000000000000000000e+00 6.634560226976208952e+00
5.397349999999999648e-01 3.317880000000000273e-01 -1.655649999999997402e-02 2.980150000000000854e-02 2.500000000071889161e-07 -8.278000000000021452e-03 3.458777639221937150e+00
5.264900000000000135e-01 3.516560000000000241e-01 -9.933499999999984009e-03 1.655649999999997402e-02 3.311499999999995003e-03 -9.934000000000012265e-03 6.092487824169385391e+00
5.198679999999999968e-01 3.649009999999999754e-01 -9.933499999999984009e-03 9.933499999999984009e-03 -3.311500000000008881e-03 -3.311499999999981125e-03 2.373040604146284949e+01
5.066230000000000455e-01 3.715229999999999921e-01 -1.655650000000000177e-02 9.933500000000011765e-03 -1.656000000000018568e-03 2.500000000071889161e-07 2.284826680143285049e+00
4.867549999999999932e-01 3.847679999999999989e-01 -1.324550000000002115e-02 9.933999999999998387e-03 8.278250000000000886e-03 -3.311000000000008381e-03 -8.456272845236728841e+00
4.801320000000000032e-01 3.913909999999999889e-01 0.000000000000000000e+00 3.311499999999995003e-03 9.934000000000012265e-03 -4.966999999999999194e-03 -9.058882714848884916e+02
4.867549999999999932e-01 3.913909999999999889e-01 6.622500000000003384e-03 0.000000000000000000e+00 6.622499999999989506e-03 -1.655749999999997502e-03 -3.775294451448651500e+01
4.933770000000000100e-01 3.913909999999999889e-01 1.324499999999997901e-02 0.000000000000000000e+00 6.622749999999982817e-03 0.000000000000000000e+00 0.000000000000000000e+00
5.132449999999999513e-01 3.913909999999999889e-01 1.986799999999996902e-02 0.000000000000000000e+00 3.311250000000029448e-03 0.000000000000000000e+00 0.000000000000000000e+00
5.331129999999999480e-01 3.913909999999999889e-01 1.986750000000003791e-02 0.000000000000000000e+00 -2.499999999655555527e-07 0.000000000000000000e+00 0.000000000000000000e+00
5.529800000000000271e-01 3.913909999999999889e-01 1.986750000000003791e-02 0.000000000000000000e+00 4.966999999999971438e-03 -1.655749999999997502e-03 -4.194771612720712639e+00
5.728480000000000238e-01 3.913909999999999889e-01 2.980149999999998078e-02 -3.311499999999995003e-03 4.966749999999964249e-03 -3.311250000000001692e-03 -3.050257598048307539e+00
6.125829999999999886e-01 3.847679999999999989e-01 2.980099999999996641e-02 -6.622500000000003384e-03 -1.655749999999983624e-03 -4.966750000000005882e-03 -5.587875883450339920e+00
6.324499999999999567e-01 3.781459999999999821e-01 2.649000000000001354e-02 -1.324500000000000677e-02 -3.310999999999980625e-03 -4.966999999999999194e-03 -6.752942174404783060e+00
6.655630000000000157e-01 3.582779999999999854e-01 2.317900000000000515e-02 -1.655650000000000177e-02 -8.278250000000014763e-03 1.387778780781445676e-17 -5.930176592780711964e+00
6.788079999999999670e-01 3.450329999999999786e-01 9.933499999999984009e-03 -1.324499999999997901e-02 -6.622749999999982817e-03 -3.311249999999987814e-03 -2.657733602833923925e+01
6.854299999999999837e-01 3.317880000000000273e-01 9.933500000000039520e-03 -2.317899999999997740e-02 -1.655499999999976435e-03 -4.967000000000013071e-03 -5.469365474019108220e+00
6.986750000000000460e-01 2.986750000000000238e-01 6.622500000000031140e-03 -2.317900000000000515e-02 -6.622250000000023951e-03 3.311499999999981125e-03 -9.391681386483908156e+00
6.986750000000000460e-01 2.854300000000000170e-01 -3.311000000000008381e-03 -1.655600000000001515e-02 -8.278000000000035330e-03 4.966999999999999194e-03 -3.189221550096582547e+01
6.920530000000000292e-01 2.655629999999999935e-01 -9.933500000000039520e-03 -1.324500000000000677e-02 -3.311499999999995003e-03 6.622250000000010073e-03 -2.416053467874705518e+01
6.788079999999999670e-01 2.589400000000000035e-01 -9.933999999999998387e-03 -3.311499999999995003e-03 -1.655749999999983624e-03 1.158950000000000258e-02 -1.050459352513769886e+02
6.721850000000000325e-01 2.589400000000000035e-01 -1.324500000000000677e-02 9.933999999999998387e-03 -3.311000000000008381e-03 1.490099999999999758e-02 -3.624056484742248330e+01
6.523179999999999534e-01 2.788080000000000003e-01 -1.655600000000001515e-02 2.649050000000000016e-02 3.311250000000015570e-03 8.278000000000007574e-03 -7.373266365609349116e+00
6.390730000000000022e-01 3.119210000000000038e-01 -6.622499999999975628e-03 2.649000000000001354e-02 8.278000000000007574e-03 -4.967250000000006382e-03 -9.155458097882403834e+00
6.390730000000000022e-01 3.317880000000000273e-01 0.000000000000000000e+00 1.655599999999998739e-02 4.966749999999992005e-03 -3.311250000000015570e-03 -1.812013650319201830e+01
6.390730000000000022e-01 3.450329999999999786e-01 3.311000000000008381e-03 1.986749999999998240e-02 3.311000000000008381e-03 4.967000000000013071e-03 -6.037875880147757890e+00
6.456950000000000189e-01 3.715229999999999921e-01 6.622000000000016762e-03 2.649000000000001354e-02 3.311000000000008381e-03 6.622500000000031140e-03 -2.154158458547259070e+00
