4.337750000000000217e-01 1.662250000000000116e-01 0.000000000000000000e+00 -6.622000000000016762e-03 3.310999999999980625e-03 -4.999999999866222566e-07 7.550588945937698782e+01
4.337750000000000217e-01 1.596029999999999949e-01 3.310999999999980625e-03 -6.622500000000003384e-03 0.000000000000000000e+00 3.311000000000008381e-03 2.700891351574015076e+01
4.403969999999999829e-01 1.529800000000000049e-01 0.000000000000000000e+00 0.000000000000000000e+00 -4.966749999999992005e-03 6.622500000000003384e-03 0.000000000000000000e+00
4.337750000000000217e-01 1.596029999999999949e-01 -6.622500000000003384e-03 6.622500000000003384e-03 -3.311250000000001692e-03 4.966749999999998944e-03 -1.334566618518496028e+01
4.271519999999999762e-01 1.662250000000000116e-01 -6.622500000000003384e-03 9.933499999999997887e-03 -1.655499999999990313e-03 4.966999999999992255e-03 -9.666572945580170995e+00
4.205300000000000149e-01 1.794699999999999906e-01 -9.933499999999984009e-03 1.655649999999998789e-02 -1.655749999999997502e-03 3.311500000000001942e-03 -7.615322149120942186e-01
4.072850000000000081e-01 1.993379999999999874e-01 -9.933999999999998387e-03 1.655650000000000177e-02 3.310999999999994503e-03 -2.499999999933111283e-07 -7.615362898443821749e+00
4.006620000000000181e-01 2.125829999999999942e-01 -3.311499999999995003e-03 1.655600000000000127e-02 8.278250000000000886e-03 -2.500000000002500222e-07 -2.847544565407703487e+01
4.006620000000000181e-01 2.324499999999999900e-01 6.622500000000003384e-03 1.655600000000000127e-02 9.933999999999998387e-03 -4.966749999999998944e-03 -3.480986335834136014e+01
4.139070000000000249e-01 2.456949999999999967e-01 1.655650000000000177e-02 6.622500000000003384e-03 6.622499999999989506e-03 -8.278000000000000635e-03 -3.190641547131087563e+01
4.337750000000000217e-01 2.456949999999999967e-01 1.986749999999998240e-02 0.000000000000000000e+00 1.655499999999990313e-03 -4.966749999999998944e-03 -1.258304810960636999e+01
4.536419999999999897e-01 2.456949999999999967e-01 1.986749999999998240e-02 -3.310999999999994503e-03 -1.655499999999990313e-03 -4.966749999999998944e-03 -1.274729100302007723e+01
4.735099999999999865e-01 2.390730000000000077e-01 1.655650000000000177e-02 -9.933499999999997887e-03 -3.311249999999987814e-03 -6.622750000000003634e-03 -1.980351822369209458e+01
4.867549999999999932e-01 2.258280000000000010e-01 1.324500000000000677e-02 -1.655650000000000177e-02 -6.622749999999996695e-03 -9.933999999999998387e-03 -2.530808723838703145e+01
5.000000000000000000e-01 2.059600000000000042e-01 3.311000000000008381e-03 -2.980149999999999466e-02 -1.158950000000000258e-02 -6.622250000000003134e-03 -1.362471273322811882e+01
4.933770000000000100e-01 1.662250000000000116e-01 -9.933999999999998387e-03 -2.980100000000000804e-02 -6.622250000000010073e-03 4.966999999999992255e-03 -7.958325206495858950e+00
4.801320000000000032e-01 1.463579999999999881e-01 -9.933500000000011765e-03 -1.986750000000001015e-02 2.499999999933111283e-07 3.311000000000008381e-03 -3.000597616248708910e+00
4.735099999999999865e-01 1.264899999999999913e-01 -9.933500000000011765e-03 -2.317899999999999128e-02 -2.499999999933111283e-07 -8.278249999999993947e-03 5.127262357553401095e+00
4.602649999999999797e-01 1.000000000000000056e-01 -9.933999999999998387e-03 -3.642399999999999805e-02 3.311000000000008381e-03 -4.966750000000005882e-03 3.157860564579800577e+00
4.536419999999999897e-01 5.364200000000000218e-02 -3.311499999999995003e-03 -3.311250000000000304e-02 8.278250000000000886e-03 9.933999999999998387e-03 6.545595523991625697e+00
4.536419999999999897e-01 3.377499999999999947e-02 6.622500000000003384e-03 -1.655600000000000127e-02 9.933999999999998387e-03 1.158925000000000233e-02 4.254535610535789658e+01
4.668869999999999965e-01 2.052999999999999964e-02 1.655650000000000177e-02 -9.934000000000000122e-03 6.622750000000010573e-03 6.622250000000000532e-03 2.437196743852410563e+01
4.867549999999999932e-01 1.390699999999999922e-02 1.986800000000002453e-02 -3.311500000000000207e-03 9.933749999999991198e-03 1.324525000000000008e-02 3.622891187121695111e+01
5.066230000000000455e-01 1.390699999999999922e-02 3.642399999999998417e-02 1.655650000000000177e-02 8.277749999999986508e-03 1.324525000000000008e-02 5.392614027804867760e+00
5.596029999999999616e-01 4.701999999999999930e-02 3.642349999999999755e-02 2.317899999999999822e-02 -8.278249999999973130e-03 3.310999999999999707e-03 3.883067304850439605e+00
5.794700000000000406e-01 6.026499999999999913e-02 1.986750000000003791e-02 2.317850000000000119e-02 -1.158924999999999539e-02 0.000000000000000000e+00 9.441575209004302138e+00
5.993380000000000374e-01 9.337700000000000167e-02 1.324500000000000677e-02 2.317899999999999822e-02 -8.278250000000014763e-03 -6.622250000000001399e-03 5.475017597562971794e+00
6.059600000000000541e-01 1.066229999999999956e-01 3.311000000000008381e-03 9.933999999999998387e-03 -6.622500000000003384e-03 -8.278249999999997416e-03 3.342672829355969810e+01
6.059600000000000541e-01 1.132449999999999984e-01 0.000000000000000000e+00 6.622500000000003384e-03 -3.311000000000008381e-03 -1.655750000000000971e-03 7.549448847197062662e+01
6.059600000000000541e-01 1.198680000000000023e-01 -3.311000000000008381e-03 6.622499999999996445e-03 -3.311250000000015570e-03 -3.311250000000001692e-03 8.103693751537568346e+01
5.993380000000000374e-01 1.264899999999999913e-01 -6.622500000000031140e-03 0.000000000000000000e+00 -1.655750000000011379e-03 -8.277999999999997166e-03 1.887476217369271581e+02
5.927149999999999919e-01 1.198680000000000023e-01 -6.622500000000031140e-03 -9.933499999999997887e-03 3.311250000000015570e-03 -4.966999999999999194e-03 3.866045411261364961e+01
5.860929999999999751e-01 1.066229999999999956e-01 0.000000000000000000e+00 -9.933999999999998387e-03 1.158925000000002314e-02 -1.656000000000001221e-03 1.174375602147114961e+02
5.927149999999999919e-01 1.000000000000000056e-01 1.655600000000001515e-02 -1.324550000000000033e-02 9.933749999999991198e-03 -1.655500000000000721e-03 1.092898206232213276e+01
6.192050000000000054e-01 8.013199999999999490e-02 1.986749999999998240e-02 -1.324499999999999983e-02 2.499999999794333405e-07 4.967250000000002913e-03 7.249246748599979639e+00
6.324499999999999567e-01 7.351000000000000589e-02 1.655649999999997402e-02 -3.310999999999994503e-03 3.311250000000015570e-03 1.158924999999999886e-02 4.214097712861841671e+01
6.523179999999999534e-01 7.351000000000000589e-02 2.649000000000001354e-02 9.933499999999997887e-03 3.311000000000036136e-03 9.933749999999994668e-03 1.016841637042599267e+01
6.854299999999999837e-01 9.337700000000000167e-02 2.317850000000004629e-02 1.655649999999999483e-02 -6.622249999999996195e-03 9.934000000000001857e-03 1.470705982343651286e+01
6.986750000000000460e-01 1.066229999999999956e-01 1.324550000000002115e-02 2.980150000000000160e-02 -9.933500000000039520e-03 8.278000000000004105e-03 1.169586247228056131e+01
7.119210000000000260e-01 1.529800000000000049e-01 3.311499999999967248e-03 3.311250000000000304e-02 -1.158975000000000977e-02 -4.967000000000002663e-03 9.967414639466474213e+00
7.052979999999999805e-01 1.728480000000000016e-01 -9.933999999999998387e-03 1.986749999999999627e-02 -1.158949999999997482e-02 -6.622500000000003384e-03 2.701173847867743660e+01
6.920530000000000292e-01 1.927149999999999974e-01 -1.986749999999998240e-02 1.986749999999999627e-02 -8.278000000000007574e-03 -1.655499999999997252e-03 8.897558646299234653e+00
6.655630000000000157e-01 2.125829999999999942e-01 -2.649000000000001354e-02 1.655650000000000177e-02 -8.278250000000014763e-03 -1.655749999999997502e-03 5.934980842311417426e+00
6.390730000000000022e-01 2.258280000000000010e-01 -3.642400000000001192e-02 1.655600000000000127e-02 -1.655749999999983624e-03 -3.311500000000001942e-03 2.311226314080313760e+00
5.927149999999999919e-01 2.456949999999999967e-01 -2.980149999999998078e-02 9.933499999999997887e-03 1.324525000000001396e-02 -8.278000000000000635e-03 3.713845930562121644e+00
5.794700000000000406e-01 2.456949999999999967e-01 -9.933499999999984009e-03 0.000000000000000000e+00 1.490074999999999039e-02 -3.311000000000001442e-03 3.355479489518887704e+01
5.728480000000000238e-01 2.456949999999999967e-01 0.000000000000000000e+00 3.311499999999995003e-03 1.158924999999999539e-02 1.655749999999997502e-03 -1.056831653946670485e+03
5.794700000000000406e-01 2.523179999999999867e-01 1.324500000000000677e-02 3.311499999999995003e-03 1.986749999999998240e-02 -1.655749999999997502e-03 -3.447082162902434277e+01
5.993380000000000374e-01 2.523179999999999867e-01 3.973499999999996479e-02 0.000000000000000000e+00 1.821174999999999877e-02 -1.655749999999997502e-03 -1.048692903180184377e+00
6.589399999999999702e-01 2.523179999999999867e-01 4.966850000000000431e-02 0.000000000000000000e+00 8.278250000000014763e-03 -1.655749999999997502e-03 -6.711702144820296256e-01
6.986750000000000460e-01 2.523179999999999867e-01 5.629149999999999432e-02 -3.311499999999995003e-03 1.655999999999990813e-03 -1.655749999999997502e-03 -4.892418532797230268e-01
7.715229999999999588e-01 2.456949999999999967e-01 5.298049999999998594e-02 -3.311499999999995003e-03 -9.933749999999991198e-03 -1.655500000000004190e-03 -8.062625248538615175e-01
8.046360000000000179e-01 2.456949999999999967e-01 3.642400000000001192e-02 -6.622500000000003384e-03 -1.324524999999998620e-02 -4.966749999999998944e-03 -5.294168509476065765e+00
8.443709999999999827e-01 2.324499999999999900e-01 2.649000000000001354e-02 -1.324499999999999289e-02 -1.324525000000001396e-02 -3.311249999999994753e-03 -1.012954072370938796e+01
8.576160000000000450e-01 2.192050000000000110e-01 9.933499999999984009e-03 -1.324499999999999289e-02 -1.158950000000003033e-02 -3.311250000000008631e-03 -4.107340144790636316e+01
8.642379999999999507e-01 2.059600000000000042e-01 3.310999999999952870e-03 -1.986750000000001015e-02 -8.277999999999979819e-03 -3.311250000000001692e-03 -2.146939895477012783e+01
8.642379999999999507e-01 1.794699999999999906e-01 -6.622499999999975628e-03 -1.986749999999999627e-02 -1.158924999999996763e-02 3.311250000000008631e-03 -2.745627403782256337e+01
8.509929999999999994e-01 1.662250000000000116e-01 -1.986749999999998240e-02 -1.324499999999999289e-02 -8.278000000000007574e-03 4.966999999999992255e-03 -1.530235736017783665e+01
8.245029999999999859e-01 1.529800000000000049e-01 -2.317849999999999078e-02 -9.933500000000011765e-03 -1.655500000000004190e-03 6.622499999999996445e-03 -1.059756855914332441e+01
8.046360000000000179e-01 1.463579999999999881e-01 -2.317849999999999078e-02 0.000000000000000000e+00 3.310999999999980625e-03 8.278000000000007574e-03 -1.540830149949565886e+01
7.781460000000000043e-01 1.529800000000000049e-01 -1.655650000000002953e-02 6.622500000000003384e-03 1.490049999999998320e-02 1.158949999999999564e-02 -5.124436696537446778e+01
7.715229999999999588e-01 1.596029999999999949e-01 6.622499999999975628e-03 2.317899999999999128e-02 1.986775000000001734e-02 1.490049999999999708e-02 -2.582908864118783754e+01
7.913909999999999556e-01 1.993379999999999874e-01 2.317900000000000515e-02 3.642349999999999755e-02 9.933750000000018954e-03 4.966500000000005632e-03 -3.065689900386232125e+00
8.178809999999999691e-01 2.324499999999999900e-01 2.649000000000001354e-02 3.311200000000000254e-02 3.311000000000008381e-03 -3.311499999999995003e-03 -2.588328959944798502e+00
