3.940400000000000014e-01 2.788080000000000003e-01 0.000000000000000000e+00 6.622000000000016762e-03 -3.311499999999995003e-03 4.999999999866222566e-07 7.551729173806342033e+01
3.940400000000000014e-01 2.854300000000000170e-01 -3.311499999999995003e-03 6.622500000000003384e-03 -3.311250000000001692e-03 2.499999999933111283e-07 5.401905066766200747e+01
3.874170000000000114e-01 2.920530000000000070e-01 -6.622500000000003384e-03 6.622500000000003384e-03 -1.655500000000004190e-03 0.000000000000000000e+00 1.334566618518501713e+01
3.807949999999999946e-01 2.986750000000000238e-01 -6.622500000000003384e-03 6.622500000000003384e-03 1.655500000000004190e-03 1.655749999999997502e-03 -2.669334772316146243e+01
3.741720000000000046e-01 3.052980000000000138e-01 -3.311499999999995003e-03 9.933999999999998387e-03 1.655749999999997502e-03 1.655749999999997502e-03 -1.910063739510101044e+01
3.741720000000000046e-01 3.185430000000000206e-01 -3.311000000000008381e-03 9.933999999999998387e-03 2.499999999933111283e-07 0.000000000000000000e+00 -2.163060050270932018e-03
3.675499999999999878e-01 3.251660000000000106e-01 -3.311000000000008381e-03 9.933999999999998387e-03 1.655500000000004190e-03 -2.500000000071889161e-07 -1.432306270584162711e+01
3.675499999999999878e-01 3.384110000000000174e-01 0.000000000000000000e+00 9.933499999999984009e-03 1.655500000000004190e-03 -1.655749999999997502e-03 -1.677739744759447760e+01
3.675499999999999878e-01 3.450329999999999786e-01 0.000000000000000000e+00 6.622500000000003384e-03 0.000000000000000000e+00 -1.655499999999990313e-03 -0.000000000000000000e+00
3.675499999999999878e-01 3.516560000000000241e-01 0.000000000000000000e+00 6.622500000000003384e-03 1.655500000000004190e-03 -1.387778780781445676e-17 -3.774724423598531331e+01
3.675499999999999878e-01 3.582779999999999854e-01 3.311000000000008381e-03 6.622499999999975628e-03 4.966750000000005882e-03 -1.655500000000004190e-03 -9.454139427324604128e+01
3.741720000000000046e-01 3.649009999999999754e-01 9.933500000000011765e-03 3.311499999999995003e-03 4.966999999999999194e-03 -1.655749999999983624e-03 -2.865376829064564390e+01
3.874170000000000114e-01 3.649009999999999754e-01 1.324500000000000677e-02 3.311000000000008381e-03 2.499999999933111283e-07 -2.499999999933111283e-07 -1.626491943986397605e-03
4.006620000000000181e-01 3.715229999999999921e-01 9.933999999999998387e-03 3.311000000000008381e-03 -3.311250000000001692e-03 -3.311000000000008381e-03 -1.909861852018175554e+01
4.072850000000000081e-01 3.715229999999999921e-01 6.622500000000003384e-03 -3.311000000000008381e-03 -1.655749999999997502e-03 -6.622249999999996195e-03 -1.215543864530620084e+02
4.139070000000000249e-01 3.649009999999999754e-01 6.622500000000003384e-03 -9.933499999999984009e-03 -1.387778780781445676e-17 -4.966999999999985316e-03 -1.933071353490401734e+01
4.205300000000000149e-01 3.516560000000000241e-01 6.622499999999975628e-03 -1.324499999999997901e-02 -1.655750000000011379e-03 -1.655750000000011379e-03 -1.013017803422049390e+01
4.271519999999999762e-01 3.384110000000000174e-01 3.310999999999980625e-03 -1.324500000000000677e-02 -3.311249999999987814e-03 -1.655750000000011379e-03 -1.938888997949914028e+01
4.271519999999999762e-01 3.251660000000000106e-01 0.000000000000000000e+00 -1.655650000000000177e-02 -3.310999999999980625e-03 -6.622749999999996695e-03 -1.207875337349729072e+01
4.271519999999999762e-01 3.052980000000000138e-01 -3.310999999999980625e-03 -2.649050000000000016e-02 -3.311249999999987814e-03 -4.966750000000005882e-03 -3.745836589718291254e+00
4.205300000000000149e-01 2.721850000000000103e-01 -6.622499999999975628e-03 -2.649000000000001354e-02 -1.655750000000011379e-03 4.967249999999999444e-03 -3.770296350793010287e+00
4.139070000000000249e-01 2.523179999999999867e-01 -6.622500000000003384e-03 -1.655600000000000127e-02 -1.655500000000018068e-03 4.966750000000012821e-03 -1.063571850149712361e+01
4.072850000000000081e-01 2.390730000000000077e-01 -9.933500000000011765e-03 -1.655649999999998789e-02 -1.655749999999997502e-03 -2.500000000002500222e-07 -3.808236197810774382e+00
3.940400000000000014e-01 2.192050000000000110e-01 -9.933999999999998387e-03 -1.655650000000000177e-02 1.655500000000004190e-03 3.311499999999988064e-03 -7.623068342427090638e-01
3.874170000000000114e-01 2.059600000000000042e-01 -6.622500000000003384e-03 -9.933500000000011765e-03 1.655749999999997502e-03 4.966999999999999194e-03 -9.665113546518002252e+00
3.807949999999999946e-01 1.993379999999999874e-01 -6.622500000000003384e-03 -6.622500000000003384e-03 0.000000000000000000e+00 1.655500000000011129e-03 -1.334566618518507397e+01
3.741720000000000046e-01 1.927149999999999974e-01 -6.622500000000003384e-03 -6.622499999999989506e-03 0.000000000000000000e+00 0.000000000000000000e+00 0.000000000000000000e+00
3.675499999999999878e-01 1.860930000000000084e-01 -6.622500000000003384e-03 -6.622500000000003384e-03 0.000000000000000000e+00 -6.938893903907228378e-18 5.593727679611049038e-14
3.609269999999999978e-01 1.794699999999999906e-01 -6.622500000000003384e-03 -6.622500000000003384e-03 1.655749999999997502e-03 -1.655499999999997252e-03 2.669334772316140558e+01
3.543049999999999811e-01 1.728480000000000016e-01 -3.311000000000008381e-03 -9.933499999999997887e-03 1.655500000000004190e-03 -3.311250000000001692e-03 2.387525597613557693e+01
3.543049999999999811e-01 1.596029999999999949e-01 -3.311499999999995003e-03 -1.324500000000000677e-02 -2.499999999933111283e-07 -2.500000000002500222e-07 -9.758593380059109486e-04
3.476819999999999911e-01 1.463579999999999881e-01 -3.311499999999995003e-03 -9.933999999999998387e-03 1.655749999999997502e-03 3.311250000000008631e-03 4.775339604686622330e+00
3.476819999999999911e-01 1.397349999999999981e-01 0.000000000000000000e+00 -6.622499999999989506e-03 4.966999999999999194e-03 2.500000000002500222e-07 1.132531332649588478e+02
3.476819999999999911e-01 1.331130000000000091e-01 6.622500000000003384e-03 -9.933499999999997887e-03 4.966999999999999194e-03 -1.655750000000007910e-03 2.255144506872950672e+01
3.609269999999999978e-01 1.198680000000000023e-01 9.933999999999998387e-03 -9.934000000000005326e-03 1.655749999999997502e-03 3.310999999999997973e-03 1.779422163660003164e+01
3.675499999999999878e-01 1.132449999999999984e-01 9.933999999999998387e-03 -3.311500000000001942e-03 -2.499999999933111283e-07 3.311500000000001942e-03 2.864987455718320675e+01
3.807949999999999946e-01 1.132449999999999984e-01 9.933500000000011765e-03 -3.311000000000001442e-03 1.655500000000004190e-03 2.500000000002500222e-07 4.776926022207740985e+00
3.874170000000000114e-01 1.066229999999999956e-01 1.324500000000000677e-02 -3.311000000000001442e-03 3.311499999999995003e-03 1.655500000000000721e-03 1.292527603002401548e+01
4.072850000000000081e-01 1.066229999999999956e-01 1.655650000000000177e-02 0.000000000000000000e+00 -1.655750000000011379e-03 1.655500000000000721e-03 6.039376686748683554e+00
4.205300000000000149e-01 1.066229999999999956e-01 9.933499999999984009e-03 0.000000000000000000e+00 -3.311500000000008881e-03 1.655500000000000721e-03 1.677739744759443852e+01
4.271519999999999762e-01 1.066229999999999956e-01 9.933499999999984009e-03 3.311000000000001442e-03 2.500000000071889161e-07 3.311250000000001692e-03 2.865146095292245576e+01
4.403969999999999829e-01 1.132449999999999984e-01 9.933999999999998387e-03 6.622500000000003384e-03 2.500000000071889161e-07 3.311500000000001942e-03 1.932917929689055114e+01
4.470199999999999729e-01 1.198680000000000023e-01 9.933999999999998387e-03 9.934000000000005326e-03 -2.499999999933111283e-07 1.655499999999997252e-03 5.932004323712760652e+00
4.602649999999999797e-01 1.331130000000000091e-01 9.933500000000011765e-03 9.933499999999997887e-03 -1.655749999999997502e-03 -2.500000000037194692e-07 5.931705752927897812e+00
4.668869999999999965e-01 1.397349999999999981e-01 6.622500000000003384e-03 9.933499999999997887e-03 -1.655500000000004190e-03 1.655750000000004440e-03 1.610803608668988218e+01
4.735099999999999865e-01 1.529800000000000049e-01 6.622500000000003384e-03 1.324500000000000677e-02 0.000000000000000000e+00 -3.311000000000001442e-03 -6.752432325996008622e+00
4.801320000000000032e-01 1.662250000000000116e-01 6.622500000000003384e-03 3.311499999999995003e-03 -1.655500000000004190e-03 -9.933750000000005076e-03 -1.485579979149037513e+02
4.867549999999999932e-01 1.596029999999999949e-01 3.311499999999995003e-03 -6.622500000000003384e-03 -1.655749999999997502e-03 -4.966999999999999194e-03 -6.753248063433478876e+01
4.867549999999999932e-01 1.529800000000000049e-01 3.311000000000008381e-03 -6.622500000000003384e-03 3.311250000000015570e-03 0.000000000000000000e+00 5.402598466759700813e+01
4.933770000000000100e-01 1.463579999999999881e-01 9.934000000000026143e-03 -6.622500000000003384e-03 4.967249999999992505e-03 1.655500000000004190e-03 2.899328244414102684e+01
5.066230000000000455e-01 1.397349999999999981e-01 1.324549999999999339e-02 -3.311499999999995003e-03 4.966749999999978127e-03 1.655750000000004440e-03 1.507953977212858199e+01
5.198679999999999968e-01 1.397349999999999981e-01 1.986749999999998240e-02 -3.310999999999994503e-03 1.655250000000010879e-03 2.500000000002500222e-07 6.713366362388938358e-01
5.463580000000000103e-01 1.331130000000000091e-01 1.655600000000001515e-02 -3.310999999999994503e-03 -1.655749999999983624e-03 3.310999999999994503e-03 1.025036901757649765e+01
5.529800000000000271e-01 1.331130000000000091e-01 1.655600000000001515e-02 3.310999999999994503e-03 2.499999999794333405e-07 3.310999999999994503e-03 1.138924158069442427e+01
5.794700000000000406e-01 1.397349999999999981e-01 1.655649999999997402e-02 3.310999999999994503e-03 -4.966750000000019760e-03 2.500000000002500222e-07 3.417351946928258499e+00
5.860929999999999751e-01 1.397349999999999981e-01 6.622499999999975628e-03 3.311499999999995003e-03 -4.966999999999971438e-03 3.311500000000001942e-03 9.454506499702574729e+01
5.927149999999999919e-01 1.463579999999999881e-01 6.622500000000031140e-03 9.933999999999998387e-03 2.775557561562891351e-17 6.622250000000003134e-03 2.576996901741514989e+01
5.993380000000000374e-01 1.596029999999999949e-01 6.622500000000031140e-03 1.655600000000000127e-02 -1.655750000000011379e-03 3.311000000000001442e-03 8.702429334881820466e+00
6.059600000000000541e-01 1.794699999999999906e-01 3.311000000000008381e-03 1.655600000000000127e-02 -3.311250000000015570e-03 1.655750000000004440e-03 1.252931807795742714e+01
6.059600000000000541e-01 1.927149999999999974e-01 0.000000000000000000e+00 1.986750000000001015e-02 -3.311000000000008381e-03 1.655749999999997502e-03 8.388276496885625377e+00
6.059600000000000541e-01 2.192050000000000110e-01 -3.311000000000008381e-03 1.986749999999999627e-02 -3.311250000000015570e-03 -3.311250000000008631e-03 9.392938025880885888e+00
5.993380000000000374e-01 2.324499999999999900e-01 -6.622500000000031140e-03 1.324499999999999289e-02 -1.655750000000011379e-03 -4.966749999999998944e-03 1.688261036021645722e+01
5.927149999999999919e-01 2.456949999999999967e-01 -6.622500000000031140e-03 9.933999999999998387e-03 -1.655499999999976435e-03 -1.655499999999997252e-03 1.610586579671373642e+01
5.860929999999999751e-01 2.523179999999999867e-01 -9.933499999999984009e-03 9.933999999999998387e-03 -1.655749999999983624e-03 1.655500000000004190e-03 1.194283134492699723e-03
5.728480000000000238e-01 2.655629999999999935e-01 -9.933999999999998387e-03 1.324500000000000677e-02 1.655499999999976435e-03 -1.655749999999997502e-03 -1.207240564031256902e+00
5.662249999999999783e-01 2.788080000000000003e-01 -6.622500000000031140e-03 6.622500000000003384e-03 3.311499999999995003e-03 -4.966999999999999194e-03 1.334566618518510239e+01
5.596029999999999616e-01 2.788080000000000003e-01 -3.311000000000008381e-03 3.311000000000008381e-03 4.966750000000019760e-03 0.000000000000000000e+00 -1.601802419973235203e+02
5.596029999999999616e-01 2.854300000000000170e-01 3.311000000000008381e-03 6.622500000000003384e-03 4.966750000000019760e-03 2.499999999933111283e-07 -8.103489818333724770e+01
5.662249999999999783e-01 2.920530000000000070e-01 6.622500000000031140e-03 3.311499999999995003e-03 3.311499999999995003e-03 -1.655749999999997502e-03 -5.402720818059817987e+01
5.728480000000000238e-01 2.920530000000000070e-01 9.933999999999998387e-03 3.311000000000008381e-03 3.311249999999987814e-03 1.655500000000004190e-03 4.774834866904408948e+00
5.860929999999999751e-01 2.986750000000000238e-01 1.324500000000000677e-02 6.622500000000003384e-03 6.622249999999996195e-03 1.655999999999990813e-03 -6.750902780769668432e+00
5.993380000000000374e-01 3.052980000000000138e-01 2.317849999999999078e-02 6.622999999999990006e-03 9.933749999999991198e-03 0.000000000000000000e+00 -4.696602775569088450e+00
6.324499999999999567e-01 3.119210000000000038e-01 3.311249999999998916e-02 6.622500000000003384e-03 2.500000000071889161e-07 -1.655999999999990813e-03 -1.424096743879628368e+00
6.655630000000000157e-01 3.185430000000000206e-01 2.317900000000000515e-02 3.311000000000008381e-03 -8.278249999999987008e-03 -3.311250000000001692e-03 -3.843931068342166135e+00
6.788079999999999670e-01 3.185430000000000206e-01 1.655600000000001515e-02 0.000000000000000000e+00 0.000000000000000000e+00 -1.655500000000004190e-03 -6.039741477029125782e+00
6.986750000000000460e-01 3.185430000000000206e-01 2.317900000000000515e-02 0.000000000000000000e+00 3.311499999999967248e-03 -3.311250000000001692e-03 -6.163147765373095055e+00
7.251659999999999773e-01 3.185430000000000206e-01 2.317899999999994964e-02 -6.622500000000003384e-03 -4.966999999999999194e-03 -4.966999999999999194e-03 -1.056646146964034472e+01
7.450329999999999453e-01 3.052980000000000138e-01 1.324500000000000677e-02 -9.933999999999998387e-03 -8.278249999999959252e-03 -3.311250000000001692e-03 -2.778404391758244074e+01
7.516559999999999908e-01 2.986750000000000238e-01 6.622500000000031140e-03 -1.324500000000000677e-02 -6.622500000000003384e-03 -1.655500000000004190e-03 -3.038798486061713433e+01
7.582780000000000076e-01 2.788080000000000003e-01 0.000000000000000000e+00 -1.324500000000000677e-02 -8.278000000000007574e-03 1.655500000000004190e-03 -4.718690543423224426e+01
7.516559999999999908e-01 2.721850000000000103e-01 -9.933499999999984009e-03 -9.933999999999998387e-03 -4.966999999999999194e-03 1.655749999999997502e-03 -2.372861445895820509e+01
7.384110000000000396e-01 2.589400000000000035e-01 -9.933999999999998387e-03 -9.933500000000011765e-03 -2.500000000071889161e-07 3.311499999999995003e-03 -1.186580008339726611e+01
7.317879999999999940e-01 2.523179999999999867e-01 -9.933999999999998387e-03 -3.311000000000008381e-03 1.655750000000011379e-03 8.278000000000007574e-03 -6.684840951958307187e+01
7.185430000000000428e-01 2.523179999999999867e-01 -6.622499999999975628e-03 6.622500000000003384e-03 3.311499999999995003e-03 1.158925000000000927e-02 -1.201210724306226751e+02
7.185430000000000428e-01 2.655629999999999935e-01 -3.311000000000008381e-03 1.986750000000001015e-02 3.311249999999987814e-03 6.622500000000003384e-03 -1.073469947738506036e+01
7.119210000000000260e-01 2.920530000000000070e-01 0.000000000000000000e+00 1.986750000000001015e-02 4.966749999999992005e-03 -3.311250000000001692e-03 -1.258304810960631492e+01
7.185430000000000428e-01 3.052980000000000138e-01 6.622499999999975628e-03 1.324500000000000677e-02 4.966999999999999194e-03 -3.311250000000001692e-03 -2.701227854602800704e+01
7.251659999999999773e-01 3.185430000000000206e-01 9.933999999999998387e-03 1.324500000000000677e-02 3.311250000000043325e-03 0.000000000000000000e+00 -9.663761493871412256e+00
7.384110000000000396e-01 3.317880000000000273e-01 1.324500000000006228e-02 1.324500000000000677e-02 3.311000000000063892e-03 0.000000000000000000e+00 -6.672833092592578730e+00
