3.675499999999999878e-01 4.443710000000000160e-01 -6.622999999999990006e-03 0.000000000000000000e+00 -6.622000000000016762e-03 9.933499999999984009e-03 -2.264606690355122396e+02
3.609269999999999978e-01 4.443710000000000160e-01 -1.324500000000000677e-02 9.933499999999984009e-03 -1.655250000000010879e-03 6.622499999999989506e-03 -1.570537814994057335e+01
3.410599999999999743e-01 4.642379999999999840e-01 -9.933500000000011765e-03 1.324499999999997901e-02 9.933750000000005076e-03 2.500000000071889161e-07 -2.899340772245147591e+01
3.410599999999999743e-01 4.708609999999999740e-01 6.622500000000003384e-03 9.933999999999998387e-03 1.158925000000000927e-02 -1.655749999999983624e-03 -7.409291714946552077e+01
3.543049999999999811e-01 4.841059999999999808e-01 1.324500000000000677e-02 9.933500000000011765e-03 6.622500000000003384e-03 -3.311499999999995003e-03 -2.416108190658472665e+01
3.675499999999999878e-01 4.907279999999999975e-01 1.986750000000001015e-02 3.311000000000008381e-03 3.311250000000001692e-03 -9.933500000000011765e-03 -2.549468330928296922e+01
3.940400000000000014e-01 4.907279999999999975e-01 1.986750000000001015e-02 -9.933500000000011765e-03 -4.966999999999999194e-03 -9.933499999999997887e-03 -2.250969393867477208e+01
4.072850000000000081e-01 4.708609999999999740e-01 9.933500000000011765e-03 -1.655599999999998739e-02 -9.933750000000005076e-03 -8.278249999999987008e-03 -3.427594896579564931e+01
4.139070000000000249e-01 4.576160000000000228e-01 0.000000000000000000e+00 -2.648999999999998578e-02 -8.278000000000007574e-03 -8.278250000000014763e-03 -1.179672635855808771e+01
4.072850000000000081e-01 4.178810000000000024e-01 -6.622500000000003384e-03 -3.311250000000001692e-02 -3.311250000000001692e-03 -8.278250000000000886e-03 -1.423709772752707714e+00
4.006620000000000181e-01 3.913909999999999889e-01 -6.622500000000003384e-03 -4.304649999999998755e-02 1.655749999999997502e-03 -3.311249999999987814e-03 1.128177438037112568e+00
3.940400000000000014e-01 3.317880000000000273e-01 -3.311000000000008381e-03 -3.973499999999999255e-02 6.622500000000003384e-03 6.622499999999989506e-03 3.805242734157920026e+00
3.940400000000000014e-01 3.119210000000000038e-01 6.622500000000003384e-03 -2.980150000000000854e-02 6.622250000000010073e-03 6.622249999999996195e-03 8.477708731204030457e+00
4.072850000000000081e-01 2.721850000000000103e-01 9.933500000000011765e-03 -2.649050000000000016e-02 4.966749999999992005e-03 8.278250000000000886e-03 9.441423293292835695e+00
4.139070000000000249e-01 2.589400000000000035e-01 1.655599999999998739e-02 -1.324500000000000677e-02 6.622749999999982817e-03 1.324525000000000008e-02 3.221129061941454808e+01
4.403969999999999829e-01 2.456949999999999967e-01 2.317899999999997740e-02 0.000000000000000000e+00 -3.310999999999994503e-03 1.490075000000000427e-02 2.773439760358878203e+01
4.602649999999999797e-01 2.589400000000000035e-01 9.933999999999998387e-03 1.655650000000000177e-02 -1.158949999999998870e-02 1.490075000000000427e-02 4.722162133176426124e+01
4.602649999999999797e-01 2.788080000000000003e-01 0.000000000000000000e+00 2.980150000000000854e-02 -4.966999999999999194e-03 9.933750000000005076e-03 5.592653488800759298e+00
4.602649999999999797e-01 3.185430000000000206e-01 0.000000000000000000e+00 3.642400000000001192e-02 0.000000000000000000e+00 -4.967000000000013071e-03 -0.000000000000000000e+00
4.602649999999999797e-01 3.516560000000000241e-01 0.000000000000000000e+00 1.986749999999998240e-02 -1.655749999999997502e-03 -1.490075000000001815e-02 4.194771612720737508e+00
4.602649999999999797e-01 3.582779999999999854e-01 -3.311499999999995003e-03 6.622499999999975628e-03 -1.655749999999997502e-03 -1.158924999999998151e-02 1.215556099044983824e+02
4.536419999999999897e-01 3.649009999999999754e-01 -3.311499999999995003e-03 -3.310999999999980625e-03 4.966999999999999194e-03 -1.655624999999998070e-02 6.940592802080514048e+02
4.536419999999999897e-01 3.516560000000000241e-01 6.622500000000003384e-03 -2.648999999999998578e-02 9.933999999999998387e-03 -1.490100000000001146e-02 8.078799842276412235e+00
4.668869999999999965e-01 3.119210000000000038e-01 1.655650000000000177e-02 -3.311300000000000354e-02 6.622750000000010573e-03 3.310999999999994503e-03 5.402272165010217009e+00
4.867549999999999932e-01 2.854300000000000170e-01 1.986800000000002453e-02 -1.986799999999999677e-02 4.966749999999992005e-03 1.158974999999999589e-02 1.482911514201280312e+01
5.066230000000000455e-01 2.721850000000000103e-01 2.648999999999998578e-02 -9.933500000000011765e-03 4.966499999999970938e-03 1.655650000000000177e-02 2.154712175625708426e+01
5.397349999999999648e-01 2.655629999999999935e-01 2.980099999999996641e-02 1.324500000000000677e-02 -4.966749999999978127e-03 2.483425000000000216e-02 2.323489144232169679e+01
5.662249999999999783e-01 2.986750000000000238e-01 1.655650000000002953e-02 3.973499999999999255e-02 -1.655599999999998739e-02 9.933999999999984509e-03 1.030942814754491899e+01
5.728480000000000238e-01 3.450329999999999786e-01 -3.311000000000008381e-03 3.311299999999997579e-02 -1.655650000000002953e-02 -4.966749999999992005e-03 1.532237731195498043e+01
5.596029999999999616e-01 3.649009999999999754e-01 -1.655650000000002953e-02 2.980150000000000854e-02 -9.933999999999998387e-03 -2.499999999794333405e-07 7.471721020930802482e+00
5.397349999999999648e-01 4.046359999999999957e-01 -2.317900000000000515e-02 3.311250000000001692e-02 2.500000000349444917e-07 -6.622749999999996695e-03 2.324607841781072715e+00
5.132449999999999513e-01 4.311260000000000092e-01 -1.655599999999995964e-02 1.655600000000001515e-02 4.967000000000013071e-03 -1.158950000000001646e-02 8.542129242412007883e+00
5.066230000000000455e-01 4.377480000000000260e-01 -1.324499999999997901e-02 9.933499999999984009e-03 1.655249999999969246e-03 -4.966750000000019760e-03 1.087286990643184126e+01
4.867549999999999932e-01 4.509929999999999772e-01 -1.324550000000002115e-02 6.622499999999975628e-03 6.622499999999989506e-03 -4.966749999999992005e-03 6.752585272821519879e+00
4.801320000000000032e-01 4.509929999999999772e-01 0.000000000000000000e+00 0.000000000000000000e+00 9.934000000000012265e-03 -3.311249999999987814e-03 0.000000000000000000e+00
4.867549999999999932e-01 4.509929999999999772e-01 6.622500000000003384e-03 0.000000000000000000e+00 1.490075000000000427e-02 1.655750000000011379e-03 3.775294451448683475e+01
4.933770000000000100e-01 4.509929999999999772e-01 2.980150000000000854e-02 3.311500000000022759e-03 1.655650000000000177e-02 3.311250000000001692e-03 1.626650519339684964e+00
5.463580000000000103e-01 4.576160000000000228e-01 3.973550000000000693e-02 6.622500000000003384e-03 6.622249999999982317e-03 -2.500000000210667039e-07 -6.710292668196294885e-01
5.728480000000000238e-01 4.642379999999999840e-01 4.304599999999997317e-02 3.310999999999980625e-03 6.622249999999982317e-03 -4.966749999999992005e-03 -2.929303910475668626e+00
6.324499999999999567e-01 4.642379999999999840e-01 5.297999999999997156e-02 -3.310999999999980625e-03 -4.966749999999964249e-03 -4.966749999999992005e-03 -1.869115109226221483e+00
6.788079999999999670e-01 4.576160000000000228e-01 3.311250000000004468e-02 -6.622500000000003384e-03 -1.158924999999996763e-02 -9.934000000000012265e-03 -1.053580489206343707e+01
6.986750000000000460e-01 4.509929999999999772e-01 2.980150000000003629e-02 -2.317900000000000515e-02 -4.966750000000047516e-03 -1.158924999999999539e-02 -8.557124322611747047e+00
7.384110000000000396e-01 4.112580000000000124e-01 2.317899999999994964e-02 -2.980099999999999416e-02 -1.324525000000004171e-02 -1.655500000000004190e-03 -8.048098245042707433e+00
7.450329999999999453e-01 3.913909999999999889e-01 3.310999999999952870e-03 -2.649000000000001354e-02 -1.324499999999995126e-02 3.310999999999994503e-03 -1.786501216294426442e+01
7.450329999999999453e-01 3.582779999999999854e-01 -3.310999999999952870e-03 -2.317900000000000515e-02 -1.324499999999995126e-02 1.158950000000001646e-02 -2.690622766818980693e+01
7.384110000000000396e-01 3.450329999999999786e-01 -2.317899999999994964e-02 -3.310999999999980625e-03 -1.324525000000004171e-02 1.655650000000000177e-02 -3.331297291574677644e+01
6.986750000000000460e-01 3.516560000000000241e-01 -2.980150000000003629e-02 9.933999999999998387e-03 1.655749999999955868e-03 1.158924999999998151e-02 -1.167202159379171000e+01
6.788079999999999670e-01 3.649009999999999754e-01 -1.986750000000003791e-02 1.986749999999998240e-02 9.933750000000018954e-03 8.278000000000007574e-03 -1.631248942233249011e+01
6.589399999999999702e-01 3.913909999999999889e-01 -9.933999999999998387e-03 2.649000000000001354e-02 1.158950000000003033e-02 1.655500000000018068e-03 -1.428384228833405523e+01
6.589399999999999702e-01 4.178810000000000024e-01 3.311500000000022759e-03 2.317850000000001853e-02 8.278500000000021952e-03 -3.311499999999995003e-03 -1.580353629640986313e+01
6.655630000000000157e-01 4.377480000000000260e-01 6.623000000000045517e-03 1.986700000000002353e-02 3.311500000000022759e-03 -3.311499999999995003e-03 -9.551256096881978408e+00
