3.741720000000000046e-01 3.317880000000000273e-01 0.000000000000000000e+00 6.622999999999990006e-03 0.000000000000000000e+00 -5.000000000143778323e-07 -0.000000000000000000e+00
3.741720000000000046e-01 3.384110000000000174e-01 0.000000000000000000e+00 6.622499999999975628e-03 0.000000000000000000e+00 1.655249999999997002e-03 0.000000000000000000e+00
3.741720000000000046e-01 3.450329999999999786e-01 0.000000000000000000e+00 9.933499999999984009e-03 0.000000000000000000e+00 1.655750000000011379e-03 0.000000000000000000e+00
3.741720000000000046e-01 3.582779999999999854e-01 0.000000000000000000e+00 9.933999999999998387e-03 3.311250000000001692e-03 -1.655499999999990313e-03 -3.355395053700308239e+01
3.741720000000000046e-01 3.649009999999999754e-01 6.622500000000003384e-03 6.622500000000003384e-03 6.622500000000003384e-03 -1.655749999999997502e-03 -6.673437698429937370e+01
3.874170000000000114e-01 3.715229999999999921e-01 1.324500000000000677e-02 6.622500000000003384e-03 1.655749999999997502e-03 0.000000000000000000e+00 -3.376726011406785855e+00
4.006620000000000181e-01 3.781459999999999821e-01 9.933999999999998387e-03 6.622500000000003384e-03 -1.655500000000004190e-03 -1.655749999999997502e-03 -3.222827035707309218e+00
4.072850000000000081e-01 3.847679999999999989e-01 9.933999999999998387e-03 3.311000000000008381e-03 -1.655749999999997502e-03 -4.966750000000005882e-03 -3.819867915297805894e+01
4.205300000000000149e-01 3.847679999999999989e-01 6.622500000000003384e-03 -3.311000000000008381e-03 -4.966999999999999194e-03 -4.966750000000005882e-03 -1.215543864530622500e+02
4.205300000000000149e-01 3.781459999999999821e-01 0.000000000000000000e+00 -6.622500000000003384e-03 -4.966999999999999194e-03 -8.278249999999987008e-03 -1.132531332649583646e+02
4.205300000000000149e-01 3.715229999999999921e-01 -3.311499999999995003e-03 -1.986749999999998240e-02 -3.311250000000001692e-03 -1.158924999999999539e-02 -3.354311909128554703e+00
4.139070000000000249e-01 3.384110000000000174e-01 -6.622500000000003384e-03 -2.980099999999999416e-02 -1.655500000000004190e-03 -3.311500000000008881e-03 -9.632482861487146053e-01
4.072850000000000081e-01 3.119210000000000038e-01 -6.622500000000003384e-03 -2.649050000000000016e-02 0.000000000000000000e+00 3.310999999999994503e-03 -1.077007479956186620e+00
4.006620000000000181e-01 2.854300000000000170e-01 -6.622500000000003384e-03 -2.317900000000000515e-02 1.655749999999997502e-03 1.655999999999997752e-03 1.956745560038537057e+00
3.940400000000000014e-01 2.655629999999999935e-01 -3.311000000000008381e-03 -2.317850000000000465e-02 3.311250000000001692e-03 6.938893903907228378e-18 5.979462091592877115e+00
3.940400000000000014e-01 2.390730000000000077e-01 0.000000000000000000e+00 -2.317899999999999128e-02 1.655500000000004190e-03 3.311000000000001442e-03 3.081341223276766517e+00
3.940400000000000014e-01 2.192050000000000110e-01 0.000000000000000000e+00 -1.655650000000000177e-02 1.655500000000004190e-03 4.966999999999992255e-03 6.039376686748696876e+00
3.940400000000000014e-01 2.059600000000000042e-01 3.311000000000008381e-03 -1.324500000000000677e-02 4.966750000000005882e-03 3.311500000000001942e-03 3.015984491160575232e+01
4.006620000000000181e-01 1.927149999999999974e-01 9.933500000000011765e-03 -9.933499999999997887e-03 6.622749999999996695e-03 4.967000000000006132e-03 4.152641905768433617e+01
4.139070000000000249e-01 1.860930000000000084e-01 1.655650000000000177e-02 -3.310999999999994503e-03 3.311499999999981125e-03 4.966749999999998944e-03 1.936189857493993571e+01
4.337750000000000217e-01 1.860930000000000084e-01 1.655649999999997402e-02 0.000000000000000000e+00 1.655499999999990313e-03 8.277999999999993697e-03 3.019870746777753467e+01
4.470199999999999729e-01 1.860930000000000084e-01 1.986749999999998240e-02 1.324499999999999289e-02 1.655500000000018068e-03 8.278000000000000635e-03 1.046993157208592962e+01
4.735099999999999865e-01 2.125829999999999942e-01 1.986750000000001015e-02 1.655600000000000127e-02 -6.622499999999989506e-03 -1.655749999999997502e-03 4.437066702858663447e+00
4.867549999999999932e-01 2.192050000000000110e-01 6.622500000000003384e-03 9.933499999999997887e-03 -8.278250000000000886e-03 -3.311000000000001442e-03 3.543923606346163524e+01
4.867549999999999932e-01 2.324499999999999900e-01 3.311000000000008381e-03 9.933999999999998387e-03 -1.655749999999997502e-03 -1.655499999999997252e-03 9.551832793859027504e+00
4.933770000000000100e-01 2.390730000000000077e-01 3.311000000000008381e-03 6.622500000000003384e-03 -1.655500000000004190e-03 -4.966999999999999194e-03 -1.350649608990840633e+01
4.933770000000000100e-01 2.456949999999999967e-01 0.000000000000000000e+00 0.000000000000000000e+00 -1.655500000000004190e-03 -6.622500000000003384e-03 0.000000000000000000e+00
4.933770000000000100e-01 2.390730000000000077e-01 0.000000000000000000e+00 -6.622500000000003384e-03 0.000000000000000000e+00 -4.966999999999999194e-03 0.000000000000000000e+00
4.933770000000000100e-01 2.324499999999999900e-01 0.000000000000000000e+00 -9.933999999999998387e-03 1.655749999999997502e-03 -3.311249999999994753e-03 1.677824193330093649e+01
4.933770000000000100e-01 2.192050000000000110e-01 3.311499999999995003e-03 -1.324499999999999289e-02 3.311500000000008881e-03 2.499999999933111283e-07 1.723573613370470525e+01
5.000000000000000000e-01 2.059600000000000042e-01 6.623000000000017762e-03 -9.933500000000011765e-03 3.311250000000001692e-03 3.311249999999994753e-03 3.221528622011173582e+01
5.066230000000000455e-01 1.993379999999999874e-01 9.933999999999998387e-03 -6.622500000000003384e-03 4.966499999999970938e-03 1.655500000000011129e-03 2.899036387767759848e+01
5.198679999999999968e-01 1.927149999999999974e-01 1.655599999999995964e-02 -6.622499999999989506e-03 3.311000000000008381e-03 1.655750000000004440e-03 8.702429334881852441e+00
5.397349999999999648e-01 1.860930000000000084e-01 1.655600000000001515e-02 -3.310999999999994503e-03 2.500000000349444917e-07 3.311249999999994753e-03 1.139044551483943302e+01
5.529800000000000271e-01 1.860930000000000084e-01 1.655650000000002953e-02 0.000000000000000000e+00 2.499999999794333405e-07 3.310999999999994503e-03 1.207875337349730316e+01
5.728480000000000238e-01 1.860930000000000084e-01 1.655649999999997402e-02 3.310999999999994503e-03 -2.500000000071889161e-07 4.966749999999998944e-03 1.708417990016256738e+01
5.860929999999999751e-01 1.927149999999999974e-01 1.655600000000001515e-02 9.933499999999997887e-03 -2.499999999794333405e-07 1.821200000000000596e-02 4.189338880981141244e+01
6.059600000000000541e-01 2.059600000000000042e-01 1.655600000000001515e-02 3.973500000000000643e-02 -4.966750000000019760e-03 1.821200000000000596e-02 6.254402012546605327e+00
6.192050000000000054e-01 2.721850000000000103e-01 6.622499999999975628e-03 4.635750000000000981e-02 -8.278000000000007574e-03 -8.278000000000000635e-03 3.203153358312386345e+00
6.192050000000000054e-01 2.986750000000000238e-01 0.000000000000000000e+00 2.317900000000000515e-02 -6.622499999999975628e-03 -1.324475000000000652e-02 1.232629553074613860e+01
6.192050000000000054e-01 3.185430000000000206e-01 -6.622499999999975628e-03 1.986799999999999677e-02 -9.933749999999991198e-03 -1.387778780781445676e-17 2.148681112869745746e+01
6.059600000000000541e-01 3.384110000000000174e-01 -1.986749999999998240e-02 2.317899999999997740e-02 -4.966750000000019760e-03 -1.656000000000004690e-03 5.202622432380167083e+00
5.794700000000000406e-01 3.649009999999999754e-01 -1.655600000000001515e-02 1.655599999999998739e-02 6.622499999999975628e-03 -9.933999999999984509e-03 4.271387087391109283e+00
5.728480000000000238e-01 3.715229999999999921e-01 -6.622500000000031140e-03 3.311000000000008381e-03 4.966749999999992005e-03 -8.277999999999993697e-03 9.454751257732294789e+01
5.662249999999999783e-01 3.715229999999999921e-01 -6.622500000000031140e-03 0.000000000000000000e+00 3.311250000000015570e-03 -1.655500000000004190e-03 3.774724423598499357e+01
5.596029999999999616e-01 3.715229999999999921e-01 0.000000000000000000e+00 0.000000000000000000e+00 8.278000000000035330e-03 0.000000000000000000e+00 0.000000000000000000e+00
5.662249999999999783e-01 3.715229999999999921e-01 9.933500000000039520e-03 0.000000000000000000e+00 6.622500000000003384e-03 1.655749999999997502e-03 1.677993103222840787e+01
5.794700000000000406e-01 3.715229999999999921e-01 1.324500000000000677e-02 3.311499999999995003e-03 9.933999999999970631e-03 3.311250000000001692e-03 4.307226205905242189e+00
5.927149999999999919e-01 3.781459999999999821e-01 2.980149999999998078e-02 6.622500000000003384e-03 1.158950000000000258e-02 -2.499999999933111283e-07 -2.697827047558517766e+00
6.390730000000000022e-01 3.847679999999999989e-01 3.642400000000001192e-02 3.311000000000008381e-03 -1.655749999999983624e-03 -3.311250000000001692e-03 -2.353166416611069511e+00
6.655630000000000157e-01 3.847679999999999989e-01 2.649000000000001354e-02 0.000000000000000000e+00 -4.966999999999999194e-03 -3.311000000000008381e-03 -4.718405529498164164e+00
6.920530000000000292e-01 3.847679999999999989e-01 2.649000000000001354e-02 -3.311000000000008381e-03 -2.775557561562891351e-17 -3.311250000000001692e-03 -4.610303263622630432e+00
7.185430000000000428e-01 3.781459999999999821e-01 2.648999999999995802e-02 -6.622500000000003384e-03 -1.655500000000004190e-03 -1.655749999999997502e-03 -2.692987497253292339e+00
7.450329999999999453e-01 3.715229999999999921e-01 2.317900000000000515e-02 -6.622500000000003384e-03 -1.655499999999976435e-03 -6.622499999999989506e-03 -1.174017788645184801e+01
7.649010000000000531e-01 3.649009999999999754e-01 2.317900000000000515e-02 -1.986749999999998240e-02 -3.311500000000022759e-03 -9.933749999999991198e-03 -1.040509939154996388e+01
7.913909999999999556e-01 3.317880000000000273e-01 1.655599999999995964e-02 -2.648999999999998578e-02 -9.933999999999998387e-03 -1.387778780781445676e-17 -8.632780854042579222e+00
7.980129999999999724e-01 3.119210000000000038e-01 3.311000000000008381e-03 -1.986750000000001015e-02 -8.277999999999979819e-03 1.655499999999990313e-03 -1.945680742913515715e+01
7.980129999999999724e-01 2.920530000000000070e-01 0.000000000000000000e+00 -2.317900000000000515e-02 -4.966749999999992005e-03 1.655500000000004190e-03 -9.244488988649832706e+00
7.980129999999999724e-01 2.655629999999999935e-01 -6.622499999999975628e-03 -1.655650000000000177e-02 -6.622500000000003384e-03 8.278250000000000886e-03 -2.900627024081859773e+01
7.847680000000000211e-01 2.589400000000000035e-01 -1.324500000000000677e-02 -6.622500000000003384e-03 -3.311250000000015570e-03 6.622749999999996695e-03 -3.376573056884156188e+01
7.715229999999999588e-01 2.523179999999999867e-01 -1.324500000000000677e-02 -3.311000000000008381e-03 0.000000000000000000e+00 1.158925000000000927e-02 -6.032034047893417750e+01
7.582780000000000076e-01 2.523179999999999867e-01 -1.324500000000000677e-02 1.655600000000001515e-02 1.655750000000011379e-03 1.490050000000001096e-02 -2.358294839840514712e+01
7.450329999999999453e-01 2.854300000000000170e-01 -9.933499999999984009e-03 2.649000000000001354e-02 4.967000000000026949e-03 1.655999999999990813e-03 -6.537037547601798337e+00
7.384110000000000396e-01 3.052980000000000138e-01 -3.310999999999952870e-03 1.986799999999999677e-02 6.622249999999968439e-03 -1.387778780781445676e-17 -1.610096770613854744e+01
7.384110000000000396e-01 3.251660000000000106e-01 3.310999999999952870e-03 2.648999999999998578e-02 6.622249999999968439e-03 4.966499999999998693e-03 -8.355957111159368011e+00
7.450329999999999453e-01 3.582779999999999854e-01 9.933499999999984009e-03 2.980099999999999416e-02 4.967000000000054705e-03 1.387778780781445676e-17 -4.775275530470811880e+00
7.582780000000000076e-01 3.847679999999999989e-01 1.324500000000006228e-02 2.649000000000001354e-02 3.311500000000078270e-03 -3.310999999999980625e-03 -5.064834092905855734e+00
