3.211919999999999775e-01 3.251660000000000106e-01 -6.621999999999961251e-03 -6.622999999999990006e-03 3.310999999999980625e-03 6.622999999999990006e-03 -2.669334734276278454e+01
3.145700000000000163e-01 3.185430000000000206e-01 -3.310999999999980625e-03 0.000000000000000000e+00 3.310999999999980625e-03 6.622749999999996695e-03 -6.041155293471460936e+02
3.145700000000000163e-01 3.251660000000000106e-01 0.000000000000000000e+00 6.622500000000003384e-03 1.655499999999990313e-03 3.311250000000001692e-03 -3.774724423598500067e+01
3.145700000000000163e-01 3.317880000000000273e-01 0.000000000000000000e+00 6.622500000000003384e-03 0.000000000000000000e+00 -1.387778780781445676e-17 -0.000000000000000000e+00
3.145700000000000163e-01 3.384110000000000174e-01 0.000000000000000000e+00 6.622499999999975628e-03 1.655499999999990313e-03 0.000000000000000000e+00 -3.774724423598532042e+01
3.145700000000000163e-01 3.450329999999999786e-01 3.310999999999980625e-03 6.622500000000003384e-03 4.966749999999992005e-03 1.387778780781445676e-17 -8.103693751537535661e+01
3.211919999999999775e-01 3.516560000000000241e-01 9.933499999999984009e-03 6.622500000000003384e-03 3.311500000000008881e-03 -1.387778780781445676e-17 -1.288779099473226530e+01
3.344369999999999843e-01 3.582779999999999854e-01 9.933999999999998387e-03 6.622499999999975628e-03 -1.655499999999990313e-03 -1.655500000000004190e-03 -3.221367715750294458e+00
3.410599999999999743e-01 3.649009999999999754e-01 6.622500000000003384e-03 3.311499999999995003e-03 -2.499999999933111283e-07 -3.311249999999987814e-03 -5.401905066766177299e+01
3.476819999999999911e-01 3.649009999999999754e-01 9.933500000000011765e-03 0.000000000000000000e+00 1.655749999999997502e-03 -1.655749999999997502e-03 -1.677993103222850024e+01
3.609269999999999978e-01 3.649009999999999754e-01 9.933999999999998387e-03 0.000000000000000000e+00 -1.655500000000004190e-03 -1.655749999999997502e-03 -1.677824193330093649e+01
3.675499999999999878e-01 3.649009999999999754e-01 6.622500000000003384e-03 -3.311499999999995003e-03 -1.655749999999997502e-03 -4.966999999999999194e-03 -9.454098639452445241e+01
3.741720000000000046e-01 3.582779999999999854e-01 6.622500000000003384e-03 -9.933999999999998387e-03 -1.655500000000004190e-03 -4.966749999999992005e-03 -2.899133673316548254e+01
3.807949999999999946e-01 3.450329999999999786e-01 3.311499999999995003e-03 -1.324499999999997901e-02 -3.311250000000001692e-03 -1.655499999999990313e-03 -1.938837332819963777e+01
3.807949999999999946e-01 3.317880000000000273e-01 0.000000000000000000e+00 -1.324499999999997901e-02 -2.499999999933111283e-07 -1.387778780781445676e-17 -1.425069625301096437e-03
3.807949999999999946e-01 3.185430000000000206e-01 3.311000000000008381e-03 -1.324500000000000677e-02 1.655500000000004190e-03 -1.387778780781445676e-17 8.616633834189054042e+00
3.874170000000000114e-01 3.052980000000000138e-01 3.311000000000008381e-03 -1.324500000000000677e-02 -3.311000000000008381e-03 0.000000000000000000e+00 -1.723326766837814361e+01
3.874170000000000114e-01 2.920530000000000070e-01 -3.311000000000008381e-03 -1.324500000000000677e-02 -3.311000000000008381e-03 0.000000000000000000e+00 -1.723326766837814361e+01
3.807949999999999946e-01 2.788080000000000003e-01 -3.311000000000008381e-03 -1.324500000000000677e-02 -2.499999999933111283e-07 0.000000000000000000e+00 -1.301213203557612238e-03
3.807949999999999946e-01 2.655629999999999935e-01 -3.311499999999995003e-03 -1.324500000000000677e-02 -1.655749999999997502e-03 6.938893903907228378e-18 -8.617705407256103456e+00
3.741720000000000046e-01 2.523179999999999867e-01 -6.622500000000003384e-03 -1.324499999999999289e-02 -1.655500000000004190e-03 1.655500000000004190e-03 -1.012864848899405246e+01
3.675499999999999878e-01 2.390730000000000077e-01 -6.622500000000003384e-03 -9.933999999999998387e-03 0.000000000000000000e+00 -6.938893903907228378e-18 2.700216405584524336e-14
3.609269999999999978e-01 2.324499999999999900e-01 -6.622500000000003384e-03 -1.324500000000000677e-02 0.000000000000000000e+00 -1.655499999999997252e-03 3.376216162997996761e+00
3.543049999999999811e-01 2.125829999999999942e-01 -6.622500000000003384e-03 -1.324499999999999289e-02 0.000000000000000000e+00 3.311250000000001692e-03 -6.752942174404815034e+00
3.476819999999999911e-01 2.059600000000000042e-01 -6.622500000000003384e-03 -6.622500000000003384e-03 1.655749999999997502e-03 3.311249999999994753e-03 -1.334566618518496206e+01
3.410599999999999743e-01 1.993379999999999874e-01 -3.311000000000008381e-03 -6.622500000000003384e-03 1.655500000000004190e-03 6.938893903907228378e-18 2.701095284777846928e+01
3.410599999999999743e-01 1.927149999999999974e-01 -3.311499999999995003e-03 -6.622499999999989506e-03 -2.499999999933111283e-07 0.000000000000000000e+00 -4.078602500674576199e-03
3.344369999999999843e-01 1.860930000000000084e-01 -3.311499999999995003e-03 -6.622500000000003384e-03 1.655749999999997502e-03 -6.938893903907228378e-18 2.701258436269038299e+01
3.344369999999999843e-01 1.794699999999999906e-01 0.000000000000000000e+00 -6.622500000000003384e-03 4.966999999999999194e-03 -1.655499999999997252e-03 1.132531332649583646e+02
3.344369999999999843e-01 1.728480000000000016e-01 6.622500000000003384e-03 -9.933499999999997887e-03 4.966999999999999194e-03 -1.655749999999997502e-03 2.255144506872954580e+01
3.476819999999999911e-01 1.596029999999999949e-01 9.933999999999998387e-03 -9.933999999999998387e-03 0.000000000000000000e+00 3.311000000000001442e-03 1.186221731288726566e+01
3.543049999999999811e-01 1.529800000000000049e-01 6.622500000000003384e-03 -3.311499999999995003e-03 1.655500000000004190e-03 4.966999999999999194e-03 9.453894693930648430e+01
3.609269999999999978e-01 1.529800000000000049e-01 1.324500000000000677e-02 0.000000000000000000e+00 4.966999999999999194e-03 1.655749999999997502e-03 9.438236128621628751e+00
3.807949999999999946e-01 1.529800000000000049e-01 1.655650000000000177e-02 0.000000000000000000e+00 -1.655749999999997502e-03 1.655749999999997502e-03 6.040288703765698486e+00
3.940400000000000014e-01 1.529800000000000049e-01 9.933500000000011765e-03 3.311499999999995003e-03 -4.966999999999999194e-03 3.311250000000001692e-03 4.297812872799813277e+01
4.006620000000000181e-01 1.596029999999999949e-01 6.622500000000003384e-03 6.622500000000003384e-03 -1.655500000000004190e-03 1.655500000000004190e-03 2.669133237037003425e+01
4.072850000000000081e-01 1.662250000000000116e-01 6.622500000000003384e-03 6.622500000000003384e-03 0.000000000000000000e+00 -6.938893903907228378e-18 -5.593727679611049038e-14
4.139070000000000249e-01 1.728480000000000016e-01 6.622500000000003384e-03 6.622499999999989506e-03 -1.387778780781445676e-17 0.000000000000000000e+00 1.118745535922211070e-13
4.205300000000000149e-01 1.794699999999999906e-01 6.622499999999975628e-03 6.622500000000003384e-03 -1.655750000000011379e-03 6.938893903907228378e-18 1.334768153797669754e+01
4.271519999999999762e-01 1.860930000000000084e-01 3.310999999999980625e-03 6.622500000000003384e-03 -1.655499999999976435e-03 -1.655750000000004440e-03 1.350445675786979471e+01
4.271519999999999762e-01 1.927149999999999974e-01 3.311500000000022759e-03 3.310999999999994503e-03 2.500000000210667039e-07 -1.655500000000004190e-03 -5.339475548798508697e+01
4.337750000000000217e-01 1.927149999999999974e-01 3.311500000000022759e-03 3.311499999999995003e-03 -1.655750000000011379e-03 -1.655499999999997252e-03 8.060194027641087028e-03
4.337750000000000217e-01 1.993379999999999874e-01 0.000000000000000000e+00 0.000000000000000000e+00 -1.655750000000011379e-03 -4.966999999999992255e-03 0.000000000000000000e+00
4.337750000000000217e-01 1.927149999999999974e-01 0.000000000000000000e+00 -6.622499999999989506e-03 0.000000000000000000e+00 -3.311250000000001692e-03 0.000000000000000000e+00
4.337750000000000217e-01 1.860930000000000084e-01 0.000000000000000000e+00 -6.622500000000003384e-03 1.655499999999990313e-03 -6.938893903907228378e-18 3.774724423598500067e+01
4.337750000000000217e-01 1.794699999999999906e-01 3.310999999999980625e-03 -6.622500000000003384e-03 3.311249999999987814e-03 1.655750000000004440e-03 6.753248075750522617e+01
4.403969999999999829e-01 1.728480000000000016e-01 6.622499999999975628e-03 -3.310999999999994503e-03 3.311500000000008881e-03 0.000000000000000000e+00 2.701299217981714662e+01
4.470199999999999729e-01 1.728480000000000016e-01 9.933999999999998387e-03 -6.622500000000003384e-03 3.311250000000015570e-03 -3.311500000000001942e-03 -6.444681215926788553e+00
4.602649999999999797e-01 1.596029999999999949e-01 1.324500000000000677e-02 -9.933999999999998387e-03 -2.499999999933111283e-07 1.655500000000004190e-03 4.830968713393103187e+00
4.735099999999999865e-01 1.529800000000000049e-01 9.933500000000011765e-03 -3.311499999999995003e-03 1.655750000000011379e-03 4.966999999999999194e-03 4.775339621562009285e+01
4.801320000000000032e-01 1.529800000000000049e-01 1.655650000000002953e-02 0.000000000000000000e+00 4.967249999999992505e-03 3.311499999999995003e-03 1.208057740753135612e+01
5.066230000000000455e-01 1.529800000000000049e-01 1.986799999999999677e-02 3.311499999999995003e-03 -3.311500000000022759e-03 3.311250000000001692e-03 9.392639587912649191e+00
5.198679999999999968e-01 1.596029999999999949e-01 9.933499999999984009e-03 6.622500000000003384e-03 -4.967250000000006382e-03 1.655500000000004190e-03 2.899582708142208176e+01
5.264900000000000135e-01 1.662250000000000116e-01 9.933499999999984009e-03 6.622500000000003384e-03 2.500000000071889161e-07 1.655749999999997502e-03 9.664627031191651341e+00
5.397349999999999648e-01 1.728480000000000016e-01 9.933999999999998387e-03 9.933999999999998387e-03 -3.310999999999980625e-03 1.655499999999997252e-03 1.779332596933081234e+01
5.463580000000000103e-01 1.860930000000000084e-01 3.311500000000022759e-03 9.933499999999997887e-03 -4.966999999999999194e-03 1.655499999999997252e-03 4.775267509398196353e+01
5.463580000000000103e-01 1.927149999999999974e-01 0.000000000000000000e+00 1.324499999999999289e-02 -1.655750000000011379e-03 6.622750000000003634e-03 9.438236128621730003e+00
5.463580000000000103e-01 2.125829999999999942e-01 0.000000000000000000e+00 2.317900000000000515e-02 -1.655750000000011379e-03 1.655500000000004190e-03 3.081806542096358736e+00
5.463580000000000103e-01 2.390730000000000077e-01 -3.311500000000022759e-03 1.655600000000000127e-02 -3.311250000000015570e-03 -6.622750000000003634e-03 1.594668989266792813e+01
5.397349999999999648e-01 2.456949999999999967e-01 -6.622500000000031140e-03 9.933499999999997887e-03 -1.655499999999976435e-03 -1.655499999999997252e-03 1.610706312949543673e+01
5.331129999999999480e-01 2.589400000000000035e-01 -6.622499999999975628e-03 1.324500000000000677e-02 -1.655749999999983624e-03 1.655750000000004440e-03 3.376726011406738337e+00
5.264900000000000135e-01 2.721850000000000103e-01 -9.933999999999998387e-03 1.324500000000000677e-02 -2.775557561562891351e-17 -1.655500000000004190e-03 3.623728149361846729e+00
5.132449999999999513e-01 2.854300000000000170e-01 -6.622500000000031140e-03 9.933999999999998387e-03 3.311500000000022759e-03 -3.311250000000001692e-03 -6.444681215926886253e+00
5.132449999999999513e-01 2.920530000000000070e-01 -3.310999999999952870e-03 6.622500000000003384e-03 1.655750000000039135e-03 -1.655749999999997502e-03 -1.350853572991088747e+01
5.066230000000000455e-01 2.986750000000000238e-01 -3.310999999999952870e-03 6.622500000000003384e-03 3.310999999999952870e-03 -1.655500000000004190e-03 -4.051744893768665889e+01
5.066230000000000455e-01 3.052980000000000138e-01 3.310999999999952870e-03 3.311499999999995003e-03 6.622249999999968439e-03 -1.655500000000004190e-03 -2.669334746449073350e+02
5.132449999999999513e-01 3.052980000000000138e-01 9.933499999999984009e-03 3.311499999999995003e-03 4.967000000000026949e-03 0.000000000000000000e+00 -1.432724470614211931e+01
5.264900000000000135e-01 3.119210000000000038e-01 1.324500000000000677e-02 3.311499999999995003e-03 1.655750000000011379e-03 -2.499999999933111283e-07 -2.155890189940676382e+00
5.397349999999999648e-01 3.119210000000000038e-01 1.324500000000000677e-02 3.311000000000008381e-03 3.311250000000015570e-03 -2.499999999933111283e-07 -4.309618130298112249e+00
5.529800000000000271e-01 3.185430000000000206e-01 1.986750000000003791e-02 3.311000000000008381e-03 1.655749999999983624e-03 2.499999999933111283e-07 -6.703235120225312649e-01
5.794700000000000406e-01 3.185430000000000206e-01 1.655649999999997402e-02 3.311499999999995003e-03 -2.775557561562891351e-17 -1.655500000000004190e-03 -5.694283460868458491e+00
5.860929999999999751e-01 3.251660000000000106e-01 1.986749999999998240e-02 0.000000000000000000e+00 3.311000000000008381e-03 -3.311499999999995003e-03 -8.389543225441475016e+00
6.192050000000000054e-01 3.185430000000000206e-01 2.317849999999999078e-02 -3.311499999999995003e-03 -1.655500000000004190e-03 -3.311250000000001692e-03 -6.406513086315968941e+00
6.324499999999999567e-01 3.185430000000000206e-01 1.655649999999997402e-02 -6.622500000000003384e-03 -4.966749999999992005e-03 -4.966750000000005882e-03 -2.030379057787366293e+01
6.523179999999999534e-01 3.052980000000000138e-01 1.324500000000000677e-02 -1.324500000000000677e-02 -4.966999999999971438e-03 -4.966999999999999194e-03 -2.002051463056889702e+01
6.589399999999999702e-01 2.920530000000000070e-01 6.622500000000031140e-03 -1.655650000000000177e-02 -4.966749999999992005e-03 -1.655749999999997502e-03 -1.643663827042731285e+01
6.655630000000000157e-01 2.721850000000000103e-01 3.311500000000022759e-03 -1.655650000000000177e-02 -4.967000000000026949e-03 1.655749999999997502e-03 -1.594547272094187740e+01
6.655630000000000157e-01 2.589400000000000035e-01 -3.311500000000022759e-03 -1.324500000000000677e-02 -6.622750000000010573e-03 3.311500000000001942e-03 -3.877869847331446351e+01
6.589399999999999702e-01 2.456949999999999967e-01 -9.933999999999998387e-03 -9.933499999999997887e-03 -3.310999999999980625e-03 6.622500000000003384e-03 -3.559053314471023555e+01
6.456950000000000189e-01 2.390730000000000077e-01 -9.933499999999984009e-03 0.000000000000000000e+00 1.655749999999983624e-03 9.933499999999997887e-03 -1.006694518548349464e+02
6.390730000000000022e-01 2.456949999999999967e-01 -6.622500000000031140e-03 9.933499999999997887e-03 1.655500000000004190e-03 8.278250000000000886e-03 -4.188167216176561425e+01
6.324499999999999567e-01 2.589400000000000035e-01 -6.622499999999975628e-03 1.655650000000000177e-02 3.311250000000015570e-03 4.967000000000006132e-03 -1.547006919365822419e+01
6.258280000000000509e-01 2.788080000000000003e-01 0.000000000000000000e+00 1.986750000000001015e-02 8.277999999999979819e-03 0.000000000000000000e+00 -2.097195797076981805e+01
6.324499999999999567e-01 2.986750000000000238e-01 9.933499999999984009e-03 1.655650000000000177e-02 6.622500000000031140e-03 -3.310750000000015070e-03 -1.980225313315207814e+01
6.456950000000000189e-01 3.119210000000000038e-01 1.324500000000006228e-02 1.324599999999998001e-02 3.311500000000078270e-03 -3.310500000000021759e-03 -1.334465868946950806e+01
