3.807949999999999946e-01 1.596029999999999949e-01 0.000000000000000000e+00 6.622000000000016762e-03 0.000000000000000000e+00 4.999999999866222566e-07 0.000000000000000000e+00
3.807949999999999946e-01 1.662250000000000116e-01 0.000000000000000000e+00 6.622500000000003384e-03 -3.311250000000001692e-03 2.499999999863722344e-07 7.550018875047183542e+01
3.807949999999999946e-01 1.728480000000000016e-01 -6.622500000000003384e-03 6.622499999999989506e-03 -3.311250000000001692e-03 0.000000000000000000e+00 2.669334772316149085e+01
3.675499999999999878e-01 1.794699999999999906e-01 -6.622500000000003384e-03 6.622500000000003384e-03 1.655500000000004190e-03 6.938893903907228378e-18 -1.334566618518507397e+01
3.675499999999999878e-01 1.860930000000000084e-01 -3.311499999999995003e-03 6.622500000000003384e-03 0.000000000000000000e+00 1.655499999999997252e-03 -1.350527245373612217e+01
3.609269999999999978e-01 1.927149999999999974e-01 -6.622500000000003384e-03 9.933499999999997887e-03 2.499999999933111283e-07 1.655749999999997502e-03 -6.445354896428119318e+00
3.543049999999999811e-01 2.059600000000000042e-01 -3.311000000000008381e-03 9.933999999999998387e-03 3.311250000000001692e-03 2.500000000002500222e-07 -2.865045131404078305e+01
3.543049999999999811e-01 2.125829999999999942e-01 0.000000000000000000e+00 9.933999999999998387e-03 1.655500000000004190e-03 -2.500000000002500222e-07 -1.677570860370213879e+01
3.543049999999999811e-01 2.258280000000000010e-01 0.000000000000000000e+00 9.933499999999997887e-03 1.655500000000004190e-03 -2.500000000002500222e-07 -1.677739744759442431e+01
3.543049999999999811e-01 2.324499999999999900e-01 3.311000000000008381e-03 9.933499999999997887e-03 3.311250000000001692e-03 -1.655499999999997252e-03 -3.342694477540202058e+01
3.609269999999999978e-01 2.456949999999999967e-01 6.622500000000003384e-03 6.622500000000003384e-03 1.655749999999997502e-03 -4.966749999999998944e-03 -5.338669544632286801e+01
3.675499999999999878e-01 2.456949999999999967e-01 6.622500000000003384e-03 0.000000000000000000e+00 0.000000000000000000e+00 -6.622500000000003384e-03 -1.510003775009436708e+02
3.741720000000000046e-01 2.456949999999999967e-01 6.622500000000003384e-03 -6.622500000000003384e-03 0.000000000000000000e+00 -4.966749999999998944e-03 -4.003901390834642626e+01
3.807949999999999946e-01 2.324499999999999900e-01 6.622500000000003384e-03 -9.933499999999997887e-03 -1.655749999999997502e-03 -1.655499999999997252e-03 -1.610852252855770672e+01
3.874170000000000114e-01 2.258280000000000010e-01 3.311000000000008381e-03 -9.933499999999997887e-03 -3.311250000000001692e-03 -1.655750000000004440e-03 -3.342766582082291649e+01
3.874170000000000114e-01 2.125829999999999942e-01 0.000000000000000000e+00 -1.324500000000000677e-02 -1.655500000000004190e-03 -3.311500000000001942e-03 -9.436811058996328327e+00
3.874170000000000114e-01 1.993379999999999874e-01 0.000000000000000000e+00 -1.655650000000000177e-02 -3.311250000000001692e-03 -4.966999999999992255e-03 -1.207966539051439447e+01
3.874170000000000114e-01 1.794699999999999906e-01 -6.622500000000003384e-03 -2.317899999999999128e-02 -4.966750000000005882e-03 -1.655499999999997252e-03 -7.435349475459783086e+00
3.741720000000000046e-01 1.529800000000000049e-01 -9.933500000000011765e-03 -1.986749999999999627e-02 0.000000000000000000e+00 4.966999999999992255e-03 -4.502029426539601253e+00
3.675499999999999878e-01 1.397349999999999981e-01 -6.622500000000003384e-03 -1.324500000000000677e-02 -2.499999999933111283e-07 4.966999999999999194e-03 -1.013068788262913245e+01
3.609269999999999978e-01 1.264899999999999913e-01 -9.933999999999998387e-03 -9.933499999999997887e-03 -1.655500000000004190e-03 1.655750000000004440e-03 -1.186371011045398660e+01
3.476819999999999911e-01 1.198680000000000023e-01 -9.933500000000011765e-03 -9.933499999999997887e-03 1.655749999999997502e-03 -1.656000000000001221e-03 1.186609877816916025e+01
3.410599999999999743e-01 1.066229999999999956e-01 -6.622500000000003384e-03 -1.324550000000000033e-02 1.655500000000018068e-03 -1.656000000000001221e-03 1.012900536940955831e+01
3.344369999999999843e-01 9.337700000000000167e-02 -6.622499999999975628e-03 -1.324550000000000033e-02 1.655750000000011379e-03 1.656000000000001221e-03 3.376165214723660934e+00
3.278150000000000230e-01 8.013199999999999490e-02 -3.310999999999980625e-03 -9.933499999999997887e-03 8.277999999999979819e-03 2.500000000019847457e-07 7.162865232786276692e+01
3.278150000000000230e-01 7.351000000000000589e-02 9.933499999999984009e-03 -1.324499999999999636e-02 9.933499999999984009e-03 -1.655750000000002706e-03 2.536784087032329538e+01
3.476819999999999911e-01 5.364200000000000218e-02 1.655599999999998739e-02 -1.324500000000000330e-02 1.655750000000011379e-03 4.966999999999997459e-03 1.092894396585121086e+01
3.609269999999999978e-01 4.701999999999999930e-02 1.324500000000000677e-02 -3.311000000000001442e-03 -1.655499999999990313e-03 6.622500000000001649e-03 3.231514194398637585e+01
3.741720000000000046e-01 4.701999999999999930e-02 1.324500000000000677e-02 0.000000000000000000e+00 -1.655500000000004190e-03 3.311000000000001442e-03 1.887362211799261758e+01
3.874170000000000114e-01 4.701999999999999930e-02 9.933999999999998387e-03 3.311000000000001442e-03 -1.655500000000004190e-03 3.311249999999999957e-03 3.342384428607368108e+01
3.940400000000000014e-01 5.364200000000000218e-02 9.933999999999998387e-03 6.622499999999999915e-03 1.655500000000004190e-03 4.966999999999997459e-03 2.255151986812859022e+01
4.072850000000000081e-01 6.026499999999999913e-02 1.324500000000000677e-02 1.324499999999999636e-02 -1.655749999999997502e-03 3.311249999999999957e-03 1.001025731528448404e+01
4.205300000000000149e-01 8.013199999999999490e-02 6.622500000000003384e-03 1.324499999999999983e-02 -4.967000000000013071e-03 -1.655499999999995517e-03 1.688312020862524321e+01
4.205300000000000149e-01 8.675499999999999878e-02 3.310999999999980625e-03 9.934000000000005326e-03 -1.655750000000011379e-03 -1.655500000000000721e-03 9.551832793859194481e+00
4.271519999999999762e-01 1.000000000000000056e-01 3.310999999999980625e-03 9.933999999999998387e-03 -1.655499999999990313e-03 -1.655750000000004440e-03 9.548948786372939423e+00
4.271519999999999762e-01 1.066229999999999956e-01 0.000000000000000000e+00 6.622499999999996445e-03 2.500000000210667039e-07 -3.311499999999998473e-03 -5.700278501837231088e-03
4.271519999999999762e-01 1.132449999999999984e-01 3.311500000000022759e-03 3.311000000000001442e-03 1.655750000000011379e-03 -4.966749999999998944e-03 -2.135548407618356919e+02
4.337750000000000217e-01 1.132449999999999984e-01 3.311500000000022759e-03 -3.311000000000001442e-03 -2.500000000210667039e-07 -4.966749999999998944e-03 -1.601762068787701310e+02
4.337750000000000217e-01 1.066229999999999956e-01 3.310999999999980625e-03 -6.622499999999996445e-03 -2.500000000210667039e-07 -1.655999999999997752e-03 -1.351261439398691167e+01
4.403969999999999829e-01 1.000000000000000056e-01 3.310999999999980625e-03 -6.622999999999996945e-03 2.500000000071889161e-07 -3.469446951953614189e-18 4.078540897083888367e-03
4.403969999999999829e-01 9.337700000000000167e-02 3.311499999999995003e-03 -6.622500000000003384e-03 3.311500000000008881e-03 1.655999999999997752e-03 6.753452008955304109e+01
4.470199999999999729e-01 8.675499999999999878e-02 9.933999999999998387e-03 -3.311000000000001442e-03 3.311000000000008381e-03 1.655500000000000721e-03 2.387201149221464647e+01
4.602649999999999797e-01 8.675499999999999878e-02 9.933500000000011765e-03 -3.311500000000001942e-03 3.311000000000008381e-03 1.655500000000000721e-03 2.387489541259617098e+01
4.668869999999999965e-01 8.013199999999999490e-02 1.655600000000001515e-02 0.000000000000000000e+00 3.311499999999995003e-03 4.967000000000002663e-03 1.812104857529665125e+01
4.933770000000000100e-01 8.675499999999999878e-02 1.655650000000000177e-02 6.622500000000003384e-03 -4.966499999999998693e-03 3.311250000000001692e-03 1.546948520810887651e+01
5.000000000000000000e-01 9.337700000000000167e-02 6.623000000000017762e-03 6.622500000000003384e-03 -4.967000000000013071e-03 4.966999999999995724e-03 8.007601248293414642e+01
5.066230000000000455e-01 1.000000000000000056e-01 6.622499999999975628e-03 1.655649999999999483e-02 -3.311500000000008881e-03 6.622499999999996445e-03 1.740437534034069600e+01
5.132449999999999513e-01 1.264899999999999913e-01 0.000000000000000000e+00 1.986749999999999627e-02 -6.622499999999975628e-03 -3.311249999999998223e-03 1.677781972232702756e+01
5.066230000000000455e-01 1.397349999999999981e-01 -6.622499999999975628e-03 9.933999999999998387e-03 -3.311500000000008881e-03 -4.966749999999998944e-03 3.865787212931196848e+01
5.000000000000000000e-01 1.463579999999999881e-01 -6.623000000000017762e-03 9.933999999999998387e-03 -3.311250000000015570e-03 1.655500000000004190e-03 1.288505939611417261e+01
4.933770000000000100e-01 1.596029999999999949e-01 -1.324500000000000677e-02 1.324500000000000677e-02 -3.310999999999994503e-03 -2.500000000002500222e-07 6.673336930790351396e+00
4.735099999999999865e-01 1.728480000000000016e-01 -1.324500000000000677e-02 9.933499999999997887e-03 3.311250000000001692e-03 -4.967000000000006132e-03 7.248762365263398344e+00
4.668869999999999965e-01 1.794699999999999906e-01 -6.622500000000003384e-03 3.310999999999994503e-03 4.966999999999999194e-03 -3.310999999999994503e-03 1.350445675787009669e+01
4.602649999999999797e-01 1.794699999999999906e-01 -3.311000000000008381e-03 3.311500000000008881e-03 6.622500000000003384e-03 2.500000000071889161e-07 -2.135709635840297835e+02
4.602649999999999797e-01 1.860930000000000084e-01 6.622500000000003384e-03 3.311500000000008881e-03 6.622250000000010073e-03 -1.655750000000004440e-03 -8.103571363285314533e+01
4.735099999999999865e-01 1.860930000000000084e-01 9.933500000000011765e-03 0.000000000000000000e+00 3.311250000000001692e-03 -1.655750000000004440e-03 -1.677993103222857485e+01
4.801320000000000032e-01 1.860930000000000084e-01 1.324500000000000677e-02 0.000000000000000000e+00 1.324525000000000008e-02 1.655499999999997252e-03 9.436811058996289248e+00
5.000000000000000000e-01 1.860930000000000084e-01 3.642400000000001192e-02 3.310999999999994503e-03 1.324500000000000677e-02 1.655499999999997252e-03 3.361472927199059546e-01
5.529800000000000271e-01 1.927149999999999974e-01 3.973500000000002030e-02 3.310999999999994503e-03 -1.655750000000011379e-03 2.500000000002500222e-07 8.663890146648695056e-02
5.794700000000000406e-01 1.927149999999999974e-01 3.311249999999998916e-02 3.311499999999995003e-03 -4.966750000000019760e-03 2.500000000002500222e-07 4.465361675902300709e-01
6.192050000000000054e-01 1.993379999999999874e-01 2.980149999999998078e-02 3.311499999999995003e-03 -4.966749999999992005e-03 -3.311499999999995003e-03 -3.050533954395769243e+00
6.390730000000000022e-01 1.993379999999999874e-01 2.317900000000000515e-02 -3.311499999999995003e-03 -6.622749999999982817e-03 -4.966999999999992255e-03 -1.067746806848355234e+01
6.655630000000000157e-01 1.927149999999999974e-01 1.655600000000001515e-02 -6.622499999999989506e-03 -8.278250000000014763e-03 -1.655500000000004190e-03 -1.450375689058655304e+01
6.721850000000000325e-01 1.860930000000000084e-01 6.622499999999975628e-03 -6.622500000000003384e-03 -6.622250000000023951e-03 -6.938893903907228378e-18 -5.338468009353200472e+01
6.788079999999999670e-01 1.794699999999999906e-01 3.311499999999967248e-03 -6.622500000000003384e-03 -4.966999999999971438e-03 1.655750000000004440e-03 -6.752636257661609420e+01
6.788079999999999670e-01 1.728480000000000016e-01 -3.311499999999967248e-03 -3.310999999999994503e-03 -6.622749999999982817e-03 3.311250000000001692e-03 -3.203201693304320656e+02
6.721850000000000325e-01 1.728480000000000016e-01 -9.933999999999998387e-03 0.000000000000000000e+00 -3.311000000000036136e-03 1.655499999999997252e-03 -1.677570860370207129e+01
6.589399999999999702e-01 1.728480000000000016e-01 -9.933500000000039520e-03 0.000000000000000000e+00 3.311499999999995003e-03 4.966749999999998944e-03 -5.033472592741691187e+01
6.523179999999999534e-01 1.728480000000000016e-01 -3.311000000000008381e-03 9.933499999999997887e-03 4.966750000000019760e-03 8.278000000000000635e-03 -6.685244735107612257e+01
6.523179999999999534e-01 1.927149999999999974e-01 0.000000000000000000e+00 1.655600000000000127e-02 3.311000000000008381e-03 2.500000000002500222e-07 -1.207948295405826933e+01
6.523179999999999534e-01 2.059600000000000042e-01 3.311000000000008381e-03 9.933999999999998387e-03 3.311000000000008381e-03 -4.966500000000005632e-03 -4.296990906496069584e+01
6.589399999999999702e-01 2.125829999999999942e-01 6.622000000000016762e-03 6.622999999999990006e-03 3.311000000000008381e-03 -3.311000000000008381e-03 -5.338266428429599131e+01
