4.735099999999999865e-01 1.927149999999999974e-01 0.000000000000000000e+00 -6.621999999999989006e-03 0.000000000000000000e+00 -5.000000000143778323e-07 0.000000000000000000e+00
4.735099999999999865e-01 1.860930000000000084e-01 0.000000000000000000e+00 -6.622500000000003384e-03 -1.655749999999997502e-03 1.655249999999990063e-03 -3.775294451448651500e+01
4.735099999999999865e-01 1.794699999999999906e-01 -3.311499999999995003e-03 -3.311500000000008881e-03 -3.311250000000001692e-03 3.311250000000001692e-03 -2.135145397920887831e+02
4.668869999999999965e-01 1.794699999999999906e-01 -6.622500000000003384e-03 0.000000000000000000e+00 -1.655500000000004190e-03 1.655750000000004440e-03 -3.775294451448667132e+01
4.602649999999999797e-01 1.794699999999999906e-01 -6.622500000000003384e-03 0.000000000000000000e+00 -1.655749999999997502e-03 0.000000000000000000e+00 0.000000000000000000e+00
4.536419999999999897e-01 1.794699999999999906e-01 -9.933999999999998387e-03 0.000000000000000000e+00 -1.655499999999990313e-03 0.000000000000000000e+00 0.000000000000000000e+00
4.403969999999999829e-01 1.794699999999999906e-01 -9.933499999999984009e-03 0.000000000000000000e+00 2.500000000071889161e-07 4.966999999999999194e-03 -5.033725951205166638e+01
4.337750000000000217e-01 1.794699999999999906e-01 -9.933499999999984009e-03 9.933999999999998387e-03 -2.500000000071889161e-07 9.933750000000005076e-03 -3.558933881649145547e+01
4.205300000000000149e-01 1.993379999999999874e-01 -9.933999999999998387e-03 1.986750000000001015e-02 3.310999999999994503e-03 3.311000000000001442e-03 -9.003182678271686612e+00
4.139070000000000249e-01 2.192050000000000110e-01 -3.311499999999995003e-03 1.655600000000000127e-02 4.966999999999999194e-03 -1.655500000000011129e-03 -1.594651788652163837e+01
4.139070000000000249e-01 2.324499999999999900e-01 0.000000000000000000e+00 1.655649999999998789e-02 4.966999999999985316e-03 1.655750000000004440e-03 -1.811995409428007164e+01
4.139070000000000249e-01 2.523179999999999867e-01 6.622499999999975628e-03 1.986750000000001015e-02 6.622499999999989506e-03 -2.499999999863722344e-07 -1.432533387208038000e+01
4.271519999999999762e-01 2.721850000000000103e-01 1.324499999999997901e-02 1.655600000000001515e-02 3.311250000000015570e-03 -4.966750000000005882e-03 -1.265400443255399843e+01
4.403969999999999829e-01 2.854300000000000170e-01 1.324500000000000677e-02 9.933999999999998387e-03 -1.655499999999990313e-03 -6.622250000000010073e-03 -1.570306522256403881e+01
4.536419999999999897e-01 2.920530000000000070e-01 9.933999999999998387e-03 3.311499999999995003e-03 -1.655500000000004190e-03 -6.622749999999996695e-03 -5.252440961854632206e+01
4.602649999999999797e-01 2.920530000000000070e-01 9.933999999999998387e-03 -3.311499999999995003e-03 -1.655749999999997502e-03 -9.933999999999998387e-03 -9.072280042303270875e+01
4.735099999999999865e-01 2.854300000000000170e-01 6.622500000000003384e-03 -1.655650000000000177e-02 -4.966999999999999194e-03 -9.933500000000004826e-03 -2.610554102477696858e+01
4.735099999999999865e-01 2.589400000000000035e-01 0.000000000000000000e+00 -2.317850000000000465e-02 -6.622500000000003384e-03 -1.655499999999997252e-03 -1.232682733515460782e+01
4.735099999999999865e-01 2.390730000000000077e-01 -6.622500000000003384e-03 -1.986749999999999627e-02 -6.622500000000003384e-03 3.311000000000001442e-03 -1.671249895705432209e+01
4.602649999999999797e-01 2.192050000000000110e-01 -1.324500000000000677e-02 -1.655650000000000177e-02 -1.655749999999997502e-03 1.655749999999997502e-03 -5.176893046443488799e+00
4.470199999999999729e-01 2.059600000000000042e-01 -9.933999999999998387e-03 -1.655600000000000127e-02 3.311250000000015570e-03 -1.655499999999997252e-03 9.901447899670188235e+00
4.403969999999999829e-01 1.860930000000000084e-01 -6.622499999999975628e-03 -1.986749999999999627e-02 1.655749999999997502e-03 -1.655750000000004440e-03 4.775411721749496685e+00
4.337750000000000217e-01 1.662250000000000116e-01 -6.622500000000003384e-03 -1.986750000000001015e-02 -1.387778780781445676e-17 1.655749999999997502e-03 -1.193852930437400817e+00
4.271519999999999762e-01 1.463579999999999881e-01 -6.622500000000003384e-03 -1.655600000000000127e-02 1.655750000000011379e-03 3.311250000000008631e-03 9.672286034465181759e-01
4.205300000000000149e-01 1.331130000000000091e-01 -3.310999999999980625e-03 -1.324499999999999289e-02 4.966749999999992005e-03 3.310999999999997973e-03 2.154321107741671426e+01
4.205300000000000149e-01 1.198680000000000023e-01 3.310999999999980625e-03 -9.934000000000005326e-03 8.277999999999979819e-03 4.966749999999995474e-03 8.594630709232883703e+01
4.271519999999999762e-01 1.132449999999999984e-01 1.324499999999997901e-02 -3.311500000000001942e-03 6.622750000000010573e-03 4.967000000000002663e-03 3.446984576968655745e+01
4.470199999999999729e-01 1.132449999999999984e-01 1.655650000000000177e-02 0.000000000000000000e+00 1.655500000000018068e-03 4.966999999999999194e-03 1.811995409428009296e+01
4.602649999999999797e-01 1.132449999999999984e-01 1.655600000000001515e-02 6.622499999999996445e-03 -1.655749999999997502e-03 4.967000000000002663e-03 1.643821409747953410e+01
4.801320000000000032e-01 1.264899999999999913e-01 1.324500000000000677e-02 9.934000000000005326e-03 -4.966750000000005882e-03 3.469446951953614189e-18 1.087173167371944338e+01
4.867549999999999932e-01 1.331130000000000091e-01 6.622500000000003384e-03 6.622500000000003384e-03 -3.311250000000001692e-03 -3.311500000000005411e-03 -2.015352791507202430e-03
4.933770000000000100e-01 1.397349999999999981e-01 6.622500000000003384e-03 3.310999999999994503e-03 2.500000000071889161e-07 -4.966749999999998944e-03 -8.103897684741379237e+01
5.000000000000000000e-01 1.397349999999999981e-01 6.623000000000017762e-03 -3.310999999999994503e-03 1.655749999999997502e-03 -4.966749999999998944e-03 -6.752432309064721494e+01
5.066230000000000455e-01 1.331130000000000091e-01 9.933999999999998387e-03 -6.622500000000003384e-03 1.655249999999983124e-03 -1.655750000000004440e-03 -3.223799891195273215e+00
5.198679999999999968e-01 1.264899999999999913e-01 9.933499999999984009e-03 -6.622500000000003384e-03 -2.500000000071889161e-07 1.655750000000004440e-03 9.664627031191692197e+00
5.264900000000000135e-01 1.198680000000000023e-01 9.933499999999984009e-03 -3.310999999999994503e-03 1.655750000000011379e-03 1.655500000000000721e-03 1.910049319907687604e+01
5.397349999999999648e-01 1.198680000000000023e-01 1.324500000000000677e-02 -3.311500000000001942e-03 1.655750000000011379e-03 -2.500000000037194692e-07 2.153287832879769326e+00
5.529800000000000271e-01 1.132449999999999984e-01 1.324500000000000677e-02 -3.311500000000001942e-03 -1.655500000000004190e-03 3.311500000000001942e-03 1.508114712229439647e+01
5.662249999999999783e-01 1.132449999999999984e-01 9.933999999999998387e-03 3.311500000000001942e-03 -3.311249999999987814e-03 4.966999999999999194e-03 5.252368859490070463e+01
5.728480000000000238e-01 1.198680000000000023e-01 6.622500000000031140e-03 6.622499999999996445e-03 -1.655750000000011379e-03 8.277999999999997166e-03 8.008004316948429846e+01
5.794700000000000406e-01 1.264899999999999913e-01 6.622499999999975628e-03 1.986749999999999627e-02 -1.655500000000031946e-03 1.158950000000000605e-02 1.193744775257210655e+01
5.860929999999999751e-01 1.596029999999999949e-01 3.311499999999967248e-03 2.980150000000000854e-02 -6.622499999999975628e-03 0.000000000000000000e+00 7.320679644540390996e+00
5.860929999999999751e-01 1.860930000000000084e-01 -6.622499999999975628e-03 1.986749999999999627e-02 -6.622749999999982817e-03 -6.622750000000003634e-03 1.910092585246349373e+01
5.728480000000000238e-01 1.993379999999999874e-01 -9.933999999999998387e-03 1.655600000000000127e-02 -1.655750000000011379e-03 -1.655749999999997502e-03 6.093800311836580441e+00
5.662249999999999783e-01 2.192050000000000110e-01 -9.933999999999998387e-03 1.655600000000000127e-02 -1.655500000000004190e-03 1.655749999999997502e-03 1.522760005449130594e+00
5.529800000000000271e-01 2.324499999999999900e-01 -1.324500000000000677e-02 1.986749999999999627e-02 1.655749999999983624e-03 2.500000000002500222e-07 -2.416577733923215288e+00
5.397349999999999648e-01 2.589400000000000035e-01 -6.622500000000031140e-03 1.655650000000000177e-02 8.278250000000014763e-03 -6.622499999999996445e-03 -1.643736826338671975e+01
5.397349999999999648e-01 2.655629999999999935e-01 3.311500000000022759e-03 6.622500000000003384e-03 8.278250000000014763e-03 -4.966999999999999194e-03 -1.755746608800944273e+02
5.463580000000000103e-01 2.721850000000000103e-01 9.933999999999998387e-03 6.622500000000003384e-03 1.158924999999999539e-02 0.000000000000000000e+00 -4.509866184983655302e+01
5.596029999999999616e-01 2.788080000000000003e-01 2.649000000000001354e-02 6.622500000000003384e-03 1.158925000000002314e-02 0.000000000000000000e+00 -3.769971051826134900e+00
5.993380000000000374e-01 2.854300000000000170e-01 3.311250000000004468e-02 6.622500000000003384e-03 -2.775557561562891351e-17 -1.655500000000004190e-03 -1.423623779168941894e+00
6.258280000000000509e-01 2.920530000000000070e-01 2.648999999999995802e-02 3.311499999999995003e-03 -2.775557561562891351e-17 -3.311250000000001692e-03 -4.610271133386920184e+00
6.523179999999999534e-01 2.920530000000000070e-01 3.311249999999998916e-02 0.000000000000000000e+00 2.775557561562891351e-17 -3.311499999999995003e-03 -3.020235561158926885e+00
6.920530000000000292e-01 2.920530000000000070e-01 2.649000000000001354e-02 -3.311499999999995003e-03 -1.158924999999999539e-02 -3.311250000000001692e-03 -6.627395281228966262e+00
7.052979999999999805e-01 2.854300000000000170e-01 9.933999999999998387e-03 -6.622500000000003384e-03 -1.158924999999999539e-02 -6.622250000000010073e-03 -8.375458819472197547e+01
7.119210000000000260e-01 2.788080000000000003e-01 3.311500000000022759e-03 -1.655600000000001515e-02 -6.622750000000010573e-03 -4.966999999999999194e-03 -2.619842821268940369e+01
7.119210000000000260e-01 2.523179999999999867e-01 -3.311500000000022759e-03 -1.655650000000000177e-02 -4.967250000000006382e-03 3.311000000000008381e-03 -1.936328105073302908e+01
7.052979999999999805e-01 2.456949999999999967e-01 -6.622999999999990006e-03 -9.933999999999998387e-03 -3.311249999999987814e-03 4.966999999999999194e-03 -3.865615090258761199e+01
6.986750000000000460e-01 2.324499999999999900e-01 -9.933999999999998387e-03 -6.622500000000003384e-03 -1.655250000000024757e-03 4.966999999999999194e-03 -3.543504509360457888e+01
6.854299999999999837e-01 2.324499999999999900e-01 -9.933500000000039520e-03 0.000000000000000000e+00 3.311499999999995003e-03 8.278250000000000886e-03 -8.389458799187379157e+01
6.788079999999999670e-01 2.324499999999999900e-01 -3.311000000000008381e-03 9.933999999999998387e-03 4.966750000000019760e-03 6.622500000000003384e-03 -6.207141159262858565e+01
6.788079999999999670e-01 2.523179999999999867e-01 0.000000000000000000e+00 1.324500000000000677e-02 3.311000000000008381e-03 -2.499999999933111283e-07 -1.887362211799265665e+01
6.788079999999999670e-01 2.589400000000000035e-01 3.311000000000008381e-03 9.933500000000011765e-03 3.311000000000008381e-03 0.000000000000000000e+00 -2.865001875319426716e+01
6.854299999999999837e-01 2.721850000000000103e-01 6.622000000000016762e-03 1.324500000000000677e-02 3.311000000000008381e-03 3.311499999999995003e-03 -6.752228378935061670e+00
