4.072850000000000081e-01 2.125829999999999942e-01 -6.622999999999990006e-03 0.000000000000000000e+00 4.999999999866222566e-07 0.000000000000000000e+00 -0.000000000000000000e+00
4.006620000000000181e-01 2.125829999999999942e-01 -6.622500000000003384e-03 0.000000000000000000e+00 2.499999999933111283e-07 0.000000000000000000e+00 -0.000000000000000000e+00
3.940400000000000014e-01 2.125829999999999942e-01 -6.622500000000003384e-03 0.000000000000000000e+00 0.000000000000000000e+00 0.000000000000000000e+00 -0.000000000000000000e+00
3.874170000000000114e-01 2.125829999999999942e-01 -6.622500000000003384e-03 0.000000000000000000e+00 -1.655500000000004190e-03 0.000000000000000000e+00 0.000000000000000000e+00
3.807949999999999946e-01 2.125829999999999942e-01 -9.933500000000011765e-03 0.000000000000000000e+00 -1.655749999999997502e-03 0.000000000000000000e+00 0.000000000000000000e+00
3.675499999999999878e-01 2.125829999999999942e-01 -9.933999999999998387e-03 0.000000000000000000e+00 1.655500000000004190e-03 0.000000000000000000e+00 -0.000000000000000000e+00
3.609269999999999978e-01 2.125829999999999942e-01 -6.622500000000003384e-03 0.000000000000000000e+00 1.655749999999997502e-03 1.655500000000004190e-03 -3.774724423598531331e+01
3.543049999999999811e-01 2.125829999999999942e-01 -6.622500000000003384e-03 3.311000000000008381e-03 1.655500000000004190e-03 3.311250000000001692e-03 -6.753044142546690409e+01
3.476819999999999911e-01 2.192050000000000110e-01 -3.311499999999995003e-03 6.622500000000003384e-03 1.655749999999997502e-03 1.655749999999990563e-03 -4.051989627164440577e+01
3.476819999999999911e-01 2.258280000000000010e-01 -3.311000000000008381e-03 6.622499999999989506e-03 2.499999999933111283e-07 0.000000000000000000e+00 -4.078972039724531977e-03
3.410599999999999743e-01 2.324499999999999900e-01 -3.311000000000008381e-03 6.622500000000003384e-03 3.311000000000008381e-03 6.938893903907228378e-18 -5.402190569555711619e+01
3.410599999999999743e-01 2.390730000000000077e-01 3.311000000000008381e-03 6.622500000000003384e-03 4.966750000000005882e-03 -6.938893903907228378e-18 -8.103693751537535661e+01
3.476819999999999911e-01 2.456949999999999967e-01 6.622500000000003384e-03 6.622499999999989506e-03 4.966999999999999194e-03 -1.655500000000004190e-03 -5.338669544632301012e+01
3.543049999999999811e-01 2.523179999999999867e-01 1.324500000000000677e-02 3.311499999999995003e-03 3.311250000000001692e-03 -3.311249999999994753e-03 -2.154296233960977247e+01
3.741720000000000046e-01 2.523179999999999867e-01 1.324500000000000677e-02 0.000000000000000000e+00 -1.655500000000004190e-03 -1.655749999999997502e-03 -9.438236128621628751e+00
3.807949999999999946e-01 2.523179999999999867e-01 9.933999999999998387e-03 0.000000000000000000e+00 0.000000000000000000e+00 -1.655749999999997502e-03 -1.677824193330093649e+01
3.940400000000000014e-01 2.523179999999999867e-01 1.324500000000000677e-02 -3.311499999999995003e-03 -2.499999999933111283e-07 -4.966999999999999194e-03 -2.585214036243026925e+01
4.072850000000000081e-01 2.456949999999999967e-01 9.933500000000011765e-03 -9.933999999999998387e-03 -3.311250000000001692e-03 -3.311000000000001442e-03 -2.372652448601482789e+01
4.139070000000000249e-01 2.324499999999999900e-01 6.622500000000003384e-03 -9.933499999999997887e-03 -3.311000000000008381e-03 2.500000000002500222e-07 -1.932730822145339644e+01
4.205300000000000149e-01 2.258280000000000010e-01 3.311499999999995003e-03 -9.933499999999997887e-03 -3.311250000000001692e-03 -4.966999999999999194e-03 -4.297812872799826067e+01
4.205300000000000149e-01 2.125829999999999942e-01 0.000000000000000000e+00 -1.986749999999999627e-02 -3.311499999999995003e-03 -4.966999999999999194e-03 -8.389543225441460805e+00
4.205300000000000149e-01 1.860930000000000084e-01 -3.311499999999995003e-03 -1.986749999999999627e-02 -1.655749999999997502e-03 4.966749999999998944e-03 -6.038713736446714719e+00
4.139070000000000249e-01 1.728480000000000016e-01 -3.311499999999995003e-03 -9.933999999999998387e-03 2.499999999933111283e-07 4.966749999999998944e-03 -1.432241380469872283e+01
4.139070000000000249e-01 1.662250000000000116e-01 -3.311000000000008381e-03 -9.933999999999998387e-03 -1.655500000000004190e-03 2.499999999933111283e-07 -1.432450460071310694e+01
4.072850000000000081e-01 1.529800000000000049e-01 -6.622500000000003384e-03 -9.933500000000011765e-03 -1.655749999999997502e-03 2.500000000002500222e-07 -9.666572945580101717e+00
4.006620000000000181e-01 1.463579999999999881e-01 -6.622500000000003384e-03 -9.933499999999997887e-03 1.655749999999997502e-03 -2.499999999933111283e-07 9.666572945580089282e+00
3.940400000000000014e-01 1.331130000000000091e-01 -3.311000000000008381e-03 -9.933999999999998387e-03 3.311250000000001692e-03 1.655499999999997252e-03 2.387561644713641584e+01
3.940400000000000014e-01 1.264899999999999913e-01 0.000000000000000000e+00 -6.622500000000003384e-03 1.655500000000004190e-03 1.655750000000000971e-03 3.774724423598531331e+01
3.940400000000000014e-01 1.198680000000000023e-01 0.000000000000000000e+00 -6.622499999999996445e-03 1.655500000000004190e-03 0.000000000000000000e+00 3.774724423598539857e+01
3.940400000000000014e-01 1.132449999999999984e-01 3.311000000000008381e-03 -6.622500000000003384e-03 4.966750000000005882e-03 1.655749999999997502e-03 9.454343360528372386e+01
4.006620000000000181e-01 1.066229999999999956e-01 9.933500000000011765e-03 -3.311000000000001442e-03 4.966999999999985316e-03 3.311250000000001692e-03 4.297791242036115023e+01
4.139070000000000249e-01 1.066229999999999956e-01 1.324499999999997901e-02 0.000000000000000000e+00 2.499999999933111283e-07 1.655500000000000721e-03 9.436811058996351420e+00
4.271519999999999762e-01 1.066229999999999956e-01 9.933999999999998387e-03 0.000000000000000000e+00 -3.311249999999987814e-03 1.655500000000000721e-03 1.677570860370210326e+01
4.337750000000000217e-01 1.066229999999999956e-01 6.622500000000003384e-03 3.311000000000001442e-03 -2.500000000071889161e-07 4.966749999999998944e-03 8.103897684741367868e+01
4.403969999999999829e-01 1.132449999999999984e-01 9.933499999999984009e-03 9.933499999999997887e-03 0.000000000000000000e+00 3.311500000000001942e-03 1.186520302073142474e+01
4.536419999999999897e-01 1.264899999999999913e-01 6.622500000000003384e-03 9.934000000000005326e-03 -3.310999999999994503e-03 -1.655499999999997252e-03 1.288498447198222507e+01
4.536419999999999897e-01 1.331130000000000091e-01 3.311499999999995003e-03 6.622500000000003384e-03 0.000000000000000000e+00 -3.311500000000005411e-03 -2.701462381790837597e+01
4.602649999999999797e-01 1.397349999999999981e-01 6.622500000000003384e-03 3.310999999999994503e-03 -2.499999999933111283e-07 -4.966749999999998944e-03 -8.103489818333710559e+01
4.668869999999999965e-01 1.397349999999999981e-01 3.311000000000008381e-03 -3.310999999999994503e-03 -1.655500000000004190e-03 -3.310999999999994503e-03 -1.601721793687436843e+02
4.668869999999999965e-01 1.331130000000000091e-01 3.311499999999995003e-03 -3.310999999999994503e-03 2.499999999933111283e-07 -2.500000000071889161e-07 -1.217276566336577319e-06
4.735099999999999865e-01 1.331130000000000091e-01 3.311499999999995003e-03 -3.311500000000008881e-03 -2.499999999933111283e-07 -2.500000000071889161e-07 -1.612038805528895682e-02
4.735099999999999865e-01 1.264899999999999913e-01 3.311000000000008381e-03 -3.311500000000008881e-03 3.311000000000008381e-03 1.655750000000004440e-03 1.601600840565756982e+02
4.801320000000000032e-01 1.264899999999999913e-01 9.933500000000011765e-03 0.000000000000000000e+00 4.967250000000006382e-03 1.655750000000004440e-03 1.677993103222857485e+01
4.933770000000000100e-01 1.264899999999999913e-01 1.324550000000002115e-02 0.000000000000000000e+00 1.655999999999990813e-03 1.655750000000004440e-03 9.437523580360867470e+00
5.066230000000000455e-01 1.264899999999999913e-01 1.324549999999999339e-02 3.311500000000008881e-03 -3.311500000000022759e-03 3.311250000000001692e-03 2.154164209297833921e+01
5.198679999999999968e-01 1.331130000000000091e-01 6.622499999999975628e-03 6.622500000000003384e-03 -4.967249999999992505e-03 1.655499999999990313e-03 5.338871079911452711e+01
5.198679999999999968e-01 1.397349999999999981e-01 3.311000000000008381e-03 6.622499999999989506e-03 -1.655749999999983624e-03 1.655749999999997502e-03 4.052152790972657925e+01
5.264900000000000135e-01 1.463579999999999881e-01 3.311000000000008381e-03 9.933999999999998387e-03 -3.311000000000008381e-03 3.311250000000008631e-03 3.819651609292780847e+01
5.264900000000000135e-01 1.596029999999999949e-01 -3.311000000000008381e-03 1.324500000000000677e-02 -6.622249999999996195e-03 4.966749999999998944e-03 2.800552381368819610e+01
5.198679999999999968e-01 1.728480000000000016e-01 -9.933499999999984009e-03 1.986749999999999627e-02 -4.967249999999992505e-03 3.311249999999994753e-03 6.003461248236215297e+00
5.066230000000000455e-01 1.993379999999999874e-01 -1.324549999999999339e-02 1.986749999999999627e-02 -1.656000000000018568e-03 -1.655749999999997502e-03 4.027509482981731281e+00
4.933770000000000100e-01 2.125829999999999942e-01 -1.324550000000002115e-02 1.655600000000000127e-02 1.655999999999990813e-03 -3.311249999999994753e-03 1.725071084428662971e+00
4.801320000000000032e-01 2.324499999999999900e-01 -9.933500000000011765e-03 1.324500000000000677e-02 6.622750000000010573e-03 -4.966749999999998944e-03 -8.457527867799411680e+00
4.735099999999999865e-01 2.390730000000000077e-01 0.000000000000000000e+00 6.622500000000003384e-03 8.278000000000007574e-03 -4.967000000000006132e-03 -1.887476217369289770e+02
4.801320000000000032e-01 2.456949999999999967e-01 6.622500000000003384e-03 3.310999999999994503e-03 6.622750000000010573e-03 -3.311250000000001692e-03 -1.080499296951922759e+02
4.867549999999999932e-01 2.456949999999999967e-01 1.324550000000002115e-02 0.000000000000000000e+00 6.622500000000003384e-03 -1.655499999999997252e-03 -9.436098618322420251e+00
5.066230000000000455e-01 2.456949999999999967e-01 1.986750000000001015e-02 0.000000000000000000e+00 9.933499999999984009e-03 -1.655499999999997252e-03 -4.194138248442795813e+00
5.264900000000000135e-01 2.456949999999999967e-01 3.311249999999998916e-02 -3.310999999999994503e-03 8.278250000000000886e-03 -1.655499999999997252e-03 -7.437510675933866056e-01
5.728480000000000238e-01 2.390730000000000077e-01 3.642400000000001192e-02 -3.310999999999994503e-03 -1.655750000000011379e-03 -2.500000000071889161e-07 -1.122408619124814766e-01
5.993380000000000374e-01 2.390730000000000077e-01 2.980099999999996641e-02 -3.311500000000008881e-03 -6.622750000000010573e-03 -1.655750000000004440e-03 -2.643902977537483157e+00
6.324499999999999567e-01 2.324499999999999900e-01 2.317849999999999078e-02 -6.622500000000003384e-03 -8.277999999999979819e-03 -3.310999999999994503e-03 -9.392125128462176065e+00
6.456950000000000189e-01 2.258280000000000010e-01 1.324500000000000677e-02 -9.933499999999997887e-03 -8.278000000000007574e-03 -1.655749999999997502e-03 -2.295231640404873730e+01
6.589399999999999702e-01 2.125829999999999942e-01 6.622499999999975628e-03 -9.933999999999998387e-03 -8.278000000000007574e-03 -1.655749999999997502e-03 -5.476422431704450844e+01
6.589399999999999702e-01 2.059600000000000042e-01 -3.311000000000008381e-03 -1.324499999999999289e-02 -6.622499999999975628e-03 2.500000000002500222e-07 -3.446946304190376509e+01
6.523179999999999534e-01 1.860930000000000084e-01 -6.622499999999975628e-03 -9.933499999999997887e-03 -3.311499999999995003e-03 4.966749999999992005e-03 -3.866094055448152744e+01
6.456950000000000189e-01 1.860930000000000084e-01 -9.933999999999998387e-03 -3.311500000000008881e-03 -1.655500000000004190e-03 3.310999999999994503e-03 -3.342088823772954242e+01
6.324499999999999567e-01 1.794699999999999906e-01 -9.933499999999984009e-03 -3.311500000000008881e-03 2.500000000071889161e-07 3.311500000000008881e-03 -2.865232604736974409e+01
6.258280000000000509e-01 1.794699999999999906e-01 -9.933499999999984009e-03 3.311500000000008881e-03 1.655499999999976435e-03 6.622750000000003634e-03 -6.207919867848601569e+01
6.125829999999999886e-01 1.860930000000000084e-01 -6.622500000000031140e-03 9.933999999999998387e-03 4.966749999999992005e-03 4.966749999999992005e-03 -4.832002956558656592e+01
6.125829999999999886e-01 1.993379999999999874e-01 0.000000000000000000e+00 1.324499999999999289e-02 4.966750000000019760e-03 1.655500000000004190e-03 -2.831185824661442751e+01
6.125829999999999886e-01 2.125829999999999942e-01 3.311000000000008381e-03 1.324500000000000677e-02 1.655500000000004190e-03 -1.655749999999997502e-03 -1.077095493210655519e+01
6.192050000000000054e-01 2.258280000000000010e-01 3.311000000000008381e-03 9.933499999999997887e-03 -1.655500000000004190e-03 -3.311500000000008881e-03 4.774041731637854724e+00
6.192050000000000054e-01 2.324499999999999900e-01 0.000000000000000000e+00 6.621999999999989006e-03 -3.311000000000008381e-03 -3.311500000000008881e-03 7.550588945937828100e+01
