4.006620000000000181e-01 3.582779999999999854e-01 0.000000000000000000e+00 -6.621999999999961251e-03 0.000000000000000000e+00 -5.000000000421334079e-07 0.000000000000000000e+00
4.006620000000000181e-01 3.516560000000000241e-01 0.000000000000000000e+00 -6.622500000000003384e-03 -1.655500000000004190e-03 1.655249999999969246e-03 -3.774724423598531331e+01
4.006620000000000181e-01 3.450329999999999786e-01 -3.311000000000008381e-03 -3.311500000000022759e-03 -1.655500000000004190e-03 1.655750000000011379e-03 -1.067733893710502713e+02
3.940400000000000014e-01 3.450329999999999786e-01 -3.311000000000008381e-03 -3.310999999999980625e-03 -2.499999999933111283e-07 -1.655499999999976435e-03 5.338266382766786222e+01
3.940400000000000014e-01 3.384110000000000174e-01 -3.311499999999995003e-03 -6.622499999999975628e-03 -3.311499999999995003e-03 -1.655750000000011379e-03 -4.051785681642657977e+01
3.874170000000000114e-01 3.317880000000000273e-01 -9.933999999999998387e-03 -6.622500000000003384e-03 -3.311000000000008381e-03 1.655749999999983624e-03 -2.254957415715287183e+01
3.741720000000000046e-01 3.251660000000000106e-01 -9.933500000000011765e-03 -3.311000000000008381e-03 1.655749999999997502e-03 3.311250000000001692e-03 -2.387669817586358079e+01
3.675499999999999878e-01 3.251660000000000106e-01 -6.622500000000003384e-03 0.000000000000000000e+00 1.655500000000004190e-03 1.655500000000004190e-03 -3.774724423598531331e+01
3.609269999999999978e-01 3.251660000000000106e-01 -6.622500000000003384e-03 0.000000000000000000e+00 0.000000000000000000e+00 0.000000000000000000e+00 -0.000000000000000000e+00
3.543049999999999811e-01 3.251660000000000106e-01 -6.622500000000003384e-03 0.000000000000000000e+00 0.000000000000000000e+00 1.655500000000004190e-03 -3.774724423598531331e+01
3.476819999999999911e-01 3.251660000000000106e-01 -6.622500000000003384e-03 3.311000000000008381e-03 0.000000000000000000e+00 3.311250000000001692e-03 -5.402598466759678075e+01
3.410599999999999743e-01 3.317880000000000273e-01 -6.622500000000003384e-03 6.622500000000003384e-03 1.655500000000004190e-03 1.655749999999983624e-03 -2.669334772316134874e+01
3.344369999999999843e-01 3.384110000000000174e-01 -3.311499999999995003e-03 6.622499999999975628e-03 3.311250000000001692e-03 0.000000000000000000e+00 -5.402109012288029533e+01
3.344369999999999843e-01 3.450329999999999786e-01 0.000000000000000000e+00 6.622500000000003384e-03 3.311499999999995003e-03 1.387778780781445676e-17 -7.550588902897303001e+01
3.344369999999999843e-01 3.516560000000000241e-01 3.311499999999995003e-03 6.622500000000003384e-03 1.655749999999997502e-03 -1.387778780781445676e-17 -2.701258436269043628e+01
3.410599999999999743e-01 3.582779999999999854e-01 3.311499999999995003e-03 6.622499999999975628e-03 -2.499999999933111283e-07 -1.655500000000004190e-03 -1.350119385123564086e+01
3.410599999999999743e-01 3.649009999999999754e-01 3.311000000000008381e-03 3.311499999999995003e-03 -2.499999999933111283e-07 -1.655749999999983624e-03 -5.337863266579006449e+01
3.476819999999999911e-01 3.649009999999999754e-01 3.311000000000008381e-03 3.311000000000008381e-03 2.499999999933111283e-07 -2.499999999933111283e-07 -1.612525715941381943e-02
3.476819999999999911e-01 3.715229999999999921e-01 3.311499999999995003e-03 3.311000000000008381e-03 1.655749999999997502e-03 2.499999999933111283e-07 -5.337863266579051214e+01
3.543049999999999811e-01 3.715229999999999921e-01 6.622500000000003384e-03 3.311499999999995003e-03 1.655500000000004190e-03 2.499999999933111283e-07 -1.350119385123550408e+01
3.609269999999999978e-01 3.781459999999999821e-01 6.622500000000003384e-03 3.311499999999995003e-03 0.000000000000000000e+00 -1.655749999999997502e-03 -2.701258436269032259e+01
3.675499999999999878e-01 3.781459999999999821e-01 6.622500000000003384e-03 0.000000000000000000e+00 0.000000000000000000e+00 -1.655749999999997502e-03 -3.775294451448651500e+01
3.741720000000000046e-01 3.781459999999999821e-01 6.622500000000003384e-03 0.000000000000000000e+00 0.000000000000000000e+00 0.000000000000000000e+00 0.000000000000000000e+00
3.807949999999999946e-01 3.781459999999999821e-01 6.622500000000003384e-03 0.000000000000000000e+00 0.000000000000000000e+00 0.000000000000000000e+00 0.000000000000000000e+00
3.874170000000000114e-01 3.781459999999999821e-01 6.622500000000003384e-03 0.000000000000000000e+00 0.000000000000000000e+00 -1.655749999999997502e-03 -3.775294451448651500e+01
3.940400000000000014e-01 3.781459999999999821e-01 6.622500000000003384e-03 -3.311499999999995003e-03 0.000000000000000000e+00 -1.655749999999997502e-03 -2.701258436269032259e+01
4.006620000000000181e-01 3.715229999999999921e-01 6.622500000000003384e-03 -3.311499999999995003e-03 -1.655500000000004190e-03 2.499999999933111283e-07 -1.350119385123550408e+01
4.072850000000000081e-01 3.715229999999999921e-01 3.311499999999995003e-03 -3.311000000000008381e-03 -1.655749999999997502e-03 2.499999999933111283e-07 -5.337863266579051214e+01
4.072850000000000081e-01 3.649009999999999754e-01 3.311000000000008381e-03 -3.311000000000008381e-03 -2.499999999933111283e-07 -2.499999999933111283e-07 -1.612525715941381943e-02
4.139070000000000249e-01 3.649009999999999754e-01 3.311000000000008381e-03 -3.311499999999995003e-03 -1.655500000000004190e-03 -1.655749999999983624e-03 -1.067733893710502429e+02
4.139070000000000249e-01 3.582779999999999854e-01 0.000000000000000000e+00 -6.622499999999975628e-03 -1.655500000000004190e-03 -1.655500000000004190e-03 -3.774724423598564016e+01
4.139070000000000249e-01 3.516560000000000241e-01 0.000000000000000000e+00 -6.622500000000003384e-03 0.000000000000000000e+00 -1.387778780781445676e-17 0.000000000000000000e+00
4.139070000000000249e-01 3.450329999999999786e-01 0.000000000000000000e+00 -6.622500000000003384e-03 0.000000000000000000e+00 1.387778780781445676e-17 0.000000000000000000e+00
4.139070000000000249e-01 3.384110000000000174e-01 0.000000000000000000e+00 -6.622499999999975628e-03 0.000000000000000000e+00 0.000000000000000000e+00 0.000000000000000000e+00
4.139070000000000249e-01 3.317880000000000273e-01 0.000000000000000000e+00 -6.622500000000003384e-03 0.000000000000000000e+00 -1.655500000000018068e-03 0.000000000000000000e+00
4.139070000000000249e-01 3.251660000000000106e-01 0.000000000000000000e+00 -9.933500000000011765e-03 0.000000000000000000e+00 -1.655749999999997502e-03 0.000000000000000000e+00
4.139070000000000249e-01 3.119210000000000038e-01 0.000000000000000000e+00 -9.933999999999998387e-03 0.000000000000000000e+00 1.655250000000010879e-03 0.000000000000000000e+00
4.139070000000000249e-01 3.052980000000000138e-01 0.000000000000000000e+00 -6.622999999999990006e-03 -1.655500000000004190e-03 0.000000000000000000e+00 -3.774154503330065324e+01
4.139070000000000249e-01 2.986750000000000238e-01 -3.311000000000008381e-03 -9.933999999999998387e-03 -1.655500000000004190e-03 -1.655250000000010879e-03 -9.550390681244458335e+00
4.072850000000000081e-01 2.854300000000000170e-01 -3.311000000000008381e-03 -9.933500000000011765e-03 -2.499999999933111283e-07 1.655749999999997502e-03 -4.777647067628548072e+00
4.072850000000000081e-01 2.788080000000000003e-01 -3.311499999999995003e-03 -6.622500000000003384e-03 -2.499999999933111283e-07 1.655500000000004190e-03 -1.350935105623685217e+01
4.006620000000000181e-01 2.721850000000000103e-01 -3.311499999999995003e-03 -6.622500000000003384e-03 1.655749999999997502e-03 0.000000000000000000e+00 2.701258436269032259e+01
4.006620000000000181e-01 2.655629999999999935e-01 0.000000000000000000e+00 -6.622500000000003384e-03 1.655749999999997502e-03 0.000000000000000000e+00 3.775294451448651500e+01
4.006620000000000181e-01 2.589400000000000035e-01 0.000000000000000000e+00 -6.622500000000003384e-03 -1.655500000000004190e-03 0.000000000000000000e+00 -3.774724423598531331e+01
4.006620000000000181e-01 2.523179999999999867e-01 -3.311000000000008381e-03 -6.622500000000003384e-03 -1.655500000000004190e-03 6.938893903907228378e-18 -2.701095284777858652e+01
3.940400000000000014e-01 2.456949999999999967e-01 -3.311000000000008381e-03 -6.622499999999989506e-03 1.655500000000004190e-03 0.000000000000000000e+00 2.701095284777861139e+01
3.940400000000000014e-01 2.390730000000000077e-01 0.000000000000000000e+00 -6.622500000000003384e-03 3.311000000000008381e-03 -6.938893903907228378e-18 7.549448847197062662e+01
3.940400000000000014e-01 2.324499999999999900e-01 3.311000000000008381e-03 -6.622500000000003384e-03 1.655500000000004190e-03 6.938893903907228378e-18 2.701095284777858652e+01
4.006620000000000181e-01 2.258280000000000010e-01 3.311000000000008381e-03 -6.622499999999989506e-03 2.499999999933111283e-07 1.655500000000004190e-03 1.350853572990991580e+01
4.006620000000000181e-01 2.192050000000000110e-01 3.311499999999995003e-03 -3.311499999999995003e-03 2.499999999933111283e-07 1.655749999999990563e-03 5.339072523906332179e+01
4.072850000000000081e-01 2.192050000000000110e-01 3.311499999999995003e-03 -3.311000000000008381e-03 -2.499999999933111283e-07 2.499999999933111283e-07 1.217276118771351141e-06
4.072850000000000081e-01 2.125829999999999942e-01 3.311000000000008381e-03 -3.311000000000008381e-03 1.655500000000004190e-03 1.655500000000004190e-03 1.067814529124955811e+02
4.139070000000000249e-01 2.125829999999999942e-01 6.622500000000003384e-03 0.000000000000000000e+00 1.655749999999983624e-03 1.655500000000004190e-03 3.774724423598531331e+01
4.205300000000000149e-01 2.125829999999999942e-01 6.622499999999975628e-03 0.000000000000000000e+00 0.000000000000000000e+00 0.000000000000000000e+00 0.000000000000000000e+00
4.271519999999999762e-01 2.125829999999999942e-01 6.622500000000003384e-03 0.000000000000000000e+00 1.387778780781445676e-17 0.000000000000000000e+00 0.000000000000000000e+00
4.337750000000000217e-01 2.125829999999999942e-01 6.622500000000003384e-03 0.000000000000000000e+00 -1.387778780781445676e-17 1.655500000000004190e-03 3.774724423598531331e+01
4.403969999999999829e-01 2.125829999999999942e-01 6.622499999999975628e-03 3.311000000000008381e-03 0.000000000000000000e+00 3.311250000000001692e-03 5.402598466759710050e+01
4.470199999999999729e-01 2.192050000000000110e-01 6.622500000000003384e-03 6.622500000000003384e-03 1.387778780781445676e-17 1.655749999999990563e-03 1.334768153797627654e+01
4.536419999999999897e-01 2.258280000000000010e-01 6.622500000000003384e-03 6.622499999999989506e-03 -1.655500000000004190e-03 0.000000000000000000e+00 1.334566618518503311e+01
4.602649999999999797e-01 2.324499999999999900e-01 3.311499999999995003e-03 6.622500000000003384e-03 -3.311250000000001692e-03 1.655750000000004440e-03 6.752840203183417600e+01
4.602649999999999797e-01 2.390730000000000077e-01 0.000000000000000000e+00 9.933999999999998387e-03 -1.655749999999997502e-03 1.655499999999997252e-03 1.677824193330093649e+01
4.602649999999999797e-01 2.523179999999999867e-01 0.000000000000000000e+00 9.933499999999997887e-03 0.000000000000000000e+00 -1.655749999999997502e-03 -0.000000000000000000e+00
4.602649999999999797e-01 2.589400000000000035e-01 0.000000000000000000e+00 6.622500000000003384e-03 0.000000000000000000e+00 -1.655499999999997252e-03 -0.000000000000000000e+00
4.602649999999999797e-01 2.655629999999999935e-01 0.000000000000000000e+00 6.622500000000003384e-03 0.000000000000000000e+00 0.000000000000000000e+00 0.000000000000000000e+00
4.602649999999999797e-01 2.721850000000000103e-01 0.000000000000000000e+00 6.622500000000003384e-03 0.000000000000000000e+00 -3.311250000000001692e-03 -0.000000000000000000e+00
4.602649999999999797e-01 2.788080000000000003e-01 0.000000000000000000e+00 0.000000000000000000e+00 0.000000000000000000e+00 -6.622500000000003384e-03 0.000000000000000000e+00
4.602649999999999797e-01 2.721850000000000103e-01 0.000000000000000000e+00 -6.622500000000003384e-03 0.000000000000000000e+00 -3.311250000000001692e-03 0.000000000000000000e+00
4.602649999999999797e-01 2.655629999999999935e-01 0.000000000000000000e+00 -6.622500000000003384e-03 1.655500000000004190e-03 0.000000000000000000e+00 3.774724423598531331e+01
4.602649999999999797e-01 2.589400000000000035e-01 3.311000000000008381e-03 -6.622500000000003384e-03 4.966750000000005882e-03 -1.655499999999997252e-03 6.753248075750524038e+01
4.668869999999999965e-01 2.523179999999999867e-01 9.933500000000011765e-03 -9.933499999999997887e-03 4.966999999999999194e-03 -1.655749999999997502e-03 1.186430726329360930e+01
4.801320000000000032e-01 2.390730000000000077e-01 1.324500000000000677e-02 -9.933999999999998387e-03 2.499999999933111283e-07 1.655499999999997252e-03 4.832063164661358989e+00
4.933770000000000100e-01 2.324499999999999900e-01 9.933999999999998387e-03 -6.622500000000003384e-03 2.499999999933111283e-07 3.311500000000001942e-03 1.933112500786623400e+01
5.000000000000000000e-01 2.258280000000000010e-01 1.324549999999999339e-02 -3.310999999999994503e-03 1.655500000000004190e-03 3.311250000000001692e-03 1.938714876614952942e+01
5.198679999999999968e-01 2.258280000000000010e-01 1.324500000000000677e-02 0.000000000000000000e+00 -1.656000000000004690e-03 1.655499999999997252e-03 9.436811058996289248e+00
5.264900000000000135e-01 2.258280000000000010e-01 9.933499999999984009e-03 0.000000000000000000e+00 -1.655500000000004190e-03 1.655499999999997252e-03 1.677739744759440299e+01
5.397349999999999648e-01 2.258280000000000010e-01 9.933999999999998387e-03 3.310999999999994503e-03 -1.655499999999976435e-03 6.622499999999996445e-03 6.207357465267864427e+01
5.463580000000000103e-01 2.324499999999999900e-01 6.622500000000031140e-03 1.324499999999999289e-02 -3.311499999999995003e-03 4.967000000000006132e-03 2.363657223143876962e+01
5.529800000000000271e-01 2.523179999999999867e-01 3.311000000000008381e-03 1.324500000000000677e-02 -4.966750000000019760e-03 1.655500000000011129e-03 2.800519853494790823e+01
5.529800000000000271e-01 2.589400000000000035e-01 -3.311000000000008381e-03 1.655600000000001515e-02 -6.622250000000023951e-03 3.311250000000001692e-03 2.050176998612635515e+01
5.463580000000000103e-01 2.854300000000000170e-01 -9.933500000000039520e-03 1.986750000000001015e-02 -3.311499999999995003e-03 -1.655250000000010879e-03 7.503457925110785354e+00
5.331129999999999480e-01 2.986750000000000238e-01 -9.933999999999998387e-03 1.324549999999999339e-02 -1.655749999999955868e-03 2.499999999933111283e-07 4.831530552231042108e+00
5.264900000000000135e-01 3.119210000000000038e-01 -1.324499999999995126e-02 1.986799999999999677e-02 -3.311250000000001692e-03 3.311000000000008381e-03 1.611048687864397921e+00
5.066230000000000455e-01 3.384110000000000174e-01 -1.655650000000000177e-02 1.986750000000001015e-02 1.655499999999962557e-03 -4.967250000000006382e-03 2.853022240616622351e+00
4.933770000000000100e-01 3.516560000000000241e-01 -9.934000000000026143e-03 9.933499999999984009e-03 4.966999999999999194e-03 -8.278250000000014763e-03 1.186490439358865245e+01
4.867549999999999932e-01 3.582779999999999854e-01 -6.622500000000003384e-03 3.310999999999980625e-03 4.967000000000013071e-03 -4.966749999999992005e-03 4.051948857768856982e+01
4.801320000000000032e-01 3.582779999999999854e-01 0.000000000000000000e+00 0.000000000000000000e+00 6.622500000000003384e-03 -1.655499999999990313e-03 0.000000000000000000e+00
4.867549999999999932e-01 3.582779999999999854e-01 6.622500000000003384e-03 0.000000000000000000e+00 4.967000000000013071e-03 0.000000000000000000e+00 0.000000000000000000e+00
4.933770000000000100e-01 3.582779999999999854e-01 9.934000000000026143e-03 0.000000000000000000e+00 3.311499999999995003e-03 1.655749999999997502e-03 1.677824193330084412e+01
5.066230000000000455e-01 3.582779999999999854e-01 1.324549999999999339e-02 3.311499999999995003e-03 4.966749999999978127e-03 1.655749999999997502e-03 2.154684659618207210e+00
5.198679999999999968e-01 3.649009999999999754e-01 1.986749999999998240e-02 3.311499999999995003e-03 3.310999999999994503e-03 -2.499999999933111283e-07 -1.342454183963296410e+00
5.463580000000000103e-01 3.649009999999999754e-01 1.986749999999998240e-02 3.311000000000008381e-03 -1.655749999999983624e-03 -2.499999999933111283e-07 6.703235120225368160e-01
5.596029999999999616e-01 3.715229999999999921e-01 1.655600000000001515e-02 3.311000000000008381e-03 1.655500000000031946e-03 -1.655500000000004190e-03 -6.833579345051037812e+00
5.794700000000000406e-01 3.715229999999999921e-01 2.317850000000004629e-02 0.000000000000000000e+00 6.622749999999982817e-03 2.499999999933111283e-07 4.653388952368722460e-04
6.059600000000000541e-01 3.715229999999999921e-01 2.980149999999998078e-02 3.311499999999995003e-03 3.311499999999967248e-03 1.655749999999997502e-03 1.423545662065503148e+00
6.390730000000000022e-01 3.781459999999999821e-01 2.980149999999998078e-02 3.311499999999995003e-03 -4.966999999999999194e-03 -1.655749999999997502e-03 -1.220195156765377709e+00
6.655630000000000157e-01 3.781459999999999821e-01 1.986749999999998240e-02 0.000000000000000000e+00 -6.622749999999982817e-03 -3.311499999999995003e-03 -8.389543225441475016e+00
6.788079999999999670e-01 3.781459999999999821e-01 1.655600000000001515e-02 -3.311499999999995003e-03 -3.311249999999987814e-03 -1.655749999999997502e-03 -7.973688919669757347e+00
6.986750000000000460e-01 3.715229999999999921e-01 1.324500000000000677e-02 -3.311499999999995003e-03 -1.655250000000024757e-03 2.499999999933111283e-07 -2.152637194494993356e+00
7.052979999999999805e-01 3.715229999999999921e-01 1.324549999999996563e-02 -3.311000000000008381e-03 0.000000000000000000e+00 -3.310999999999994503e-03 -1.723208140050653014e+01
7.251659999999999773e-01 3.649009999999999754e-01 1.324500000000000677e-02 -9.933499999999984009e-03 -4.967249999999978627e-03 -4.966999999999985316e-03 -2.536966498147844007e+01
7.317879999999999940e-01 3.516560000000000241e-01 3.311000000000008381e-03 -1.324499999999997901e-02 -6.622500000000003384e-03 -1.655750000000011379e-03 -3.662345886108105475e+01
7.317879999999999940e-01 3.384110000000000174e-01 0.000000000000000000e+00 -1.324500000000000677e-02 -3.311000000000008381e-03 -1.387778780781445676e-17 -1.887362211799265665e+01
7.317879999999999940e-01 3.251660000000000106e-01 -3.311000000000008381e-03 -1.324500000000000677e-02 -6.622500000000003384e-03 1.655500000000004190e-03 -3.662313358234046490e+01
7.251659999999999773e-01 3.119210000000000038e-01 -1.324500000000000677e-02 -9.933999999999998387e-03 -4.967249999999978627e-03 4.966750000000005882e-03 -2.536810355788621152e+01
7.052979999999999805e-01 3.052980000000000138e-01 -1.324549999999996563e-02 -3.311499999999995003e-03 0.000000000000000000e+00 4.966999999999999194e-03 -2.585003555865516134e+01
6.986750000000000460e-01 3.052980000000000138e-01 -1.324500000000000677e-02 0.000000000000000000e+00 2.499999999794333405e-07 6.622749999999996695e-03 -3.775151944486121636e+01
6.788079999999999670e-01 3.052980000000000138e-01 -1.324500000000000677e-02 9.933999999999998387e-03 4.966750000000019760e-03 8.278250000000000886e-03 -3.503150021630609245e+01
6.721850000000000325e-01 3.251660000000000106e-01 -3.311499999999967248e-03 1.655650000000000177e-02 6.622500000000003384e-03 1.655500000000004190e-03 -2.391777912947518914e+01
6.721850000000000325e-01 3.384110000000000174e-01 0.000000000000000000e+00 1.324500000000000677e-02 3.311499999999967248e-03 -3.311500000000008881e-03 -1.887647225724310118e+01
6.721850000000000325e-01 3.516560000000000241e-01 3.311499999999967248e-03 9.933499999999984009e-03 3.311499999999967248e-03 -3.311500000000022759e-03 -3.820502438752775731e+01
6.788079999999999670e-01 3.582779999999999854e-01 6.622999999999934495e-03 6.621999999999961251e-03 3.311499999999967248e-03 -3.311500000000022759e-03 -5.339072569539366953e+01
