3.410599999999999743e-01 2.523179999999999867e-01 -6.622999999999990006e-03 0.000000000000000000e+00 -3.311000000000008381e-03 0.000000000000000000e+00 0.000000000000000000e+00
3.344369999999999843e-01 2.523179999999999867e-01 -9.933999999999998387e-03 0.000000000000000000e+00 -1.655249999999997002e-03 0.000000000000000000e+00 0.000000000000000000e+00
3.211919999999999775e-01 2.523179999999999867e-01 -9.933499999999984009e-03 0.000000000000000000e+00 2.500000000071889161e-07 0.000000000000000000e+00 -0.000000000000000000e+00
3.145700000000000163e-01 2.523179999999999867e-01 -9.933499999999984009e-03 0.000000000000000000e+00 -2.500000000071889161e-07 1.655500000000004190e-03 -1.677739744759447760e+01
3.013250000000000095e-01 2.523179999999999867e-01 -9.933999999999998387e-03 3.311000000000008381e-03 1.655249999999983124e-03 6.622500000000003384e-03 -6.207285370524293455e+01
2.947020000000000195e-01 2.589400000000000035e-01 -6.623000000000017762e-03 1.324500000000000677e-02 4.966999999999999194e-03 6.622749999999996695e-03 -3.376522066654220566e+01
2.880789999999999740e-01 2.788080000000000003e-01 0.000000000000000000e+00 1.655650000000000177e-02 8.278500000000021952e-03 0.000000000000000000e+00 -3.020053150181158941e+01
2.947020000000000195e-01 2.920530000000000070e-01 9.934000000000026143e-03 1.324500000000000677e-02 6.622499999999989506e-03 -3.311250000000001692e-03 -2.657552651210015071e+01
3.079470000000000263e-01 3.052980000000000138e-01 1.324499999999997901e-02 9.933999999999998387e-03 1.655499999999976435e-03 -3.311250000000001692e-03 -1.328748964323302850e+01
3.211919999999999775e-01 3.119210000000000038e-01 1.324499999999997901e-02 6.622500000000003384e-03 -1.655499999999990313e-03 -4.966999999999999194e-03 -1.688312020862522544e+01
3.344369999999999843e-01 3.185430000000000206e-01 9.933999999999998387e-03 0.000000000000000000e+00 -3.311249999999987814e-03 -8.278250000000000886e-03 -8.388614300730708351e+01
3.410599999999999743e-01 3.119210000000000038e-01 6.622500000000003384e-03 -9.933999999999998387e-03 -3.311499999999995003e-03 -6.622749999999996695e-03 -4.510206688076934256e+01
3.476819999999999911e-01 2.986750000000000238e-01 3.311000000000008381e-03 -1.324549999999999339e-02 -4.966750000000005882e-03 -3.311000000000008381e-03 -3.015695570841242912e+01
3.476819999999999911e-01 2.854300000000000170e-01 -3.311000000000008381e-03 -1.655600000000001515e-02 -4.966750000000005882e-03 -4.966500000000005632e-03 -1.366836262424700621e+01
3.410599999999999743e-01 2.655629999999999935e-01 -6.622500000000003384e-03 -2.317850000000000465e-02 -1.655749999999983624e-03 -3.311499999999988064e-03 -1.174141216450194092e+00
3.344369999999999843e-01 2.390730000000000077e-01 -6.622499999999975628e-03 -2.317899999999999128e-02 0.000000000000000000e+00 1.655499999999997252e-03 -7.826154942125278513e-01
3.278150000000000230e-01 2.192050000000000110e-01 -6.622500000000003384e-03 -1.986750000000001015e-02 1.655499999999976435e-03 -1.655500000000004190e-03 4.774690687214979690e+00
3.211919999999999775e-01 1.993379999999999874e-01 -3.311500000000022759e-03 -2.648999999999999966e-02 6.622500000000003384e-03 6.938893903907228378e-18 9.220542266773813722e+00
3.211919999999999775e-01 1.662250000000000116e-01 6.622500000000003384e-03 -1.986749999999999627e-02 8.278250000000014763e-03 9.933749999999998137e-03 2.506928921148234934e+01
3.344369999999999843e-01 1.596029999999999949e-01 1.324500000000000677e-02 -6.622500000000003384e-03 3.311250000000001692e-03 8.278000000000000635e-03 4.051714319801997988e+01
3.476819999999999911e-01 1.529800000000000049e-01 1.324500000000000677e-02 -3.311499999999995003e-03 -1.655500000000004190e-03 3.311250000000001692e-03 1.507984594376394405e+01
3.609269999999999978e-01 1.529800000000000049e-01 9.933999999999998387e-03 0.000000000000000000e+00 -1.655500000000004190e-03 3.311499999999995003e-03 3.355648386660187299e+01
3.675499999999999878e-01 1.529800000000000049e-01 9.933999999999998387e-03 3.311499999999995003e-03 -2.499999999933111283e-07 3.311250000000001692e-03 2.864915364240423656e+01
3.807949999999999946e-01 1.596029999999999949e-01 9.933500000000011765e-03 6.622500000000003384e-03 -1.655749999999997502e-03 -2.499999999933111283e-07 6.442436098303949699e+00
3.874170000000000114e-01 1.662250000000000116e-01 6.622500000000003384e-03 3.311000000000008381e-03 -1.655500000000004190e-03 -4.966750000000005882e-03 -6.753248075750518353e+01
3.940400000000000014e-01 1.662250000000000116e-01 6.622500000000003384e-03 -3.311000000000008381e-03 0.000000000000000000e+00 -4.966750000000005882e-03 -8.103693751537531398e+01
4.006620000000000181e-01 1.596029999999999949e-01 6.622500000000003384e-03 -6.622500000000003384e-03 1.655749999999997502e-03 -2.499999999933111283e-07 1.334566618518501713e+01
4.072850000000000081e-01 1.529800000000000049e-01 9.933999999999998387e-03 -3.311499999999995003e-03 3.311250000000001692e-03 1.655749999999997502e-03 2.387525597614208905e+01
4.205300000000000149e-01 1.529800000000000049e-01 1.324500000000000677e-02 -3.311000000000008381e-03 1.655499999999990313e-03 2.499999999933111283e-07 2.155297032380593336e+00
4.337750000000000217e-01 1.463579999999999881e-01 1.324499999999997901e-02 -3.311000000000008381e-03 -1.387778780781445676e-17 3.311000000000008381e-03 1.723326766837819690e+01
4.470199999999999729e-01 1.463579999999999881e-01 1.324499999999997901e-02 3.311000000000008381e-03 1.655500000000018068e-03 8.278000000000007574e-03 4.093177577817557022e+01
4.602649999999999797e-01 1.529800000000000049e-01 1.655600000000001515e-02 1.324500000000000677e-02 -1.655749999999983624e-03 9.933999999999991448e-03 1.955693876889845839e+01
4.801320000000000032e-01 1.728480000000000016e-01 9.933500000000011765e-03 2.317899999999999128e-02 -8.278000000000007574e-03 6.622499999999996445e-03 1.606656112328251140e+01
4.801320000000000032e-01 1.993379999999999874e-01 0.000000000000000000e+00 2.648999999999999966e-02 -6.622250000000010073e-03 3.311000000000008381e-03 9.437167326402663647e+00
4.801320000000000032e-01 2.258280000000000010e-01 -3.311000000000008381e-03 2.980100000000000804e-02 -4.966750000000005882e-03 1.655500000000004190e-03 5.287251719005387152e+00
4.735099999999999865e-01 2.589400000000000035e-01 -9.933500000000011765e-03 2.980100000000000804e-02 -3.311499999999995003e-03 -3.311000000000001442e-03 4.244724969033597084e+00
4.602649999999999797e-01 2.854300000000000170e-01 -9.933999999999998387e-03 2.317900000000000515e-02 1.655500000000004190e-03 -1.655250000000003940e-03 -1.367399666688612125e+00
4.536419999999999897e-01 3.052980000000000138e-01 -6.622500000000003384e-03 2.649050000000000016e-02 3.311499999999995003e-03 -1.655750000000011379e-03 -3.770176749248181025e+00
4.470199999999999729e-01 3.384110000000000174e-01 -3.311000000000008381e-03 1.986749999999998240e-02 6.622500000000003384e-03 -9.933999999999998387e-03 -1.207696749099755351e+01
4.470199999999999729e-01 3.450329999999999786e-01 6.622500000000003384e-03 6.622500000000003384e-03 9.933500000000011765e-03 -6.622499999999989506e-03 -1.334647232630157703e+02
4.602649999999999797e-01 3.516560000000000241e-01 1.655600000000001515e-02 6.622500000000003384e-03 1.490074999999999039e-02 -1.387778780781445676e-17 -1.740500468857780092e+01
4.801320000000000032e-01 3.582779999999999854e-01 3.642399999999998417e-02 6.622499999999975628e-03 1.324524999999998620e-02 -1.655500000000004190e-03 -2.917163927830255687e+00
5.331129999999999480e-01 3.649009999999999754e-01 4.304649999999998755e-02 3.311499999999995003e-03 -3.311499999999981125e-03 -4.966999999999985316e-03 -2.520628882680008065e+00
5.662249999999999783e-01 3.649009999999999754e-01 2.980100000000002192e-02 -3.311499999999995003e-03 -6.622499999999975628e-03 -4.966999999999985316e-03 -6.304332669853911497e+00
5.927149999999999919e-01 3.582779999999999854e-01 2.980150000000003629e-02 -6.622499999999975628e-03 3.311499999999995003e-03 -6.622249999999996195e-03 -6.165534934548251300e+00
6.258280000000000509e-01 3.516560000000000241e-01 3.642400000000001192e-02 -1.655599999999998739e-02 -3.311500000000022759e-03 -8.278250000000014763e-03 -5.563782831724864764e+00
6.655630000000000157e-01 3.251660000000000106e-01 2.317849999999999078e-02 -2.317900000000000515e-02 -1.655650000000000177e-02 -2.500000000071889161e-07 -1.089569051720881632e+01
6.721850000000000325e-01 3.052980000000000138e-01 3.311000000000008381e-03 -1.655650000000000177e-02 -1.490050000000001096e-02 3.311250000000001692e-03 -4.897516503999749915e+01
6.721850000000000325e-01 2.920530000000000070e-01 -6.622500000000031140e-03 -1.655650000000000177e-02 -8.278000000000007574e-03 3.311250000000001692e-03 -2.803897117108999026e+01
6.589399999999999702e-01 2.721850000000000103e-01 -1.324500000000000677e-02 -9.933999999999998387e-03 -1.655499999999976435e-03 8.278250000000000886e-03 -2.778349669194833282e+01
6.456950000000000189e-01 2.721850000000000103e-01 -9.933499999999984009e-03 0.000000000000000000e+00 1.655750000000011379e-03 8.278250000000000886e-03 -8.389458799187474369e+01
6.390730000000000022e-01 2.721850000000000103e-01 -9.933499999999984009e-03 6.622500000000003384e-03 1.655500000000004190e-03 6.622500000000003384e-03 -4.510240369559133455e+01
6.258280000000000509e-01 2.854300000000000170e-01 -6.622499999999975628e-03 1.324500000000000677e-02 4.966749999999992005e-03 3.311499999999995003e-03 -2.701176869761917132e+01
6.258280000000000509e-01 2.986750000000000238e-01 0.000000000000000000e+00 1.324549999999999339e-02 3.311249999999987814e-03 4.999999999866222566e-07 -1.887362219868328594e+01
6.258280000000000509e-01 3.119210000000000038e-01 0.000000000000000000e+00 1.324599999999998001e-02 0.000000000000000000e+00 4.999999999866222566e-07 0.000000000000000000e+00
