4.668869999999999965e-01 2.258280000000000010e-01 -6.622000000000016762e-03 0.000000000000000000e+00 -4.999999999866222566e-07 0.000000000000000000e+00 0.000000000000000000e+00
4.602649999999999797e-01 2.258280000000000010e-01 -6.622500000000003384e-03 0.000000000000000000e+00 -2.499999999933111283e-07 0.000000000000000000e+00 0.000000000000000000e+00
4.536419999999999897e-01 2.258280000000000010e-01 -6.622500000000003384e-03 0.000000000000000000e+00 -1.655499999999990313e-03 0.000000000000000000e+00 0.000000000000000000e+00
4.470199999999999729e-01 2.258280000000000010e-01 -9.933499999999984009e-03 0.000000000000000000e+00 -1.655749999999997502e-03 0.000000000000000000e+00 0.000000000000000000e+00
4.337750000000000217e-01 2.258280000000000010e-01 -9.933999999999998387e-03 0.000000000000000000e+00 1.655499999999990313e-03 0.000000000000000000e+00 -0.000000000000000000e+00
4.271519999999999762e-01 2.258280000000000010e-01 -6.622500000000003384e-03 0.000000000000000000e+00 1.655750000000011379e-03 3.311250000000001692e-03 -7.550018875047183542e+01
4.205300000000000149e-01 2.258280000000000010e-01 -6.622499999999975628e-03 6.622500000000003384e-03 1.655500000000004190e-03 4.966749999999998944e-03 -5.338468009353162103e+01
4.139070000000000249e-01 2.390730000000000077e-01 -3.311499999999995003e-03 9.933499999999997887e-03 3.311249999999987814e-03 1.655499999999997252e-03 -3.342615150947806058e+01
4.139070000000000249e-01 2.456949999999999967e-01 0.000000000000000000e+00 9.933499999999997887e-03 3.311499999999995003e-03 1.655750000000004440e-03 -3.355986206445709996e+01
4.139070000000000249e-01 2.589400000000000035e-01 3.311499999999995003e-03 1.324500000000000677e-02 3.311249999999987814e-03 1.655750000000004440e-03 -1.507952062457144926e+01
4.205300000000000149e-01 2.721850000000000103e-01 6.622499999999975628e-03 1.324500000000000677e-02 1.655500000000004190e-03 -1.655500000000004190e-03 -1.012864848899404357e+01
4.271519999999999762e-01 2.854300000000000170e-01 6.622500000000003384e-03 9.933999999999998387e-03 1.655750000000011379e-03 -4.966750000000005882e-03 -2.899279605312272778e+01
4.337750000000000217e-01 2.920530000000000070e-01 9.933999999999998387e-03 3.311499999999995003e-03 3.311249999999987814e-03 -4.966999999999999194e-03 -5.252368859490071884e+01
4.470199999999999729e-01 2.920530000000000070e-01 1.324499999999997901e-02 0.000000000000000000e+00 -2.499999999933111283e-07 -3.311499999999995003e-03 -1.887647225724334277e+01
4.602649999999999797e-01 2.920530000000000070e-01 9.933500000000011765e-03 -3.311499999999995003e-03 -3.311249999999987814e-03 -6.622500000000003384e-03 -6.685302414059430021e+01
4.668869999999999965e-01 2.854300000000000170e-01 6.622500000000003384e-03 -1.324500000000000677e-02 -4.966750000000005882e-03 -1.158925000000000927e-02 -4.389335936101801394e+01
4.735099999999999865e-01 2.655629999999999935e-01 0.000000000000000000e+00 -2.649000000000001354e-02 -4.966999999999999194e-03 -4.966999999999992255e-03 -7.078320829059897790e+00
4.668869999999999965e-01 2.324499999999999900e-01 -3.311499999999995003e-03 -2.317899999999999128e-02 -1.655500000000004190e-03 4.967000000000006132e-03 -4.270716370872821521e+00
4.668869999999999965e-01 2.192050000000000110e-01 -3.311000000000008381e-03 -1.655600000000000127e-02 -1.655500000000004190e-03 3.311499999999995003e-03 -7.972795874512390135e+00
4.602649999999999797e-01 1.993379999999999874e-01 -6.622500000000003384e-03 -1.655600000000000127e-02 -1.655749999999997502e-03 -2.499999999933111283e-07 -4.834682961373521159e+00
4.536419999999999897e-01 1.860930000000000084e-01 -6.622500000000003384e-03 -1.655649999999998789e-02 0.000000000000000000e+00 -2.500000000002500222e-07 2.919927746489058180e-04
4.470199999999999729e-01 1.662250000000000116e-01 -6.622500000000003384e-03 -1.655650000000000177e-02 1.655500000000004190e-03 3.311499999999988064e-03 9.662770839945696855e-01
4.403969999999999829e-01 1.529800000000000049e-01 -3.311499999999995003e-03 -9.933500000000011765e-03 3.311250000000001692e-03 3.311500000000001942e-03 1.909890680333616686e+01
4.403969999999999829e-01 1.463579999999999881e-01 0.000000000000000000e+00 -9.933499999999997887e-03 4.966999999999999194e-03 -1.655749999999990563e-03 5.033725951205151716e+01
4.403969999999999829e-01 1.331130000000000091e-01 6.622500000000003384e-03 -1.324499999999999289e-02 4.966999999999999194e-03 1.655499999999997252e-03 2.363555253462120120e+01
4.536419999999999897e-01 1.198680000000000023e-01 9.933999999999998387e-03 -6.622500000000003384e-03 1.655749999999997502e-03 6.622499999999996445e-03 4.510060756081219324e+01
4.602649999999999797e-01 1.198680000000000023e-01 9.933999999999998387e-03 0.000000000000000000e+00 1.655500000000004190e-03 4.966749999999998944e-03 5.032965914070513946e+01
4.735099999999999865e-01 1.198680000000000023e-01 1.324500000000000677e-02 3.310999999999994503e-03 1.655500000000004190e-03 3.311250000000001692e-03 1.508057306240467099e+01
4.867549999999999932e-01 1.264899999999999913e-01 1.324500000000000677e-02 6.622500000000003384e-03 -1.387778780781445676e-17 1.655750000000004440e-03 6.753452022813627664e+00
5.000000000000000000e-01 1.331130000000000091e-01 1.324499999999997901e-02 6.622500000000003384e-03 0.000000000000000000e+00 1.655499999999997252e-03 6.752432325996013951e+00
5.132449999999999513e-01 1.397349999999999981e-01 1.324500000000000677e-02 9.933499999999997887e-03 -3.311249999999973936e-03 1.655749999999997502e-03 1.208054095329231004e+01
5.264900000000000135e-01 1.529800000000000049e-01 6.622500000000031140e-03 9.933999999999998387e-03 -4.966750000000019760e-03 -3.311000000000001442e-03 1.610781150768957914e+01
5.264900000000000135e-01 1.596029999999999949e-01 3.311499999999967248e-03 3.311499999999995003e-03 -2.775557561562891351e-17 -4.966999999999999194e-03 -1.601399349410807815e+02
5.331129999999999480e-01 1.596029999999999949e-01 6.622499999999975628e-03 0.000000000000000000e+00 3.311000000000036136e-03 -3.311499999999995003e-03 -7.550588902897368371e+01
5.397349999999999648e-01 1.596029999999999949e-01 9.933500000000039520e-03 -3.311499999999995003e-03 1.655750000000011379e-03 -3.311250000000001692e-03 -2.387489541259605375e+01
5.529800000000000271e-01 1.529800000000000049e-01 9.933999999999998387e-03 -6.622500000000003384e-03 2.499999999794333405e-07 -1.655500000000004190e-03 -9.662643900744321002e+00
5.596029999999999616e-01 1.463579999999999881e-01 9.933999999999998387e-03 -6.622500000000003384e-03 1.655500000000004190e-03 1.655500000000004190e-03 1.610586579671396024e+01
5.728480000000000238e-01 1.397349999999999981e-01 1.324500000000000677e-02 -3.311499999999995003e-03 -2.500000000071889161e-07 3.311250000000001692e-03 1.723378431678932898e+01
5.860929999999999751e-01 1.397349999999999981e-01 9.933499999999984009e-03 0.000000000000000000e+00 -1.655749999999983624e-03 1.655749999999997502e-03 1.677993103222859617e+01
5.927149999999999919e-01 1.397349999999999981e-01 9.933500000000039520e-03 0.000000000000000000e+00 2.500000000071889161e-07 0.000000000000000000e+00 0.000000000000000000e+00
6.059600000000000541e-01 1.397349999999999981e-01 9.933999999999998387e-03 0.000000000000000000e+00 -1.655500000000031946e-03 1.655749999999997502e-03 1.677824193330093649e+01
6.125829999999999886e-01 1.397349999999999981e-01 6.622499999999975628e-03 3.311499999999995003e-03 -1.655749999999983624e-03 8.278250000000000886e-03 1.485620765174052451e+02
6.192050000000000054e-01 1.463579999999999881e-01 6.622500000000031140e-03 1.655650000000000177e-02 -3.311249999999987814e-03 8.278000000000007574e-03 1.933722150110438420e+01
6.258280000000000509e-01 1.728480000000000016e-01 0.000000000000000000e+00 1.986750000000001015e-02 -6.622500000000031140e-03 -2.500000000002500222e-07 1.677781972232714480e+01
6.192050000000000054e-01 1.860930000000000084e-01 -6.622500000000031140e-03 1.655600000000000127e-02 -8.278000000000007574e-03 4.966749999999992005e-03 1.837121124851354992e+01
6.125829999999999886e-01 2.059600000000000042e-01 -1.655600000000001515e-02 2.980099999999999416e-02 -6.622499999999975628e-03 6.622749999999996695e-03 2.213766016676772086e+00
5.860929999999999751e-01 2.456949999999999967e-01 -1.986749999999998240e-02 2.980149999999999466e-02 1.655500000000004190e-03 -6.622249999999996195e-03 1.789675072129020661e+00
5.728480000000000238e-01 2.655629999999999935e-01 -1.324500000000000677e-02 1.655650000000000177e-02 4.966749999999992005e-03 -6.622749999999989756e-03 5.755963400411677755e-01
5.596029999999999616e-01 2.788080000000000003e-01 -9.933999999999998387e-03 1.655600000000001515e-02 6.622500000000003384e-03 -1.655749999999997502e-03 -1.294788800724842304e+01
5.529800000000000271e-01 2.986750000000000238e-01 0.000000000000000000e+00 1.324500000000000677e-02 9.933999999999998387e-03 -6.622250000000010073e-03 -5.662656663247918232e+01
5.596029999999999616e-01 3.052980000000000138e-01 9.933999999999998387e-03 3.311499999999995003e-03 8.278000000000007574e-03 -4.966750000000005882e-03 -6.684610239959950206e+01
5.728480000000000238e-01 3.052980000000000138e-01 1.655600000000001515e-02 3.311499999999995003e-03 1.324474999999999958e-02 1.655500000000004190e-03 -3.418106059491742510e+00
5.927149999999999919e-01 3.119210000000000038e-01 3.642349999999999755e-02 6.622500000000003384e-03 1.158950000000000258e-02 -2.499999999933111283e-07 -1.512884982319044225e+00
6.456950000000000189e-01 3.185430000000000206e-01 3.973500000000002030e-02 3.311000000000008381e-03 -4.966749999999992005e-03 -3.311250000000001692e-03 -1.816152229601349921e+00
6.721850000000000325e-01 3.185430000000000206e-01 2.649000000000001354e-02 0.000000000000000000e+00 -8.278000000000007574e-03 -1.655500000000004190e-03 -2.359202764749082082e+00
6.986750000000000460e-01 3.185430000000000206e-01 2.317900000000000515e-02 0.000000000000000000e+00 2.499999999794333405e-07 -3.311250000000001692e-03 -6.163147765373095055e+00
7.185430000000000428e-01 3.185430000000000206e-01 2.649049999999997240e-02 -6.622500000000003384e-03 -1.655750000000011379e-03 -6.622500000000003384e-03 -9.155458104112636164e+00
7.516559999999999908e-01 3.052980000000000138e-01 1.986749999999998240e-02 -1.324500000000000677e-02 -9.933999999999970631e-03 -4.966999999999999194e-03 -1.691349025832158404e+01
7.582780000000000076e-01 2.920530000000000070e-01 6.622500000000031140e-03 -1.655650000000000177e-02 -9.933749999999991198e-03 -1.655749999999997502e-03 -3.094013838731626009e+01
7.649010000000000531e-01 2.721850000000000103e-01 0.000000000000000000e+00 -1.655650000000000177e-02 -9.933750000000018954e-03 1.655749999999997502e-03 -3.623899617154323494e+01
7.582780000000000076e-01 2.589400000000000035e-01 -1.324500000000000677e-02 -1.324500000000000677e-02 -8.278000000000007574e-03 3.311500000000001942e-03 -2.335693117686522413e+01
7.384110000000000396e-01 2.456949999999999967e-01 -1.655600000000001515e-02 -9.933499999999997887e-03 0.000000000000000000e+00 4.967000000000006132e-03 -1.142558469129600773e+01
7.251659999999999773e-01 2.390730000000000077e-01 -1.324500000000000677e-02 -3.310999999999994503e-03 3.311000000000008381e-03 8.277999999999993697e-03 -3.877777995899834451e+01
7.119210000000000260e-01 2.390730000000000077e-01 -9.933999999999998387e-03 6.622499999999989506e-03 3.311000000000008381e-03 8.277999999999993697e-03 -6.120550050203840442e+01
7.052979999999999805e-01 2.523179999999999867e-01 -6.622999999999990006e-03 1.324499999999999289e-02 3.311250000000015570e-03 4.966750000000012821e-03 -2.363473673482673831e+01
6.986750000000000460e-01 2.655629999999999935e-01 -3.311499999999967248e-03 1.655600000000001515e-02 4.967249999999978627e-03 6.938893903907228378e-18 -1.708640253951539023e+01
6.986750000000000460e-01 2.854300000000000170e-01 3.311499999999967248e-03 1.324500000000000677e-02 4.967249999999950871e-03 -4.966500000000012571e-03 -3.231590729842150722e+01
7.052979999999999805e-01 2.920530000000000070e-01 6.622999999999934495e-03 6.622999999999990006e-03 3.311499999999967248e-03 -6.622000000000016762e-03 -8.006593737352710605e+01
