4.139070000000000249e-01 2.986750000000000238e-01 -6.622000000000016762e-03 0.000000000000000000e+00 -4.999999999866222566e-07 0.000000000000000000e+00 0.000000000000000000e+00
4.072850000000000081e-01 2.986750000000000238e-01 -6.622500000000003384e-03 0.000000000000000000e+00 -1.655999999999990813e-03 0.000000000000000000e+00 0.000000000000000000e+00
4.006620000000000181e-01 2.986750000000000238e-01 -9.933999999999998387e-03 0.000000000000000000e+00 -3.311250000000001692e-03 0.000000000000000000e+00 0.000000000000000000e+00
3.874170000000000114e-01 2.986750000000000238e-01 -1.324500000000000677e-02 0.000000000000000000e+00 -1.655500000000004190e-03 0.000000000000000000e+00 0.000000000000000000e+00
3.741720000000000046e-01 2.986750000000000238e-01 -1.324500000000000677e-02 0.000000000000000000e+00 1.655749999999997502e-03 3.311499999999995003e-03 -1.887647225724325750e+01
3.609269999999999978e-01 2.986750000000000238e-01 -9.933500000000011765e-03 6.622999999999990006e-03 3.311250000000001692e-03 6.622749999999996695e-03 -5.154513893802206326e+01
3.543049999999999811e-01 3.119210000000000038e-01 -6.622500000000003384e-03 1.324549999999999339e-02 3.311000000000008381e-03 3.311000000000008381e-03 -2.025597152994294703e+01
3.476819999999999911e-01 3.251660000000000106e-01 -3.311499999999995003e-03 1.324500000000000677e-02 3.311250000000001692e-03 -2.499999999933111283e-07 -1.723378431678934675e+01
3.476819999999999911e-01 3.384110000000000174e-01 0.000000000000000000e+00 1.324500000000000677e-02 3.311499999999995003e-03 -1.387778780781445676e-17 -1.887647225724325750e+01
3.476819999999999911e-01 3.516560000000000241e-01 3.311499999999995003e-03 1.324499999999997901e-02 4.966999999999999194e-03 -1.655750000000011379e-03 -2.800640405464821470e+01
3.543049999999999811e-01 3.649009999999999754e-01 9.933999999999998387e-03 9.933499999999984009e-03 6.622250000000010073e-03 -4.966999999999985316e-03 -4.152238819993731056e+01
3.675499999999999878e-01 3.715229999999999921e-01 1.655600000000001515e-02 3.311000000000008381e-03 1.655500000000004190e-03 -8.277999999999993697e-03 -2.961412640838639376e+01
3.874170000000000114e-01 3.715229999999999921e-01 1.324500000000000677e-02 -6.622500000000003384e-03 -6.622250000000010073e-03 -1.490049999999999708e-02 -7.428134422163516604e+01
3.940400000000000014e-01 3.582779999999999854e-01 3.311499999999995003e-03 -2.648999999999998578e-02 -6.622500000000003384e-03 -1.158949999999998870e-02 -1.123770992744347019e+01
3.940400000000000014e-01 3.185430000000000206e-01 0.000000000000000000e+00 -2.980149999999998078e-02 -3.311499999999995003e-03 1.655499999999990313e-03 -3.728623319541721326e+00
3.940400000000000014e-01 2.986750000000000238e-01 -3.311499999999995003e-03 -2.317900000000000515e-02 -4.966999999999999194e-03 1.655749999999983624e-03 -9.396104830197188562e+00
3.874170000000000114e-01 2.721850000000000103e-01 -9.933999999999998387e-03 -2.649000000000001354e-02 -3.311000000000008381e-03 2.500000000002500222e-07 -3.873371827602623885e+00
3.741720000000000046e-01 2.456949999999999967e-01 -9.933500000000011765e-03 -2.317850000000000465e-02 1.655749999999997502e-03 1.655750000000004440e-03 1.367558087407530154e+00
3.675499999999999878e-01 2.258280000000000010e-01 -6.622500000000003384e-03 -2.317850000000000465e-02 3.311000000000008381e-03 1.655500000000004190e-03 4.695914827425467841e+00
3.609269999999999978e-01 1.993379999999999874e-01 -3.311499999999995003e-03 -1.986749999999999627e-02 3.311250000000001692e-03 3.311000000000008381e-03 6.709231676165897440e+00
3.609269999999999978e-01 1.860930000000000084e-01 0.000000000000000000e+00 -1.655649999999998789e-02 3.311499999999995003e-03 3.311249999999994753e-03 1.208057740753141651e+01
3.609269999999999978e-01 1.662250000000000116e-01 3.311499999999995003e-03 -1.324500000000000677e-02 3.311250000000001692e-03 3.311499999999988064e-03 2.154328765880221042e+01
3.675499999999999878e-01 1.596029999999999949e-01 6.622500000000003384e-03 -9.933500000000011765e-03 3.311000000000008381e-03 3.311250000000001692e-03 3.221509921618545036e+01
3.741720000000000046e-01 1.463579999999999881e-01 9.933500000000011765e-03 -6.622500000000003384e-03 3.311250000000001692e-03 4.966750000000005882e-03 4.188069920457132866e+01
3.874170000000000114e-01 1.463579999999999881e-01 1.324500000000000677e-02 0.000000000000000000e+00 1.655749999999997502e-03 3.311250000000001692e-03 1.887504718761795885e+01
4.006620000000000181e-01 1.463579999999999881e-01 1.324500000000000677e-02 0.000000000000000000e+00 1.655749999999997502e-03 3.311250000000001692e-03 1.887504718761795885e+01
4.139070000000000249e-01 1.463579999999999881e-01 1.655650000000000177e-02 6.622500000000003384e-03 -1.655500000000004190e-03 6.622500000000003384e-03 2.127108964760217802e+01
4.337750000000000217e-01 1.596029999999999949e-01 9.933999999999998387e-03 1.324500000000000677e-02 -6.622750000000010573e-03 3.311250000000001692e-03 2.657625612791709813e+01
4.337750000000000217e-01 1.728480000000000016e-01 3.310999999999980625e-03 1.324500000000000677e-02 -1.655750000000011379e-03 -3.311250000000001692e-03 4.309618130298208172e+00
4.403969999999999829e-01 1.860930000000000084e-01 6.622499999999975628e-03 6.622500000000003384e-03 1.655750000000011379e-03 -8.278250000000007824e-03 -8.008205852227622756e+01
4.470199999999999729e-01 1.860930000000000084e-01 6.622500000000003384e-03 -3.311500000000008881e-03 1.387778780781445676e-17 -6.622500000000003384e-03 -1.080421802457595675e+02
4.536419999999999897e-01 1.794699999999999906e-01 6.622500000000003384e-03 -6.622500000000003384e-03 0.000000000000000000e+00 2.500000000071889161e-07 2.015352791538620875e-03
4.602649999999999797e-01 1.728480000000000016e-01 6.622500000000003384e-03 -3.310999999999994503e-03 1.655500000000004190e-03 1.655500000000004190e-03 4.051540960564869920e+01
4.668869999999999965e-01 1.728480000000000016e-01 9.933500000000011765e-03 -3.311499999999995003e-03 3.311250000000001692e-03 -1.655750000000004440e-03 -4.775267487621971618e+00
4.801320000000000032e-01 1.662250000000000116e-01 1.324500000000000677e-02 -6.622500000000003384e-03 2.499999999933111283e-07 2.499999999933111283e-07 1.529545226324827579e-03
4.933770000000000100e-01 1.596029999999999949e-01 9.933999999999998387e-03 -3.311000000000008381e-03 -1.655500000000018068e-03 4.966750000000005882e-03 3.819940010041374023e+01
5.000000000000000000e-01 1.596029999999999949e-01 9.933999999999970631e-03 3.311000000000008381e-03 0.000000000000000000e+00 4.966750000000005882e-03 4.297351401988262865e+01
5.132449999999999513e-01 1.662250000000000116e-01 9.933999999999998387e-03 6.622500000000003384e-03 -3.311249999999973936e-03 9.933999999999991448e-03 7.087300875367235165e+01
5.198679999999999968e-01 1.728480000000000016e-01 3.311500000000022759e-03 2.317899999999999128e-02 -6.622750000000010573e-03 1.324499999999999983e-02 1.537564945661770821e+01
5.198679999999999968e-01 2.125829999999999942e-01 -3.311500000000022759e-03 3.311250000000000304e-02 -4.966999999999999194e-03 1.655500000000004190e-03 4.314240017439945341e+00
5.132449999999999513e-01 2.390730000000000077e-01 -6.622499999999975628e-03 2.648999999999999966e-02 -4.966749999999978127e-03 0.000000000000000000e+00 6.462714574854237171e+00
5.066230000000000455e-01 2.655629999999999935e-01 -1.324499999999997901e-02 3.311250000000000304e-02 -1.655750000000025257e-03 6.938893903907228378e-18 1.208714792896063317e+00
4.867549999999999932e-01 3.052980000000000138e-01 -9.934000000000026143e-03 2.649000000000001354e-02 4.966749999999992005e-03 -9.933749999999998137e-03 -1.452327080905513101e+00
4.867549999999999932e-01 3.185430000000000206e-01 -3.311499999999995003e-03 1.324500000000000677e-02 4.967000000000013071e-03 -6.622500000000017262e-03 -1.723410963598181311e+01
4.801320000000000032e-01 3.317880000000000273e-01 0.000000000000000000e+00 1.324499999999997901e-02 4.966999999999999194e-03 -1.655500000000004190e-03 -2.831328331623971195e+01
4.867549999999999932e-01 3.450329999999999786e-01 6.622500000000003384e-03 9.933999999999998387e-03 1.158949999999998870e-02 -3.311249999999987814e-03 -8.053662550990442526e+01
4.933770000000000100e-01 3.516560000000000241e-01 2.317899999999997740e-02 6.622500000000003384e-03 1.490074999999999039e-02 -1.655750000000011379e-03 -9.783727791269821950e+00
5.331129999999999480e-01 3.582779999999999854e-01 3.642399999999998417e-02 6.622499999999975628e-03 4.966750000000033638e-03 0.000000000000000000e+00 -6.482532124911821736e-01
5.662249999999999783e-01 3.649009999999999754e-01 3.311250000000004468e-02 6.622500000000003384e-03 4.966750000000005882e-03 -1.655749999999983624e-03 -2.278056027421579088e+00
5.993380000000000374e-01 3.715229999999999921e-01 4.635749999999999593e-02 3.311000000000008381e-03 4.966749999999964249e-03 -4.966750000000005882e-03 -2.457415487397748510e+00
6.589399999999999702e-01 3.715229999999999921e-01 4.304599999999997317e-02 -3.311000000000008381e-03 -1.158924999999999539e-02 -6.622249999999996195e-03 -4.019237266867129676e+00
6.854299999999999837e-01 3.649009999999999754e-01 2.317900000000000515e-02 -9.933499999999984009e-03 -1.324474999999997182e-02 -8.278249999999987008e-03 -2.016880461910475120e+01
7.052979999999999805e-01 3.516560000000000241e-01 1.655650000000002953e-02 -1.986749999999998240e-02 -9.933749999999991198e-03 -4.967000000000013071e-03 -1.616406309838589905e+01
7.185430000000000428e-01 3.251660000000000106e-01 3.311500000000022759e-03 -1.986750000000001015e-02 -1.158950000000003033e-02 4.966749999999992005e-03 -2.616620613034368148e+01
7.119210000000000260e-01 3.119210000000000038e-01 -6.622500000000031140e-03 -9.933999999999998387e-03 -8.278500000000021952e-03 4.966750000000005882e-03 -6.765164103792227479e+01
7.052979999999999805e-01 3.052980000000000138e-01 -1.324550000000002115e-02 -9.933999999999998387e-03 -3.311249999999987814e-03 1.655749999999997502e-03 -1.207955595728564724e+01
6.854299999999999837e-01 2.920530000000000070e-01 -1.324500000000000677e-02 -6.622500000000003384e-03 1.656000000000018568e-03 9.933999999999998387e-03 -3.714143688343071403e+01
6.788079999999999670e-01 2.920530000000000070e-01 -9.933499999999984009e-03 9.933999999999998387e-03 1.655500000000004190e-03 1.158950000000000258e-02 -4.745394461675422804e+01
6.655630000000000157e-01 3.119210000000000038e-01 -9.933999999999998387e-03 1.655650000000000177e-02 3.310999999999980625e-03 1.655500000000004190e-03 -9.900443295664453913e+00
6.589399999999999702e-01 3.251660000000000106e-01 -3.311500000000022759e-03 1.324500000000000677e-02 4.966999999999999194e-03 -1.655749999999997502e-03 -2.369722603182756870e+01
6.589399999999999702e-01 3.384110000000000174e-01 0.000000000000000000e+00 1.324500000000000677e-02 3.311500000000022759e-03 0.000000000000000000e+00 -1.887647225724341737e+01
