4.271519999999999762e-01 6.026499999999999913e-02 -6.621999999999961251e-03 0.000000000000000000e+00 -5.000000000143778323e-07 0.000000000000000000e+00 0.000000000000000000e+00
4.205300000000000149e-01 6.026499999999999913e-02 -6.622499999999975628e-03 0.000000000000000000e+00 -2.500000000210667039e-07 0.000000000000000000e+00 0.000000000000000000e+00
4.139070000000000249e-01 6.026499999999999913e-02 -6.622500000000003384e-03 0.000000000000000000e+00 -1.655500000000018068e-03 1.655500000000000721e-03 -3.774724423598523515e+01
4.072850000000000081e-01 6.026499999999999913e-02 -9.933500000000011765e-03 3.311000000000001442e-03 -1.655749999999997502e-03 4.966749999999998944e-03 -3.820170755246068950e+01
3.940400000000000014e-01 6.688700000000000201e-02 -9.933999999999998387e-03 9.933499999999997887e-03 6.622250000000010073e-03 4.966999999999999194e-03 -4.152238819993730345e+01
3.874170000000000114e-01 8.013199999999999490e-02 3.311000000000008381e-03 1.324499999999999983e-02 1.158950000000000258e-02 2.500000000037194692e-07 -6.032131641339736206e+01
4.006620000000000181e-01 9.337700000000000167e-02 1.324500000000000677e-02 9.934000000000005326e-03 8.278249999999987008e-03 -3.311000000000001442e-03 -2.778331430176566030e+01
4.139070000000000249e-01 1.000000000000000056e-01 1.986749999999998240e-02 6.622999999999996945e-03 3.311249999999987814e-03 -3.311250000000005161e-03 -9.550066349072245941e+00
4.403969999999999829e-01 1.066229999999999956e-01 1.986749999999998240e-02 3.311499999999995003e-03 -6.622499999999989506e-03 -9.934249999999998637e-03 -2.147055443576910605e+01
4.536419999999999897e-01 1.066229999999999956e-01 6.622500000000003384e-03 -1.324550000000000033e-02 -1.324499999999999289e-02 -1.324524999999999661e-02 -8.103051370257941244e+01
4.536419999999999897e-01 8.013199999999999490e-02 -6.622500000000003384e-03 -2.317899999999999822e-02 -9.933750000000005076e-03 -4.966499999999998693e-03 -1.408849710572144431e+01
4.403969999999999829e-01 6.026499999999999913e-02 -1.324500000000000677e-02 -2.317849999999999772e-02 -1.655499999999990313e-03 -1.655500000000000721e-03 -8.643629157381512718e-01
4.271519999999999762e-01 3.377499999999999947e-02 -9.933499999999984009e-03 -2.648999999999999966e-02 3.311250000000015570e-03 -2.500000000002500222e-07 3.873736390870391233e+00
4.205300000000000149e-01 7.284999999999999809e-03 -6.622499999999975628e-03 -2.317899999999999822e-02 4.966749999999992005e-03 6.622499999999999915e-03 5.087266624506197488e+00
4.139070000000000249e-01 -1.258300000000000043e-02 0.000000000000000000e+00 -1.324499999999999983e-02 8.278249999999987008e-03 8.278249999999999151e-03 4.718833050385752159e+01
4.205300000000000149e-01 -1.920499999999999985e-02 9.933999999999998387e-03 -6.622499999999999915e-03 8.277999999999993697e-03 6.622499999999999915e-03 7.087057657822752788e+01
4.337750000000000217e-01 -2.582800000000000026e-02 1.655599999999998739e-02 0.000000000000000000e+00 1.655499999999990313e-03 6.622499999999999915e-03 2.416079005232583299e+01
4.536419999999999897e-01 -1.920499999999999985e-02 1.324499999999997901e-02 6.622499999999999915e-03 -4.966749999999992005e-03 3.311249999999999957e-03 2.363504268621246496e+01
4.602649999999999797e-01 -1.258300000000000043e-02 6.622500000000003384e-03 6.622499999999999915e-03 -3.311249999999987814e-03 0.000000000000000000e+00 2.669334772316135940e+01
4.668869999999999965e-01 -5.960000000000000020e-03 6.622500000000003384e-03 6.622499999999999915e-03 0.000000000000000000e+00 0.000000000000000000e+00 0.000000000000000000e+00
4.735099999999999865e-01 6.620000000000000450e-04 6.622500000000003384e-03 6.622499999999999915e-03 0.000000000000000000e+00 -1.655500000000000070e-03 -1.334566618518499581e+01
4.801320000000000032e-01 7.284999999999999809e-03 6.622500000000003384e-03 3.311499999999999774e-03 -1.655500000000004190e-03 -4.967000000000000061e-03 -6.752840203183406231e+01
4.867549999999999932e-01 7.284999999999999809e-03 3.311499999999995003e-03 -3.311499999999999774e-03 0.000000000000000000e+00 -4.967000000000000061e-03 -1.601399349410806678e+02
4.867549999999999932e-01 6.620000000000000450e-04 6.622500000000003384e-03 -6.622499999999999915e-03 6.622500000000003384e-03 -1.655500000000000070e-03 4.004102926113794325e+01
5.000000000000000000e-01 -5.960000000000000020e-03 1.655650000000000177e-02 -6.622499999999999915e-03 4.966999999999985316e-03 3.311249999999999957e-03 1.547006919365815314e+01
5.198679999999999968e-01 -1.258300000000000043e-02 1.655649999999997402e-02 0.000000000000000000e+00 -3.311500000000008881e-03 8.278250000000000886e-03 3.019961948479459224e+01
5.331129999999999480e-01 -5.960000000000000020e-03 9.933499999999984009e-03 9.934000000000000122e-03 -4.966999999999971438e-03 1.158925000000000059e-02 5.931795332053386716e+01
5.397349999999999648e-01 7.284999999999999809e-03 6.622500000000031140e-03 2.317850000000000119e-02 -3.310999999999980625e-03 9.933500000000001356e-03 1.017478744822521897e+01
5.463580000000000103e-01 4.039700000000000235e-02 3.311500000000022759e-03 2.980100000000000110e-02 -4.967000000000026949e-03 2.499999999985152987e-07 5.490859495821352354e+00
5.463580000000000103e-01 6.688700000000000201e-02 -3.311500000000022759e-03 2.317899999999999822e-02 -4.967000000000026949e-03 -8.278000000000000635e-03 1.110448165821054367e+01
5.397349999999999648e-01 8.675499999999999878e-02 -6.622500000000031140e-03 1.324499999999999983e-02 -1.655499999999976435e-03 -6.622499999999999915e-03 2.025831667480552056e+01
5.331129999999999480e-01 9.337700000000000167e-02 -6.622499999999975628e-03 9.933999999999998387e-03 1.655500000000031946e-03 -1.655500000000000721e-03 -3.221367715750415694e+00
5.264900000000000135e-01 1.066229999999999956e-01 -3.311499999999967248e-03 9.933999999999998387e-03 3.311249999999987814e-03 -1.655749999999997502e-03 -2.387309301407200834e+01
5.264900000000000135e-01 1.132449999999999984e-01 0.000000000000000000e+00 6.622500000000003384e-03 3.311499999999967248e-03 -3.311249999999998223e-03 -7.550588902897240473e+01
5.264900000000000135e-01 1.198680000000000023e-01 3.311499999999967248e-03 3.311500000000001942e-03 8.278249999999987008e-03 -1.655750000000004440e-03 -3.202798698821649168e+02
5.331129999999999480e-01 1.198680000000000023e-01 1.655649999999997402e-02 3.310999999999994503e-03 8.278000000000035330e-03 -2.500000000037194692e-07 -5.695070621705734304e+00
5.596029999999999616e-01 1.264899999999999913e-01 1.986750000000003791e-02 3.310999999999994503e-03 -2.499999999794333405e-07 2.500000000071889161e-07 7.091685938846307470e-04
5.728480000000000238e-01 1.264899999999999913e-01 1.655600000000001515e-02 3.311500000000008881e-03 -3.311250000000015570e-03 2.500000000071889161e-07 2.279081359315938027e+00
5.927149999999999919e-01 1.331130000000000091e-01 1.324500000000000677e-02 3.311500000000008881e-03 -8.278000000000007574e-03 -4.967000000000006132e-03 -1.507984594376391918e+01
5.993380000000000374e-01 1.331130000000000091e-01 0.000000000000000000e+00 -6.622500000000003384e-03 -9.933750000000018954e-03 -9.934000000000005326e-03 -2.265005662514157905e+02
5.927149999999999919e-01 1.198680000000000023e-01 -6.622500000000031140e-03 -1.655650000000000177e-02 -1.655500000000004190e-03 -3.311499999999998473e-03 -9.662770839945398205e-01
5.860929999999999751e-01 1.000000000000000056e-01 -3.311000000000008381e-03 -1.324550000000000033e-02 6.622500000000031140e-03 1.655750000000000971e-03 3.231267356219866826e+01
5.860929999999999751e-01 9.337700000000000167e-02 6.622500000000031140e-03 -1.324499999999999983e-02 9.933500000000011765e-03 1.656000000000001221e-03 4.389386920942675374e+01
5.993380000000000374e-01 7.351000000000000589e-02 1.655600000000001515e-02 -9.933499999999997887e-03 6.622499999999975628e-03 8.277999999999997166e-03 2.818202009565608890e+01
6.192050000000000054e-01 7.351000000000000589e-02 1.986749999999998240e-02 3.310999999999994503e-03 -3.311000000000008381e-03 1.158924999999999886e-02 2.952047422590398185e+01
6.390730000000000022e-01 8.013199999999999490e-02 9.933999999999998387e-03 1.324499999999999983e-02 -1.324499999999997901e-02 8.278500000000004605e-03 5.677587562483051897e+01
6.390730000000000022e-01 1.000000000000000056e-01 -6.622499999999975628e-03 1.986800000000000371e-02 -1.158950000000000258e-02 -1.655500000000000721e-03 2.626180825831139032e+01
6.258280000000000509e-01 1.198680000000000023e-01 -1.324500000000000677e-02 9.933999999999998387e-03 -3.311250000000043325e-03 -9.934000000000001857e-03 3.624001762178844643e+01
6.125829999999999886e-01 1.198680000000000023e-01 -1.324500000000006228e-02 0.000000000000000000e+00 -5.551115123125782702e-17 -9.933999999999998387e-03 5.662656663247869915e+01
