4.337750000000000217e-01 2.125829999999999942e-01 -6.623000000000045517e-03 0.000000000000000000e+00 -3.310999999999952870e-03 0.000000000000000000e+00 0.000000000000000000e+00
4.271519999999999762e-01 2.125829999999999942e-01 -9.933999999999998387e-03 0.000000000000000000e+00 -1.655249999999969246e-03 0.000000000000000000e+00 0.000000000000000000e+00
4.139070000000000249e-01 2.125829999999999942e-01 -9.933499999999984009e-03 0.000000000000000000e+00 2.499999999933111283e-07 0.000000000000000000e+00 -0.000000000000000000e+00
4.072850000000000081e-01 2.125829999999999942e-01 -9.933500000000011765e-03 0.000000000000000000e+00 -1.655750000000011379e-03 6.622500000000003384e-03 -6.711465695964577094e+01
3.940400000000000014e-01 2.125829999999999942e-01 -1.324500000000000677e-02 1.324500000000000677e-02 4.966750000000005882e-03 1.324499999999999983e-02 -3.670310120024807077e+01
3.807949999999999946e-01 2.390730000000000077e-01 0.000000000000000000e+00 2.648999999999999966e-02 1.655625000000000846e-02 3.311249999999994753e-03 -2.359380898452247166e+01
3.940400000000000014e-01 2.655629999999999935e-01 1.986750000000001015e-02 1.986749999999999627e-02 9.933750000000005076e-03 -9.933749999999998137e-03 -1.779556514877431539e+01
4.205300000000000149e-01 2.788080000000000003e-01 1.986750000000001015e-02 6.622500000000003384e-03 -4.967000000000013071e-03 -1.655625000000000152e-02 -3.223150550093843236e+01
4.337750000000000217e-01 2.788080000000000003e-01 9.933499999999984009e-03 -1.324500000000000677e-02 -8.278250000000014763e-03 -1.986750000000000321e-02 -6.764927816528557969e+01
4.403969999999999829e-01 2.523179999999999867e-01 3.310999999999980625e-03 -3.311250000000000304e-02 -6.622249999999982317e-03 -1.158949999999999564e-02 -6.991601469836727034e+00
4.403969999999999829e-01 2.125829999999999942e-01 -3.310999999999980625e-03 -3.642399999999999805e-02 -4.966749999999992005e-03 4.966750000000005882e-03 -4.033869042150126205e+00
4.337750000000000217e-01 1.794699999999999906e-01 -6.622500000000003384e-03 -2.317899999999999128e-02 1.655499999999990313e-03 9.933999999999998387e-03 -1.956981928354543099e+00
4.271519999999999762e-01 1.662250000000000116e-01 0.000000000000000000e+00 -1.655600000000000127e-02 1.158950000000000258e-02 4.966999999999992255e-03 4.228183862762247003e+01
4.337750000000000217e-01 1.463579999999999881e-01 1.655650000000000177e-02 -1.324500000000000677e-02 1.490049999999999708e-02 8.278000000000000635e-03 3.508471368365429299e+01
4.602649999999999797e-01 1.397349999999999981e-01 2.980099999999999416e-02 0.000000000000000000e+00 1.655500000000004190e-03 9.933750000000005076e-03 1.118540081406928799e+01
4.933770000000000100e-01 1.463579999999999881e-01 1.986750000000001015e-02 6.622500000000003384e-03 -8.277750000000000385e-03 1.655500000000004190e-03 9.549561633063678556e+00
5.000000000000000000e-01 1.529800000000000049e-01 1.324549999999999339e-02 3.311000000000008381e-03 -3.311250000000001692e-03 -3.311250000000001692e-03 -1.292552479604903581e+01
5.198679999999999968e-01 1.529800000000000049e-01 1.324500000000000677e-02 0.000000000000000000e+00 -3.311500000000008881e-03 -1.655500000000004190e-03 -9.436811058996328327e+00
5.264900000000000135e-01 1.529800000000000049e-01 6.622499999999975628e-03 0.000000000000000000e+00 0.000000000000000000e+00 -1.655500000000004190e-03 -3.774724423598564016e+01
5.331129999999999480e-01 1.529800000000000049e-01 1.324500000000000677e-02 -3.311000000000008381e-03 3.311250000000015570e-03 -1.655500000000004190e-03 -4.308316917094518139e+00
5.529800000000000271e-01 1.463579999999999881e-01 1.324500000000000677e-02 -3.311000000000008381e-03 4.966999999999999194e-03 4.966750000000005882e-03 3.231384073078280039e+01
5.596029999999999616e-01 1.463579999999999881e-01 2.317900000000000515e-02 6.622500000000003384e-03 3.311250000000015570e-03 8.278000000000007574e-03 1.213139699320892362e+01
5.993380000000000374e-01 1.596029999999999949e-01 1.986750000000003791e-02 1.324500000000000677e-02 -1.158950000000000258e-02 1.158925000000000233e-02 2.818838021301717234e+01
5.993380000000000374e-01 1.728480000000000016e-01 0.000000000000000000e+00 2.980100000000000804e-02 -1.655625000000002234e-02 1.655624999999999458e-02 1.864233469011547939e+01
5.993380000000000374e-01 2.192050000000000110e-01 -1.324500000000000677e-02 4.635749999999999593e-02 -8.278250000000014763e-03 2.499999999933111283e-07 3.424325911842589942e+00
5.728480000000000238e-01 2.655629999999999935e-01 -1.655650000000002953e-02 2.980149999999999466e-02 3.311249999999987814e-03 -1.490074999999999039e-02 3.735808279164528845e+00
5.662249999999999783e-01 2.788080000000000003e-01 -6.622500000000031140e-03 1.655600000000001515e-02 1.158950000000003033e-02 -6.622499999999996445e-03 -2.610714200787833406e+01
5.596029999999999616e-01 2.986750000000000238e-01 6.622500000000031140e-03 1.655650000000000177e-02 2.317875000000002572e-02 -3.311000000000008381e-03 -7.154844953602287205e+01
5.794700000000000406e-01 3.119210000000000038e-01 3.973500000000002030e-02 9.933999999999998387e-03 1.986749999999998240e-02 -6.622749999999996695e-03 -6.702430146293139046e+00
6.390730000000000022e-01 3.185430000000000206e-01 4.635749999999999593e-02 3.311000000000008381e-03 6.622499999999975628e-03 -6.622500000000003384e-03 -3.276636445420361365e+00
6.721850000000000325e-01 3.185430000000000206e-01 5.297999999999997156e-02 -3.311000000000008381e-03 3.311499999999995003e-03 -9.933750000000005076e-03 -3.445137694899230496e+00
7.450329999999999453e-01 3.119210000000000038e-01 5.298049999999998594e-02 -1.655650000000000177e-02 -1.655624999999996683e-02 -8.278499999999994197e-03 -4.167408798370514589e+00
7.781460000000000043e-01 2.854300000000000170e-01 1.986750000000003791e-02 -1.986799999999999677e-02 -2.814600000000000435e-02 2.499999999933111283e-07 -2.521017869158859526e+01
7.847680000000000211e-01 2.721850000000000103e-01 -3.311500000000022759e-03 -1.655600000000001515e-02 -1.821175000000002653e-02 3.311499999999995003e-03 -6.492337634062654672e+01
7.715229999999999588e-01 2.523179999999999867e-01 -1.655600000000001515e-02 -1.324500000000000677e-02 -6.622249999999968439e-03 8.278000000000007574e-03 -2.358216671454795588e+01
7.516559999999999908e-01 2.456949999999999967e-01 -1.655599999999995964e-02 0.000000000000000000e+00 3.311000000000008381e-03 1.324500000000000677e-02 -4.832158010465185072e+01
7.384110000000000396e-01 2.523179999999999867e-01 -9.933999999999998387e-03 1.324500000000000677e-02 8.277999999999979819e-03 8.278000000000007574e-03 -4.227877412484684072e+01
7.317879999999999940e-01 2.721850000000000103e-01 0.000000000000000000e+00 1.655600000000001515e-02 8.278500000000021952e-03 0.000000000000000000e+00 -3.020235567356425221e+01
7.384110000000000396e-01 2.854300000000000170e-01 6.623000000000045517e-03 1.324500000000000677e-02 6.623000000000045517e-03 -3.311000000000008381e-03 -3.376522058955852401e+01
