4.205300000000000149e-01 3.251660000000000106e-01 -6.622999999999990006e-03 0.000000000000000000e+00 -3.311000000000008381e-03 0.000000000000000000e+00 0.000000000000000000e+00
4.139070000000000249e-01 3.251660000000000106e-01 -9.933999999999998387e-03 0.000000000000000000e+00 -1.655250000000010879e-03 0.000000000000000000e+00 0.000000000000000000e+00
4.006620000000000181e-01 3.251660000000000106e-01 -9.933500000000011765e-03 0.000000000000000000e+00 2.499999999933111283e-07 3.311250000000001692e-03 -3.355732847982288547e+01
3.940400000000000014e-01 3.251660000000000106e-01 -9.933500000000011765e-03 6.622500000000003384e-03 -2.499999999933111283e-07 4.966749999999992005e-03 -2.899290820983919303e+01
3.807949999999999946e-01 3.384110000000000174e-01 -9.933999999999998387e-03 9.933499999999984009e-03 3.311000000000008381e-03 0.000000000000000000e+00 -1.186251582731943977e+01
3.741720000000000046e-01 3.450329999999999786e-01 -3.311499999999995003e-03 6.622500000000003384e-03 8.278250000000000886e-03 -1.655499999999990313e-03 -1.215494921547142013e+02
3.741720000000000046e-01 3.516560000000000241e-01 6.622500000000003384e-03 6.622500000000003384e-03 6.622749999999996695e-03 1.655499999999990313e-03 -4.004304461392944603e+01
3.874170000000000114e-01 3.582779999999999854e-01 9.933999999999998387e-03 9.933499999999984009e-03 1.655749999999997502e-03 0.000000000000000000e+00 -5.932153603468463210e+00
3.940400000000000014e-01 3.715229999999999921e-01 9.933999999999998387e-03 6.622500000000003384e-03 -2.499999999933111283e-07 -3.310999999999994503e-03 -1.932626065697626672e+01
4.072850000000000081e-01 3.715229999999999921e-01 9.933500000000011765e-03 3.311499999999995003e-03 -2.500000000071889161e-07 -1.655500000000004190e-03 -1.432363931571423343e+01
4.139070000000000249e-01 3.781459999999999821e-01 9.933499999999984009e-03 3.311499999999995003e-03 1.655749999999983624e-03 -3.311499999999995003e-03 -3.342903577826781003e+01
4.271519999999999762e-01 3.781459999999999821e-01 1.324499999999997901e-02 -3.311499999999995003e-03 2.500000000071889161e-07 -4.966999999999999194e-03 -2.585148972404552126e+01
4.403969999999999829e-01 3.715229999999999921e-01 9.933999999999998387e-03 -6.622500000000003384e-03 -3.311249999999987814e-03 -8.277999999999993697e-03 -6.120647335752606466e+01
4.470199999999999729e-01 3.649009999999999754e-01 6.622500000000003384e-03 -1.986749999999998240e-02 -3.311499999999995003e-03 -9.933749999999991198e-03 -1.432569438934765138e+01
4.536419999999999897e-01 3.317880000000000273e-01 3.311000000000008381e-03 -2.648999999999998578e-02 -4.966750000000005882e-03 -1.387778780781445676e-17 -6.915280856050659786e+00
4.536419999999999897e-01 3.119210000000000038e-01 -3.311000000000008381e-03 -1.986750000000001015e-02 -6.622249999999996195e-03 3.310999999999994503e-03 -1.744340543166351054e+01
4.470199999999999729e-01 2.920530000000000070e-01 -9.933499999999984009e-03 -1.986799999999999677e-02 -3.311499999999995003e-03 -1.655749999999997502e-03 -4.502286235649641810e+00
4.337750000000000217e-01 2.721850000000000103e-01 -9.933999999999998387e-03 -2.317900000000000515e-02 -1.655750000000011379e-03 -6.622250000000003134e-03 1.708926963157674228e+00
4.271519999999999762e-01 2.456949999999999967e-01 -1.324500000000000677e-02 -3.311250000000000304e-02 2.500000000071889161e-07 -1.655499999999997252e-03 4.835954187250450231e-01
4.072850000000000081e-01 2.059600000000000042e-01 -9.933499999999984009e-03 -2.648999999999999966e-02 6.622500000000003384e-03 9.933749999999998137e-03 3.389533053468011037e+00
4.072850000000000081e-01 1.927149999999999974e-01 0.000000000000000000e+00 -1.324500000000000677e-02 4.966749999999992005e-03 6.622500000000003384e-03 2.831185824661420369e+01
4.072850000000000081e-01 1.794699999999999906e-01 0.000000000000000000e+00 -1.324499999999999289e-02 3.311250000000001692e-03 1.655750000000004440e-03 1.887504718761800149e+01
4.072850000000000081e-01 1.662250000000000116e-01 6.622500000000003384e-03 -9.933499999999997887e-03 9.933749999999991198e-03 6.622499999999996445e-03 8.376285780820477100e+01
4.205300000000000149e-01 1.596029999999999949e-01 1.986749999999998240e-02 0.000000000000000000e+00 6.622499999999989506e-03 8.278000000000000635e-03 2.097195797076993173e+01
4.470199999999999729e-01 1.662250000000000116e-01 1.986749999999998240e-02 6.622500000000003384e-03 -4.966999999999985316e-03 4.966999999999999194e-03 1.432551413071403523e+01
4.602649999999999797e-01 1.728480000000000016e-01 9.933500000000011765e-03 9.933999999999998387e-03 -4.966999999999985316e-03 3.311249999999994753e-03 2.965987237261775533e+01
4.668869999999999965e-01 1.860930000000000084e-01 9.933500000000011765e-03 1.324499999999999289e-02 2.499999999933111283e-07 1.655499999999997252e-03 3.623013085493000052e+00
4.801320000000000032e-01 1.993379999999999874e-01 9.933999999999998387e-03 1.324499999999999289e-02 -1.655500000000004190e-03 6.938893903907228378e-18 4.831515939027260842e+00
4.867549999999999932e-01 2.125829999999999942e-01 6.622500000000003384e-03 1.324500000000000677e-02 -1.655749999999997502e-03 -3.311249999999994753e-03 5.098484087890363956e-04
4.933770000000000100e-01 2.258280000000000010e-01 6.622500000000003384e-03 6.622500000000003384e-03 2.500000000071889161e-07 -8.278250000000000886e-03 -6.673639233709090490e+01
5.000000000000000000e-01 2.258280000000000010e-01 6.623000000000017762e-03 -3.311499999999995003e-03 1.655749999999997502e-03 -6.622500000000003384e-03 -9.452589675993118590e+01
5.066230000000000455e-01 2.192050000000000110e-01 9.933999999999998387e-03 -6.622500000000003384e-03 1.655249999999983124e-03 -1.655500000000004190e-03 -3.222340571238123452e+00
5.198679999999999968e-01 2.125829999999999942e-01 9.933499999999984009e-03 -6.622500000000003384e-03 -2.500000000071889161e-07 -1.655749999999997502e-03 -9.666572945580163889e+00
5.264900000000000135e-01 2.059600000000000042e-01 9.933499999999984009e-03 -9.933999999999998387e-03 3.311499999999995003e-03 -1.655499999999997252e-03 5.933646479928828654e+00
5.397349999999999648e-01 1.927149999999999974e-01 1.655649999999997402e-02 -9.933499999999997887e-03 6.622750000000010573e-03 3.311500000000001942e-03 1.675704427620048520e+01
5.596029999999999616e-01 1.860930000000000084e-01 2.317900000000000515e-02 -3.310999999999994503e-03 1.655500000000031946e-03 4.966749999999998944e-03 9.395609547008614726e+00
5.860929999999999751e-01 1.860930000000000084e-01 1.986750000000003791e-02 0.000000000000000000e+00 -4.966999999999999194e-03 3.310999999999994503e-03 8.388276496885566758e+00
5.993380000000000374e-01 1.860930000000000084e-01 1.324500000000000677e-02 3.310999999999994503e-03 -3.311250000000015570e-03 9.933749999999998137e-03 5.601202356183965492e+01
6.125829999999999886e-01 1.927149999999999974e-01 1.324500000000000677e-02 1.986749999999999627e-02 -3.311249999999987814e-03 1.324525000000000008e-02 1.771869186751617775e+01
6.258280000000000509e-01 2.258280000000000010e-01 6.622500000000031140e-03 2.980149999999999466e-02 -6.622500000000003384e-03 1.655500000000004190e-03 7.321912784336272573e+00
6.258280000000000509e-01 2.523179999999999867e-01 0.000000000000000000e+00 2.317850000000000465e-02 -9.933750000000018954e-03 -1.655749999999990563e-03 1.849024100273193838e+01
6.258280000000000509e-01 2.721850000000000103e-01 -1.324500000000000677e-02 2.649000000000001354e-02 -9.933750000000018954e-03 2.500000000002500222e-07 1.012928579950501096e+01
5.993380000000000374e-01 3.052980000000000138e-01 -1.986750000000003791e-02 2.317900000000000515e-02 0.000000000000000000e+00 -3.311250000000015570e-03 2.312186119070525514e+00
5.860929999999999751e-01 3.185430000000000206e-01 -1.324500000000000677e-02 1.986749999999998240e-02 4.966750000000019760e-03 -3.311250000000001692e-03 -4.026737725727585371e+00
5.728480000000000238e-01 3.450329999999999786e-01 -9.933999999999998387e-03 1.655650000000000177e-02 8.278000000000007574e-03 -6.622499999999989506e-03 -9.900788317617905676e+00
5.662249999999999783e-01 3.516560000000000241e-01 3.311000000000008381e-03 6.622500000000003384e-03 1.490075000000001815e-02 -4.967000000000013071e-03 -2.836364194278926334e+02
5.794700000000000406e-01 3.582779999999999854e-01 1.986750000000003791e-02 6.622499999999975628e-03 1.158949999999997482e-02 0.000000000000000000e+00 -8.356429737160688376e+00
6.059600000000000541e-01 3.649009999999999754e-01 2.648999999999995802e-02 6.622500000000003384e-03 3.311249999999960059e-03 -1.655749999999983624e-03 -3.231601261652262913e+00
6.324499999999999567e-01 3.715229999999999921e-01 2.648999999999995802e-02 3.311000000000008381e-03 9.934000000000026143e-03 -1.655500000000004190e-03 -4.033754293309877781e+00
6.589399999999999702e-01 3.715229999999999921e-01 4.635800000000001031e-02 3.311499999999995003e-03 1.821200000000003372e-02 2.499999999933111283e-07 -6.006330166890659905e-01
7.251659999999999773e-01 3.781459999999999821e-01 6.291400000000002546e-02 3.311499999999995003e-03 -1.655999999999990813e-03 -3.311499999999995003e-03 -8.112288150020697808e-01
7.847680000000000211e-01 3.781459999999999821e-01 4.304600000000002868e-02 -3.311499999999995003e-03 -1.821200000000000596e-02 -6.622749999999996695e-03 -4.292100074892163164e+00
8.112580000000000346e-01 3.715229999999999921e-01 2.649000000000001354e-02 -9.933999999999998387e-03 -1.324475000000002733e-02 -3.310999999999994503e-03 -9.683630621542949513e+00
8.377480000000000482e-01 3.582779999999999854e-01 1.655649999999997402e-02 -9.933499999999984009e-03 -1.158925000000002314e-02 2.500000000071889161e-07 -1.599344188155653690e+01
8.443709999999999827e-01 3.516560000000000241e-01 3.311499999999967248e-03 -9.933499999999984009e-03 -1.158949999999997482e-02 -3.311500000000008881e-03 -1.098311528685930085e+02
8.443709999999999827e-01 3.384110000000000174e-01 -6.622499999999975628e-03 -1.655650000000000177e-02 -9.933999999999970631e-03 -3.311500000000008881e-03 -2.513926394078238147e+01
8.311260000000000314e-01 3.185430000000000206e-01 -1.655649999999997402e-02 -1.655650000000000177e-02 -8.278250000000014763e-03 4.966999999999999194e-03 -1.708354907090303954e+01
8.112580000000000346e-01 3.052980000000000138e-01 -2.317900000000000515e-02 -6.622500000000003384e-03 2.499999999794333405e-07 8.278250000000000886e-03 -1.369704163064841751e+01
7.847680000000000211e-01 3.052980000000000138e-01 -1.655600000000001515e-02 0.000000000000000000e+00 6.622750000000010573e-03 6.622500000000003384e-03 -2.416079005232576549e+01
7.781460000000000043e-01 3.052980000000000138e-01 -9.933499999999984009e-03 6.622500000000003384e-03 3.311000000000008381e-03 4.966999999999999194e-03 -4.188118564643937702e+01
7.649010000000000531e-01 3.185430000000000206e-01 -9.933999999999998387e-03 9.933999999999998387e-03 3.310999999999980625e-03 1.655749999999997502e-03 -1.779422163659997835e+01
7.582780000000000076e-01 3.251660000000000106e-01 -3.311500000000022759e-03 9.933999999999998387e-03 4.966999999999999194e-03 1.655500000000004190e-03 -4.774834899021403345e+01
7.582780000000000076e-01 3.384110000000000174e-01 0.000000000000000000e+00 1.324500000000000677e-02 3.311500000000022759e-03 3.311000000000008381e-03 -1.887647225724341737e+01
