4.271519999999999762e-01 9.337700000000000167e-02 0.000000000000000000e+00 6.623000000000003884e-03 0.000000000000000000e+00 -6.938893903907228378e-18 -0.000000000000000000e+00
4.271519999999999762e-01 1.000000000000000056e-01 0.000000000000000000e+00 6.622999999999996945e-03 4.966999999999999194e-03 -2.500000000037194692e-07 -1.132360339356106635e+02
4.271519999999999762e-01 1.066229999999999956e-01 9.933999999999998387e-03 6.622499999999996445e-03 8.278250000000000886e-03 -2.499999999967805753e-07 -3.221562308882997883e+01
4.470199999999999729e-01 1.132449999999999984e-01 1.655650000000000177e-02 6.622500000000003384e-03 3.311000000000008381e-03 0.000000000000000000e+00 -3.867152307446242165e+00
4.602649999999999797e-01 1.198680000000000023e-01 1.655600000000001515e-02 6.622499999999996445e-03 -2.499999999933111283e-07 -1.655750000000004440e-03 -4.834682961373538035e+00
4.801320000000000032e-01 1.264899999999999913e-01 1.655600000000001515e-02 3.310999999999994503e-03 -3.311000000000008381e-03 -3.311249999999998223e-03 -9.112528405431845613e+00
4.933770000000000100e-01 1.264899999999999913e-01 9.933999999999998387e-03 0.000000000000000000e+00 -6.622250000000010073e-03 -3.310999999999994503e-03 -3.355141720740414257e+01
5.000000000000000000e-01 1.264899999999999913e-01 3.311499999999995003e-03 -3.310999999999994503e-03 -6.622749999999996695e-03 -4.966749999999998944e-03 -3.737068640159548636e+02
5.000000000000000000e-01 1.198680000000000023e-01 -3.311499999999995003e-03 -9.933499999999997887e-03 -6.622749999999996695e-03 -4.967250000000002913e-03 -4.297596536308387982e+01
4.933770000000000100e-01 1.066229999999999956e-01 -9.933999999999998387e-03 -1.324550000000000033e-02 -6.622250000000010073e-03 -1.656000000000001221e-03 -1.570156229288278560e+01
4.801320000000000032e-01 9.337700000000000167e-02 -1.655600000000001515e-02 -1.324550000000000033e-02 -3.311000000000008381e-03 1.656000000000001221e-03 -7.477623984337402163e+00
4.602649999999999797e-01 8.013199999999999490e-02 -1.655600000000001515e-02 -9.933499999999997887e-03 4.966750000000005882e-03 3.311500000000001942e-03 -7.625030823475393849e-01
4.470199999999999729e-01 7.351000000000000589e-02 -6.622500000000003384e-03 -6.622499999999996445e-03 4.966750000000019760e-03 -1.655750000000002706e-03 5.338669544632311670e+01
4.470199999999999729e-01 6.688700000000000201e-02 -6.622499999999975628e-03 -1.324500000000000330e-02 1.387778780781445676e-17 -4.966750000000002413e-03 1.012915833740284910e+01
4.337750000000000217e-01 4.701999999999999930e-02 -6.622499999999975628e-03 -1.655600000000000127e-02 3.311249999999987814e-03 1.734723475976807094e-18 9.669219925980016228e+00
4.337750000000000217e-01 3.377499999999999947e-02 0.000000000000000000e+00 -1.324499999999999983e-02 4.966749999999978127e-03 1.655500000000000721e-03 2.831185824661415751e+01
4.337750000000000217e-01 2.052999999999999964e-02 3.310999999999980625e-03 -1.324499999999999983e-02 4.966749999999992005e-03 1.655499999999999854e-03 2.800519853494780520e+01
4.403969999999999829e-01 7.284999999999999809e-03 9.933499999999984009e-03 -9.934000000000000122e-03 4.967000000000013071e-03 4.966749999999999811e-03 3.559113028627766795e+01
4.536419999999999897e-01 6.620000000000000450e-04 1.324500000000000677e-02 -3.311499999999999774e-03 3.311500000000008881e-03 6.622750000000000165e-03 3.877869847331443509e+01
4.668869999999999965e-01 6.620000000000000450e-04 1.655650000000000177e-02 3.311499999999999774e-03 1.655749999999997502e-03 8.278249999999999151e-03 2.733489954655378185e+01
4.867549999999999932e-01 7.284999999999999809e-03 1.655650000000000177e-02 1.324499999999999983e-02 -1.655750000000011379e-03 8.278000000000000635e-03 1.667987425681481284e+01
5.000000000000000000e-01 2.715199999999999905e-02 1.324499999999997901e-02 1.986749999999999974e-02 -3.311250000000001692e-03 1.655750000000000971e-03 6.443193846358378885e+00
5.132449999999999513e-01 4.701999999999999930e-02 9.933999999999998387e-03 1.655650000000000177e-02 -4.966749999999978127e-03 -4.966999999999999194e-03 4.569240741687520035e+00
5.198679999999999968e-01 6.026499999999999913e-02 3.311500000000022759e-03 9.933500000000001356e-03 -4.966999999999999194e-03 -4.966999999999999194e-03 2.865016290021794987e+01
5.198679999999999968e-01 6.688700000000000201e-02 0.000000000000000000e+00 6.622500000000003384e-03 -1.655750000000011379e-03 -4.966750000000000678e-03 3.775294451448683475e+01
5.198679999999999968e-01 7.351000000000000589e-02 0.000000000000000000e+00 0.000000000000000000e+00 0.000000000000000000e+00 -6.622500000000003384e-03 0.000000000000000000e+00
5.198679999999999968e-01 6.688700000000000201e-02 0.000000000000000000e+00 -6.622500000000003384e-03 1.655500000000004190e-03 -6.622499999999999915e-03 3.774724423598531331e+01
5.198679999999999968e-01 6.026499999999999913e-02 3.311000000000008381e-03 -1.324499999999999983e-02 3.311249999999987814e-03 -6.622499999999998180e-03 8.617935047392569103e+00
5.264900000000000135e-01 4.039700000000000235e-02 6.622499999999975628e-03 -1.986749999999999974e-02 1.655749999999983624e-03 -8.673617379884035472e-19 3.581558791312089429e+00
5.331129999999999480e-01 2.052999999999999964e-02 6.622499999999975628e-03 -1.324500000000000156e-02 1.655500000000031946e-03 6.622499999999999915e-03 2.025831667480573728e+01
5.397349999999999648e-01 1.390699999999999922e-02 9.933500000000039520e-03 -6.622499999999999915e-03 3.311250000000015570e-03 6.622500000000000782e-03 5.154629919295707197e+01
5.529800000000000271e-01 7.284999999999999809e-03 1.324500000000000677e-02 0.000000000000000000e+00 -1.655500000000031946e-03 9.933749999999999872e-03 5.662514156285384104e+01
5.662249999999999783e-01 1.390699999999999922e-02 6.622499999999975628e-03 1.324499999999999983e-02 -4.966749999999992005e-03 9.933750000000001606e-03 4.051714319802000119e+01
5.662249999999999783e-01 3.377499999999999947e-02 3.311500000000022759e-03 1.986750000000000321e-02 -1.655499999999976435e-03 1.655500000000000721e-03 4.696158235182984697e+00
5.728480000000000238e-01 5.364200000000000218e-02 3.311500000000022759e-03 1.655600000000000127e-02 -3.311500000000022759e-03 -1.655500000000002456e-03 1.025191032616782039e+01
5.728480000000000238e-01 6.688700000000000201e-02 -3.311500000000022759e-03 1.655649999999999830e-02 -4.967000000000026949e-03 2.500000000002500222e-07 1.708439819919308178e+01
5.662249999999999783e-01 8.675499999999999878e-02 -6.622500000000031140e-03 1.655650000000000177e-02 -1.655499999999976435e-03 -1.655749999999999236e-03 6.767881523487764284e+00
5.596029999999999616e-01 1.000000000000000056e-01 -6.622499999999975628e-03 1.324499999999999983e-02 2.775557561562891351e-17 -3.311250000000001692e-03 6.752942174404680920e+00
5.529800000000000271e-01 1.132449999999999984e-01 -6.622499999999975628e-03 9.933999999999998387e-03 3.311249999999987814e-03 -3.311250000000001692e-03 -6.443221895969694302e+00
5.463580000000000103e-01 1.198680000000000023e-01 0.000000000000000000e+00 6.622499999999996445e-03 6.622499999999975628e-03 -1.655749999999997502e-03 -1.510003775009433866e+02
5.529800000000000271e-01 1.264899999999999913e-01 6.622499999999975628e-03 6.622500000000003384e-03 3.311249999999987814e-03 -1.655499999999993782e-03 -4.003901390834648311e+01
5.596029999999999616e-01 1.331130000000000091e-01 6.622499999999975628e-03 3.311500000000008881e-03 6.622500000000031140e-03 -1.655750000000004440e-03 -8.103775308807205136e+01
5.662249999999999783e-01 1.331130000000000091e-01 1.986750000000003791e-02 3.310999999999994503e-03 6.622500000000031140e-03 1.655499999999990313e-03 1.341761451504227098e+00
5.993380000000000374e-01 1.397349999999999981e-01 1.986750000000003791e-02 6.622499999999989506e-03 -3.311250000000015570e-03 2.500000000002500222e-07 2.388066378141976198e+00
6.059600000000000541e-01 1.463579999999999881e-01 1.324500000000000677e-02 3.311499999999995003e-03 1.655749999999955868e-03 -1.655749999999990563e-03 -1.077229441866623461e+01
6.258280000000000509e-01 1.463579999999999881e-01 2.317899999999994964e-02 3.311000000000008381e-03 1.655499999999976435e-03 -2.499999999933111283e-07 -4.274688997776125432e-01
6.523179999999999534e-01 1.529800000000000049e-01 1.655599999999995964e-02 3.311000000000008381e-03 -6.622749999999955062e-03 -3.311000000000008381e-03 -6.833407361879360487e+00
6.589399999999999702e-01 1.529800000000000049e-01 9.933500000000039520e-03 -3.311000000000008381e-03 -1.655499999999976435e-03 -4.966750000000005882e-03 -4.775195415199876692e+01
6.721850000000000325e-01 1.463579999999999881e-01 1.324500000000000677e-02 -6.622500000000003384e-03 2.499999999794333405e-07 -3.311499999999995003e-03 -1.350639419721839651e+01
6.854299999999999837e-01 1.397349999999999981e-01 9.933999999999998387e-03 -9.933999999999998387e-03 -3.311249999999987814e-03 -3.311249999999998223e-03 -2.372622596031281006e+01
6.920530000000000292e-01 1.264899999999999913e-01 6.622500000000031140e-03 -1.324499999999999983e-02 -3.311499999999995003e-03 -1.655499999999997252e-03 -1.688312020862512952e+01
6.986750000000000460e-01 1.132449999999999984e-01 3.311000000000008381e-03 -1.324499999999999289e-02 -6.622500000000031140e-03 -1.655750000000000971e-03 -3.662345886108111159e+01
6.986750000000000460e-01 1.000000000000000056e-01 -6.622500000000031140e-03 -1.655650000000000177e-02 -9.933500000000011765e-03 -3.469446951953614189e-18 -2.900554024785916951e+01
6.854299999999999837e-01 8.013199999999999490e-02 -1.655600000000001515e-02 -1.324499999999999983e-02 -4.966749999999992005e-03 6.622750000000003634e-03 -1.840629047851553679e+01
6.655630000000000157e-01 7.351000000000000589e-02 -1.655600000000001515e-02 -3.310999999999994503e-03 1.655500000000004190e-03 8.277999999999997166e-03 -2.733638128215055829e+01
6.523179999999999534e-01 7.351000000000000589e-02 -1.324500000000000677e-02 3.310999999999994503e-03 3.311000000000008381e-03 8.277999999999997166e-03 -4.739376323570655103e+01
6.390730000000000022e-01 8.013199999999999490e-02 -9.933999999999998387e-03 1.324499999999999983e-02 6.622500000000003384e-03 6.622750000000003634e-03 -3.382407726209208931e+01
6.324499999999999567e-01 1.000000000000000056e-01 0.000000000000000000e+00 1.655650000000000177e-02 8.278250000000014763e-03 -1.655500000000000721e-03 -3.019961948479453895e+01
6.390730000000000022e-01 1.132449999999999984e-01 6.622500000000031140e-03 9.933999999999998387e-03 3.311000000000008381e-03 -4.966749999999998944e-03 -3.865495348939752063e+01
6.456950000000000189e-01 1.198680000000000023e-01 6.622000000000016762e-03 6.623000000000003884e-03 -5.000000000143778323e-07 -3.310999999999994503e-03 -2.668528593166547580e+01
