4.006620000000000181e-01 2.125829999999999942e-01 0.000000000000000000e+00 -6.622999999999990006e-03 -3.311000000000008381e-03 3.311499999999995003e-03 -7.548309006660130649e+01
4.006620000000000181e-01 2.059600000000000042e-01 -3.311000000000008381e-03 -3.311499999999995003e-03 -3.311250000000001692e-03 3.311499999999995003e-03 -2.135548407618362319e+02
3.940400000000000014e-01 2.059600000000000042e-01 -6.622500000000003384e-03 0.000000000000000000e+00 -1.655749999999997502e-03 3.311499999999995003e-03 -7.550588902897303001e+01
3.874170000000000114e-01 2.059600000000000042e-01 -6.622500000000003384e-03 3.311499999999995003e-03 1.655749999999997502e-03 4.966999999999999194e-03 -9.454098639452445241e+01
3.807949999999999946e-01 2.125829999999999942e-01 -3.311000000000008381e-03 9.933999999999998387e-03 3.311250000000001692e-03 3.311000000000001442e-03 -3.819795820554232080e+01
3.807949999999999946e-01 2.258280000000000010e-01 0.000000000000000000e+00 9.933499999999997887e-03 1.655500000000004190e-03 -2.500000000002500222e-07 -1.677739744759442431e+01
3.807949999999999946e-01 2.324499999999999900e-01 0.000000000000000000e+00 9.933499999999997887e-03 1.655500000000004190e-03 1.655750000000004440e-03 -1.677739744759442431e+01
3.807949999999999946e-01 2.456949999999999967e-01 3.311000000000008381e-03 1.324500000000000677e-02 3.311250000000001692e-03 1.655750000000004440e-03 -1.508024778366421259e+01
3.874170000000000114e-01 2.589400000000000035e-01 6.622500000000003384e-03 1.324500000000000677e-02 1.655749999999997502e-03 -1.655500000000004190e-03 -1.012966818581158179e+01
3.940400000000000014e-01 2.721850000000000103e-01 6.622500000000003384e-03 9.933999999999998387e-03 1.655500000000004190e-03 -3.311250000000001692e-03 -2.254908769268365631e+01
4.006620000000000181e-01 2.788080000000000003e-01 9.933500000000011765e-03 6.622500000000003384e-03 1.655749999999997502e-03 -1.655749999999997502e-03 -1.610949548575189993e+01
4.139070000000000249e-01 2.854300000000000170e-01 9.933999999999998387e-03 6.622500000000003384e-03 2.499999999933111283e-07 -1.655500000000004190e-03 -9.664589611719895501e+00
4.205300000000000149e-01 2.920530000000000070e-01 9.933999999999998387e-03 3.311499999999995003e-03 -2.500000000071889161e-07 -3.311250000000001692e-03 -2.864771159511306919e+01
4.337750000000000217e-01 2.920530000000000070e-01 9.933499999999984009e-03 0.000000000000000000e+00 -1.655750000000011379e-03 -3.311499999999995003e-03 -3.355986206445719233e+01
4.403969999999999829e-01 2.920530000000000070e-01 6.622499999999975628e-03 -3.311499999999995003e-03 -1.655499999999990313e-03 -3.311250000000001692e-03 -6.752636257661649211e+01
4.470199999999999729e-01 2.854300000000000170e-01 6.622500000000003384e-03 -6.622500000000003384e-03 1.387778780781445676e-17 -3.311000000000008381e-03 -2.669133237036992412e+01
4.536419999999999897e-01 2.788080000000000003e-01 6.622500000000003384e-03 -9.933500000000011765e-03 -3.311250000000001692e-03 -4.966999999999999194e-03 -3.866045411261355014e+01
4.602649999999999797e-01 2.655629999999999935e-01 0.000000000000000000e+00 -1.655650000000000177e-02 -4.966999999999999194e-03 -3.311499999999995003e-03 -1.811995409428009296e+01
4.536419999999999897e-01 2.456949999999999967e-01 -3.311499999999995003e-03 -1.655650000000000177e-02 -1.655500000000004190e-03 1.655750000000004440e-03 -6.833380930282178412e+00
4.536419999999999897e-01 2.324499999999999900e-01 -3.311000000000008381e-03 -1.324499999999999289e-02 -1.655500000000004190e-03 1.655750000000004440e-03 -1.077095493210658717e+01
4.470199999999999729e-01 2.192050000000000110e-01 -6.622500000000003384e-03 -1.324499999999999289e-02 -1.655749999999983624e-03 1.655749999999990563e-03 -1.013017803422030561e+01
4.403969999999999829e-01 2.059600000000000042e-01 -6.622499999999975628e-03 -9.933500000000011765e-03 0.000000000000000000e+00 1.655749999999997502e-03 -6.443895497366025182e+00
4.337750000000000217e-01 1.993379999999999874e-01 -6.622500000000003384e-03 -9.933499999999997887e-03 1.655499999999976435e-03 -2.499999999933111283e-07 9.665113546517851262e+00
4.271519999999999762e-01 1.860930000000000084e-01 -3.311500000000022759e-03 -9.933999999999998387e-03 3.311250000000001692e-03 -2.500000000002500222e-07 2.864915364240417972e+01
4.271519999999999762e-01 1.794699999999999906e-01 0.000000000000000000e+00 -9.933999999999998387e-03 2.500000000210667039e-07 2.500000000002500222e-07 2.533329599081203878e-03
4.271519999999999762e-01 1.662250000000000116e-01 -3.310999999999980625e-03 -9.933499999999997887e-03 -1.655499999999990313e-03 -1.655500000000004190e-03 -9.550246599538338543e+00
4.205300000000000149e-01 1.596029999999999949e-01 -3.310999999999980625e-03 -1.324500000000000677e-02 3.310999999999980625e-03 -1.655749999999997502e-03 1.938758876629549377e+01
4.205300000000000149e-01 1.397349999999999981e-01 3.310999999999980625e-03 -1.324499999999999289e-02 4.966749999999992005e-03 3.311250000000001692e-03 3.015951963286531168e+01
4.271519999999999762e-01 1.331130000000000091e-01 6.622500000000003384e-03 -6.622500000000003384e-03 1.655750000000011379e-03 3.311249999999994753e-03 4.004102926113795746e+01
4.337750000000000217e-01 1.264899999999999913e-01 6.622500000000003384e-03 -6.622500000000003384e-03 -1.387778780781445676e-17 1.655750000000004440e-03 1.334768153797638846e+01
4.403969999999999829e-01 1.198680000000000023e-01 6.622499999999975628e-03 -3.310999999999994503e-03 0.000000000000000000e+00 3.311250000000001692e-03 5.402598466759722839e+01
4.470199999999999729e-01 1.198680000000000023e-01 6.622500000000003384e-03 0.000000000000000000e+00 1.655500000000018068e-03 1.655499999999997252e-03 3.774724423598515699e+01
4.536419999999999897e-01 1.198680000000000023e-01 9.933500000000011765e-03 0.000000000000000000e+00 1.655749999999997502e-03 1.655499999999997252e-03 1.677739744759431062e+01
4.668869999999999965e-01 1.198680000000000023e-01 9.933999999999998387e-03 3.310999999999994503e-03 2.499999999933111283e-07 4.966749999999998944e-03 4.297279307244669866e+01
4.735099999999999865e-01 1.264899999999999913e-01 9.933999999999998387e-03 9.933499999999997887e-03 -2.499999999933111283e-07 8.278250000000007824e-03 2.966136520399391685e+01
4.867549999999999932e-01 1.397349999999999981e-01 9.933500000000011765e-03 1.986750000000001015e-02 -1.655749999999997502e-03 4.966999999999999194e-03 7.503608982181393827e+00
4.933770000000000100e-01 1.662250000000000116e-01 6.622500000000003384e-03 1.986749999999999627e-02 -3.311000000000008381e-03 -4.966750000000005882e-03 3.580837756777671022e+00
5.000000000000000000e-01 1.794699999999999906e-01 3.311499999999995003e-03 9.933999999999998387e-03 -3.311250000000001692e-03 -6.622499999999996445e-03 9.548516247303245663e+00
5.000000000000000000e-01 1.860930000000000084e-01 0.000000000000000000e+00 6.622500000000003384e-03 1.387778780781445676e-17 -1.655750000000004440e-03 -3.164290219491091391e-13
5.000000000000000000e-01 1.927149999999999974e-01 3.311500000000022759e-03 6.622499999999989506e-03 1.655750000000011379e-03 0.000000000000000000e+00 -2.701258436269049668e+01
5.066230000000000455e-01 1.993379999999999874e-01 3.311500000000022759e-03 6.622500000000003384e-03 -1.655750000000011379e-03 -4.966999999999992255e-03 -1.350731190895413292e+01
5.066230000000000455e-01 2.059600000000000042e-01 0.000000000000000000e+00 -3.311499999999995003e-03 -1.655750000000011379e-03 -8.278000000000000635e-03 -1.509889778046217543e+02
5.066230000000000455e-01 1.927149999999999974e-01 0.000000000000000000e+00 -9.933499999999997887e-03 0.000000000000000000e+00 -1.655500000000004190e-03 0.000000000000000000e+00
5.066230000000000455e-01 1.860930000000000084e-01 0.000000000000000000e+00 -6.622500000000003384e-03 0.000000000000000000e+00 1.655499999999997252e-03 0.000000000000000000e+00
5.066230000000000455e-01 1.794699999999999906e-01 0.000000000000000000e+00 -6.622500000000003384e-03 1.655499999999976435e-03 -1.655499999999997252e-03 3.774724423598468093e+01
5.066230000000000455e-01 1.728480000000000016e-01 3.310999999999952870e-03 -9.933499999999997887e-03 4.966749999999992005e-03 -1.655749999999997502e-03 3.820170755246095240e+01
5.132449999999999513e-01 1.596029999999999949e-01 9.933499999999984009e-03 -9.933999999999998387e-03 8.278250000000042519e-03 -1.655749999999997502e-03 2.372831591071690482e+01
5.264900000000000135e-01 1.529800000000000049e-01 1.986750000000003791e-02 -1.324499999999999289e-02 3.311499999999995003e-03 -1.655500000000004190e-03 8.058096756567350027e-01
5.529800000000000271e-01 1.331130000000000091e-01 1.655649999999997402e-02 -1.324500000000000677e-02 -4.966750000000019760e-03 4.966749999999992005e-03 1.725573111314695263e+00
5.596029999999999616e-01 1.264899999999999913e-01 9.933999999999998387e-03 -3.311500000000008881e-03 1.655500000000031946e-03 6.622500000000003384e-03 6.207148381855842700e+01
5.728480000000000238e-01 1.264899999999999913e-01 1.986750000000003791e-02 0.000000000000000000e+00 4.966749999999992005e-03 3.311500000000008881e-03 8.389543225441459029e+00
5.993380000000000374e-01 1.264899999999999913e-01 1.986749999999998240e-02 3.311500000000008881e-03 -4.967000000000026949e-03 4.966999999999999194e-03 1.408989305596751862e+01
6.125829999999999886e-01 1.331130000000000091e-01 9.933499999999984009e-03 9.933999999999998387e-03 -4.966999999999999194e-03 8.277999999999993697e-03 4.745454180340577466e+01
6.192050000000000054e-01 1.463579999999999881e-01 9.933499999999984009e-03 1.986749999999999627e-02 -1.655500000000004190e-03 6.622250000000003134e-03 9.003454590579710981e+00
6.324499999999999567e-01 1.728480000000000016e-01 6.622499999999975628e-03 2.317850000000000465e-02 -4.966749999999992005e-03 -1.655749999999997502e-03 7.435498874630976474e+00
6.324499999999999567e-01 1.927149999999999974e-01 0.000000000000000000e+00 1.655600000000000127e-02 -6.622499999999975628e-03 2.500000000002500222e-07 2.416079005232570154e+01
6.324499999999999567e-01 2.059600000000000042e-01 -6.622499999999975628e-03 2.317900000000000515e-02 -4.966749999999992005e-03 3.311499999999995003e-03 6.652497612931254523e+00
6.192050000000000054e-01 2.390730000000000077e-01 -9.933499999999984009e-03 2.317899999999999128e-02 0.000000000000000000e+00 -4.967000000000006132e-03 3.076605185981485135e+00
6.125829999999999886e-01 2.523179999999999867e-01 -6.622499999999975628e-03 1.324499999999999289e-02 -2.500000000071889161e-07 -4.966999999999992255e-03 1.013068788262918574e+01
6.059600000000000541e-01 2.655629999999999935e-01 -9.933999999999998387e-03 1.324500000000000677e-02 -1.655500000000031946e-03 -1.655749999999990563e-03 8.455791314023210603e+00
5.927149999999999919e-01 2.788080000000000003e-01 -9.933500000000039520e-03 9.933500000000011765e-03 1.655750000000011379e-03 -4.966999999999999194e-03 1.186430726329355956e+01
5.860929999999999751e-01 2.854300000000000170e-01 -6.622499999999975628e-03 3.311000000000008381e-03 3.311000000000036136e-03 -3.311000000000008381e-03 2.701299217981663148e+01
5.794700000000000406e-01 2.854300000000000170e-01 -3.311499999999967248e-03 3.311499999999995003e-03 4.966999999999971438e-03 2.499999999933111283e-07 -1.601479951351095394e+02
5.794700000000000406e-01 2.920530000000000070e-01 3.311499999999967248e-03 3.311499999999995003e-03 4.966999999999971438e-03 -3.311499999999995003e-03 -2.669052650311548405e+02
5.860929999999999751e-01 2.920530000000000070e-01 6.622499999999975628e-03 -3.311499999999995003e-03 1.655500000000031946e-03 -3.311499999999995003e-03 -4.051989627164442709e+01
5.927149999999999919e-01 2.854300000000000170e-01 6.622500000000031140e-03 -3.311499999999995003e-03 1.655750000000011379e-03 1.655749999999997502e-03 4.051989627164428498e+01
5.993380000000000374e-01 2.854300000000000170e-01 9.933999999999998387e-03 0.000000000000000000e+00 4.966749999999964249e-03 1.655749999999997502e-03 1.677824193330093649e+01
6.125829999999999886e-01 2.854300000000000170e-01 1.655599999999995964e-02 0.000000000000000000e+00 9.933500000000011765e-03 0.000000000000000000e+00 0.000000000000000000e+00
6.324499999999999567e-01 2.854300000000000170e-01 2.980100000000002192e-02 0.000000000000000000e+00 6.622750000000038328e-03 1.655749999999997502e-03 1.864374218990325849e+00
6.721850000000000325e-01 2.854300000000000170e-01 2.980150000000003629e-02 3.311499999999995003e-03 -3.311000000000008381e-03 1.655749999999997502e-03 2.237009099909076593e+00
6.920530000000000292e-01 2.920530000000000070e-01 2.317900000000000515e-02 3.311499999999995003e-03 -4.967000000000026949e-03 -1.655749999999997502e-03 -1.708441321834408111e+00
7.185430000000000428e-01 2.920530000000000070e-01 1.986749999999998240e-02 0.000000000000000000e+00 -8.278250000000014763e-03 -4.966999999999999194e-03 -1.258368147388429925e+01
7.317879999999999940e-01 2.920530000000000070e-01 6.622499999999975628e-03 -6.622500000000003384e-03 -1.158924999999999539e-02 -6.622500000000003384e-03 -1.468124048009929368e+02
7.317879999999999940e-01 2.788080000000000003e-01 -3.311000000000008381e-03 -1.324500000000000677e-02 -4.966749999999992005e-03 -3.311250000000001692e-03 -2.154288579867616704e+01
7.251659999999999773e-01 2.655629999999999935e-01 -3.311000000000008381e-03 -1.324500000000000677e-02 1.655500000000004190e-03 1.655500000000004190e-03 6.462638015012019288e+00
7.251659999999999773e-01 2.523179999999999867e-01 0.000000000000000000e+00 -9.933999999999998387e-03 1.655500000000004190e-03 6.938893903907228378e-18 1.677570860370213879e+01
7.251659999999999773e-01 2.456949999999999967e-01 0.000000000000000000e+00 -1.324499999999999289e-02 3.311250000000015570e-03 -3.311000000000001442e-03 1.887504718761807965e+01
7.251659999999999773e-01 2.258280000000000010e-01 6.622500000000031140e-03 -1.655600000000000127e-02 4.966749999999992005e-03 1.655499999999997252e-03 1.643719205396877925e+01
7.384110000000000396e-01 2.125829999999999942e-01 9.933499999999984009e-03 -9.933999999999998387e-03 3.311249999999987814e-03 6.622250000000003134e-03 3.558993600314302341e+01
7.450329999999999453e-01 2.059600000000000042e-01 1.324500000000000677e-02 -3.311499999999995003e-03 1.655750000000011379e-03 8.278250000000000886e-03 4.524051369062986083e+01
7.649010000000000531e-01 2.059600000000000042e-01 1.324500000000000677e-02 6.622500000000003384e-03 -3.311250000000015570e-03 6.622749999999996695e-03 3.376573056884156188e+01
7.715229999999999588e-01 2.192050000000000110e-01 6.622499999999975628e-03 9.933999999999998387e-03 -6.622500000000003384e-03 4.966999999999992255e-03 5.798607849726393937e+01
7.781460000000000043e-01 2.258280000000000010e-01 0.000000000000000000e+00 1.655649999999998789e-02 -4.966999999999999194e-03 4.966749999999998944e-03 1.811995409428012138e+01
7.715229999999999588e-01 2.523179999999999867e-01 -3.311500000000022759e-03 1.986749999999999627e-02 -3.311249999999987814e-03 -2.499999999863722344e-07 8.051179319520723965e+00
7.715229999999999588e-01 2.655629999999999935e-01 -6.622499999999975628e-03 1.655600000000001515e-02 -3.310999999999980625e-03 -1.655749999999990563e-03 1.160250909259523588e+01
7.582780000000000076e-01 2.854300000000000170e-01 -9.933499999999984009e-03 1.655600000000001515e-02 1.655749999999983624e-03 -3.311000000000008381e-03 7.610078915288900347e-01
7.516559999999999908e-01 2.986750000000000238e-01 -3.311000000000008381e-03 9.933999999999998387e-03 4.966749999999992005e-03 -4.966500000000012571e-03 -2.865117226147636487e+01
7.516559999999999908e-01 3.052980000000000138e-01 0.000000000000000000e+00 6.622999999999990006e-03 3.311000000000008381e-03 -3.311000000000008381e-03 -7.548309006660130649e+01
