4.006620000000000181e-01 1.993379999999999874e-01 -6.622000000000016762e-03 0.000000000000000000e+00 -4.999999999866222566e-07 0.000000000000000000e+00 0.000000000000000000e+00
3.940400000000000014e-01 1.993379999999999874e-01 -6.622500000000003384e-03 0.000000000000000000e+00 1.655250000000010879e-03 1.655500000000004190e-03 -3.774724423598531331e+01
3.874170000000000114e-01 1.993379999999999874e-01 -3.311499999999995003e-03 3.311000000000008381e-03 3.311250000000001692e-03 3.311250000000001692e-03 -2.135467799593775169e+02
3.874170000000000114e-01 2.059600000000000042e-01 0.000000000000000000e+00 6.622500000000003384e-03 1.655749999999997502e-03 1.655749999999997502e-03 -3.775294451448651500e+01
3.874170000000000114e-01 2.125829999999999942e-01 0.000000000000000000e+00 6.622500000000003384e-03 0.000000000000000000e+00 1.655499999999997252e-03 0.000000000000000000e+00
3.874170000000000114e-01 2.192050000000000110e-01 0.000000000000000000e+00 9.933499999999997887e-03 1.655749999999997502e-03 3.311249999999994753e-03 -1.677993103222854998e+01
3.874170000000000114e-01 2.324499999999999900e-01 3.311499999999995003e-03 1.324499999999999289e-02 3.311250000000001692e-03 1.655750000000004440e-03 -1.507952062457154874e+01
3.940400000000000014e-01 2.456949999999999967e-01 6.622500000000003384e-03 1.324500000000000677e-02 1.655500000000004190e-03 -1.655499999999997252e-03 -1.012864848899401871e+01
4.006620000000000181e-01 2.589400000000000035e-01 6.622500000000003384e-03 9.933999999999998387e-03 0.000000000000000000e+00 -4.966750000000005882e-03 -1.932771997693345511e+01
4.072850000000000081e-01 2.655629999999999935e-01 6.622500000000003384e-03 3.311499999999995003e-03 1.655499999999990313e-03 -3.311499999999995003e-03 -6.753044117911670696e+01
4.139070000000000249e-01 2.655629999999999935e-01 9.933499999999984009e-03 3.311000000000008381e-03 1.655749999999997502e-03 -2.499999999933111283e-07 -4.777647067628584487e+00
4.271519999999999762e-01 2.721850000000000103e-01 9.933999999999998387e-03 3.311000000000008381e-03 -1.655499999999990313e-03 -3.311000000000008381e-03 -2.387345338708616538e+01
4.337750000000000217e-01 2.721850000000000103e-01 6.622500000000003384e-03 -3.311000000000008381e-03 -1.655750000000011379e-03 -4.966750000000005882e-03 -9.454343360528383755e+01
4.403969999999999829e-01 2.655629999999999935e-01 6.622499999999975628e-03 -6.622500000000003384e-03 0.000000000000000000e+00 -1.655749999999997502e-03 -1.334768153797647372e+01
4.470199999999999729e-01 2.589400000000000035e-01 6.622500000000003384e-03 -6.622500000000003384e-03 -1.655749999999983624e-03 -1.655499999999997252e-03 -2.669334772316129545e+01
4.536419999999999897e-01 2.523179999999999867e-01 3.311000000000008381e-03 -9.933499999999997887e-03 -1.655500000000004190e-03 -1.655749999999997502e-03 -1.910049319907680143e+01
4.536419999999999897e-01 2.390730000000000077e-01 3.311499999999995003e-03 -9.933999999999998387e-03 2.499999999933111283e-07 -2.500000000002500222e-07 1.441938424481305171e-03
4.602649999999999797e-01 2.324499999999999900e-01 3.311499999999995003e-03 -9.933999999999998387e-03 -1.655749999999997502e-03 2.500000000002500222e-07 -1.432457676676878222e+01
4.602649999999999797e-01 2.192050000000000110e-01 0.000000000000000000e+00 -9.933499999999997887e-03 -4.966999999999999194e-03 -1.655500000000004190e-03 -5.033725951205151716e+01
4.602649999999999797e-01 2.125829999999999942e-01 -6.622500000000003384e-03 -1.324500000000000677e-02 -4.966999999999999194e-03 -1.655749999999997502e-03 -1.688261036021637906e+01
4.470199999999999729e-01 1.927149999999999974e-01 -9.933999999999998387e-03 -1.324499999999999289e-02 1.387778780781445676e-17 1.655750000000004440e-03 -3.624275374995886256e+00
4.403969999999999829e-01 1.860930000000000084e-01 -6.622499999999975628e-03 -9.933499999999997887e-03 1.655749999999997502e-03 1.655499999999997252e-03 3.222677448214113838e+00
4.337750000000000217e-01 1.728480000000000016e-01 -6.622500000000003384e-03 -9.933999999999998387e-03 -1.387778780781445676e-17 -2.500000000002500222e-07 9.728554877607776315e-04
4.271519999999999762e-01 1.662250000000000116e-01 -6.622500000000003384e-03 -9.933999999999998387e-03 1.655750000000011379e-03 2.499999999933111283e-07 9.664103220701457886e+00
4.205300000000000149e-01 1.529800000000000049e-01 -3.310999999999980625e-03 -9.933500000000011765e-03 1.655500000000004190e-03 -1.655500000000004190e-03 1.909977215365589842e+01
4.205300000000000149e-01 1.463579999999999881e-01 -3.311499999999995003e-03 -1.324500000000000677e-02 -2.500000000071889161e-07 -1.655749999999990563e-03 2.153287832879720920e+00
4.139070000000000249e-01 1.264899999999999913e-01 -3.311499999999995003e-03 -1.324499999999999289e-02 3.311499999999995003e-03 3.311250000000005161e-03 1.292655811088415874e+01
4.139070000000000249e-01 1.198680000000000023e-01 3.311499999999995003e-03 -6.622499999999996445e-03 3.311499999999995003e-03 3.311249999999994753e-03 8.103775308807108502e+01
4.205300000000000149e-01 1.132449999999999984e-01 3.311499999999995003e-03 -6.622500000000003384e-03 -2.500000000071889161e-07 0.000000000000000000e+00 -4.078602500900970623e-03
4.205300000000000149e-01 1.066229999999999956e-01 3.310999999999980625e-03 -6.622499999999996445e-03 3.310999999999994503e-03 1.655500000000004190e-03 6.752636245342728216e+01
4.271519999999999762e-01 1.000000000000000056e-01 9.933499999999984009e-03 -3.311499999999995003e-03 6.622750000000010573e-03 3.311249999999998223e-03 4.775411733725843533e+01
4.403969999999999829e-01 1.000000000000000056e-01 1.655650000000000177e-02 0.000000000000000000e+00 1.655750000000011379e-03 1.655749999999997502e-03 6.040288703765698486e+00
4.602649999999999797e-01 1.000000000000000056e-01 1.324500000000000677e-02 0.000000000000000000e+00 -3.311499999999995003e-03 0.000000000000000000e+00 0.000000000000000000e+00
4.668869999999999965e-01 1.000000000000000056e-01 9.933500000000011765e-03 0.000000000000000000e+00 0.000000000000000000e+00 4.966999999999999194e-03 5.033725951205138927e+01
4.801320000000000032e-01 1.000000000000000056e-01 1.324500000000000677e-02 9.933999999999998387e-03 -1.655500000000004190e-03 6.622499999999996445e-03 2.295125113710432530e+01
4.933770000000000100e-01 1.198680000000000023e-01 6.622500000000003384e-03 1.324499999999999289e-02 -4.966750000000005882e-03 -2.500000000002500222e-07 2.025780682639685892e+01
4.933770000000000100e-01 1.264899999999999913e-01 3.311499999999995003e-03 9.933499999999997887e-03 -1.655500000000004190e-03 -1.655499999999997252e-03 9.549092949730495050e+00
5.000000000000000000e-01 1.397349999999999981e-01 3.311499999999995003e-03 9.933999999999998387e-03 -1.655749999999997502e-03 -1.655499999999997252e-03 9.550679209373305056e+00
5.000000000000000000e-01 1.463579999999999881e-01 0.000000000000000000e+00 6.622500000000003384e-03 1.387778780781445676e-17 -1.655749999999997502e-03 -3.164290219491091391e-13
5.000000000000000000e-01 1.529800000000000049e-01 3.311500000000022759e-03 6.622500000000003384e-03 1.655750000000011379e-03 0.000000000000000000e+00 -2.701258436269041141e+01
5.066230000000000455e-01 1.596029999999999949e-01 3.311500000000022759e-03 6.622500000000003384e-03 -1.655750000000011379e-03 -3.311250000000001692e-03 0.000000000000000000e+00
5.066230000000000455e-01 1.662250000000000116e-01 0.000000000000000000e+00 0.000000000000000000e+00 -1.655750000000011379e-03 -6.622500000000003384e-03 0.000000000000000000e+00
5.066230000000000455e-01 1.596029999999999949e-01 0.000000000000000000e+00 -6.622500000000003384e-03 0.000000000000000000e+00 -3.311250000000001692e-03 0.000000000000000000e+00
5.066230000000000455e-01 1.529800000000000049e-01 0.000000000000000000e+00 -6.622500000000003384e-03 0.000000000000000000e+00 0.000000000000000000e+00 0.000000000000000000e+00
5.066230000000000455e-01 1.463579999999999881e-01 0.000000000000000000e+00 -6.622500000000003384e-03 1.655499999999976435e-03 6.938893903907228378e-18 3.774724423598468093e+01
5.066230000000000455e-01 1.397349999999999981e-01 3.310999999999952870e-03 -6.622499999999989506e-03 3.311249999999987814e-03 0.000000000000000000e+00 5.402598466759725682e+01
5.132449999999999513e-01 1.331130000000000091e-01 6.622499999999975628e-03 -6.622500000000003384e-03 3.311500000000022759e-03 -1.655750000000007910e-03 1.334768153797672419e+01
5.198679999999999968e-01 1.264899999999999913e-01 9.933999999999998387e-03 -9.934000000000005326e-03 3.311250000000015570e-03 3.469446951953614189e-18 1.186311298015649562e+01
5.331129999999999480e-01 1.132449999999999984e-01 1.324500000000000677e-02 -6.622499999999996445e-03 1.655500000000004190e-03 4.967000000000002663e-03 2.363555253462120831e+01
5.463580000000000103e-01 1.132449999999999984e-01 1.324500000000000677e-02 0.000000000000000000e+00 0.000000000000000000e+00 3.311249999999998223e-03 1.887504718761793754e+01
5.596029999999999616e-01 1.132449999999999984e-01 1.324500000000000677e-02 0.000000000000000000e+00 1.655500000000004190e-03 0.000000000000000000e+00 0.000000000000000000e+00
5.728480000000000238e-01 1.132449999999999984e-01 1.655600000000001515e-02 0.000000000000000000e+00 0.000000000000000000e+00 1.655750000000000971e-03 6.040653549133769395e+00
5.927149999999999919e-01 1.132449999999999984e-01 1.324500000000000677e-02 3.311500000000001942e-03 -4.966749999999992005e-03 6.622499999999999915e-03 4.093133566780933563e+01
5.993380000000000374e-01 1.198680000000000023e-01 6.622500000000031140e-03 1.324499999999999983e-02 -3.311250000000015570e-03 6.622249999999999664e-03 2.701125884921046350e+01
6.059600000000000541e-01 1.397349999999999981e-01 6.622499999999975628e-03 1.655600000000000127e-02 -1.655500000000031946e-03 3.469446951953614189e-18 4.834244949025383598e+00
6.125829999999999886e-01 1.529800000000000049e-01 3.311499999999967248e-03 1.324500000000000677e-02 -4.966999999999971438e-03 3.311499999999995003e-03 3.016099306605817176e+01
6.125829999999999886e-01 1.662250000000000116e-01 -3.311499999999967248e-03 2.317899999999999128e-02 -6.622749999999982817e-03 4.966999999999992255e-03 1.067740357466243850e+01
6.059600000000000541e-01 1.993379999999999874e-01 -9.933999999999998387e-03 2.317899999999999128e-02 -6.622250000000023951e-03 -3.311499999999995003e-03 1.162240676730893441e+01
5.927149999999999919e-01 2.125829999999999942e-01 -1.655600000000001515e-02 1.655600000000000127e-02 -1.655500000000004190e-03 -3.311499999999995003e-03 6.406758164901544816e+00
5.728480000000000238e-01 2.324499999999999900e-01 -1.324500000000000677e-02 1.655600000000000127e-02 4.966749999999992005e-03 -3.311000000000001442e-03 -4.026357047468682282e+00
5.662249999999999783e-01 2.456949999999999967e-01 -6.622500000000031140e-03 9.933999999999998387e-03 1.655750000000011379e-03 -4.966749999999998944e-03 9.662643900744198433e+00
5.596029999999999616e-01 2.523179999999999867e-01 -9.933499999999984009e-03 6.622500000000003384e-03 -1.655749999999983624e-03 -3.311499999999995003e-03 2.577509547413782443e+01
5.463580000000000103e-01 2.589400000000000035e-01 -9.933999999999998387e-03 3.311000000000008381e-03 6.622249999999996195e-03 -3.311250000000001692e-03 9.552553741294770973e+00
5.397349999999999648e-01 2.589400000000000035e-01 3.311000000000008381e-03 0.000000000000000000e+00 1.158950000000000258e-02 -1.655500000000004190e-03 -1.510117789187552546e+02
5.529800000000000271e-01 2.589400000000000035e-01 1.324500000000000677e-02 0.000000000000000000e+00 6.622749999999982817e-03 0.000000000000000000e+00 0.000000000000000000e+00
5.662249999999999783e-01 2.589400000000000035e-01 1.655649999999997402e-02 0.000000000000000000e+00 4.966999999999999194e-03 1.655749999999997502e-03 6.040288703765718914e+00
5.860929999999999751e-01 2.589400000000000035e-01 2.317900000000000515e-02 3.311499999999995003e-03 3.311000000000008381e-03 1.655749999999997502e-03 2.135648393024716984e+00
6.125829999999999886e-01 2.655629999999999935e-01 2.317849999999999078e-02 3.311499999999995003e-03 4.966749999999992005e-03 -2.499999999933111283e-07 -1.281831453392471731e+00
6.324499999999999567e-01 2.655629999999999935e-01 3.311249999999998916e-02 3.311000000000008381e-03 6.622750000000010573e-03 -2.499999999933111283e-07 -5.952569341588583862e-01
6.788079999999999670e-01 2.721850000000000103e-01 3.642400000000001192e-02 3.311000000000008381e-03 -6.622499999999975628e-03 -1.655500000000004190e-03 -7.843324036596286408e-01
7.052979999999999805e-01 2.721850000000000103e-01 1.986750000000003791e-02 0.000000000000000000e+00 -1.158950000000000258e-02 2.499999999933111283e-07 6.333642779115937786e-04
7.185430000000000428e-01 2.721850000000000103e-01 1.324500000000000677e-02 3.311499999999995003e-03 -4.966750000000019760e-03 1.655749999999997502e-03 1.508082180310197629e+01
7.317879999999999940e-01 2.788080000000000003e-01 9.933999999999998387e-03 3.311499999999995003e-03 -4.966749999999992005e-03 -3.311499999999995003e-03 -1.432601881405996735e+01
7.384110000000000396e-01 2.788080000000000003e-01 3.311500000000022759e-03 -3.311499999999995003e-03 -4.966999999999999194e-03 -4.966999999999999194e-03 -3.202798698821592893e+02
7.384110000000000396e-01 2.721850000000000103e-01 0.000000000000000000e+00 -6.622500000000003384e-03 -3.311500000000022759e-03 -3.311000000000008381e-03 -7.550588902897366950e+01
7.384110000000000396e-01 2.655629999999999935e-01 -3.311500000000022759e-03 -9.933500000000011765e-03 -3.311250000000015570e-03 -4.966999999999999194e-03 -1.432363931571423699e+01
7.317879999999999940e-01 2.523179999999999867e-01 -6.622500000000031140e-03 -1.655650000000000177e-02 2.500000000071889161e-07 -1.655749999999990563e-03 1.934598139457155863e+00
7.251659999999999773e-01 2.324499999999999900e-01 -3.311000000000008381e-03 -1.324499999999999289e-02 3.311250000000015570e-03 4.967000000000006132e-03 1.077193086656976106e+01
7.251659999999999773e-01 2.258280000000000010e-01 0.000000000000000000e+00 -6.622499999999989506e-03 1.655500000000004190e-03 -6.938893903907228378e-18 3.774724423598548384e+01
7.251659999999999773e-01 2.192050000000000110e-01 0.000000000000000000e+00 -1.324500000000000677e-02 1.655500000000004190e-03 -3.311250000000008631e-03 9.436811058996328327e+00
7.251659999999999773e-01 1.993379999999999874e-01 3.311000000000008381e-03 -1.324500000000000677e-02 4.966749999999992005e-03 3.311250000000008631e-03 3.015951963286524418e+01
7.317879999999999940e-01 1.927149999999999974e-01 9.933499999999984009e-03 -6.622499999999989506e-03 3.311499999999995003e-03 4.967000000000006132e-03 4.188313156082787003e+01
7.450329999999999453e-01 1.860930000000000084e-01 9.933999999999998387e-03 -3.310999999999994503e-03 -1.655499999999976435e-03 4.966749999999992005e-03 3.819940010041381129e+01
7.516559999999999908e-01 1.860930000000000084e-01 6.622500000000031140e-03 3.310999999999994503e-03 -1.655749999999983624e-03 4.966749999999992005e-03 9.454343360528297069e+01
7.582780000000000076e-01 1.927149999999999974e-01 6.622500000000031140e-03 6.622499999999989506e-03 -1.655500000000004190e-03 4.967000000000006132e-03 5.338669544632296038e+01
7.649010000000000531e-01 1.993379999999999874e-01 3.311500000000022759e-03 1.324500000000000677e-02 -4.967000000000026949e-03 8.278000000000007574e-03 3.662378414271194060e+01
7.649010000000000531e-01 2.192050000000000110e-01 -3.311500000000022759e-03 2.317850000000000465e-02 -3.311500000000022759e-03 1.655749999999990563e-03 5.552689695461054065e+00
7.582780000000000076e-01 2.456949999999999967e-01 -3.311500000000022759e-03 1.655649999999998789e-02 -1.655500000000004190e-03 -4.966749999999998944e-03 9.111231886784592504e+00
7.582780000000000076e-01 2.523179999999999867e-01 -6.622500000000031140e-03 1.324500000000000677e-02 -3.310999999999980625e-03 -2.499999999863722344e-07 1.350537450040065579e+01
7.450329999999999453e-01 2.721850000000000103e-01 -9.933499999999984009e-03 1.655600000000001515e-02 2.500000000627000674e-07 0.000000000000000000e+00 -5.750747279122985422e-04
7.384110000000000396e-01 2.854300000000000170e-01 -6.621999999999905739e-03 1.324500000000000677e-02 3.311500000000078270e-03 -3.311000000000008381e-03 -6.755287530974585231e+00
