5.132449999999999513e-01 1.397349999999999981e-01 -6.621999999999905739e-03 -6.621999999999989006e-03 -5.000000000698889835e-07 -5.000000000143778323e-07 -4.476167580789291112e-13
5.066230000000000455e-01 1.331130000000000091e-01 -6.622499999999975628e-03 -6.622500000000003384e-03 -5.000000000560111957e-07 1.655249999999990063e-03 -1.334768153797686630e+01
5.000000000000000000e-01 1.264899999999999913e-01 -6.623000000000017762e-03 -3.311500000000008881e-03 -1.655750000000011379e-03 3.311250000000001692e-03 -6.752024547342570315e+01
4.933770000000000100e-01 1.264899999999999913e-01 -9.933999999999998387e-03 0.000000000000000000e+00 -1.655249999999997002e-03 3.311500000000008881e-03 -3.355648386660202220e+01
4.801320000000000032e-01 1.264899999999999913e-01 -9.933500000000011765e-03 3.311500000000008881e-03 2.499999999933111283e-07 3.311250000000001692e-03 -2.865160514349426890e+01
4.735099999999999865e-01 1.331130000000000091e-01 -9.933500000000011765e-03 6.622500000000003384e-03 -2.499999999933111283e-07 3.310999999999994503e-03 -1.932730822145331473e+01
4.602649999999999797e-01 1.397349999999999981e-01 -9.933999999999998387e-03 9.933499999999997887e-03 3.311000000000008381e-03 1.655749999999997502e-03 -1.779496802411367540e+01
4.536419999999999897e-01 1.529800000000000049e-01 -3.311499999999995003e-03 9.933999999999998387e-03 4.966999999999999194e-03 2.500000000002500222e-07 -4.297445143281861846e+01
4.536419999999999897e-01 1.596029999999999949e-01 0.000000000000000000e+00 9.933999999999998387e-03 4.966999999999999194e-03 -2.500000000002500222e-07 -5.033219247030401533e+01
4.536419999999999897e-01 1.728480000000000016e-01 6.622500000000003384e-03 9.933499999999997887e-03 9.933750000000005076e-03 -1.655749999999997502e-03 -6.443311723049514228e+01
4.668869999999999965e-01 1.794699999999999906e-01 1.986750000000001015e-02 6.622500000000003384e-03 6.622750000000010573e-03 -4.966749999999998944e-03 -1.551882628525053853e+01
4.933770000000000100e-01 1.860930000000000084e-01 1.986800000000002453e-02 0.000000000000000000e+00 -4.966750000000019760e-03 -6.622500000000003384e-03 -1.677697526850148790e+01
5.066230000000000455e-01 1.794699999999999906e-01 9.933999999999970631e-03 -6.622500000000003384e-03 -8.278500000000035830e-03 -4.966749999999998944e-03 -6.120744621301440702e+01
5.132449999999999513e-01 1.728480000000000016e-01 3.310999999999952870e-03 -9.933499999999997887e-03 -4.966999999999985316e-03 -1.655749999999997502e-03 -4.775483844256904575e+01
5.132449999999999513e-01 1.596029999999999949e-01 0.000000000000000000e+00 -9.933999999999998387e-03 -4.966749999999964249e-03 -3.311500000000001942e-03 -5.032965914070479130e+01
5.132449999999999513e-01 1.529800000000000049e-01 -6.622499999999975628e-03 -1.655650000000000177e-02 -4.966999999999985316e-03 -4.966750000000002413e-03 -8.702479662944968553e+00
5.000000000000000000e-01 1.264899999999999913e-01 -9.933999999999970631e-03 -1.986750000000000321e-02 -1.655750000000011379e-03 1.655750000000004440e-03 -4.502271132451967972e+00
4.933770000000000100e-01 1.132449999999999984e-01 -9.933999999999998387e-03 -1.324499999999999289e-02 1.655749999999983624e-03 4.966750000000002413e-03 -6.039486118875435849e+00
4.801320000000000032e-01 1.000000000000000056e-01 -6.622500000000003384e-03 -9.933999999999998387e-03 4.966999999999999194e-03 -3.469446951953614189e-18 2.899376890861047329e+01
4.801320000000000032e-01 9.337700000000000167e-02 0.000000000000000000e+00 -1.324499999999999983e-02 3.311250000000001692e-03 -3.311000000000001442e-03 1.887504718761797662e+01
4.801320000000000032e-01 7.351000000000000589e-02 0.000000000000000000e+00 -1.655600000000000127e-02 6.622750000000010573e-03 -1.655750000000000971e-03 2.416170212443048371e+01
4.801320000000000032e-01 6.026499999999999913e-02 1.324550000000002115e-02 -1.655650000000000177e-02 1.158950000000000258e-02 1.655500000000000721e-03 2.243076434829265864e+01
5.066230000000000455e-01 4.039700000000000235e-02 2.317900000000000515e-02 -1.324499999999999983e-02 1.655249999999969246e-03 6.622750000000000165e-03 9.220480019021538354e+00
5.264900000000000135e-01 3.377499999999999947e-02 1.655599999999995964e-02 -3.311000000000001442e-03 -3.311250000000015570e-03 8.278000000000000635e-03 2.619733673586106804e+01
5.397349999999999648e-01 3.377499999999999947e-02 1.655649999999997402e-02 3.311000000000001442e-03 1.655750000000039135e-03 8.278000000000000635e-03 2.733468787142313872e+01
5.596029999999999616e-01 4.039700000000000235e-02 1.986750000000003791e-02 1.324499999999999983e-02 -3.311499999999967248e-03 6.622750000000000165e-03 1.288675253259397024e+01
5.794700000000000406e-01 6.026499999999999913e-02 9.933500000000039520e-03 1.655650000000000177e-02 -9.933750000000018954e-03 -1.655750000000000971e-03 2.056470542022644921e+01
5.794700000000000406e-01 7.351000000000000589e-02 0.000000000000000000e+00 9.933499999999997887e-03 -6.622250000000023951e-03 -3.311500000000001942e-03 6.711212337501197567e+01
5.794700000000000406e-01 8.013199999999999490e-02 -3.311000000000008381e-03 9.933499999999997887e-03 -1.655500000000004190e-03 2.500000000037194692e-07 1.432428833117627676e+01
5.728480000000000238e-01 9.337700000000000167e-02 -3.311000000000008381e-03 9.934000000000005326e-03 -2.500000000071889161e-07 -1.655250000000000471e-03 4.775556032083279945e+00
5.728480000000000238e-01 1.000000000000000056e-01 -3.311500000000022759e-03 6.622999999999996945e-03 -2.500000000071889161e-07 -4.967000000000002663e-03 4.051663327264165559e+01
5.662249999999999783e-01 1.066229999999999956e-01 -3.311500000000022759e-03 0.000000000000000000e+00 3.311500000000022759e-03 -8.278499999999997666e-03 7.549220913516722931e+02
5.662249999999999783e-01 1.000000000000000056e-01 3.311500000000022759e-03 -9.933999999999998387e-03 6.622750000000010573e-03 -6.622499999999999915e-03 3.819911182813182648e+01
5.728480000000000238e-01 8.675499999999999878e-02 9.933999999999998387e-03 -1.324499999999999983e-02 4.966749999999992005e-03 -3.311249999999999957e-03 7.247273908540825538e+00
5.860929999999999751e-01 7.351000000000000589e-02 1.324500000000000677e-02 -1.655649999999999830e-02 1.655500000000004190e-03 -1.734723475976807094e-18 2.875636738837963780e+00
5.993380000000000374e-01 5.364200000000000218e-02 1.324500000000000677e-02 -1.324500000000000330e-02 0.000000000000000000e+00 3.311499999999998473e-03 6.673840768988231531e+00
6.125829999999999886e-01 4.701999999999999930e-02 1.324500000000000677e-02 -9.933500000000001356e-03 1.655500000000004190e-03 3.311250000000001692e-03 1.328802957251083328e+01
6.258280000000000509e-01 3.377499999999999947e-02 1.655600000000001515e-02 -6.622499999999999915e-03 1.655499999999976435e-03 6.622250000000001399e-03 2.127143700299405893e+01
6.456950000000000189e-01 3.377499999999999947e-02 1.655599999999995964e-02 3.311000000000001442e-03 -1.655500000000004190e-03 8.278000000000000635e-03 2.961412640838661758e+01
6.589399999999999702e-01 4.039700000000000235e-02 1.324500000000000677e-02 9.933500000000001356e-03 -3.310999999999980625e-03 9.933999999999998387e-03 3.624107563203943272e+01
6.721850000000000325e-01 5.364200000000000218e-02 9.933999999999998387e-03 2.317899999999999822e-02 -6.622500000000003384e-03 6.622750000000000165e-03 1.367384177925864464e+01
6.788079999999999670e-01 8.675499999999999878e-02 0.000000000000000000e+00 2.317900000000000169e-02 -1.158950000000000258e-02 -1.655750000000000971e-03 2.157124983821562836e+01
6.721850000000000325e-01 1.000000000000000056e-01 -1.324500000000000677e-02 1.986749999999999627e-02 -9.933750000000018954e-03 -1.655750000000002706e-03 1.610780219595730500e+01
6.523179999999999534e-01 1.264899999999999913e-01 -1.986750000000003791e-02 1.986749999999999627e-02 -1.655749999999983624e-03 -4.966749999999998944e-03 5.931855049591416851e+00
6.324499999999999567e-01 1.397349999999999981e-01 -1.655649999999997402e-02 9.933999999999998387e-03 2.775557561562891351e-17 -4.966749999999998944e-03 1.142413691139618237e+01
6.192050000000000054e-01 1.463579999999999881e-01 -1.986749999999998240e-02 9.933999999999998387e-03 2.499999999794333405e-07 -1.655749999999997502e-03 3.001262307507590599e+00
5.927149999999999919e-01 1.596029999999999949e-01 -1.655600000000001515e-02 6.622500000000003384e-03 6.622500000000003384e-03 -3.311499999999995003e-03 1.934457206892974845e+00
5.860929999999999751e-01 1.596029999999999949e-01 -6.622499999999975628e-03 3.311000000000008381e-03 8.278000000000007574e-03 -1.655749999999997502e-03 -4.051133063360944675e+01
5.794700000000000406e-01 1.662250000000000116e-01 0.000000000000000000e+00 3.311000000000008381e-03 8.278249999999987008e-03 2.499999999933111283e-07 -7.551273082658897238e+02
5.860929999999999751e-01 1.662250000000000116e-01 9.933999999999998387e-03 3.311499999999995003e-03 8.278000000000007574e-03 2.499999999933111283e-07 -2.387237199042646552e+01
5.993380000000000374e-01 1.728480000000000016e-01 1.655600000000001515e-02 3.311499999999995003e-03 1.158924999999999539e-02 -1.655749999999997502e-03 -1.366915643284155912e+01
6.192050000000000054e-01 1.728480000000000016e-01 3.311249999999998916e-02 0.000000000000000000e+00 9.933999999999998387e-03 -1.655749999999997502e-03 -1.510117780579463442e+00
6.655630000000000157e-01 1.728480000000000016e-01 3.642400000000001192e-02 0.000000000000000000e+00 1.655750000000011379e-03 -1.655749999999997502e-03 -1.248014091687962068e+00
6.920530000000000292e-01 1.728480000000000016e-01 3.642400000000001192e-02 -3.311499999999995003e-03 -1.655750000000011379e-03 -1.655749999999997502e-03 -1.344770304856795162e+00
7.384110000000000396e-01 1.662250000000000116e-01 3.311249999999998916e-02 -3.311499999999995003e-03 -6.622750000000010573e-03 2.499999999933111283e-07 -5.948948553695223573e-01
7.582780000000000076e-01 1.662250000000000116e-01 2.317849999999999078e-02 -3.311000000000008381e-03 -6.622500000000003384e-03 2.499999999933111283e-07 -1.707855729435935332e+00
7.847680000000000211e-01 1.596029999999999949e-01 1.986749999999998240e-02 -3.311000000000008381e-03 -6.622249999999996195e-03 -1.655749999999997502e-03 -6.709313819629487696e+00
7.980129999999999724e-01 1.596029999999999949e-01 9.933999999999998387e-03 -6.622500000000003384e-03 -9.933749999999991198e-03 -4.966999999999992255e-03 -6.765018171796509705e+01
8.046360000000000179e-01 1.463579999999999881e-01 0.000000000000000000e+00 -1.324499999999999289e-02 -8.278250000000014763e-03 -1.655749999999997502e-03 -4.718833050385772765e+01
7.980129999999999724e-01 1.331130000000000091e-01 -6.622500000000031140e-03 -9.933999999999998387e-03 -6.622500000000003384e-03 3.311249999999994753e-03 -5.154285660129394131e+01
7.913909999999999556e-01 1.264899999999999913e-01 -1.324500000000000677e-02 -6.622500000000003384e-03 -4.966999999999971438e-03 3.311500000000001942e-03 -2.363657223143869857e+01
7.715229999999999588e-01 1.198680000000000023e-01 -1.655649999999997402e-02 -3.310999999999994503e-03 -1.655499999999976435e-03 6.622500000000003384e-03 -2.391802387516204931e+01
7.582780000000000076e-01 1.198680000000000023e-01 -1.655599999999995964e-02 6.622500000000003384e-03 3.311499999999995003e-03 6.622249999999996195e-03 -2.320574821312018443e+01
7.384110000000000396e-01 1.331130000000000091e-01 -9.933499999999984009e-03 9.933499999999997887e-03 9.933499999999956254e-03 1.655499999999997252e-03 -4.152373178537099108e+01
7.384110000000000396e-01 1.397349999999999981e-01 3.310999999999952870e-03 9.933499999999997887e-03 8.277999999999979819e-03 2.500000000002500222e-07 -7.162865232786295167e+01
7.450329999999999453e-01 1.529800000000000049e-01 6.622499999999975628e-03 9.933999999999998387e-03 4.967000000000026949e-03 -3.311000000000001442e-03 -4.187826698957447036e+01
7.516559999999999908e-01 1.596029999999999949e-01 1.324500000000000677e-02 3.311499999999995003e-03 6.622249999999996195e-03 -4.966999999999999194e-03 -3.446919513130151813e+01
7.715229999999999588e-01 1.596029999999999949e-01 1.986699999999996802e-02 0.000000000000000000e+00 6.621999999999961251e-03 -3.311499999999995003e-03 -8.389965516114298083e+00
