5.132449999999999513e-01 2.854300000000000170e-01 0.000000000000000000e+00 -6.622000000000016762e-03 -6.622499999999975628e-03 -4.999999999866222566e-07 -1.510231811974404366e+02
5.132449999999999513e-01 2.788080000000000003e-01 -6.622499999999975628e-03 -6.622500000000003384e-03 -6.622499999999989506e-03 1.655250000000010879e-03 -6.673034627871676605e+01
5.000000000000000000e-01 2.721850000000000103e-01 -1.324499999999997901e-02 -3.311499999999995003e-03 -3.311250000000015570e-03 3.311250000000001692e-03 -2.154296233960991813e+01
4.867549999999999932e-01 2.721850000000000103e-01 -1.324500000000000677e-02 0.000000000000000000e+00 -1.655750000000011379e-03 4.966999999999999194e-03 -2.831328331623959116e+01
4.735099999999999865e-01 2.721850000000000103e-01 -1.655650000000000177e-02 6.622500000000003384e-03 0.000000000000000000e+00 8.278250000000000886e-03 -2.417225686382849759e+01
4.536419999999999897e-01 2.854300000000000170e-01 -1.324500000000000677e-02 1.655650000000000177e-02 4.966999999999999194e-03 6.622749999999996695e-03 -1.783071953812727983e+01
4.470199999999999729e-01 3.052980000000000138e-01 -6.622500000000003384e-03 1.986799999999999677e-02 6.622500000000003384e-03 -1.655749999999997502e-03 -1.313076894096437286e+01
4.403969999999999829e-01 3.251660000000000106e-01 0.000000000000000000e+00 1.324500000000000677e-02 8.278250000000000886e-03 -4.967250000000006382e-03 -4.718833050385754291e+01
4.470199999999999729e-01 3.317880000000000273e-01 9.933999999999998387e-03 9.933499999999984009e-03 9.933750000000005076e-03 -4.966750000000005882e-03 -5.338579967198123910e+01
4.602649999999999797e-01 3.450329999999999786e-01 1.986750000000001015e-02 3.311499999999995003e-03 8.277999999999993697e-03 -9.933499999999984009e-03 -2.750744459848927548e+01
4.867549999999999932e-01 3.384110000000000174e-01 2.648999999999998578e-02 -9.933499999999984009e-03 -1.655500000000004190e-03 -8.278250000000000886e-03 -1.041044492976025992e+01
5.132449999999999513e-01 3.251660000000000106e-01 1.655650000000000177e-02 -1.324500000000000677e-02 -1.158924999999998151e-02 -1.656000000000004690e-03 -1.898087002190010963e+01
5.198679999999999968e-01 3.119210000000000038e-01 3.311500000000022759e-03 -1.324549999999999339e-02 -9.934000000000012265e-03 -6.622749999999996695e-03 -6.031718333318355718e+01
5.198679999999999968e-01 2.986750000000000238e-01 -3.311500000000022759e-03 -2.649050000000000016e-02 -9.934000000000012265e-03 -1.324475000000000652e-02 -1.152551384441567528e+01
5.132449999999999513e-01 2.589400000000000035e-01 -1.655650000000000177e-02 -3.973500000000000643e-02 -9.933749999999977320e-03 -3.311000000000001442e-03 -4.261288973012522519e+00
4.867549999999999932e-01 2.192050000000000110e-01 -2.317899999999997740e-02 -3.311250000000000304e-02 0.000000000000000000e+00 6.622500000000003384e-03 -2.324645449965435873e+00
4.668869999999999965e-01 1.927149999999999974e-01 -1.655650000000000177e-02 -2.648999999999999966e-02 8.278249999999987008e-03 8.278250000000000886e-03 2.697580314554627101e+00
4.536419999999999897e-01 1.662250000000000116e-01 -6.622500000000003384e-03 -1.655600000000000127e-02 1.324525000000000008e-02 8.278249999999993947e-03 2.900809779028835678e+01
4.536419999999999897e-01 1.596029999999999949e-01 9.933999999999998387e-03 -9.933500000000011765e-03 1.655650000000001565e-02 4.966749999999998944e-03 7.711351839604621716e+01
4.735099999999999865e-01 1.463579999999999881e-01 2.649050000000002791e-02 -6.622500000000003384e-03 1.158924999999999539e-02 6.622250000000010073e-03 1.238631789702599306e+01
5.066230000000000455e-01 1.463579999999999881e-01 3.311249999999998916e-02 3.311000000000008381e-03 -1.656000000000018568e-03 6.622500000000003384e-03 6.099333807131276153e+00
5.397349999999999648e-01 1.529800000000000049e-01 2.317849999999999078e-02 6.622500000000003384e-03 -8.277999999999979819e-03 3.311499999999995003e-03 9.392952458143115635e+00
5.529800000000000271e-01 1.596029999999999949e-01 1.655650000000002953e-02 9.933999999999998387e-03 -4.966749999999992005e-03 0.000000000000000000e+00 6.854551147755213236e+00
5.728480000000000238e-01 1.728480000000000016e-01 1.324500000000000677e-02 6.622500000000003384e-03 -4.967000000000026949e-03 -4.966999999999999194e-03 -1.012966818581152673e+01
5.794700000000000406e-01 1.728480000000000016e-01 6.622499999999975628e-03 0.000000000000000000e+00 -4.966750000000019760e-03 -4.966999999999999194e-03 -1.132531332649593168e+02
5.860929999999999751e-01 1.728480000000000016e-01 3.311499999999967248e-03 -3.311499999999995003e-03 -1.655749999999983624e-03 -4.966999999999999194e-03 -2.135225999861180242e+02
5.860929999999999751e-01 1.662250000000000116e-01 3.311000000000008381e-03 -9.933999999999998387e-03 4.966750000000019760e-03 -3.311000000000008381e-03 3.342528618094525683e+01
5.927149999999999919e-01 1.529800000000000049e-01 1.324500000000000677e-02 -9.933500000000011765e-03 8.278249999999987008e-03 3.311499999999995003e-03 2.778537187539524922e+01
6.125829999999999886e-01 1.463579999999999881e-01 1.986749999999998240e-02 -3.311000000000008381e-03 0.000000000000000000e+00 6.622250000000010073e-03 1.610174528340218458e+01
6.324499999999999567e-01 1.463579999999999881e-01 1.324500000000000677e-02 3.311000000000008381e-03 -4.966749999999992005e-03 1.158925000000000927e-02 6.678265321520574105e+01
6.390730000000000022e-01 1.529800000000000049e-01 9.933999999999998387e-03 1.986750000000001015e-02 -4.966999999999999194e-03 1.158949999999999564e-02 1.950880929437429856e+01
6.523179999999999534e-01 1.860930000000000084e-01 3.311000000000008381e-03 2.648999999999999966e-02 -1.158949999999997482e-02 4.966749999999992005e-03 1.700058030594255598e+01
6.456950000000000189e-01 2.059600000000000042e-01 -1.324499999999995126e-02 2.980099999999999416e-02 -1.158924999999999539e-02 4.966999999999999194e-03 8.060962039370522803e+00
6.258280000000000509e-01 2.456949999999999967e-01 -1.986749999999998240e-02 3.642399999999999805e-02 -2.775557561562891351e-17 -1.655499999999990313e-03 4.605111206725483464e-01
6.059600000000000541e-01 2.788080000000000003e-01 -1.324500000000000677e-02 2.649000000000001354e-02 8.278249999999987008e-03 -9.933749999999998137e-03 -3.376598549304582253e+00
5.993380000000000374e-01 2.986750000000000238e-01 -3.311000000000008381e-03 1.655650000000000177e-02 9.933749999999991198e-03 -8.278000000000007574e-03 -2.847466507995354590e+01
5.993380000000000374e-01 3.119210000000000038e-01 6.622499999999975628e-03 9.933999999999998387e-03 1.324474999999999958e-02 -3.311499999999995003e-03 -9.019975580166759244e+01
6.125829999999999886e-01 3.185430000000000206e-01 2.317849999999999078e-02 9.933500000000011765e-03 1.986750000000001015e-02 0.000000000000000000e+00 -1.230678386948163627e+01
6.456950000000000189e-01 3.317880000000000273e-01 4.635749999999999593e-02 9.933999999999998387e-03 1.655650000000000177e-02 -3.311000000000008381e-03 -2.983781462769281134e+00
7.052979999999999805e-01 3.384110000000000174e-01 5.629149999999999432e-02 3.311499999999995003e-03 -1.655500000000004190e-03 -8.278250000000000886e-03 -2.568400846039013974e+00
7.582780000000000076e-01 3.384110000000000174e-01 4.304649999999998755e-02 -6.622500000000003384e-03 -1.821200000000000596e-02 -8.278250000000000886e-03 -5.773355187250087006e+00
7.913909999999999556e-01 3.251660000000000106e-01 1.986749999999998240e-02 -1.324500000000000677e-02 -1.821199999999997821e-02 -6.622749999999996695e-03 -2.738354344369996696e+01
7.980129999999999724e-01 3.119210000000000038e-01 6.622500000000031140e-03 -1.986799999999999677e-02 -9.933749999999991198e-03 -4.966999999999999194e-03 -2.506794631681364649e+01
8.046360000000000179e-01 2.854300000000000170e-01 0.000000000000000000e+00 -2.317900000000000515e-02 -9.933750000000018954e-03 3.311499999999995003e-03 -1.848944329611931181e+01
7.980129999999999724e-01 2.655629999999999935e-01 -1.324500000000000677e-02 -1.324500000000000677e-02 -1.158924999999999539e-02 1.158950000000000258e-02 -4.671335851553252638e+01
7.781460000000000043e-01 2.589400000000000035e-01 -2.317849999999999078e-02 0.000000000000000000e+00 -3.311249999999987814e-03 1.324500000000000677e-02 -2.465365467030924052e+01
7.516559999999999908e-01 2.655629999999999935e-01 -1.986749999999998240e-02 1.324500000000000677e-02 8.278000000000007574e-03 8.278000000000007574e-03 -2.013429669510000863e+01
7.384110000000000396e-01 2.854300000000000170e-01 -6.622499999999975628e-03 1.655600000000001515e-02 9.933749999999991198e-03 3.311499999999995003e-03 -3.287569816702957581e+01
7.384110000000000396e-01 2.986750000000000238e-01 0.000000000000000000e+00 1.986799999999999677e-02 3.311249999999987814e-03 4.967499999999985816e-03 -8.388487634250733294e+00
7.384110000000000396e-01 3.251660000000000106e-01 0.000000000000000000e+00 2.649099999999998678e-02 0.000000000000000000e+00 6.622999999999990006e-03 0.000000000000000000e+00
