5.066230000000000455e-01 8.675499999999999878e-02 -6.623000000000045517e-03 0.000000000000000000e+00 2.775557561562891351e-17 0.000000000000000000e+00 -0.000000000000000000e+00
5.000000000000000000e-01 8.675499999999999878e-02 -6.623000000000017762e-03 0.000000000000000000e+00 1.655750000000025257e-03 1.655500000000000721e-03 -3.774154503330025534e+01
4.933770000000000100e-01 8.675499999999999878e-02 -3.311499999999995003e-03 3.311000000000001442e-03 4.967250000000006382e-03 3.311250000000001692e-03 -2.669415354473625257e+02
4.933770000000000100e-01 9.337700000000000167e-02 3.311499999999995003e-03 6.622500000000003384e-03 4.967250000000006382e-03 1.655999999999997752e-03 -6.752840172389903728e+01
5.000000000000000000e-01 1.000000000000000056e-01 6.623000000000017762e-03 6.622999999999996945e-03 1.655499999999990313e-03 -1.655500000000004190e-03 -2.668730242550411091e+01
5.066230000000000455e-01 1.066229999999999956e-01 6.622499999999975628e-03 3.311499999999995003e-03 -2.500000000210667039e-07 -3.311499999999998473e-03 -5.402312927016283339e+01
5.132449999999999513e-01 1.066229999999999956e-01 6.622499999999975628e-03 0.000000000000000000e+00 2.775557561562891351e-17 -1.655749999999997502e-03 -3.775294451448684185e+01
5.198679999999999968e-01 1.066229999999999956e-01 6.622500000000031140e-03 0.000000000000000000e+00 0.000000000000000000e+00 0.000000000000000000e+00 0.000000000000000000e+00
5.264900000000000135e-01 1.066229999999999956e-01 6.622499999999975628e-03 0.000000000000000000e+00 -1.655500000000031946e-03 -1.655749999999997502e-03 -3.775294451448684185e+01
5.331129999999999480e-01 1.066229999999999956e-01 3.311499999999967248e-03 -3.311499999999995003e-03 -1.655749999999983624e-03 -3.311499999999998473e-03 -1.601479951351091984e+02
5.331129999999999480e-01 1.000000000000000056e-01 3.311000000000008381e-03 -6.622999999999996945e-03 -2.499999999794333405e-07 -1.655500000000004190e-03 -1.350608848830565556e+01
5.397349999999999648e-01 9.337700000000000167e-02 3.311000000000008381e-03 -6.622500000000003384e-03 2.500000000071889161e-07 2.499999999967805753e-07 6.118304078262059784e-03
5.397349999999999648e-01 8.675499999999999878e-02 3.311500000000022759e-03 -6.622500000000003384e-03 2.500000000071889161e-07 3.469446951953614189e-18 4.078602500929253555e-03
5.463580000000000103e-01 8.013199999999999490e-02 3.311500000000022759e-03 -6.622499999999996445e-03 -1.655750000000011379e-03 3.469446951953614189e-18 -2.701258436269042917e+01
5.463580000000000103e-01 7.351000000000000589e-02 0.000000000000000000e+00 -6.622499999999996445e-03 -1.655750000000011379e-03 -3.469446951953614189e-18 -3.775294451448692001e+01
5.463580000000000103e-01 6.688700000000000201e-02 0.000000000000000000e+00 -6.622500000000003384e-03 0.000000000000000000e+00 -1.734723475976807094e-18 0.000000000000000000e+00
5.463580000000000103e-01 6.026499999999999913e-02 0.000000000000000000e+00 -6.622499999999999915e-03 -1.655750000000011379e-03 1.734723475976807094e-18 -3.775294451448687738e+01
5.463580000000000103e-01 5.364200000000000218e-02 -3.311500000000022759e-03 -6.622499999999999915e-03 -3.311250000000015570e-03 0.000000000000000000e+00 -5.402109012287996137e+01
5.397349999999999648e-01 4.701999999999999930e-02 -6.622500000000031140e-03 -6.622499999999999915e-03 -1.655499999999976435e-03 1.655500000000000721e-03 -2.669133237036968254e+01
5.331129999999999480e-01 4.039700000000000235e-02 -6.622499999999975628e-03 -3.311499999999998473e-03 1.655500000000031946e-03 1.655749999999999236e-03 -1.350731190895394995e+01
5.264900000000000135e-01 4.039700000000000235e-02 -3.311499999999967248e-03 -3.311000000000001442e-03 1.655749999999983624e-03 -1.655500000000001588e-03 1.067733893710512945e+02
5.264900000000000135e-01 3.377499999999999947e-02 -3.311000000000008381e-03 -6.622500000000001649e-03 -1.655500000000031946e-03 -1.655749999999999236e-03 -1.350445675787056388e+01
5.198679999999999968e-01 2.715199999999999905e-02 -6.622500000000031140e-03 -6.622499999999999915e-03 -2.500000000071889161e-07 8.673617379884035472e-19 -2.015352791545600535e-03
5.132449999999999513e-01 2.052999999999999964e-02 -3.311500000000022759e-03 -6.622499999999999915e-03 3.311250000000015570e-03 0.000000000000000000e+00 5.402109012287996137e+01
5.132449999999999513e-01 1.390699999999999922e-02 0.000000000000000000e+00 -6.622499999999999915e-03 1.655750000000011379e-03 0.000000000000000000e+00 3.775294451448687738e+01
5.132449999999999513e-01 7.284999999999999809e-03 0.000000000000000000e+00 -6.622499999999999915e-03 1.655750000000011379e-03 1.655500000000000070e-03 3.775294451448687738e+01
5.132449999999999513e-01 6.620000000000000450e-04 3.311500000000022759e-03 -3.311499999999999774e-03 3.311250000000015570e-03 3.311249999999999957e-03 2.135145397920880157e+02
5.198679999999999968e-01 6.620000000000000450e-04 6.622500000000031140e-03 0.000000000000000000e+00 1.655499999999976435e-03 1.655749999999999887e-03 3.775294451448625921e+01
5.264900000000000135e-01 6.620000000000000450e-04 6.622499999999975628e-03 0.000000000000000000e+00 -1.655500000000031946e-03 1.655749999999999887e-03 3.775294451448689159e+01
5.331129999999999480e-01 6.620000000000000450e-04 3.311499999999967248e-03 3.311499999999999774e-03 -1.655749999999983624e-03 1.655749999999999887e-03 1.067653300900726236e+02
5.331129999999999480e-01 7.284999999999999809e-03 3.311000000000008381e-03 3.311499999999999774e-03 1.655500000000031946e-03 -2.500000000000331818e-07 -5.339475548798514382e+01
5.397349999999999648e-01 7.284999999999999809e-03 6.622500000000031140e-03 3.310999999999999707e-03 1.655750000000011379e-03 1.655500000000000070e-03 1.350445675786997413e+01
5.463580000000000103e-01 1.390699999999999922e-02 6.622500000000031140e-03 6.622499999999999915e-03 -2.775557561562891351e-17 1.655750000000000104e-03 1.334768153797666912e+01
5.529800000000000271e-01 2.052999999999999964e-02 6.622499999999975628e-03 6.622499999999999915e-03 -1.655500000000031946e-03 0.000000000000000000e+00 1.334566618518532799e+01
5.596029999999999616e-01 2.715199999999999905e-02 3.311499999999967248e-03 6.622499999999999915e-03 -1.655749999999983624e-03 8.673617379884035472e-19 2.701258436269025864e+01
5.596029999999999616e-01 3.377499999999999947e-02 3.311000000000008381e-03 6.622500000000001649e-03 1.655500000000031946e-03 -1.655749999999999236e-03 -4.051744893768741917e+01
5.662249999999999783e-01 4.039700000000000235e-02 6.622500000000031140e-03 3.311000000000001442e-03 2.500000000071889161e-07 -4.966750000000001546e-03 -8.103897684741325236e+01
5.728480000000000238e-01 4.039700000000000235e-02 3.311500000000022759e-03 -3.311000000000001442e-03 -1.655750000000011379e-03 -4.966750000000001546e-03 -2.135548407618358056e+02
5.728480000000000238e-01 3.377499999999999947e-02 3.311000000000008381e-03 -6.622500000000001649e-03 1.655499999999976435e-03 -1.655749999999999236e-03 1.350445675786965793e+01
5.794700000000000406e-01 2.715199999999999905e-02 6.622499999999975628e-03 -6.622499999999999915e-03 2.499999999794333405e-07 8.673617379884035472e-19 2.015352791321877151e-03
5.860929999999999751e-01 2.052999999999999964e-02 3.311499999999967248e-03 -6.622499999999999915e-03 -1.655749999999983624e-03 1.655499999999999854e-03 -1.350731190895413647e+01
5.860929999999999751e-01 1.390699999999999922e-02 3.311000000000008381e-03 -3.311500000000000207e-03 1.655500000000031946e-03 3.311249999999999957e-03 1.601520232541178927e+02
5.927149999999999919e-01 1.390699999999999922e-02 6.622500000000031140e-03 0.000000000000000000e+00 1.655750000000011379e-03 2.500000000002500222e-07 5.700278501362526611e-03
5.993380000000000374e-01 1.390699999999999922e-02 6.622500000000031140e-03 -3.310999999999999707e-03 -2.775557561562891351e-17 -1.655499999999999854e-03 -2.701095284777856165e+01
6.059600000000000541e-01 7.284999999999999809e-03 6.622499999999975628e-03 -3.310999999999999707e-03 1.655749999999983624e-03 3.310999999999999707e-03 6.752840178546573213e+01
6.125829999999999886e-01 7.284999999999999809e-03 9.933999999999998387e-03 3.310999999999999707e-03 2.775557561562891351e-17 4.966749999999999811e-03 4.297351401988233022e+01
6.258280000000000509e-01 1.390699999999999922e-02 6.622500000000031140e-03 6.622499999999999915e-03 -3.311500000000022759e-03 1.655750000000000104e-03 4.004304461392938919e+01
6.258280000000000509e-01 2.052999999999999964e-02 3.310999999999952870e-03 6.622499999999999915e-03 -1.655750000000039135e-03 0.000000000000000000e+00 2.701503181981921742e+01
6.324499999999999567e-01 2.715199999999999905e-02 3.310999999999952870e-03 6.622499999999999915e-03 -1.655499999999976435e-03 8.673617379884035472e-19 2.701095284777836980e+01
6.324499999999999567e-01 3.377499999999999947e-02 0.000000000000000000e+00 6.622500000000001649e-03 -1.655499999999976435e-03 0.000000000000000000e+00 3.774724423598470224e+01
6.324499999999999567e-01 4.039700000000000235e-02 0.000000000000000000e+00 6.622499999999999915e-03 0.000000000000000000e+00 -8.673617379884035472e-19 -0.000000000000000000e+00
6.324499999999999567e-01 4.701999999999999930e-02 0.000000000000000000e+00 6.622499999999999915e-03 0.000000000000000000e+00 0.000000000000000000e+00 0.000000000000000000e+00
6.324499999999999567e-01 5.364200000000000218e-02 0.000000000000000000e+00 6.622499999999999915e-03 0.000000000000000000e+00 0.000000000000000000e+00 0.000000000000000000e+00
6.324499999999999567e-01 6.026499999999999913e-02 0.000000000000000000e+00 6.622499999999999915e-03 -1.655499999999976435e-03 1.734723475976807094e-18 3.774724423598472356e+01
6.324499999999999567e-01 6.688700000000000201e-02 -3.310999999999952870e-03 6.622500000000003384e-03 -3.311249999999987814e-03 -1.734723475976807094e-18 5.402598466759710050e+01
6.258280000000000509e-01 7.351000000000000589e-02 -6.622499999999975628e-03 6.622499999999996445e-03 -1.655750000000039135e-03 -3.469446951953614189e-18 1.334768153797690005e+01
6.192050000000000054e-01 8.013199999999999490e-02 -6.622500000000031140e-03 6.622499999999996445e-03 0.000000000000000000e+00 -1.655499999999997252e-03 1.334566618518495495e+01
6.125829999999999886e-01 8.675499999999999878e-02 -6.622499999999975628e-03 3.311500000000001942e-03 2.775557561562891351e-17 -1.655749999999997502e-03 2.701258436269022667e+01
6.059600000000000541e-01 8.675499999999999878e-02 -6.622499999999975628e-03 3.311000000000001442e-03 3.311249999999987814e-03 -2.500000000002500222e-07 -2.700687387573882958e+01
5.993380000000000374e-01 9.337700000000000167e-02 0.000000000000000000e+00 3.311000000000001442e-03 6.622499999999975628e-03 -1.655500000000000721e-03 -6.040927247897642474e+02
6.059600000000000541e-01 9.337700000000000167e-02 6.622499999999975628e-03 0.000000000000000000e+00 3.311249999999987814e-03 -1.655500000000000721e-03 -3.774724423598555489e+01
6.125829999999999886e-01 9.337700000000000167e-02 6.622499999999975628e-03 0.000000000000000000e+00 2.775557561562891351e-17 0.000000000000000000e+00 0.000000000000000000e+00
6.192050000000000054e-01 9.337700000000000167e-02 6.622500000000031140e-03 0.000000000000000000e+00 1.655750000000011379e-03 0.000000000000000000e+00 0.000000000000000000e+00
6.258280000000000509e-01 9.337700000000000167e-02 9.933999999999998387e-03 0.000000000000000000e+00 1.655499999999976435e-03 0.000000000000000000e+00 0.000000000000000000e+00
6.390730000000000022e-01 9.337700000000000167e-02 9.933499999999984009e-03 0.000000000000000000e+00 -1.655750000000011379e-03 0.000000000000000000e+00 0.000000000000000000e+00
6.456950000000000189e-01 9.337700000000000167e-02 6.622499999999975628e-03 0.000000000000000000e+00 -1.655500000000004190e-03 0.000000000000000000e+00 0.000000000000000000e+00
6.523179999999999534e-01 9.337700000000000167e-02 6.622499999999975628e-03 0.000000000000000000e+00 2.775557561562891351e-17 0.000000000000000000e+00 0.000000000000000000e+00
6.589399999999999702e-01 9.337700000000000167e-02 6.622500000000031140e-03 0.000000000000000000e+00 2.775557561562891351e-17 0.000000000000000000e+00 0.000000000000000000e+00
6.655630000000000157e-01 9.337700000000000167e-02 6.622500000000031140e-03 0.000000000000000000e+00 -2.775557561562891351e-17 0.000000000000000000e+00 0.000000000000000000e+00
6.721850000000000325e-01 9.337700000000000167e-02 6.622499999999975628e-03 0.000000000000000000e+00 -2.775557561562891351e-17 0.000000000000000000e+00 0.000000000000000000e+00
6.788079999999999670e-01 9.337700000000000167e-02 6.622499999999975628e-03 0.000000000000000000e+00 2.775557561562891351e-17 0.000000000000000000e+00 0.000000000000000000e+00
6.854299999999999837e-01 9.337700000000000167e-02 6.622500000000031140e-03 0.000000000000000000e+00 -1.655499999999976435e-03 -1.655500000000000721e-03 -3.774724423598492251e+01
6.920530000000000292e-01 9.337700000000000167e-02 3.311500000000022759e-03 -3.311000000000001442e-03 -1.655750000000011379e-03 -3.311250000000001692e-03 -1.601681460763106202e+02
6.920530000000000292e-01 8.675499999999999878e-02 3.311000000000008381e-03 -6.622500000000003384e-03 -2.500000000071889161e-07 -1.655749999999997502e-03 -1.351057506194835511e+01
6.986750000000000460e-01 8.013199999999999490e-02 3.311000000000008381e-03 -6.622499999999996445e-03 -1.655500000000004190e-03 3.469446951953614189e-18 -2.701095284777853678e+01
6.986750000000000460e-01 7.351000000000000589e-02 0.000000000000000000e+00 -6.622499999999996445e-03 -1.655500000000004190e-03 -3.469446951953614189e-18 -3.774724423598539857e+01
6.986750000000000460e-01 6.688700000000000201e-02 0.000000000000000000e+00 -6.622500000000003384e-03 0.000000000000000000e+00 -1.734723475976807094e-18 0.000000000000000000e+00
6.986750000000000460e-01 6.026499999999999913e-02 0.000000000000000000e+00 -6.622499999999999915e-03 0.000000000000000000e+00 1.734723475976807094e-18 0.000000000000000000e+00
6.986750000000000460e-01 5.364200000000000218e-02 0.000000000000000000e+00 -6.622499999999999915e-03 0.000000000000000000e+00 0.000000000000000000e+00 0.000000000000000000e+00
6.986750000000000460e-01 4.701999999999999930e-02 0.000000000000000000e+00 -6.622499999999999915e-03 0.000000000000000000e+00 0.000000000000000000e+00 0.000000000000000000e+00
6.986750000000000460e-01 4.039700000000000235e-02 0.000000000000000000e+00 -6.622499999999999915e-03 0.000000000000000000e+00 -8.673617379884035472e-19 0.000000000000000000e+00
6.986750000000000460e-01 3.377499999999999947e-02 0.000000000000000000e+00 -6.622500000000001649e-03 1.655749999999983624e-03 1.655499999999999854e-03 3.775294451448622368e+01
6.986750000000000460e-01 2.715199999999999905e-02 3.311499999999967248e-03 -3.311500000000000207e-03 3.311499999999995003e-03 1.655750000000000971e-03 1.601479951351098805e+02
7.052979999999999805e-01 2.715199999999999905e-02 6.622999999999990006e-03 -3.310999999999999707e-03 1.655500000000031946e-03 2.500000000002500222e-07 1.350608848830623820e+01
7.119210000000000260e-01 2.052999999999999964e-02 6.622500000000031140e-03 -3.310999999999999707e-03 -2.500000000071889161e-07 1.655499999999999854e-03 2.700891351573994115e+01
7.185430000000000428e-01 2.052999999999999964e-02 6.622499999999975628e-03 0.000000000000000000e+00 -2.775557561562891351e-17 3.310999999999999707e-03 7.549448847197108137e+01
7.251659999999999773e-01 2.052999999999999964e-02 6.622499999999975628e-03 3.310999999999999707e-03 2.775557561562891351e-17 3.311249999999999957e-03 5.402598466759692286e+01
7.317879999999999940e-01 2.715199999999999905e-02 6.622500000000031140e-03 6.622499999999999915e-03 -1.655499999999976435e-03 1.655750000000000971e-03 2.669334772316116400e+01
7.384110000000000396e-01 3.377499999999999947e-02 3.311500000000022759e-03 6.622500000000001649e-03 -3.311250000000015570e-03 0.000000000000000000e+00 5.402109012287995427e+01
7.384110000000000396e-01 4.039700000000000235e-02 0.000000000000000000e+00 6.622499999999999915e-03 -1.655750000000011379e-03 -8.673617379884035472e-19 3.775294451448687738e+01
7.384110000000000396e-01 4.701999999999999930e-02 0.000000000000000000e+00 6.622499999999999915e-03 0.000000000000000000e+00 0.000000000000000000e+00 0.000000000000000000e+00
7.384110000000000396e-01 5.364200000000000218e-02 0.000000000000000000e+00 6.622499999999999915e-03 0.000000000000000000e+00 0.000000000000000000e+00 0.000000000000000000e+00
7.384110000000000396e-01 6.026499999999999913e-02 0.000000000000000000e+00 6.622499999999999915e-03 -1.655750000000011379e-03 -1.655749999999999236e-03 3.775294451448687738e+01
7.384110000000000396e-01 6.688700000000000201e-02 -3.311500000000022759e-03 3.311000000000001442e-03 -1.655750000000011379e-03 -1.655499999999998986e-03 1.067733893710503139e+02
7.317879999999999940e-01 6.688700000000000201e-02 -3.311500000000022759e-03 3.311500000000001942e-03 -1.655499999999976435e-03 1.655749999999997502e-03 -8.060194028655409335e-03
7.317879999999999940e-01 7.351000000000000589e-02 -6.622499999999975628e-03 6.622499999999996445e-03 -3.310999999999980625e-03 -2.500000000037194692e-07 2.669334772316150506e+01
7.185430000000000428e-01 8.013199999999999490e-02 -9.933499999999984009e-03 3.310999999999994503e-03 -2.775557561562891351e-17 -1.655499999999997252e-03 1.432500937659724372e+01
7.119210000000000260e-01 8.013199999999999490e-02 -6.622500000000031140e-03 3.311500000000001942e-03 1.655249999999997002e-03 2.500000000037194692e-07 -1.350731160101882011e+01
7.052979999999999805e-01 8.675499999999999878e-02 -6.622999999999990006e-03 3.311500000000001942e-03 -2.499999999516777649e-07 -1.655750000000000971e-03 2.701176854366751101e+01
6.986750000000000460e-01 8.675499999999999878e-02 -6.622999999999934495e-03 0.000000000000000000e+00 5.551115123125782702e-17 -3.311500000000001942e-03 7.549448890231167297e+01
