4.006620000000000181e-01 2.986750000000000238e-01 0.000000000000000000e+00 6.622999999999990006e-03 0.000000000000000000e+00 0.000000000000000000e+00 0.000000000000000000e+00
4.006620000000000181e-01 3.052980000000000138e-01 0.000000000000000000e+00 6.622999999999990006e-03 0.000000000000000000e+00 -2.499999999933111283e-07 -0.000000000000000000e+00
4.006620000000000181e-01 3.119210000000000038e-01 0.000000000000000000e+00 6.622500000000003384e-03 3.311250000000001692e-03 -2.499999999933111283e-07 -7.550018875047183542e+01
4.006620000000000181e-01 3.185430000000000206e-01 6.622500000000003384e-03 6.622500000000003384e-03 8.278250000000000886e-03 0.000000000000000000e+00 -6.673437698429935949e+01
4.139070000000000249e-01 3.251660000000000106e-01 1.655650000000000177e-02 6.622500000000003384e-03 6.622499999999989506e-03 -1.655749999999997502e-03 -1.256963197039119251e+01
4.337750000000000217e-01 3.317880000000000273e-01 1.986749999999998240e-02 3.311000000000008381e-03 1.655499999999990313e-03 -1.387778780781445676e-17 -6.708300741307391402e-01
4.536419999999999897e-01 3.317880000000000273e-01 1.986749999999998240e-02 6.622499999999975628e-03 1.387778780781445676e-17 1.655749999999983624e-03 3.581558791312085432e+00
4.735099999999999865e-01 3.450329999999999786e-01 1.986750000000001015e-02 6.622499999999975628e-03 -1.655499999999976435e-03 -3.311249999999987814e-03 -5.968904134919633897e+00
4.933770000000000100e-01 3.450329999999999786e-01 1.655650000000002953e-02 0.000000000000000000e+00 -3.311000000000008381e-03 -3.311249999999987814e-03 -1.207966539051430388e+01
5.066230000000000455e-01 3.450329999999999786e-01 1.324549999999999339e-02 0.000000000000000000e+00 -3.311500000000022759e-03 -1.655499999999990313e-03 -9.436098618322420251e+00
5.198679999999999968e-01 3.450329999999999786e-01 9.933499999999984009e-03 -3.310999999999980625e-03 -4.967249999999992505e-03 -3.311249999999987814e-03 -4.297863346578216692e+01
5.264900000000000135e-01 3.384110000000000174e-01 3.311000000000008381e-03 -6.622499999999975628e-03 -6.622249999999996195e-03 -3.311500000000008881e-03 -1.350608825429714557e+02
5.264900000000000135e-01 3.317880000000000273e-01 -3.311000000000008381e-03 -9.933999999999998387e-03 -4.966750000000019760e-03 -1.655500000000018068e-03 -3.819940010041386103e+01
5.198679999999999968e-01 3.185430000000000206e-01 -6.622500000000031140e-03 -9.933500000000011765e-03 -1.655749999999983624e-03 0.000000000000000000e+00 -9.665599988385759289e+00
5.132449999999999513e-01 3.119210000000000038e-01 -6.622499999999975628e-03 -9.933999999999998387e-03 -4.966999999999971438e-03 -4.967249999999992505e-03 -9.664103220701329988e+00
5.066230000000000455e-01 2.986750000000000238e-01 -1.655649999999997402e-02 -1.986799999999999677e-02 -4.967000000000026949e-03 -4.966750000000005882e-03 -9.511086113897162519e-01
4.801320000000000032e-01 2.721850000000000103e-01 -1.655650000000002953e-02 -1.986750000000001015e-02 4.966999999999985316e-03 3.311499999999995003e-03 2.535365703622581623e+00
4.735099999999999865e-01 2.589400000000000035e-01 -6.622500000000003384e-03 -1.324500000000000677e-02 3.311250000000015570e-03 6.938893903907228378e-18 1.350588434880963540e+01
4.668869999999999965e-01 2.456949999999999967e-01 -9.933999999999998387e-03 -1.986749999999999627e-02 0.000000000000000000e+00 -3.311249999999994753e-03 3.001337845167290741e+00
4.536419999999999897e-01 2.192050000000000110e-01 -6.622500000000003384e-03 -1.986749999999999627e-02 4.966999999999999194e-03 3.311249999999994753e-03 8.356609995794389789e+00
4.536419999999999897e-01 2.059600000000000042e-01 0.000000000000000000e+00 -1.324500000000000677e-02 3.311250000000001692e-03 3.311249999999994753e-03 1.887504718761795885e+01
4.536419999999999897e-01 1.927149999999999974e-01 0.000000000000000000e+00 -1.324500000000000677e-02 0.000000000000000000e+00 1.655750000000004440e-03 0.000000000000000000e+00
4.536419999999999897e-01 1.794699999999999906e-01 0.000000000000000000e+00 -9.933499999999997887e-03 3.311250000000001692e-03 3.311250000000008631e-03 3.355732847982297073e+01
4.536419999999999897e-01 1.728480000000000016e-01 6.622500000000003384e-03 -6.622499999999989506e-03 8.278250000000000886e-03 3.311000000000001442e-03 9.342570935466950743e+01
4.668869999999999965e-01 1.662250000000000116e-01 1.655650000000000177e-02 -3.311499999999995003e-03 3.311250000000001692e-03 3.311249999999994753e-03 1.366744977327687138e+01
4.867549999999999932e-01 1.662250000000000116e-01 1.324500000000000677e-02 0.000000000000000000e+00 -3.311249999999987814e-03 4.966999999999992255e-03 2.831328331623954853e+01
4.933770000000000100e-01 1.662250000000000116e-01 9.934000000000026143e-03 6.622499999999989506e-03 -1.655500000000018068e-03 4.966999999999999194e-03 3.543601794909232439e+01
5.066230000000000455e-01 1.794699999999999906e-01 9.933999999999970631e-03 9.933999999999998387e-03 -1.655750000000025257e-03 1.655750000000004440e-03 1.186400864742573980e+01
5.132449999999999513e-01 1.860930000000000084e-01 6.622499999999975628e-03 9.933999999999998387e-03 -1.655749999999969746e-03 4.966749999999998944e-03 2.899279605312249330e+01
5.198679999999999968e-01 1.993379999999999874e-01 6.622500000000031140e-03 1.986749999999999627e-02 -1.655749999999983624e-03 3.311000000000001442e-03 5.968904134919609028e+00
5.264900000000000135e-01 2.258280000000000010e-01 3.311000000000008381e-03 1.655600000000000127e-02 -3.311250000000015570e-03 -6.622499999999996445e-03 6.834439312852615522e+00
5.264900000000000135e-01 2.324499999999999900e-01 0.000000000000000000e+00 6.622500000000003384e-03 -1.655500000000004190e-03 -3.311000000000001442e-03 3.774724423598531331e+01
5.264900000000000135e-01 2.390730000000000077e-01 0.000000000000000000e+00 9.933999999999998387e-03 0.000000000000000000e+00 -1.655750000000004440e-03 -0.000000000000000000e+00
5.264900000000000135e-01 2.523179999999999867e-01 0.000000000000000000e+00 3.310999999999994503e-03 1.655749999999983624e-03 -8.278249999999993947e-03 -1.510345834761268691e+02
5.264900000000000135e-01 2.456949999999999967e-01 3.311499999999967248e-03 -6.622499999999989506e-03 1.655749999999983624e-03 -6.622249999999996195e-03 -2.701054490747235093e+01
5.331129999999999480e-01 2.390730000000000077e-01 3.311499999999967248e-03 -9.933499999999997887e-03 1.655500000000031946e-03 -1.655750000000004440e-03 9.548371828092662383e+00
5.331129999999999480e-01 2.258280000000000010e-01 6.622500000000031140e-03 -9.933999999999998387e-03 3.311000000000036136e-03 1.655499999999997252e-03 2.576948255294610490e+01
5.463580000000000103e-01 2.192050000000000110e-01 9.933500000000039520e-03 -6.622500000000003384e-03 1.655499999999976435e-03 1.655749999999997502e-03 1.610852252855752909e+01
5.529800000000000271e-01 2.125829999999999942e-01 9.933499999999984009e-03 -6.622500000000003384e-03 4.966999999999971438e-03 1.655500000000004190e-03 2.899485412422771446e+01
5.662249999999999783e-01 2.059600000000000042e-01 1.986749999999998240e-02 -3.311499999999995003e-03 4.967000000000026949e-03 3.311250000000001692e-03 1.006405012590290937e+01
5.927149999999999919e-01 2.059600000000000042e-01 1.986750000000003791e-02 0.000000000000000000e+00 -3.311249999999987814e-03 3.311499999999995003e-03 8.389543225441425278e+00
6.059600000000000541e-01 2.059600000000000042e-01 1.324500000000000677e-02 3.311499999999995003e-03 -3.311250000000043325e-03 6.622499999999996445e-03 3.877707197559158914e+01
6.192050000000000054e-01 2.125829999999999942e-01 1.324499999999995126e-02 1.324499999999999289e-02 -1.655500000000004190e-03 6.622250000000003134e-03 1.668258656967918441e+01
6.324499999999999567e-01 2.324499999999999900e-01 9.933999999999998387e-03 1.655600000000000127e-02 -4.966749999999964249e-03 1.655750000000004440e-03 1.370978557738057191e+01
6.390730000000000022e-01 2.456949999999999967e-01 3.311500000000022759e-03 1.655650000000000177e-02 -4.966999999999999194e-03 2.500000000002500222e-07 1.708474218151803115e+01
6.390730000000000022e-01 2.655629999999999935e-01 0.000000000000000000e+00 1.655650000000000177e-02 -1.655750000000011379e-03 -1.655749999999997502e-03 6.040288703765749112e+00
6.390730000000000022e-01 2.788080000000000003e-01 0.000000000000000000e+00 1.324500000000000677e-02 0.000000000000000000e+00 -1.655749999999997502e-03 -0.000000000000000000e+00
6.390730000000000022e-01 2.920530000000000070e-01 0.000000000000000000e+00 1.324500000000000677e-02 -1.655750000000011379e-03 -1.655500000000004190e-03 9.438236128621708687e+00
6.390730000000000022e-01 3.052980000000000138e-01 -3.311500000000022759e-03 9.933999999999998387e-03 -1.655750000000011379e-03 -3.311250000000001692e-03 2.387525597614222761e+01
6.324499999999999567e-01 3.119210000000000038e-01 -3.311500000000022759e-03 6.622500000000003384e-03 2.500000000349444917e-07 -1.655749999999997502e-03 1.350323330645283804e+01
6.324499999999999567e-01 3.185430000000000206e-01 -3.310999999999952870e-03 6.622500000000003384e-03 2.500000000349444917e-07 0.000000000000000000e+00 -4.078972040403845353e-03
6.258280000000000509e-01 3.251660000000000106e-01 -3.310999999999952870e-03 6.622500000000003384e-03 1.655499999999976435e-03 0.000000000000000000e+00 -2.701095284777834493e+01
6.258280000000000509e-01 3.317880000000000273e-01 0.000000000000000000e+00 6.622500000000003384e-03 3.310999999999952870e-03 -1.655500000000004190e-03 -7.549448847196936185e+01
6.258280000000000509e-01 3.384110000000000174e-01 3.310999999999952870e-03 3.311499999999995003e-03 3.311249999999987814e-03 -3.311250000000001692e-03 -2.135467799593806149e+02
6.324499999999999567e-01 3.384110000000000174e-01 6.622499999999975628e-03 0.000000000000000000e+00 4.967000000000026949e-03 -1.655749999999997502e-03 -3.775294451448684185e+01
6.390730000000000022e-01 3.384110000000000174e-01 1.324500000000000677e-02 0.000000000000000000e+00 4.966750000000019760e-03 1.655499999999990313e-03 9.436811058996250168e+00
6.589399999999999702e-01 3.384110000000000174e-01 1.655600000000001515e-02 3.310999999999980625e-03 3.311250000000015570e-03 3.311250000000001692e-03 9.112356422260152300e+00
6.721850000000000325e-01 3.450329999999999786e-01 1.986750000000003791e-02 6.622500000000003384e-03 1.655999999999990813e-03 2.500000000210667039e-07 -1.193492413170084365e+00
6.986750000000000460e-01 3.516560000000000241e-01 1.986799999999999677e-02 3.311500000000022759e-03 -4.966750000000019760e-03 -3.311250000000001692e-03 -6.037966259093112242e+00
7.119210000000000260e-01 3.516560000000000241e-01 9.933999999999998387e-03 0.000000000000000000e+00 -6.622750000000010573e-03 -2.500000000210667039e-07 -2.533329599081203878e-03
7.185430000000000428e-01 3.516560000000000241e-01 6.622499999999975628e-03 3.310999999999980625e-03 -1.655750000000011379e-03 1.655499999999990313e-03 4.051744893768720601e+01
7.251659999999999773e-01 3.582779999999999854e-01 6.622499999999975628e-03 3.310999999999980625e-03 2.775557561562891351e-17 -1.655499999999990313e-03 -2.701095284777882455e+01
7.317879999999999940e-01 3.582779999999999854e-01 6.622500000000031140e-03 0.000000000000000000e+00 -3.311249999999987814e-03 -3.310999999999980625e-03 -7.549448847196936185e+01
7.384110000000000396e-01 3.582779999999999854e-01 0.000000000000000000e+00 -3.310999999999980625e-03 -4.967000000000026949e-03 -3.311250000000001692e-03 -4.530809458710191393e+02
7.317879999999999940e-01 3.516560000000000241e-01 -3.311500000000022759e-03 -6.622500000000003384e-03 -1.655500000000004190e-03 -1.655750000000011379e-03 -1.350119385123520921e+01
7.317879999999999940e-01 3.450329999999999786e-01 -3.311000000000008381e-03 -6.622500000000003384e-03 2.500000000071889161e-07 1.387778780781445676e-17 4.078972039837742633e-03
7.251659999999999773e-01 3.384110000000000174e-01 -3.311000000000008381e-03 -6.622499999999975628e-03 3.311000000000008381e-03 -1.655749999999997502e-03 6.752840178546591687e+01
7.251659999999999773e-01 3.317880000000000273e-01 3.311000000000008381e-03 -9.933999999999998387e-03 6.622249999999996195e-03 -3.311250000000015570e-03 4.774834888678663702e+01
7.317879999999999940e-01 3.185430000000000206e-01 9.933499999999984009e-03 -1.324500000000000677e-02 4.966999999999999194e-03 0.000000000000000000e+00 1.449679507504686171e+01
7.450329999999999453e-01 3.052980000000000138e-01 1.324500000000000677e-02 -9.933999999999998387e-03 3.311500000000022759e-03 4.966750000000005882e-03 2.174382818289040031e+01
7.582780000000000076e-01 2.986750000000000238e-01 1.655650000000002953e-02 -3.311499999999995003e-03 0.000000000000000000e+00 4.966999999999999194e-03 1.708457019035546764e+01
7.781460000000000043e-01 2.986750000000000238e-01 1.324500000000000677e-02 0.000000000000000000e+00 -4.967000000000026949e-03 4.967249999999992505e-03 2.831470838586488625e+01
7.847680000000000211e-01 2.986750000000000238e-01 6.622499999999975628e-03 6.622999999999990006e-03 -4.966750000000019760e-03 4.966999999999999194e-03 8.007399720622748873e+01
7.913909999999999556e-01 3.119210000000000038e-01 3.311499999999967248e-03 9.933999999999998387e-03 -3.311249999999987814e-03 1.655250000000010879e-03 3.342233017615411228e+01
7.913909999999999556e-01 3.185430000000000206e-01 0.000000000000000000e+00 9.933500000000011765e-03 -3.311499999999967248e-03 1.655499999999990313e-03 3.355986206445672337e+01
7.913909999999999556e-01 3.317880000000000273e-01 -3.311499999999967248e-03 1.324499999999997901e-02 -4.966999999999999194e-03 2.499999999933111283e-07 2.585148972404557810e+01
7.847680000000000211e-01 3.450329999999999786e-01 -9.933999999999998387e-03 9.933999999999998387e-03 -4.966750000000047516e-03 -3.310999999999966747e-03 2.965643894948737369e+01
7.715229999999999588e-01 3.516560000000000241e-01 -1.324500000000006228e-02 6.623000000000045517e-03 -3.311000000000063892e-03 -3.310999999999952870e-03 2.025688910696261047e+01
