5.331129999999999480e-01 1.463579999999999881e-01 -6.622999999999934495e-03 -6.622999999999990006e-03 4.999999999588666810e-07 3.311499999999995003e-03 -2.668730242550469001e+01
5.264900000000000135e-01 1.397349999999999981e-01 -6.622499999999975628e-03 -3.311499999999995003e-03 2.499999999516777649e-07 3.311499999999995003e-03 -5.402312927016334498e+01
5.198679999999999968e-01 1.397349999999999981e-01 -6.622500000000031140e-03 0.000000000000000000e+00 0.000000000000000000e+00 1.655749999999997502e-03 -3.775294451448620237e+01
5.132449999999999513e-01 1.397349999999999981e-01 -6.622499999999975628e-03 0.000000000000000000e+00 2.775557561562891351e-17 0.000000000000000000e+00 -0.000000000000000000e+00
5.066230000000000455e-01 1.397349999999999981e-01 -6.622499999999975628e-03 0.000000000000000000e+00 -1.655750000000025257e-03 1.655749999999997502e-03 -3.775294451448684185e+01
5.000000000000000000e-01 1.397349999999999981e-01 -9.934000000000026143e-03 3.311499999999995003e-03 -1.387778780781445676e-17 3.311250000000001692e-03 -2.864843261875848768e+01
4.867549999999999932e-01 1.463579999999999881e-01 -6.622500000000003384e-03 6.622500000000003384e-03 4.967000000000013071e-03 1.655500000000004190e-03 -5.338669544632303143e+01
4.867549999999999932e-01 1.529800000000000049e-01 0.000000000000000000e+00 6.622500000000003384e-03 4.966750000000005882e-03 0.000000000000000000e+00 -1.132474329864571416e+02
4.867549999999999932e-01 1.596029999999999949e-01 3.311000000000008381e-03 6.622500000000003384e-03 3.311250000000001692e-03 -1.655749999999997502e-03 -6.753248075750518353e+01
4.933770000000000100e-01 1.662250000000000116e-01 6.622500000000003384e-03 3.311000000000008381e-03 1.656000000000004690e-03 -1.655500000000004190e-03 -4.051948826972532913e+01
5.000000000000000000e-01 1.662250000000000116e-01 6.623000000000017762e-03 3.311499999999995003e-03 -1.387778780781445676e-17 2.499999999933111283e-07 4.078171441638829033e-03
5.066230000000000455e-01 1.728480000000000016e-01 6.622499999999975628e-03 3.311499999999995003e-03 1.655249999999983124e-03 -1.655749999999997502e-03 -4.051581736120861166e+01
5.132449999999999513e-01 1.728480000000000016e-01 9.933499999999984009e-03 0.000000000000000000e+00 1.655750000000011379e-03 -1.655749999999997502e-03 -1.677993103222859617e+01
5.264900000000000135e-01 1.728480000000000016e-01 9.933999999999998387e-03 0.000000000000000000e+00 -3.311000000000008381e-03 -1.655749999999997502e-03 -1.677824193330093649e+01
5.331129999999999480e-01 1.728480000000000016e-01 3.311499999999967248e-03 -3.311499999999995003e-03 -4.966999999999999194e-03 -4.966999999999999194e-03 -3.202798698821646894e+02
5.331129999999999480e-01 1.662250000000000116e-01 0.000000000000000000e+00 -9.933999999999998387e-03 -1.655749999999983624e-03 -3.311000000000008381e-03 -1.677824193330079794e+01
5.331129999999999480e-01 1.529800000000000049e-01 0.000000000000000000e+00 -9.933500000000011765e-03 0.000000000000000000e+00 1.655749999999997502e-03 0.000000000000000000e+00
5.331129999999999480e-01 1.463579999999999881e-01 0.000000000000000000e+00 -6.622500000000003384e-03 -1.655749999999983624e-03 1.655500000000011129e-03 -3.775294451448620237e+01
5.331129999999999480e-01 1.397349999999999981e-01 -3.311499999999967248e-03 -6.622499999999989506e-03 -1.655749999999983624e-03 -1.655499999999997252e-03 -1.350731190895417022e+01
5.264900000000000135e-01 1.331130000000000091e-01 -3.311499999999967248e-03 -9.933499999999997887e-03 2.499999999794333405e-07 -1.655750000000007910e-03 4.778151756411370243e+00
5.264900000000000135e-01 1.198680000000000023e-01 -3.311000000000008381e-03 -9.934000000000005326e-03 2.499999999794333405e-07 1.655499999999997252e-03 -4.771950859418469193e+00
5.198679999999999968e-01 1.132449999999999984e-01 -3.311000000000008381e-03 -6.622500000000003384e-03 1.655500000000004190e-03 1.655750000000004440e-03 1.350445675787006472e+01
5.198679999999999968e-01 1.066229999999999956e-01 0.000000000000000000e+00 -6.622499999999996445e-03 3.311000000000008381e-03 1.655500000000004190e-03 7.549448847197079715e+01
5.198679999999999968e-01 1.000000000000000056e-01 3.311000000000008381e-03 -3.311499999999995003e-03 4.966749999999992005e-03 1.655499999999997252e-03 2.135467799593768632e+02
5.264900000000000135e-01 1.000000000000000056e-01 9.933499999999984009e-03 -3.311500000000001942e-03 4.966999999999999194e-03 -3.469446951953614189e-18 1.432724470614203227e+01
5.397349999999999648e-01 9.337700000000000167e-02 1.324500000000000677e-02 -3.311500000000001942e-03 2.500000000071889161e-07 1.655750000000000971e-03 8.618030726448539625e+00
5.529800000000000271e-01 9.337700000000000167e-02 9.933999999999998387e-03 0.000000000000000000e+00 -3.311250000000015570e-03 3.311500000000001942e-03 3.355648386660194404e+01
5.596029999999999616e-01 9.337700000000000167e-02 6.622499999999975628e-03 3.311500000000001942e-03 -1.655749999999983624e-03 1.655750000000000971e-03 4.051989627164468288e+01
5.662249999999999783e-01 1.000000000000000056e-01 6.622500000000031140e-03 3.311500000000001942e-03 2.775557561562891351e-17 -3.469446951953614189e-18 -2.830269941321964069e-13
5.728480000000000238e-01 1.000000000000000056e-01 6.622500000000031140e-03 3.311499999999995003e-03 1.655499999999976435e-03 3.311249999999998223e-03 4.051581766914378591e+01
5.794700000000000406e-01 1.066229999999999956e-01 9.933499999999984009e-03 9.933999999999998387e-03 -2.775557561562891351e-17 3.311000000000001442e-03 1.186251582731951260e+01
5.927149999999999919e-01 1.198680000000000023e-01 6.622499999999975628e-03 9.933499999999997887e-03 -3.310999999999980625e-03 -3.311500000000001942e-03 6.440490183915430045e+00
5.927149999999999919e-01 1.264899999999999913e-01 3.311500000000022759e-03 3.310999999999994503e-03 2.775557561562891351e-17 -4.966749999999998944e-03 -1.601681460763119276e+02
5.993380000000000374e-01 1.264899999999999913e-01 6.622500000000031140e-03 0.000000000000000000e+00 1.655499999999976435e-03 -1.655499999999997252e-03 -3.774724423598483725e+01
6.059600000000000541e-01 1.264899999999999913e-01 6.622499999999975628e-03 0.000000000000000000e+00 -2.775557561562891351e-17 -1.655499999999997252e-03 -3.774724423598547673e+01
6.125829999999999886e-01 1.264899999999999913e-01 6.622499999999975628e-03 -3.310999999999994503e-03 2.775557561562891351e-17 -1.655499999999997252e-03 -2.701095284777841599e+01
6.192050000000000054e-01 1.198680000000000023e-01 6.622500000000031140e-03 -3.310999999999994503e-03 0.000000000000000000e+00 -2.500000000037194692e-07 -4.078972039894327578e-03
6.258280000000000509e-01 1.198680000000000023e-01 6.622499999999975628e-03 -3.311500000000001942e-03 -2.775557561562891351e-17 -2.500000000037194692e-07 -4.078602501070813062e-03
6.324499999999999567e-01 1.132449999999999984e-01 6.622499999999975628e-03 -3.311500000000001942e-03 2.775557561562891351e-17 1.655750000000000971e-03 2.701258436269073471e+01
6.390730000000000022e-01 1.132449999999999984e-01 6.622500000000031140e-03 0.000000000000000000e+00 0.000000000000000000e+00 2.500000000002500222e-07 5.700278501362526611e-03
6.456950000000000189e-01 1.132449999999999984e-01 6.622499999999975628e-03 -3.311000000000001442e-03 3.311249999999987814e-03 -1.655500000000000721e-03 0.000000000000000000e+00
6.523179999999999534e-01 1.066229999999999956e-01 1.324500000000000677e-02 -3.311000000000001442e-03 3.311250000000015570e-03 3.311000000000001442e-03 2.154158458547266264e+01
6.721850000000000325e-01 1.066229999999999956e-01 1.324500000000000677e-02 3.311000000000001442e-03 -4.966750000000019760e-03 4.966750000000002413e-03 3.231351545204235975e+01
6.788079999999999670e-01 1.132449999999999984e-01 3.311499999999967248e-03 6.622500000000003384e-03 -4.966999999999999194e-03 1.655749999999997502e-03 9.454098639452483610e+01
6.788079999999999670e-01 1.198680000000000023e-01 3.311000000000008381e-03 6.622499999999996445e-03 -2.499999999794333405e-07 1.655499999999997252e-03 1.350853572990959783e+01
6.854299999999999837e-01 1.264899999999999913e-01 3.311000000000008381e-03 9.933499999999997887e-03 -1.655500000000004190e-03 1.655750000000000971e-03 1.910049319907681209e+01
6.854299999999999837e-01 1.397349999999999981e-01 0.000000000000000000e+00 9.933999999999998387e-03 -3.311000000000008381e-03 2.500000000002500222e-07 3.355141720740427758e+01
6.854299999999999837e-01 1.463579999999999881e-01 -3.311000000000008381e-03 9.933999999999998387e-03 -4.966749999999992005e-03 1.655500000000004190e-03 3.819940010041366207e+01
6.788079999999999670e-01 1.596029999999999949e-01 -9.933499999999984009e-03 1.324500000000000677e-02 -3.311499999999995003e-03 -1.655749999999997502e-03 1.328930645582839176e+01
6.655630000000000157e-01 1.728480000000000016e-01 -9.933999999999998387e-03 6.622500000000003384e-03 1.655499999999976435e-03 -4.967000000000006132e-03 2.255151986812872877e+01
6.589399999999999702e-01 1.728480000000000016e-01 -6.622500000000031140e-03 3.310999999999994503e-03 1.655750000000011379e-03 0.000000000000000000e+00 -1.350649608990836192e+01
6.523179999999999534e-01 1.794699999999999906e-01 -6.622499999999975628e-03 6.622500000000003384e-03 1.655500000000031946e-03 1.655750000000004440e-03 -2.669334772316185678e+01
6.456950000000000189e-01 1.860930000000000084e-01 -3.311499999999967248e-03 6.622500000000003384e-03 4.966999999999971438e-03 -1.655750000000004440e-03 -6.752636257661609420e+01
6.456950000000000189e-01 1.927149999999999974e-01 3.311499999999967248e-03 3.310999999999994503e-03 6.622749999999982817e-03 -1.655500000000004190e-03 -2.669254126251713046e+02
6.523179999999999534e-01 1.927149999999999974e-01 9.933999999999998387e-03 3.311499999999995003e-03 4.966750000000019760e-03 2.500000000002500222e-07 -1.432241380469872105e+01
6.655630000000000157e-01 1.993379999999999874e-01 1.324500000000000677e-02 3.311499999999995003e-03 3.311000000000008381e-03 -2.499999999933111283e-07 -4.309828562966061760e+00
6.788079999999999670e-01 1.993379999999999874e-01 1.655600000000001515e-02 3.311000000000008381e-03 8.278250000000014763e-03 -2.499999999933111283e-07 -5.695738732906347579e+00
6.986750000000000460e-01 2.059600000000000042e-01 2.980150000000003629e-02 3.311000000000008381e-03 4.967249999999978627e-03 -1.655500000000004190e-03 -2.440096728681353078e+00
7.384110000000000396e-01 2.059600000000000042e-01 2.649049999999997240e-02 0.000000000000000000e+00 -3.311500000000022759e-03 -3.311000000000008381e-03 -4.718227414287055055e+00
7.516559999999999908e-01 2.059600000000000042e-01 2.317849999999999078e-02 -3.311000000000008381e-03 -1.655999999999990813e-03 -3.311250000000001692e-03 -6.406635619716896102e+00
7.847680000000000211e-01 1.993379999999999874e-01 2.317849999999999078e-02 -6.622500000000003384e-03 -4.966749999999992005e-03 -1.655749999999990563e-03 -5.087807388953076604e+00
7.980129999999999724e-01 1.927149999999999974e-01 1.324500000000000677e-02 -6.622499999999989506e-03 -6.622249999999996195e-03 0.000000000000000000e+00 -1.350537450040078014e+01
8.112580000000000346e-01 1.860930000000000084e-01 9.933999999999998387e-03 -6.622500000000003384e-03 -6.622500000000003384e-03 -6.938893903907228378e-18 -2.577094187290319383e+01
8.178809999999999691e-01 1.794699999999999906e-01 0.000000000000000000e+00 -6.622500000000003384e-03 -8.278249999999987008e-03 1.655750000000004440e-03 -1.887533220154298590e+02
8.112580000000000346e-01 1.728480000000000016e-01 -6.622499999999975628e-03 -3.310999999999994503e-03 -3.311250000000015570e-03 3.311250000000001692e-03 -8.103693751537609558e+01
8.046360000000000179e-01 1.728480000000000016e-01 -6.622500000000031140e-03 0.000000000000000000e+00 -2.775557561562891351e-17 1.655499999999997252e-03 -3.774724423598483725e+01
7.980129999999999724e-01 1.728480000000000016e-01 -6.622500000000031140e-03 0.000000000000000000e+00 1.655750000000011379e-03 4.966749999999998944e-03 -1.132474329864560332e+02
7.913909999999999556e-01 1.728480000000000016e-01 -3.311000000000008381e-03 9.933499999999997887e-03 3.311250000000015570e-03 9.933499999999997887e-03 -5.730220075153771120e+01
7.913909999999999556e-01 1.927149999999999974e-01 0.000000000000000000e+00 1.986699999999999577e-02 3.311000000000008381e-03 9.933499999999997887e-03 -8.388698723797212153e+00
