2.152320000000000066e-01 1.264899999999999913e-01 6.621999999999989006e-03 0.000000000000000000e+00 -3.310999999999994503e-03 3.311500000000008881e-03 7.551729173806438666e+01
2.218539999999999957e-01 1.264899999999999913e-01 3.310999999999994503e-03 3.311500000000008881e-03 -3.310999999999994503e-03 3.311250000000001692e-03 2.135387179396422255e+02
2.218539999999999957e-01 1.331130000000000091e-01 0.000000000000000000e+00 6.622500000000003384e-03 -1.655499999999997252e-03 1.655499999999990313e-03 3.774724423598515699e+01
2.218539999999999957e-01 1.397349999999999981e-01 0.000000000000000000e+00 6.622499999999989506e-03 1.655750000000004440e-03 0.000000000000000000e+00 -3.775294451448684896e+01
2.218539999999999957e-01 1.463579999999999881e-01 3.311500000000008881e-03 6.622500000000003384e-03 3.311250000000001692e-03 6.938893903907228378e-18 -5.402109012287978373e+01
2.284770000000000134e-01 1.529800000000000049e-01 6.622500000000003384e-03 6.622500000000003384e-03 1.655499999999990313e-03 0.000000000000000000e+00 -1.334566618518490522e+01
2.350990000000000024e-01 1.596029999999999949e-01 6.622499999999989506e-03 6.622500000000003384e-03 1.655749999999997502e-03 0.000000000000000000e+00 -1.334768153797648793e+01
2.417219999999999924e-01 1.662250000000000116e-01 9.933999999999998387e-03 6.622500000000003384e-03 1.655500000000011129e-03 -1.655500000000004190e-03 -1.610586579671398866e+01
2.549669999999999992e-01 1.728480000000000016e-01 9.933500000000011765e-03 3.311499999999995003e-03 -1.655749999999997502e-03 -1.655750000000004440e-03 -9.550534975243881064e+00
2.615890000000000160e-01 1.728480000000000016e-01 6.622500000000003384e-03 3.310999999999994503e-03 -1.655500000000004190e-03 -2.500000000002500222e-07 1.350037778583026338e+01
2.682120000000000060e-01 1.794699999999999906e-01 6.622500000000003384e-03 3.310999999999994503e-03 0.000000000000000000e+00 -1.655499999999997252e-03 -2.701095284777847993e+01
2.748340000000000227e-01 1.794699999999999906e-01 6.622500000000003384e-03 0.000000000000000000e+00 -1.387778780781445676e-17 -1.655499999999997252e-03 -3.774724423598515699e+01
2.814570000000000127e-01 1.794699999999999906e-01 6.622499999999975628e-03 0.000000000000000000e+00 0.000000000000000000e+00 0.000000000000000000e+00 0.000000000000000000e+00
2.880789999999999740e-01 1.794699999999999906e-01 6.622500000000003384e-03 0.000000000000000000e+00 2.500000000210667039e-07 -1.655499999999997252e-03 -3.774724423598515699e+01
2.947020000000000195e-01 1.794699999999999906e-01 6.623000000000017762e-03 -3.310999999999994503e-03 -1.655500000000004190e-03 -3.311249999999994753e-03 -6.752228412810589475e+01
3.013250000000000095e-01 1.728480000000000016e-01 3.311499999999995003e-03 -6.622499999999989506e-03 -3.311500000000008881e-03 -1.655750000000004440e-03 -6.753248063433532877e+01
3.013250000000000095e-01 1.662250000000000116e-01 0.000000000000000000e+00 -6.622500000000003384e-03 -1.655749999999997502e-03 -6.938893903907228378e-18 -3.775294451448651500e+01
3.013250000000000095e-01 1.596029999999999949e-01 0.000000000000000000e+00 -6.622500000000003384e-03 -1.655749999999997502e-03 0.000000000000000000e+00 -3.775294451448651500e+01
3.013250000000000095e-01 1.529800000000000049e-01 -3.311499999999995003e-03 -6.622500000000003384e-03 -1.655749999999997502e-03 0.000000000000000000e+00 -2.701258436269032259e+01
2.947020000000000195e-01 1.463579999999999881e-01 -3.311499999999995003e-03 -6.622500000000003384e-03 -1.387778780781445676e-17 6.938893903907228378e-18 -2.830141737516650128e-13
2.947020000000000195e-01 1.397349999999999981e-01 -3.311500000000022759e-03 -6.622499999999989506e-03 -3.311250000000001692e-03 0.000000000000000000e+00 -5.402109012287986900e+01
2.880789999999999740e-01 1.331130000000000091e-01 -9.933999999999998387e-03 -6.622500000000003384e-03 -3.310999999999980625e-03 -6.938893903907228378e-18 -1.288449808096361338e+01
2.748340000000000227e-01 1.264899999999999913e-01 -9.933499999999984009e-03 -6.622500000000003384e-03 1.655749999999997502e-03 3.469446951953614189e-18 6.443895497366044722e+00
2.682120000000000060e-01 1.198680000000000023e-01 -6.622500000000003384e-03 -6.622499999999996445e-03 1.655499999999990313e-03 -1.655749999999997502e-03 2.669334772316137716e+01
2.615890000000000160e-01 1.132449999999999984e-01 -6.622500000000003384e-03 -9.933999999999998387e-03 0.000000000000000000e+00 -1.655750000000000971e-03 6.443221895969709401e+00
2.549669999999999992e-01 1.000000000000000056e-01 -6.622500000000003384e-03 -9.933999999999998387e-03 0.000000000000000000e+00 -1.655500000000000721e-03 6.442249040481867084e+00
2.483440000000000092e-01 9.337700000000000167e-02 -6.622500000000003384e-03 -1.324499999999999983e-02 1.655749999999997502e-03 -1.655500000000000721e-03 1.012966818581158712e+01
2.417219999999999924e-01 7.351000000000000589e-02 -3.311000000000008381e-03 -1.324499999999999983e-02 1.655500000000004190e-03 3.311249999999998223e-03 4.308316917094543008e+00
2.417219999999999924e-01 6.688700000000000201e-02 -3.311499999999995003e-03 -6.622500000000003384e-03 -2.499999999933111283e-07 1.655749999999999236e-03 -1.351139051145483272e+01
2.350990000000000024e-01 6.026499999999999913e-02 -3.311499999999995003e-03 -9.933500000000001356e-03 1.655749999999997502e-03 -1.655749999999997502e-03 1.910251219376388221e+01
2.350990000000000024e-01 4.701999999999999930e-02 0.000000000000000000e+00 -9.933999999999998387e-03 1.655749999999997502e-03 1.655500000000000721e-03 1.677824193330093649e+01
2.350990000000000024e-01 4.039700000000000235e-02 0.000000000000000000e+00 -6.622499999999999915e-03 0.000000000000000000e+00 1.655749999999998369e-03 0.000000000000000000e+00
2.350990000000000024e-01 3.377499999999999947e-02 0.000000000000000000e+00 -6.622500000000001649e-03 0.000000000000000000e+00 0.000000000000000000e+00 0.000000000000000000e+00
2.350990000000000024e-01 2.715199999999999905e-02 0.000000000000000000e+00 -6.622499999999999915e-03 1.655749999999997502e-03 8.673617379884035472e-19 3.775294451448656474e+01
2.350990000000000024e-01 2.052999999999999964e-02 3.311499999999995003e-03 -6.622499999999999915e-03 4.966999999999999194e-03 0.000000000000000000e+00 8.103367448557035857e+01
2.417219999999999924e-01 1.390699999999999922e-02 9.933999999999998387e-03 -6.622499999999999915e-03 3.311000000000008381e-03 1.655750000000000104e-03 2.254957415715297486e+01
2.549669999999999992e-01 7.284999999999999809e-03 9.933500000000011765e-03 -3.310999999999999707e-03 -2.499999999933111283e-07 3.311249999999999957e-03 2.865146095292234207e+01
2.615890000000000160e-01 7.284999999999999809e-03 9.933500000000011765e-03 0.000000000000000000e+00 2.499999999933111283e-07 3.310999999999999707e-03 3.355479489518867808e+01
2.748340000000000227e-01 7.284999999999999809e-03 9.933999999999998387e-03 3.310999999999999707e-03 1.655999999999990813e-03 4.966749999999999811e-03 3.819795820554232790e+01
2.814570000000000127e-01 1.390699999999999922e-02 1.324549999999999339e-02 9.933499999999999622e-03 1.655500000000004190e-03 3.311500000000000207e-03 6.041200712518210558e+00
3.013250000000000095e-01 2.715199999999999905e-02 1.324500000000000677e-02 9.934000000000000122e-03 -3.311499999999995003e-03 -1.655499999999998986e-03 2.417034810964581837e+00
3.079470000000000263e-01 3.377499999999999947e-02 6.622500000000003384e-03 6.622500000000001649e-03 -3.311250000000015570e-03 -1.655750000000000104e-03 1.334566618518510772e+01
3.145700000000000163e-01 4.039700000000000235e-02 6.622499999999975628e-03 6.622499999999999915e-03 -1.655750000000011379e-03 -8.673617379884035472e-19 1.334768153797663714e+01
3.211919999999999775e-01 4.701999999999999930e-02 3.310999999999980625e-03 6.622499999999999915e-03 -1.655499999999976435e-03 1.655500000000000721e-03 4.051540960564829419e+01
3.211919999999999775e-01 5.364200000000000218e-02 3.311500000000022759e-03 9.933500000000001356e-03 1.655750000000011379e-03 1.655750000000000971e-03 -9.550534975243879288e+00
3.278150000000000230e-01 6.688700000000000201e-02 6.622500000000003384e-03 9.934000000000001857e-03 -2.500000000210667039e-07 -1.655500000000002456e-03 -6.440789720524599637e+00
3.344369999999999843e-01 7.351000000000000589e-02 3.310999999999980625e-03 6.622499999999996445e-03 -3.311250000000001692e-03 -1.655750000000002706e-03 4.051948857768869772e+01
3.344369999999999843e-01 8.013199999999999490e-02 0.000000000000000000e+00 6.622499999999996445e-03 -1.655499999999990313e-03 3.469446951953614189e-18 3.774724423598507883e+01
3.344369999999999843e-01 8.675499999999999878e-02 0.000000000000000000e+00 6.622500000000003384e-03 0.000000000000000000e+00 3.469446951953614189e-18 0.000000000000000000e+00
3.344369999999999843e-01 9.337700000000000167e-02 0.000000000000000000e+00 6.622500000000003384e-03 0.000000000000000000e+00 -3.311250000000001692e-03 -0.000000000000000000e+00
3.344369999999999843e-01 1.000000000000000056e-01 0.000000000000000000e+00 0.000000000000000000e+00 0.000000000000000000e+00 -6.622500000000003384e-03 0.000000000000000000e+00
3.344369999999999843e-01 9.337700000000000167e-02 0.000000000000000000e+00 -6.622500000000003384e-03 0.000000000000000000e+00 -3.311250000000001692e-03 0.000000000000000000e+00
3.344369999999999843e-01 8.675499999999999878e-02 0.000000000000000000e+00 -6.622500000000003384e-03 0.000000000000000000e+00 3.469446951953614189e-18 0.000000000000000000e+00
3.344369999999999843e-01 8.013199999999999490e-02 0.000000000000000000e+00 -6.622499999999996445e-03 0.000000000000000000e+00 3.469446951953614189e-18 0.000000000000000000e+00
3.344369999999999843e-01 7.351000000000000589e-02 0.000000000000000000e+00 -6.622499999999996445e-03 1.655749999999997502e-03 -3.469446951953614189e-18 3.775294451448660027e+01
3.344369999999999843e-01 6.688700000000000201e-02 3.311499999999995003e-03 -6.622500000000003384e-03 3.311250000000001692e-03 -1.734723475976807094e-18 5.402109012287996137e+01
3.410599999999999743e-01 6.026499999999999913e-02 6.622500000000003384e-03 -6.622499999999999915e-03 1.655500000000004190e-03 1.655500000000002456e-03 2.669133237037003781e+01
3.476819999999999911e-01 5.364200000000000218e-02 6.622500000000003384e-03 -3.311499999999998473e-03 0.000000000000000000e+00 3.311249999999999957e-03 5.402109012287991874e+01
3.543049999999999811e-01 5.364200000000000218e-02 6.622500000000003384e-03 0.000000000000000000e+00 0.000000000000000000e+00 1.655749999999999236e-03 3.775294451448655764e+01
3.609269999999999978e-01 5.364200000000000218e-02 6.622500000000003384e-03 0.000000000000000000e+00 0.000000000000000000e+00 0.000000000000000000e+00 0.000000000000000000e+00
3.675499999999999878e-01 5.364200000000000218e-02 6.622500000000003384e-03 0.000000000000000000e+00 1.655500000000004190e-03 0.000000000000000000e+00 0.000000000000000000e+00
3.741720000000000046e-01 5.364200000000000218e-02 9.933500000000011765e-03 0.000000000000000000e+00 1.655749999999997502e-03 1.655749999999999236e-03 1.677993103222851801e+01
3.874170000000000114e-01 5.364200000000000218e-02 9.933999999999998387e-03 3.311499999999998473e-03 2.499999999933111283e-07 3.311249999999999957e-03 2.864771159511308340e+01
3.940400000000000014e-01 6.026499999999999913e-02 9.933999999999998387e-03 6.622499999999999915e-03 -2.499999999933111283e-07 1.655500000000002456e-03 9.664589611719891948e+00
4.072850000000000081e-01 6.688700000000000201e-02 9.933500000000011765e-03 6.622500000000003384e-03 -3.311499999999995003e-03 -1.734723475976807094e-18 1.288779099473204148e+01
4.139070000000000249e-01 7.351000000000000589e-02 3.311000000000008381e-03 6.622499999999996445e-03 -3.311000000000008381e-03 -3.469446951953614189e-18 5.402190569555710198e+01
4.139070000000000249e-01 8.013199999999999490e-02 3.311499999999995003e-03 6.622499999999996445e-03 2.499999999933111283e-07 1.655750000000004440e-03 1.350323330645356279e+01
4.205300000000000149e-01 8.675499999999999878e-02 3.311499999999995003e-03 9.934000000000005326e-03 -1.655749999999997502e-03 1.655750000000000971e-03 1.910063739510099268e+01
4.205300000000000149e-01 1.000000000000000056e-01 0.000000000000000000e+00 9.933999999999998387e-03 -3.311499999999995003e-03 1.655499999999993782e-03 3.355648386660187299e+01
4.205300000000000149e-01 1.066229999999999956e-01 -3.311499999999995003e-03 1.324499999999999289e-02 -3.311250000000001692e-03 1.655500000000004190e-03 1.507984594376397069e+01
4.139070000000000249e-01 1.264899999999999913e-01 -6.622500000000003384e-03 1.324500000000000677e-02 2.499999999933111283e-07 -3.311249999999994753e-03 6.751922477587232407e+00
4.072850000000000081e-01 1.331130000000000091e-01 -3.311000000000008381e-03 6.622500000000003384e-03 0.000000000000000000e+00 -1.655750000000004440e-03 1.350649608990846318e+01
4.072850000000000081e-01 1.397349999999999981e-01 -6.622500000000003384e-03 9.933499999999997887e-03 -3.311499999999995003e-03 1.655749999999997502e-03 1.288730447940573498e+01
3.940400000000000014e-01 1.529800000000000049e-01 -9.933999999999998387e-03 9.933999999999998387e-03 0.000000000000000000e+00 -1.655499999999997252e-03 5.931108656443620397e+00
3.874170000000000114e-01 1.596029999999999949e-01 -6.622500000000003384e-03 6.622500000000003384e-03 3.311499999999995003e-03 -1.655749999999997502e-03 -1.334768153797644352e+01
3.807949999999999946e-01 1.662250000000000116e-01 -3.311000000000008381e-03 6.622500000000003384e-03 1.655500000000004190e-03 -1.655500000000004190e-03 -1.350649608990840456e+01
3.807949999999999946e-01 1.728480000000000016e-01 -3.311499999999995003e-03 3.311499999999995003e-03 -2.499999999933111283e-07 -1.655750000000004440e-03 5.339072523906376944e+01
3.741720000000000046e-01 1.728480000000000016e-01 -3.311499999999995003e-03 3.310999999999994503e-03 3.311499999999995003e-03 -2.500000000002500222e-07 -1.067653273513158751e+02
3.741720000000000046e-01 1.794699999999999906e-01 3.311499999999995003e-03 3.310999999999994503e-03 4.966999999999999194e-03 -1.655499999999997252e-03 -2.135387179396431634e+02
3.807949999999999946e-01 1.794699999999999906e-01 6.622500000000003384e-03 0.000000000000000000e+00 1.655500000000004190e-03 -1.655499999999997252e-03 -3.774724423598515699e+01
3.874170000000000114e-01 1.794699999999999906e-01 6.622500000000003384e-03 0.000000000000000000e+00 1.655749999999997502e-03 1.655750000000004440e-03 3.775294451448667132e+01
3.940400000000000014e-01 1.794699999999999906e-01 9.933999999999998387e-03 3.311500000000008881e-03 4.966749999999992005e-03 1.655750000000004440e-03 7.210236456041108598e-04
4.072850000000000081e-01 1.860930000000000084e-01 1.655599999999998739e-02 3.311500000000008881e-03 1.655500000000004190e-03 -2.500000000071889161e-07 -1.139884652993848224e+00
4.271519999999999762e-01 1.860930000000000084e-01 1.324500000000000677e-02 3.310999999999994503e-03 -1.655499999999990313e-03 -2.500000000071889161e-07 2.152694605973398456e+00
4.337750000000000217e-01 1.927149999999999974e-01 1.324500000000000677e-02 3.310999999999994503e-03 3.311249999999987814e-03 2.500000000002500222e-07 -4.307015703890909819e+00
4.536419999999999897e-01 1.927149999999999974e-01 1.986749999999998240e-02 3.311499999999995003e-03 0.000000000000000000e+00 2.500000000002500222e-07 6.078579088130206661e-04
4.735099999999999865e-01 1.993379999999999874e-01 1.324500000000000677e-02 3.311499999999995003e-03 -4.966999999999985316e-03 -1.655749999999997502e-03 -2.154263692217834425e+00
4.801320000000000032e-01 1.993379999999999874e-01 9.933500000000011765e-03 0.000000000000000000e+00 2.500000000071889161e-07 -1.655749999999997502e-03 -1.677993103222850024e+01
4.933770000000000100e-01 1.993379999999999874e-01 1.324550000000002115e-02 0.000000000000000000e+00 2.499999999794333405e-07 0.000000000000000000e+00 0.000000000000000000e+00
5.066230000000000455e-01 1.993379999999999874e-01 9.933999999999970631e-03 0.000000000000000000e+00 -3.311500000000022759e-03 0.000000000000000000e+00 0.000000000000000000e+00
5.132449999999999513e-01 1.993379999999999874e-01 6.622499999999975628e-03 0.000000000000000000e+00 -1.655749999999969746e-03 -1.655749999999997502e-03 -3.775294451448684185e+01
5.198679999999999968e-01 1.993379999999999874e-01 6.622500000000031140e-03 -3.311499999999995003e-03 -1.655749999999983624e-03 -3.311249999999994753e-03 -6.752840203183343704e+01
5.264900000000000135e-01 1.927149999999999974e-01 3.311000000000008381e-03 -6.622499999999989506e-03 -3.311250000000015570e-03 -1.655500000000004190e-03 -6.753044142546735884e+01
5.264900000000000135e-01 1.860930000000000084e-01 0.000000000000000000e+00 -6.622500000000003384e-03 -1.655500000000004190e-03 -6.938893903907228378e-18 -3.774724423598531331e+01
5.264900000000000135e-01 1.794699999999999906e-01 0.000000000000000000e+00 -6.622500000000003384e-03 0.000000000000000000e+00 6.938893903907228378e-18 0.000000000000000000e+00
5.264900000000000135e-01 1.728480000000000016e-01 0.000000000000000000e+00 -6.622499999999989506e-03 -3.311250000000015570e-03 0.000000000000000000e+00 -7.550018875047248912e+01
5.264900000000000135e-01 1.662250000000000116e-01 -6.622500000000031140e-03 -6.622500000000003384e-03 -4.966749999999992005e-03 -6.938893903907228378e-18 -4.003901390834605678e+01
5.132449999999999513e-01 1.596029999999999949e-01 -9.933499999999984009e-03 -6.622500000000003384e-03 2.775557561562891351e-17 1.655500000000004190e-03 -9.664140589323723773e+00
5.066230000000000455e-01 1.529800000000000049e-01 -6.622499999999975628e-03 -3.311499999999995003e-03 -2.500000000210667039e-07 3.311250000000001692e-03 -5.402312957809848371e+01
5.000000000000000000e-01 1.529800000000000049e-01 -9.934000000000026143e-03 0.000000000000000000e+00 -3.311250000000015570e-03 1.655749999999997502e-03 -1.677824193330084412e+01
4.867549999999999932e-01 1.529800000000000049e-01 -1.324500000000000677e-02 0.000000000000000000e+00 1.387778780781445676e-17 0.000000000000000000e+00 -0.000000000000000000e+00
4.735099999999999865e-01 1.529800000000000049e-01 -9.933999999999998387e-03 0.000000000000000000e+00 3.311250000000001692e-03 1.655749999999997502e-03 -1.677824193330093649e+01
4.668869999999999965e-01 1.529800000000000049e-01 -6.622500000000003384e-03 3.311499999999995003e-03 1.655749999999997502e-03 3.311250000000001692e-03 -6.752840203183411916e+01
4.602649999999999797e-01 1.596029999999999949e-01 -6.622500000000003384e-03 6.622500000000003384e-03 1.655500000000004190e-03 3.311000000000001442e-03 -4.003699855555499454e+01
4.536419999999999897e-01 1.662250000000000116e-01 -3.311499999999995003e-03 9.933499999999997887e-03 3.311250000000001692e-03 1.655749999999997502e-03 -3.342687263111629647e+01
4.536419999999999897e-01 1.794699999999999906e-01 0.000000000000000000e+00 9.933999999999998387e-03 3.311499999999995003e-03 1.655750000000004440e-03 -3.355648386660187299e+01
4.536419999999999897e-01 1.860930000000000084e-01 3.311499999999995003e-03 1.324500000000000677e-02 3.311250000000001692e-03 1.655499999999997252e-03 -1.507984594376395471e+01
4.602649999999999797e-01 2.059600000000000042e-01 6.622500000000003384e-03 1.324499999999999289e-02 1.655500000000004190e-03 -3.311250000000001692e-03 -1.350537450040084586e+01
4.668869999999999965e-01 2.125829999999999942e-01 6.622500000000003384e-03 6.622500000000003384e-03 -1.655500000000004190e-03 -3.311249999999994753e-03 -1.334768153797638846e+01
4.735099999999999865e-01 2.192050000000000110e-01 3.311499999999995003e-03 6.622500000000003384e-03 -1.655749999999997502e-03 -6.938893903907228378e-18 2.701258436269026575e+01
4.735099999999999865e-01 2.258280000000000010e-01 3.311000000000008381e-03 6.622499999999989506e-03 1.655250000000010879e-03 -2.500000000071889161e-07 -2.700891320777727955e+01
4.801320000000000032e-01 2.324499999999999900e-01 6.622000000000016762e-03 6.621999999999989006e-03 3.311000000000008381e-03 -5.000000000005000445e-07 -2.669939454241391630e+01
