3.675499999999999878e-01 2.456949999999999967e-01 -6.622999999999990006e-03 0.000000000000000000e+00 4.999999999866222566e-07 0.000000000000000000e+00 -0.000000000000000000e+00
3.609269999999999978e-01 2.456949999999999967e-01 -6.622500000000003384e-03 0.000000000000000000e+00 2.499999999933111283e-07 1.655749999999997502e-03 -3.775294451448651500e+01
3.543049999999999811e-01 2.456949999999999967e-01 -6.622500000000003384e-03 3.311499999999995003e-03 1.655500000000004190e-03 3.311250000000001692e-03 -6.752636257661615105e+01
3.476819999999999911e-01 2.523179999999999867e-01 -3.311499999999995003e-03 6.622500000000003384e-03 4.966999999999999194e-03 4.966750000000005882e-03 -1.215515313019968175e+02
3.476819999999999911e-01 2.589400000000000035e-01 3.311499999999995003e-03 1.324500000000000677e-02 6.622749999999996695e-03 6.622500000000003384e-03 -2.585181504323785262e+01
3.543049999999999811e-01 2.788080000000000003e-01 9.933999999999998387e-03 1.986750000000001015e-02 4.966750000000005882e-03 0.000000000000000000e+00 -9.003560343759613005e+00
3.675499999999999878e-01 2.986750000000000238e-01 1.324500000000000677e-02 1.324500000000000677e-02 1.655500000000004190e-03 -8.278000000000007574e-03 -2.001950695417324155e+01
3.807949999999999946e-01 3.052980000000000138e-01 1.324500000000000677e-02 3.311499999999995003e-03 0.000000000000000000e+00 -9.933750000000005076e-03 -5.170232890794528657e+01
3.940400000000000014e-01 3.052980000000000138e-01 1.324500000000000677e-02 -6.622500000000003384e-03 0.000000000000000000e+00 -9.933999999999998387e-03 -4.051867274324633428e+01
4.072850000000000081e-01 2.920530000000000070e-01 1.324500000000000677e-02 -1.655650000000000177e-02 -3.311250000000001692e-03 -3.311250000000001692e-03 -1.035300443909771317e+01
4.205300000000000149e-01 2.721850000000000103e-01 6.622500000000003384e-03 -1.324500000000000677e-02 -8.278250000000000886e-03 2.500000000002500222e-07 -3.376471087202396859e+01
4.205300000000000149e-01 2.655629999999999935e-01 -3.311499999999995003e-03 -1.655600000000000127e-02 -6.622500000000003384e-03 -4.966999999999992255e-03 -1.936273203423138156e+01
4.139070000000000249e-01 2.390730000000000077e-01 -6.622500000000003384e-03 -2.317899999999999128e-02 -3.311000000000008381e-03 -1.655750000000004440e-03 -4.695633868734739202e+00
4.072850000000000081e-01 2.192050000000000110e-01 -9.933500000000011765e-03 -1.986750000000001015e-02 -1.655749999999997502e-03 4.966999999999992255e-03 -7.503608982181386722e+00
3.940400000000000014e-01 1.993379999999999874e-01 -9.933999999999998387e-03 -1.324500000000000677e-02 1.655500000000004190e-03 3.311250000000008631e-03 -2.416487585330443721e+00
3.874170000000000114e-01 1.927149999999999974e-01 -6.622500000000003384e-03 -1.324499999999999289e-02 3.311499999999995003e-03 -1.655499999999997252e-03 1.688312020862516860e+01
3.807949999999999946e-01 1.728480000000000016e-01 -3.311000000000008381e-03 -1.655600000000000127e-02 4.966750000000005882e-03 -6.938893903907228378e-18 1.708498031360082692e+01
3.807949999999999946e-01 1.596029999999999949e-01 3.311000000000008381e-03 -1.324500000000000677e-02 4.966750000000005882e-03 3.311000000000001442e-03 3.015919435412487104e+01
3.874170000000000114e-01 1.463579999999999881e-01 6.622500000000003384e-03 -9.933999999999998387e-03 4.966999999999999194e-03 4.966750000000005882e-03 4.832148888554392130e+01
3.940400000000000014e-01 1.397349999999999981e-01 1.324500000000000677e-02 -3.311499999999995003e-03 6.622500000000003384e-03 4.966999999999999194e-03 3.446952045049395252e+01
4.139070000000000249e-01 1.397349999999999981e-01 1.986750000000001015e-02 0.000000000000000000e+00 1.655749999999983624e-03 4.966999999999999194e-03 1.258368147388426195e+01
4.337750000000000217e-01 1.397349999999999981e-01 1.655649999999997402e-02 6.622500000000003384e-03 -4.967000000000013071e-03 4.966999999999999194e-03 2.030481256360769393e+01
4.470199999999999729e-01 1.529800000000000049e-01 9.933499999999984009e-03 9.933999999999998387e-03 -6.622749999999982817e-03 3.311249999999994753e-03 3.559232456941211353e+01
4.536419999999999897e-01 1.596029999999999949e-01 3.311000000000008381e-03 1.324499999999999289e-02 -3.310999999999994503e-03 4.966749999999998944e-03 2.369558040464970361e+01
4.536419999999999897e-01 1.794699999999999906e-01 3.311499999999995003e-03 1.986749999999999627e-02 2.499999999933111283e-07 6.938893903907228378e-18 -6.078579087933364336e-04
4.602649999999999797e-01 1.993379999999999874e-01 3.311499999999995003e-03 1.324500000000000677e-02 -1.655749999999997502e-03 -6.622499999999996445e-03 9.319728318833492434e-15
4.602649999999999797e-01 2.059600000000000042e-01 0.000000000000000000e+00 6.622500000000003384e-03 -3.311499999999995003e-03 -6.622500000000003384e-03 7.550588902897303001e+01
4.602649999999999797e-01 2.125829999999999942e-01 -3.311499999999995003e-03 0.000000000000000000e+00 -1.655749999999997502e-03 -6.622500000000003384e-03 6.039103158756462335e+02
4.536419999999999897e-01 2.059600000000000042e-01 -3.311499999999995003e-03 -6.622500000000003384e-03 1.655749999999997502e-03 -4.966749999999998944e-03 6.753044117911676381e+01
4.536419999999999897e-01 1.993379999999999874e-01 0.000000000000000000e+00 -9.933499999999997887e-03 3.311499999999995003e-03 -3.311249999999994753e-03 3.355986206445709996e+01
4.536419999999999897e-01 1.860930000000000084e-01 3.311499999999995003e-03 -1.324499999999999289e-02 4.966999999999999194e-03 -1.655750000000004440e-03 2.369722603182765752e+01
4.602649999999999797e-01 1.728480000000000016e-01 9.933999999999998387e-03 -1.324500000000000677e-02 3.311000000000008381e-03 1.655499999999997252e-03 1.328676002741623208e+01
4.735099999999999865e-01 1.596029999999999949e-01 9.933500000000011765e-03 -9.933999999999998387e-03 1.655500000000004190e-03 3.311250000000001692e-03 1.779496797902935867e+01
4.801320000000000032e-01 1.529800000000000049e-01 1.324500000000000677e-02 -6.622500000000003384e-03 6.622749999999996695e-03 3.311499999999995003e-03 2.701329824284551151e+01
5.000000000000000000e-01 1.463579999999999881e-01 2.317900000000000515e-02 -3.311000000000008381e-03 1.655749999999983624e-03 4.966750000000005882e-03 9.395674031676110260e+00
5.264900000000000135e-01 1.463579999999999881e-01 1.655649999999997402e-02 3.311000000000008381e-03 -6.622500000000003384e-03 6.622250000000010073e-03 2.733382795256622089e+01
5.331129999999999480e-01 1.529800000000000049e-01 9.933999999999998387e-03 9.933500000000011765e-03 -4.966999999999971438e-03 6.622749999999996695e-03 4.152447817288042131e+01
5.463580000000000103e-01 1.662250000000000116e-01 6.622500000000031140e-03 1.655650000000000177e-02 -4.966999999999999194e-03 4.966999999999992255e-03 2.030481256360759446e+01
5.463580000000000103e-01 1.860930000000000084e-01 0.000000000000000000e+00 1.986749999999999627e-02 -4.967000000000026949e-03 3.310999999999994503e-03 1.258368147388435077e+01
5.463580000000000103e-01 2.059600000000000042e-01 -3.311500000000022759e-03 2.317849999999999078e-02 -4.966999999999999194e-03 3.311250000000001692e-03 8.115062760878480219e+00
5.397349999999999648e-01 2.324499999999999900e-01 -9.933999999999998387e-03 2.648999999999999966e-02 -4.966749999999992005e-03 2.500000000071889161e-07 5.810076012885314611e+00
5.264900000000000135e-01 2.589400000000000035e-01 -1.324500000000000677e-02 2.317900000000000515e-02 -1.655500000000004190e-03 -3.311249999999994753e-03 4.321908295820265700e+00
5.132449999999999513e-01 2.788080000000000003e-01 -1.324500000000000677e-02 1.986750000000001015e-02 1.655500000000018068e-03 -4.966999999999999194e-03 2.416456120630777527e+00
5.000000000000000000e-01 2.986750000000000238e-01 -9.933999999999970631e-03 1.324500000000000677e-02 3.311250000000001692e-03 -6.622250000000010073e-03 4.831698329209884513e+00
4.933770000000000100e-01 3.052980000000000138e-01 -6.622500000000003384e-03 6.622999999999990006e-03 4.966999999999985316e-03 -4.966750000000005882e-03 -5.037887483722813982e-03
4.867549999999999932e-01 3.119210000000000038e-01 0.000000000000000000e+00 3.311499999999995003e-03 1.158950000000000258e-02 -4.967249999999992505e-03 -1.056854451618089797e+03
4.933770000000000100e-01 3.119210000000000038e-01 1.655650000000000177e-02 -3.311499999999995003e-03 1.821199999999999208e-02 -3.311499999999995003e-03 1.138925478251182843e+00
5.198679999999999968e-01 3.052980000000000138e-01 3.642399999999998417e-02 -3.311499999999995003e-03 1.324475000000001346e-02 1.655749999999997502e-03 2.129184396184975903e+00
5.662249999999999783e-01 3.052980000000000138e-01 4.304600000000002868e-02 0.000000000000000000e+00 -1.655749999999997502e-03 1.655749999999997502e-03 8.935711960798552456e-01
6.059600000000000541e-01 3.052980000000000138e-01 3.311249999999998916e-02 0.000000000000000000e+00 -1.324475000000002733e-02 0.000000000000000000e+00 0.000000000000000000e+00
6.324499999999999567e-01 3.052980000000000138e-01 1.655649999999997402e-02 0.000000000000000000e+00 -9.933749999999991198e-03 -1.655749999999997502e-03 -6.040288703765718914e+00
6.390730000000000022e-01 3.052980000000000138e-01 1.324500000000000677e-02 -3.311499999999995003e-03 -4.966999999999999194e-03 -3.311250000000001692e-03 -2.369755135102003862e+01
6.589399999999999702e-01 2.986750000000000238e-01 6.622499999999975628e-03 -6.622500000000003384e-03 -9.933749999999991198e-03 -4.966750000000005882e-03 -1.201190570778313571e+02
6.523179999999999534e-01 2.920530000000000070e-01 -6.622499999999975628e-03 -1.324500000000000677e-02 -6.622499999999975628e-03 -6.622500000000003384e-03 -1.350588434880957145e+01
6.456950000000000189e-01 2.721850000000000103e-01 -6.622499999999975628e-03 -1.986750000000001015e-02 1.655749999999983624e-03 -3.311250000000001692e-03 5.969084393553210965e+00
6.390730000000000022e-01 2.523179999999999867e-01 -3.311000000000008381e-03 -1.986750000000001015e-02 3.311249999999987814e-03 3.311250000000008631e-03 6.709415122872276704e+00
6.390730000000000022e-01 2.324499999999999900e-01 0.000000000000000000e+00 -1.324499999999999289e-02 6.622249999999996195e-03 4.967000000000006132e-03 3.774866930561061906e+01
6.390730000000000022e-01 2.258280000000000010e-01 9.933499999999984009e-03 -9.933499999999997887e-03 6.622500000000003384e-03 1.655499999999997252e-03 2.966032027951526828e+01
6.589399999999999702e-01 2.125829999999999942e-01 1.324500000000000677e-02 -9.933999999999998387e-03 2.500000000071889161e-07 6.622250000000003134e-03 1.932734059755992106e+01
6.655630000000000157e-01 2.059600000000000042e-01 9.933999999999998387e-03 3.311000000000008381e-03 -3.311250000000015570e-03 1.490074999999999733e-02 1.384738169661208076e+02
6.788079999999999670e-01 2.192050000000000110e-01 6.622499999999975628e-03 1.986749999999999627e-02 -4.966999999999999194e-03 1.158949999999999564e-02 1.910056533519628275e+01
6.788079999999999670e-01 2.456949999999999967e-01 0.000000000000000000e+00 2.648999999999999966e-02 -6.622499999999975628e-03 1.655750000000004440e-03 9.437523593808949229e+00
6.788079999999999670e-01 2.721850000000000103e-01 -6.622499999999975628e-03 2.317900000000000515e-02 -6.622500000000003384e-03 -4.966749999999998944e-03 1.330552705903493482e+01
6.655630000000000157e-01 2.920530000000000070e-01 -1.324500000000000677e-02 1.655650000000000177e-02 -1.655750000000011379e-03 -6.622500000000003384e-03 1.207866440666210828e+01
6.523179999999999534e-01 3.052980000000000138e-01 -9.933999999999998387e-03 9.933999999999998387e-03 3.311000000000036136e-03 -4.966750000000005882e-03 5.932004323712692262e+00
6.456950000000000189e-01 3.119210000000000038e-01 -6.622999999999934495e-03 6.622999999999990006e-03 3.311000000000063892e-03 -3.311000000000008381e-03 -6.721073435816354564e-13
