2.880789999999999740e-01 3.317880000000000273e-01 -1.324499999999995126e-02 1.324499999999995126e-02 2.649049999999997240e-02 1.324500000000003452e-02 -8.008105084588079592e+01
2.748340000000000227e-01 3.450329999999999786e-01 1.324550000000002115e-02 2.648999999999998578e-02 2.317899999999996352e-02 2.775557561562891351e-17 -2.363501718801807172e+01
3.145700000000000163e-01 3.847679999999999989e-01 3.311299999999997579e-02 1.324500000000000677e-02 -4.967250000000020260e-03 -2.483424999999998828e-02 -1.667842654151836612e+01
3.410599999999999743e-01 3.715229999999999921e-01 3.310999999999980625e-03 -2.317849999999999078e-02 -3.145724999999997828e-02 -3.145699999999999885e-02 -6.492005839505996789e+01
3.211919999999999775e-01 3.384110000000000174e-01 -2.980149999999998078e-02 -4.966899999999999094e-02 -1.490049999999998320e-02 -2.317900000000001209e-02 -2.538003525107884184e-01
2.814570000000000127e-01 2.721850000000000103e-01 -2.648999999999998578e-02 -6.953650000000001496e-02 1.986774999999998959e-02 2.499999999933111283e-07 3.353067996307488308e+00
2.682120000000000060e-01 1.993379999999999874e-01 9.933999999999998387e-03 -4.966850000000000431e-02 3.145699999999998497e-02 3.476825000000000748e-02 1.468048554663740646e+01
3.013250000000000095e-01 1.728480000000000016e-01 3.642399999999998417e-02 0.000000000000000000e+00 9.933499999999997887e-03 4.470174999999999843e-02 3.369374236636721776e+01
3.410599999999999743e-01 1.993379999999999874e-01 2.980099999999999416e-02 3.973499999999999255e-02 -1.158949999999998870e-02 1.655625000000000152e-02 7.784985638789271079e+00
3.609269999999999978e-01 2.523179999999999867e-01 1.324500000000000677e-02 3.311250000000000304e-02 -6.622249999999996195e-03 -2.980124999999999441e-02 -3.867777835700728861e+00
3.675499999999999878e-01 2.655629999999999935e-01 1.655650000000000177e-02 -1.986749999999999627e-02 1.158924999999999539e-02 -3.476825000000000054e-02 -1.996790131388552680e+01
3.940400000000000014e-01 2.125829999999999942e-01 3.642349999999999755e-02 -3.642399999999999805e-02 8.277999999999993697e-03 1.490049999999999708e-02 6.176894289862969067e+00
4.403969999999999829e-01 1.927149999999999974e-01 3.311249999999998916e-02 9.933499999999997887e-03 -1.490049999999999708e-02 4.470200000000000562e-02 3.940916398741195792e+01
4.602649999999999797e-01 2.324499999999999900e-01 6.622500000000003384e-03 5.298000000000001319e-02 -2.152324999999999378e-02 2.152350000000000790e-02 8.428241111619470871e+00
4.536419999999999897e-01 2.986750000000000238e-01 -9.933999999999998387e-03 5.298050000000001369e-02 -8.277999999999993697e-03 -1.490050000000001790e-02 3.745243058909495826e+00
4.403969999999999829e-01 3.384110000000000174e-01 -9.933499999999984009e-03 2.317899999999997740e-02 1.158950000000000258e-02 -2.483475000000001653e-02 -1.367896278590940318e+00
4.337750000000000217e-01 3.450329999999999786e-01 1.324500000000000677e-02 3.310999999999980625e-03 3.311249999999998916e-02 -1.490074999999997651e-02 -1.206393797446644385e+02
4.668869999999999965e-01 3.450329999999999786e-01 5.629149999999999432e-02 -6.622499999999975628e-03 3.145699999999999885e-02 -1.158924999999998151e-02 -2.438658885175671198e+00
5.463580000000000103e-01 3.317880000000000273e-01 7.615900000000000447e-02 -1.986749999999998240e-02 -8.278249999999987008e-03 -1.324500000000002065e-02 -2.406119957624432537e+00
6.192050000000000054e-01 3.052980000000000138e-01 3.973500000000002030e-02 -3.311250000000001692e-02 -4.801324999999999343e-02 -6.622500000000010323e-03 -1.339093690950646831e+01
6.258280000000000509e-01 2.655629999999999935e-01 -1.986749999999998240e-02 -3.311250000000000304e-02 -3.642375000000003249e-02 1.655625000000000846e-02 -2.665800848261415368e+01
5.794700000000000406e-01 2.390730000000000077e-01 -3.311250000000004468e-02 0.000000000000000000e+00 8.278249999999987008e-03 3.311250000000000304e-02 -3.020007550018867448e+01
5.596029999999999616e-01 2.655629999999999935e-01 -3.311000000000008381e-03 3.311250000000000304e-02 2.317875000000005348e-02 1.986750000000001015e-02 -2.261194630848695297e+01
5.728480000000000238e-01 3.052980000000000138e-01 1.324500000000006228e-02 3.973500000000002030e-02 1.655600000000007066e-02 6.622500000000017262e-03 -7.759323013308478068e+00
