3.410599999999999743e-01 1.860930000000000084e-01 0.000000000000000000e+00 6.621999999999989006e-03 0.000000000000000000e+00 5.000000000005000445e-07 0.000000000000000000e+00
3.410599999999999743e-01 1.927149999999999974e-01 0.000000000000000000e+00 6.622499999999989506e-03 0.000000000000000000e+00 2.500000000071889161e-07 0.000000000000000000e+00
3.410599999999999743e-01 1.993379999999999874e-01 0.000000000000000000e+00 6.622500000000003384e-03 0.000000000000000000e+00 1.655500000000011129e-03 0.000000000000000000e+00
3.410599999999999743e-01 2.059600000000000042e-01 0.000000000000000000e+00 9.933500000000011765e-03 4.966750000000005882e-03 3.311249999999994753e-03 -5.033472592741726714e+01
3.410599999999999743e-01 2.192050000000000110e-01 9.933500000000011765e-03 1.324499999999999289e-02 8.278000000000007574e-03 2.499999999933111283e-07 -2.415980502326721080e+01
3.609269999999999978e-01 2.324499999999999900e-01 1.655600000000001515e-02 9.933999999999998387e-03 2.499999999933111283e-07 -4.966749999999992005e-03 -1.142489799499612602e+01
3.741720000000000046e-01 2.390730000000000077e-01 9.933999999999998387e-03 3.311500000000008881e-03 -1.655500000000004190e-03 -4.966999999999999194e-03 -3.819911182813188333e+01
3.807949999999999946e-01 2.390730000000000077e-01 1.324500000000000677e-02 0.000000000000000000e+00 -2.499999999933111283e-07 -3.311500000000008881e-03 -1.887647225724333566e+01
4.006620000000000181e-01 2.390730000000000077e-01 9.933500000000011765e-03 -3.311500000000008881e-03 -6.622500000000003384e-03 -4.966999999999999194e-03 -6.207991980012387501e+01
4.006620000000000181e-01 2.324499999999999900e-01 0.000000000000000000e+00 -9.933999999999998387e-03 -4.966750000000005882e-03 -3.310999999999994503e-03 -5.032965914070521762e+01
4.006620000000000181e-01 2.192050000000000110e-01 0.000000000000000000e+00 -9.933499999999997887e-03 0.000000000000000000e+00 2.499999999933111283e-07 0.000000000000000000e+00
4.006620000000000181e-01 2.125829999999999942e-01 0.000000000000000000e+00 -9.933500000000011765e-03 0.000000000000000000e+00 -1.655749999999997502e-03 0.000000000000000000e+00
4.006620000000000181e-01 1.993379999999999874e-01 0.000000000000000000e+00 -1.324499999999999289e-02 -1.655500000000004190e-03 -3.311499999999988064e-03 -9.436811058996349644e+00
4.006620000000000181e-01 1.860930000000000084e-01 -3.311000000000008381e-03 -1.655649999999998789e-02 -3.311250000000001692e-03 -6.938893903907228378e-18 -1.138962526093411043e+01
3.940400000000000014e-01 1.662250000000000116e-01 -6.622500000000003384e-03 -1.324500000000000677e-02 -2.499999999933111283e-07 3.311499999999988064e-03 -6.754471719631108151e+00
3.874170000000000114e-01 1.596029999999999949e-01 -3.311499999999995003e-03 -9.933500000000011765e-03 3.311250000000001692e-03 6.938893903907228378e-18 2.865088402185618932e+01
3.874170000000000114e-01 1.463579999999999881e-01 0.000000000000000000e+00 -1.324499999999999289e-02 3.311499999999995003e-03 -2.499999999933111283e-07 1.887647225724330013e+01
3.874170000000000114e-01 1.331130000000000091e-01 3.311499999999995003e-03 -9.933999999999998387e-03 3.311250000000001692e-03 4.966749999999992005e-03 4.297300938552744043e+01
3.940400000000000014e-01 1.264899999999999913e-01 6.622500000000003384e-03 -3.311500000000008881e-03 1.655500000000004190e-03 3.311500000000001942e-03 6.753044117911683486e+01
4.006620000000000181e-01 1.264899999999999913e-01 6.622500000000003384e-03 -3.310999999999994503e-03 3.311249999999987814e-03 2.500000000071889161e-07 2.701503181981831858e+01
4.072850000000000081e-01 1.198680000000000023e-01 1.324499999999997901e-02 -3.310999999999994503e-03 4.966749999999992005e-03 3.310999999999994503e-03 2.369558040464974624e+01
4.271519999999999762e-01 1.198680000000000023e-01 1.655599999999998739e-02 3.310999999999994503e-03 -1.655499999999990313e-03 4.966749999999998944e-03 1.822385287671875176e+01
4.403969999999999829e-01 1.264899999999999913e-01 9.933999999999998387e-03 6.622500000000003384e-03 -3.310999999999994503e-03 1.655750000000004440e-03 2.254957415715293578e+01
4.470199999999999729e-01 1.331130000000000091e-01 9.933999999999998387e-03 6.622500000000003384e-03 -1.655749999999997502e-03 1.655499999999997252e-03 1.610683865220173772e+01
4.602649999999999797e-01 1.397349999999999981e-01 6.622500000000003384e-03 9.933499999999997887e-03 -3.311499999999995003e-03 4.966999999999999194e-03 3.866191351167571355e+01
4.602649999999999797e-01 1.529800000000000049e-01 3.311000000000008381e-03 1.655650000000000177e-02 0.000000000000000000e+00 1.655749999999997502e-03 1.138945321483656903e+00
4.668869999999999965e-01 1.728480000000000016e-01 6.622500000000003384e-03 1.324499999999999289e-02 2.499999999933111283e-07 -4.966999999999999194e-03 -1.013068788262915909e+01
4.735099999999999865e-01 1.794699999999999906e-01 3.311499999999995003e-03 6.622500000000003384e-03 -4.966999999999999194e-03 -6.622499999999996445e-03 2.700850576018971694e+01
4.735099999999999865e-01 1.860930000000000084e-01 -3.311499999999995003e-03 0.000000000000000000e+00 -3.311499999999995003e-03 -8.278250000000000886e-03 7.548992936802667373e+02
4.668869999999999965e-01 1.794699999999999906e-01 -3.311499999999995003e-03 -9.933999999999998387e-03 2.499999999933111283e-07 -4.966749999999998944e-03 1.432673972883884872e+01
4.668869999999999965e-01 1.662250000000000116e-01 -3.311000000000008381e-03 -9.933499999999997887e-03 2.499999999933111283e-07 1.655749999999997502e-03 -4.773320577330705028e+00
4.602649999999999797e-01 1.596029999999999949e-01 -3.311000000000008381e-03 -6.622500000000003384e-03 1.655500000000004190e-03 1.655499999999997252e-03 1.350649608990846140e+01
4.602649999999999797e-01 1.529800000000000049e-01 0.000000000000000000e+00 -6.622500000000003384e-03 3.311000000000008381e-03 -1.655499999999997252e-03 7.549448847197062662e+01
4.602649999999999797e-01 1.463579999999999881e-01 3.311000000000008381e-03 -9.933499999999997887e-03 6.622500000000003384e-03 -1.655749999999997502e-03 5.252888017420689692e+01
4.668869999999999965e-01 1.331130000000000091e-01 1.324500000000000677e-02 -9.933999999999998387e-03 6.622749999999996695e-03 1.655499999999997252e-03 1.932807021337669795e+01
4.867549999999999932e-01 1.264899999999999913e-01 1.655650000000000177e-02 -6.622500000000003384e-03 3.311250000000001692e-03 3.311500000000001942e-03 1.353693104011978932e+01
5.000000000000000000e-01 1.198680000000000023e-01 1.986750000000001015e-02 -3.310999999999994503e-03 1.655499999999990313e-03 4.966749999999998944e-03 1.274729100302003992e+01
5.264900000000000135e-01 1.198680000000000023e-01 1.986749999999998240e-02 3.310999999999994503e-03 -4.966750000000005882e-03 4.966749999999998944e-03 1.408905245452434585e+01
5.397349999999999648e-01 1.264899999999999913e-01 9.933999999999998387e-03 6.622500000000003384e-03 -6.622499999999975628e-03 8.278250000000007824e-03 7.409340361393479668e+01
5.463580000000000103e-01 1.331130000000000091e-01 6.622500000000031140e-03 1.986750000000001015e-02 -3.311499999999995003e-03 9.933749999999998137e-03 1.432569438934762474e+01
5.529800000000000271e-01 1.662250000000000116e-01 3.311000000000008381e-03 2.648999999999999966e-02 -6.622500000000031140e-03 1.655749999999990563e-03 9.508750479579211046e+00
5.529800000000000271e-01 1.860930000000000084e-01 -6.622500000000031140e-03 2.317899999999999128e-02 -6.622250000000023951e-03 -4.966999999999999194e-03 1.330523159417854195e+01
5.397349999999999648e-01 2.125829999999999942e-01 -9.933500000000039520e-03 1.655600000000000127e-02 2.775557561562891351e-17 -6.622749999999996695e-03 9.140490751162934302e+00
5.331129999999999480e-01 2.192050000000000110e-01 -6.622499999999975628e-03 9.933499999999997887e-03 1.655500000000031946e-03 -3.311000000000001442e-03 3.221704491019640848e+00
5.264900000000000135e-01 2.324499999999999900e-01 -6.622499999999975628e-03 9.933999999999998387e-03 -2.775557561562891351e-17 -1.655499999999997252e-03 6.442249040482014522e+00
5.198679999999999968e-01 2.390730000000000077e-01 -6.622500000000031140e-03 6.622500000000003384e-03 3.311249999999987814e-03 -3.311500000000001942e-03 2.015352791709280368e-03
5.132449999999999513e-01 2.456949999999999967e-01 0.000000000000000000e+00 3.310999999999994503e-03 9.933750000000018954e-03 -3.311250000000001692e-03 -9.061390871846554091e+02
5.198679999999999968e-01 2.456949999999999967e-01 1.324500000000000677e-02 0.000000000000000000e+00 1.655624999999999458e-02 -1.655499999999997252e-03 -9.436811058996289248e+00
5.397349999999999648e-01 2.456949999999999967e-01 3.311249999999998916e-02 0.000000000000000000e+00 1.158950000000000258e-02 1.655749999999997502e-03 1.510117780579463442e+00
5.860929999999999751e-01 2.456949999999999967e-01 3.642400000000001192e-02 3.311499999999995003e-03 -4.966999999999999194e-03 1.655749999999997502e-03 1.568895868745863842e+00
6.125829999999999886e-01 2.523179999999999867e-01 2.317849999999999078e-02 3.311499999999995003e-03 -8.278250000000014763e-03 -1.655749999999997502e-03 -8.542103393697979552e-01
6.324499999999999567e-01 2.523179999999999867e-01 1.986749999999998240e-02 0.000000000000000000e+00 -1.655499999999976435e-03 -1.655749999999997502e-03 -4.194771612720737508e+00
6.523179999999999534e-01 2.523179999999999867e-01 1.986750000000003791e-02 0.000000000000000000e+00 -3.311249999999987814e-03 0.000000000000000000e+00 0.000000000000000000e+00
6.721850000000000325e-01 2.523179999999999867e-01 1.324500000000000677e-02 0.000000000000000000e+00 -9.933750000000018954e-03 0.000000000000000000e+00 0.000000000000000000e+00
6.788079999999999670e-01 2.523179999999999867e-01 0.000000000000000000e+00 0.000000000000000000e+00 -9.933749999999991198e-03 -1.655749999999997502e-03 0.000000000000000000e+00
6.721850000000000325e-01 2.523179999999999867e-01 -6.622499999999975628e-03 -3.311499999999995003e-03 -3.311250000000015570e-03 -4.966999999999999194e-03 5.402109012288006795e+01
6.655630000000000157e-01 2.456949999999999967e-01 -6.622500000000031140e-03 -9.933999999999998387e-03 -2.775557561562891351e-17 -6.622250000000003134e-03 2.576996901741514989e+01
6.589399999999999702e-01 2.324499999999999900e-01 -6.622500000000031140e-03 -1.655600000000000127e-02 1.655750000000011379e-03 -1.655499999999997252e-03 6.768702155918298047e+00
6.523179999999999534e-01 2.125829999999999942e-01 -3.311000000000008381e-03 -1.324499999999999289e-02 3.311250000000015570e-03 4.966749999999998944e-03 1.077225614531020881e+01
6.523179999999999534e-01 2.059600000000000042e-01 0.000000000000000000e+00 -6.622500000000003384e-03 4.966750000000019760e-03 1.655749999999997502e-03 1.132474329864574543e+02
6.523179999999999534e-01 1.993379999999999874e-01 6.622500000000031140e-03 -9.933499999999997887e-03 8.278000000000007574e-03 6.938893903907228378e-18 4.832362174474306471e+01
6.655630000000000157e-01 1.860930000000000084e-01 1.655600000000001515e-02 -6.622499999999989506e-03 3.311249999999987814e-03 4.966749999999998944e-03 1.837121124851354281e+01
6.854299999999999837e-01 1.860930000000000084e-01 1.324500000000000677e-02 0.000000000000000000e+00 -4.966749999999992005e-03 9.933749999999991198e-03 5.662514156285379840e+01
6.920530000000000292e-01 1.860930000000000084e-01 6.622500000000031140e-03 1.324499999999999289e-02 -4.966999999999999194e-03 9.933749999999998137e-03 4.051816289483760158e+01
6.986750000000000460e-01 2.125829999999999942e-01 3.311000000000008381e-03 1.986749999999999627e-02 -3.311250000000015570e-03 3.311250000000001692e-03 9.392938025880884112e+00
6.986750000000000460e-01 2.258280000000000010e-01 0.000000000000000000e+00 1.986749999999999627e-02 -3.311000000000008381e-03 -1.655749999999997502e-03 8.388276496885639588e+00
6.986750000000000460e-01 2.523179999999999867e-01 -3.311000000000008381e-03 1.655600000000000127e-02 -3.311000000000008381e-03 -6.622749999999989756e-03 1.594541976585306209e+01
6.920530000000000292e-01 2.589400000000000035e-01 -6.622000000000016762e-03 6.622000000000016762e-03 -3.311000000000008381e-03 -9.933999999999984509e-03 1.067895155410751613e+02
