3.675499999999999878e-01 1.860930000000000084e-01 -6.622999999999990006e-03 0.000000000000000000e+00 4.999999999866222566e-07 0.000000000000000000e+00 -0.000000000000000000e+00
3.609269999999999978e-01 1.860930000000000084e-01 -6.622500000000003384e-03 0.000000000000000000e+00 2.499999999933111283e-07 1.655499999999997252e-03 -3.774724423598515699e+01
3.543049999999999811e-01 1.860930000000000084e-01 -6.622500000000003384e-03 3.310999999999994503e-03 3.311250000000001692e-03 6.622499999999996445e-03 -1.350629221829721871e+02
3.476819999999999911e-01 1.927149999999999974e-01 0.000000000000000000e+00 1.324499999999999289e-02 6.622500000000003384e-03 4.967000000000006132e-03 -3.775009437523600297e+01
3.543049999999999811e-01 2.125829999999999942e-01 6.622500000000003384e-03 1.324500000000000677e-02 3.311250000000001692e-03 -3.311249999999994753e-03 -2.025882652321437405e+01
3.609269999999999978e-01 2.192050000000000110e-01 6.622500000000003384e-03 6.622500000000003384e-03 3.311250000000001692e-03 -3.311250000000008631e-03 -5.338669544632297459e+01
3.675499999999999878e-01 2.258280000000000010e-01 1.324500000000000677e-02 6.622499999999989506e-03 4.966750000000005882e-03 -3.311250000000001692e-03 -2.363504268621241167e+01
3.874170000000000114e-01 2.324499999999999900e-01 1.655600000000001515e-02 0.000000000000000000e+00 -1.655500000000004190e-03 -6.622499999999989506e-03 -2.416079005232571575e+01
4.006620000000000181e-01 2.258280000000000010e-01 9.933999999999998387e-03 -6.622499999999989506e-03 -4.966750000000005882e-03 -4.966999999999999194e-03 -4.832148888554397104e+01
4.072850000000000081e-01 2.192050000000000110e-01 6.622500000000003384e-03 -9.933999999999998387e-03 -3.311499999999995003e-03 -3.311250000000008631e-03 -3.221562308882998593e+01
4.139070000000000249e-01 2.059600000000000042e-01 3.311000000000008381e-03 -1.324500000000000677e-02 -3.311250000000001692e-03 -1.655500000000004190e-03 -1.938856470075875649e+01
4.139070000000000249e-01 1.927149999999999974e-01 0.000000000000000000e+00 -1.324500000000000677e-02 -4.966750000000005882e-03 -1.655499999999997252e-03 -2.831185824661428541e+01
4.139070000000000249e-01 1.794699999999999906e-01 -6.622500000000003384e-03 -1.655600000000000127e-02 -4.966750000000005882e-03 -3.311249999999994753e-03 -1.063571850149707387e+01
4.006620000000000181e-01 1.596029999999999949e-01 -9.933500000000011765e-03 -1.986749999999999627e-02 0.000000000000000000e+00 1.655500000000004190e-03 -1.500525410838803975e+00
3.940400000000000014e-01 1.397349999999999981e-01 -6.622500000000003384e-03 -1.324499999999999289e-02 3.311000000000008381e-03 3.311249999999998223e-03 6.751922477587256388e+00
3.874170000000000114e-01 1.331130000000000091e-01 -3.311499999999995003e-03 -1.324499999999999983e-02 3.311250000000001692e-03 -1.655750000000004440e-03 1.938869864739201887e+01
3.874170000000000114e-01 1.132449999999999984e-01 0.000000000000000000e+00 -1.655650000000000177e-02 3.311499999999995003e-03 1.655500000000000721e-03 1.208057740753139697e+01
3.874170000000000114e-01 1.000000000000000056e-01 3.311499999999995003e-03 -9.933999999999998387e-03 6.622500000000003384e-03 6.622499999999999915e-03 7.639678160897278758e+01
3.940400000000000014e-01 9.337700000000000167e-02 1.324500000000000677e-02 -3.311500000000001942e-03 8.278000000000007574e-03 4.966999999999999194e-03 3.662378414271177007e+01
4.139070000000000249e-01 9.337700000000000167e-02 1.986750000000001015e-02 0.000000000000000000e+00 3.311249999999987814e-03 6.622750000000000165e-03 1.677845308660499768e+01
4.337750000000000217e-01 9.337700000000000167e-02 1.986749999999998240e-02 9.933999999999998387e-03 -3.311250000000015570e-03 6.622750000000000165e-03 1.500684028975060258e+01
4.536419999999999897e-01 1.132449999999999984e-01 1.324499999999997901e-02 1.324550000000000033e-02 -8.277999999999993697e-03 3.311249999999998223e-03 2.335573456768416989e+01
4.602649999999999797e-01 1.198680000000000023e-01 3.311499999999995003e-03 1.655649999999999483e-02 -4.966999999999985316e-03 3.310999999999997973e-03 1.936242114685786575e+01
4.602649999999999797e-01 1.463579999999999881e-01 3.311000000000008381e-03 1.986749999999999627e-02 -2.499999999933111283e-07 -3.311499999999991534e-03 -1.341254889396093386e+00
4.668869999999999965e-01 1.596029999999999949e-01 3.311000000000008381e-03 9.933500000000011765e-03 -1.655500000000004190e-03 -9.933749999999998137e-03 -1.432573042201797620e+01
4.668869999999999965e-01 1.662250000000000116e-01 0.000000000000000000e+00 0.000000000000000000e+00 -1.655500000000004190e-03 -8.278000000000007574e-03 0.000000000000000000e+00
4.668869999999999965e-01 1.596029999999999949e-01 0.000000000000000000e+00 -6.622500000000003384e-03 0.000000000000000000e+00 -6.622499999999996445e-03 0.000000000000000000e+00
4.668869999999999965e-01 1.529800000000000049e-01 0.000000000000000000e+00 -1.324499999999999289e-02 3.311250000000001692e-03 -6.622499999999999915e-03 1.887504718761800149e+01
4.668869999999999965e-01 1.331130000000000091e-01 6.622500000000003384e-03 -1.986750000000000321e-02 4.966999999999999194e-03 -6.938893903907228378e-18 1.074413559803550733e+01
4.801320000000000032e-01 1.132449999999999984e-01 9.933999999999998387e-03 -1.324500000000000677e-02 4.966999999999985316e-03 6.622500000000003384e-03 2.899201409743063707e+01
4.867549999999999932e-01 1.066229999999999956e-01 1.655649999999997402e-02 -6.622499999999996445e-03 8.277999999999993697e-03 3.311000000000004911e-03 1.933649150814510520e+01
5.132449999999999513e-01 1.000000000000000056e-01 2.648999999999998578e-02 -6.622999999999996945e-03 2.775557561562891351e-17 3.311249999999998223e-03 4.308527408995452390e+00
5.397349999999999648e-01 9.337700000000000167e-02 1.655650000000002953e-02 0.000000000000000000e+00 -8.277999999999993697e-03 9.934249999999998637e-03 3.624082020557709427e+01
5.463580000000000103e-01 1.000000000000000056e-01 9.933999999999998387e-03 1.324550000000000033e-02 -4.967000000000026949e-03 1.324499999999999983e-02 4.348541650045989826e+01
5.596029999999999616e-01 1.198680000000000023e-01 6.622499999999975628e-03 2.648999999999999966e-02 -8.278249999999987008e-03 8.277749999999996916e-03 1.346436821307437803e+01
5.596029999999999616e-01 1.529800000000000049e-01 -6.622499999999975628e-03 2.980099999999999416e-02 -9.933749999999991198e-03 -1.655500000000004190e-03 1.079054555891386080e+01
5.463580000000000103e-01 1.794699999999999906e-01 -1.324500000000000677e-02 2.317899999999999128e-02 -1.655750000000011379e-03 -8.277999999999993697e-03 7.779756900959028165e+00
5.331129999999999480e-01 1.993379999999999874e-01 -9.933999999999998387e-03 1.324500000000000677e-02 1.655500000000004190e-03 -8.278249999999993947e-03 1.328876648468398436e+01
5.264900000000000135e-01 2.059600000000000042e-01 -9.933999999999998387e-03 6.622500000000003384e-03 -1.655500000000004190e-03 -3.311250000000001692e-03 2.577094187290315475e+01
5.132449999999999513e-01 2.125829999999999942e-01 -1.324500000000000677e-02 6.622500000000003384e-03 8.278250000000014763e-03 -1.655749999999997502e-03 -1.012915833740283489e+01
5.000000000000000000e-01 2.192050000000000110e-01 6.622500000000031140e-03 3.311000000000008381e-03 1.655624999999999458e-02 -3.311250000000001692e-03 -1.890807489064876279e+02
5.264900000000000135e-01 2.192050000000000110e-01 1.986749999999998240e-02 0.000000000000000000e+00 9.933749999999991198e-03 -1.655500000000004190e-03 -4.194138248442825123e+00
5.397349999999999648e-01 2.192050000000000110e-01 2.649000000000001354e-02 0.000000000000000000e+00 4.967000000000026949e-03 0.000000000000000000e+00 0.000000000000000000e+00
5.794700000000000406e-01 2.192050000000000110e-01 2.980150000000003629e-02 0.000000000000000000e+00 -1.655500000000004190e-03 0.000000000000000000e+00 0.000000000000000000e+00
5.993380000000000374e-01 2.192050000000000110e-01 2.317900000000000515e-02 0.000000000000000000e+00 -4.967000000000026949e-03 1.655749999999997502e-03 3.081806542096332979e+00
6.258280000000000509e-01 2.192050000000000110e-01 1.986749999999998240e-02 3.311499999999995003e-03 -4.967000000000026949e-03 1.655749999999997502e-03 6.038815053747101480e+00
6.390730000000000022e-01 2.258280000000000010e-01 1.324499999999995126e-02 3.311499999999995003e-03 -6.622500000000003384e-03 -3.311499999999995003e-03 -8.617705407256124772e+00
6.523179999999999534e-01 2.258280000000000010e-01 6.622499999999975628e-03 -3.311499999999995003e-03 -8.278249999999959252e-03 -6.622749999999996695e-03 -1.755787394825964043e+02
6.523179999999999534e-01 2.192050000000000110e-01 -3.311499999999967248e-03 -9.933999999999998387e-03 -6.622499999999975628e-03 -3.311000000000008381e-03 -4.774762807543514498e+01
6.456950000000000189e-01 2.059600000000000042e-01 -6.622499999999975628e-03 -9.933500000000011765e-03 2.499999999794333405e-07 2.500000000002500222e-07 4.864418677666154005e-04
6.390730000000000022e-01 1.993379999999999874e-01 -3.311000000000008381e-03 -9.933499999999997887e-03 3.311249999999987814e-03 -1.655749999999990563e-03 3.342766582082276017e+01
6.390730000000000022e-01 1.860930000000000084e-01 0.000000000000000000e+00 -1.324499999999999289e-02 4.966749999999992005e-03 -2.500000000002500222e-07 2.831185824661426764e+01
6.390730000000000022e-01 1.728480000000000016e-01 6.622499999999975628e-03 -9.933999999999998387e-03 6.622500000000003384e-03 4.966749999999998944e-03 5.798510564177612281e+01
6.523179999999999534e-01 1.662250000000000116e-01 1.324500000000000677e-02 -3.311499999999995003e-03 3.311250000000015570e-03 6.622749999999996695e-03 3.877837315412201491e+01
6.655630000000000157e-01 1.662250000000000116e-01 1.324500000000000677e-02 3.311499999999995003e-03 -3.311250000000015570e-03 8.278249999999993947e-03 4.739477738284764996e+01
6.788079999999999670e-01 1.728480000000000016e-01 6.622499999999975628e-03 1.324499999999999289e-02 -6.622500000000003384e-03 4.966749999999998944e-03 3.714092703502210213e+01
6.788079999999999670e-01 1.927149999999999974e-01 0.000000000000000000e+00 1.324499999999999289e-02 -6.622499999999975628e-03 1.655750000000004440e-03 3.775009437523584666e+01
6.788079999999999670e-01 1.993379999999999874e-01 -6.622499999999975628e-03 1.655650000000000177e-02 -4.966999999999999194e-03 1.655500000000004190e-03 1.256992396316588056e+01
6.655630000000000157e-01 2.258280000000000010e-01 -9.933999999999998387e-03 1.655600000000000127e-02 -1.655750000000011379e-03 -6.622750000000003634e-03 1.294915314886692492e+01
6.589399999999999702e-01 2.324499999999999900e-01 -9.933999999999998387e-03 3.310999999999994503e-03 -1.655499999999976435e-03 -8.278000000000000635e-03 7.639735830595606103e+01
6.456950000000000189e-01 2.324499999999999900e-01 -1.324499999999995126e-02 0.000000000000000000e+00 -3.310999999999952870e-03 -3.310999999999994503e-03 1.887362211799273837e+01
