3.609269999999999978e-01 2.192050000000000110e-01 -6.622000000000016762e-03 0.000000000000000000e+00 -4.999999999866222566e-07 -3.311000000000008381e-03 7.550588945937762730e+01
3.543049999999999811e-01 2.192050000000000110e-01 -6.622500000000003384e-03 -3.311000000000008381e-03 -2.499999999933111283e-07 -1.655500000000004190e-03 2.700891351574024668e+01
3.476819999999999911e-01 2.125829999999999942e-01 -6.622500000000003384e-03 -3.311000000000008381e-03 1.655749999999997502e-03 3.311000000000008381e-03 -4.051540960564864946e+01
3.410599999999999743e-01 2.125829999999999942e-01 -3.311000000000008381e-03 3.311000000000008381e-03 1.655500000000004190e-03 4.966750000000005882e-03 -2.135709684535708561e+02
3.410599999999999743e-01 2.192050000000000110e-01 -3.311499999999995003e-03 6.622500000000003384e-03 -2.499999999933111283e-07 1.655749999999990563e-03 -1.350323330645341535e+01
3.344369999999999843e-01 2.258280000000000010e-01 -3.311499999999995003e-03 6.622499999999989506e-03 1.655749999999997502e-03 0.000000000000000000e+00 -2.701258436269041141e+01
3.344369999999999843e-01 2.324499999999999900e-01 0.000000000000000000e+00 6.622500000000003384e-03 3.311499999999995003e-03 6.938893903907228378e-18 -7.550588902897303001e+01
3.344369999999999843e-01 2.390730000000000077e-01 3.311499999999995003e-03 6.622500000000003384e-03 3.311250000000001692e-03 -6.938893903907228378e-18 -5.402109012288003242e+01
3.410599999999999743e-01 2.456949999999999967e-01 6.622500000000003384e-03 6.622499999999989506e-03 3.311000000000008381e-03 1.655749999999997502e-03 -1.334365083239358007e+01
3.476819999999999911e-01 2.523179999999999867e-01 9.933500000000011765e-03 9.933999999999998387e-03 3.311250000000001692e-03 1.655500000000011129e-03 -5.932750745035693107e+00
3.609269999999999978e-01 2.655629999999999935e-01 1.324500000000000677e-02 9.933500000000011765e-03 1.655749999999997502e-03 -3.311499999999995003e-03 -1.328930645582836156e+01
3.741720000000000046e-01 2.721850000000000103e-01 1.324500000000000677e-02 3.311000000000008381e-03 -1.655500000000004190e-03 -4.966750000000005882e-03 -2.369720689659372326e+01
3.874170000000000114e-01 2.721850000000000103e-01 9.933999999999998387e-03 0.000000000000000000e+00 -3.311250000000001692e-03 -1.655500000000004190e-03 -1.677570860370213879e+01
3.940400000000000014e-01 2.721850000000000103e-01 6.622500000000003384e-03 0.000000000000000000e+00 -1.655749999999997502e-03 -1.655500000000004190e-03 -3.774724423598531331e+01
4.006620000000000181e-01 2.721850000000000103e-01 6.622500000000003384e-03 -3.311000000000008381e-03 0.000000000000000000e+00 -3.311250000000001692e-03 -5.402598466759678075e+01
4.072850000000000081e-01 2.655629999999999935e-01 6.622500000000003384e-03 -6.622500000000003384e-03 -1.655749999999997502e-03 -3.311499999999995003e-03 -4.004304461392933234e+01
4.139070000000000249e-01 2.589400000000000035e-01 3.311000000000008381e-03 -9.933999999999998387e-03 -3.311250000000001692e-03 -1.655499999999997252e-03 -3.342384428607367397e+01
4.139070000000000249e-01 2.456949999999999967e-01 0.000000000000000000e+00 -9.933499999999997887e-03 -1.655500000000004190e-03 1.655749999999997502e-03 -1.677739744759442431e+01
4.139070000000000249e-01 2.390730000000000077e-01 0.000000000000000000e+00 -6.622500000000003384e-03 -1.655500000000004190e-03 -2.500000000002500222e-07 -3.774724423598531331e+01
4.139070000000000249e-01 2.324499999999999900e-01 -3.311000000000008381e-03 -9.933999999999998387e-03 -3.311250000000001692e-03 -3.311249999999994753e-03 -1.910078158023204509e+01
4.072850000000000081e-01 2.192050000000000110e-01 -6.622500000000003384e-03 -1.324499999999999289e-02 -1.655749999999997502e-03 -1.655500000000004190e-03 -3.377235859815562069e+00
4.006620000000000181e-01 2.059600000000000042e-01 -6.622500000000003384e-03 -1.324500000000000677e-02 0.000000000000000000e+00 1.655749999999997502e-03 -3.376726011406785855e+00
3.940400000000000014e-01 1.927149999999999974e-01 -6.622500000000003384e-03 -9.933499999999997887e-03 1.655500000000004190e-03 3.311250000000001692e-03 -3.222677448214075202e+00
3.874170000000000114e-01 1.860930000000000084e-01 -3.311499999999995003e-03 -6.622500000000003384e-03 3.311250000000001692e-03 1.655499999999997252e-03 4.051581766914385696e+01
3.874170000000000114e-01 1.794699999999999906e-01 0.000000000000000000e+00 -6.622500000000003384e-03 2.499999999933111283e-07 6.938893903907228378e-18 5.700278501204359728e-03
3.874170000000000114e-01 1.728480000000000016e-01 -3.311000000000008381e-03 -6.622499999999989506e-03 -1.655500000000004190e-03 -3.311250000000001692e-03 5.425782796549535053e-14
3.807949999999999946e-01 1.662250000000000116e-01 -3.311000000000008381e-03 -1.324500000000000677e-02 3.311000000000008381e-03 -3.311250000000008631e-03 2.154158458547268751e+01
3.807949999999999946e-01 1.463579999999999881e-01 3.311000000000008381e-03 -1.324500000000000677e-02 4.966750000000005882e-03 3.311250000000008631e-03 3.015951963286531878e+01
3.874170000000000114e-01 1.397349999999999981e-01 6.622500000000003384e-03 -6.622499999999989506e-03 3.311499999999995003e-03 3.311250000000001692e-03 5.338871079911447026e+01
3.940400000000000014e-01 1.331130000000000091e-01 9.933999999999998387e-03 -6.622500000000003384e-03 1.655500000000004190e-03 1.655499999999990313e-03 1.610586579671387852e+01
4.072850000000000081e-01 1.264899999999999913e-01 9.933500000000011765e-03 -3.311500000000008881e-03 1.655500000000004190e-03 3.311250000000001692e-03 3.342615150947808900e+01
4.139070000000000249e-01 1.264899999999999913e-01 1.324500000000000677e-02 0.000000000000000000e+00 1.655749999999983624e-03 1.655750000000004440e-03 9.438236128621667831e+00
4.337750000000000217e-01 1.264899999999999913e-01 1.324499999999997901e-02 0.000000000000000000e+00 -1.655750000000011379e-03 1.655750000000004440e-03 9.438236128621712240e+00
4.403969999999999829e-01 1.264899999999999913e-01 9.933499999999984009e-03 3.311500000000008881e-03 -1.655499999999990313e-03 3.311250000000001692e-03 3.342615150947822400e+01
4.536419999999999897e-01 1.331130000000000091e-01 9.933999999999998387e-03 6.622500000000003384e-03 -1.655499999999990313e-03 3.310999999999994503e-03 2.576948255294591306e+01
4.602649999999999797e-01 1.397349999999999981e-01 6.622500000000003384e-03 9.933499999999997887e-03 -3.311499999999995003e-03 1.655749999999997502e-03 2.577509547413782443e+01
4.668869999999999965e-01 1.529800000000000049e-01 3.311000000000008381e-03 9.933999999999998387e-03 -1.655500000000004190e-03 1.655749999999997502e-03 1.909861852018175554e+01
4.668869999999999965e-01 1.596029999999999949e-01 3.311499999999995003e-03 1.324499999999999289e-02 2.499999999933111283e-07 1.655500000000004190e-03 2.152962513687395329e+00
4.735099999999999865e-01 1.794699999999999906e-01 3.311499999999995003e-03 1.324500000000000677e-02 -1.655749999999997502e-03 -3.311249999999994753e-03 4.308852703628056169e+00
4.735099999999999865e-01 1.860930000000000084e-01 0.000000000000000000e+00 6.622500000000003384e-03 -1.655749999999997502e-03 -3.311250000000008631e-03 3.775294451448651500e+01
4.735099999999999865e-01 1.927149999999999974e-01 0.000000000000000000e+00 6.622499999999989506e-03 1.655500000000004190e-03 -1.655500000000004190e-03 -3.774724423598548384e+01
4.735099999999999865e-01 1.993379999999999874e-01 3.311000000000008381e-03 3.311499999999995003e-03 1.655500000000004190e-03 -4.966999999999992255e-03 -2.135387179396424528e+02
4.801320000000000032e-01 1.993379999999999874e-01 3.311000000000008381e-03 -3.311499999999995003e-03 -1.655500000000004190e-03 -4.966999999999992255e-03 -2.135387179396424528e+02
4.801320000000000032e-01 1.927149999999999974e-01 0.000000000000000000e+00 -6.622499999999989506e-03 -1.655500000000004190e-03 -1.655500000000004190e-03 -3.774724423598548384e+01
4.801320000000000032e-01 1.860930000000000084e-01 0.000000000000000000e+00 -6.622500000000003384e-03 0.000000000000000000e+00 -6.938893903907228378e-18 0.000000000000000000e+00
4.801320000000000032e-01 1.794699999999999906e-01 0.000000000000000000e+00 -6.622500000000003384e-03 0.000000000000000000e+00 6.938893903907228378e-18 0.000000000000000000e+00
4.801320000000000032e-01 1.728480000000000016e-01 0.000000000000000000e+00 -6.622499999999989506e-03 3.311250000000001692e-03 -3.311250000000001692e-03 7.550018875047216227e+01
4.801320000000000032e-01 1.662250000000000116e-01 6.622500000000003384e-03 -1.324500000000000677e-02 4.966999999999999194e-03 -3.311250000000008631e-03 1.350639419721835743e+01
4.933770000000000100e-01 1.463579999999999881e-01 9.933999999999998387e-03 -1.324500000000000677e-02 2.500000000071889161e-07 4.966750000000005882e-03 1.087246128953628421e+01
5.000000000000000000e-01 1.397349999999999981e-01 6.623000000000017762e-03 -3.311499999999995003e-03 1.655500000000004190e-03 4.967000000000006132e-03 9.452793584565195317e+01
5.066230000000000455e-01 1.397349999999999981e-01 1.324500000000000677e-02 -3.310999999999994503e-03 3.310999999999966747e-03 -1.655500000000004190e-03 -4.308642195835040489e+00
5.264900000000000135e-01 1.331130000000000091e-01 1.324499999999995126e-02 -6.622500000000003384e-03 -3.311250000000015570e-03 -2.500000000071889161e-07 -6.753961871222500690e+00
5.331129999999999480e-01 1.264899999999999913e-01 6.622499999999975628e-03 -3.311500000000008881e-03 -1.655749999999955868e-03 6.622500000000003384e-03 9.453486833680636892e+01
5.397349999999999648e-01 1.264899999999999913e-01 9.933500000000039520e-03 6.622500000000003384e-03 1.655750000000011379e-03 6.622750000000003634e-03 3.221704505711531397e+01
5.529800000000000271e-01 1.397349999999999981e-01 9.933999999999998387e-03 9.933999999999998387e-03 -1.655500000000031946e-03 0.000000000000000000e+00 5.931108656443743854e+00
5.596029999999999616e-01 1.463579999999999881e-01 6.622499999999975628e-03 6.622500000000003384e-03 -3.311499999999995003e-03 3.311000000000001442e-03 5.338669544632309538e+01
5.662249999999999783e-01 1.529800000000000049e-01 3.311000000000008381e-03 1.655600000000000127e-02 -3.311249999999987814e-03 6.622499999999996445e-03 1.594610775048283813e+01
5.662249999999999783e-01 1.794699999999999906e-01 0.000000000000000000e+00 1.986749999999999627e-02 -1.655500000000004190e-03 1.655750000000004440e-03 4.194138248442819794e+00
5.662249999999999783e-01 1.927149999999999974e-01 0.000000000000000000e+00 1.986750000000001015e-02 -1.655500000000004190e-03 0.000000000000000000e+00 4.194138248442812689e+00
5.662249999999999783e-01 2.192050000000000110e-01 -3.311000000000008381e-03 1.986749999999999627e-02 -4.966749999999992005e-03 -6.938893903907228378e-18 1.207646092888934319e+01
5.596029999999999616e-01 2.324499999999999900e-01 -9.933499999999984009e-03 1.986749999999999627e-02 -3.311499999999995003e-03 -1.655499999999997252e-03 7.503684522122403777e+00
5.463580000000000103e-01 2.589400000000000035e-01 -9.933999999999998387e-03 1.655650000000000177e-02 1.655499999999976435e-03 -6.622499999999996445e-03 5.331777584777364964e+00
5.397349999999999648e-01 2.655629999999999935e-01 -6.622500000000031140e-03 6.622500000000003384e-03 2.500000000071889161e-07 -4.966999999999999194e-03 4.003901390834628415e+01
5.331129999999999480e-01 2.721850000000000103e-01 -9.933499999999984009e-03 6.622500000000003384e-03 2.775557561562891351e-17 0.000000000000000000e+00 -1.080199479005615332e-13
5.198679999999999968e-01 2.788080000000000003e-01 -6.622499999999975628e-03 6.622500000000003384e-03 6.622249999999996195e-03 -1.655749999999997502e-03 -4.003699855555525033e+01
5.198679999999999968e-01 2.854300000000000170e-01 3.311000000000008381e-03 3.311000000000008381e-03 8.277999999999979819e-03 -4.966750000000005882e-03 -4.271499995357205535e+02
5.264900000000000135e-01 2.854300000000000170e-01 9.933499999999984009e-03 -3.311000000000008381e-03 4.966999999999999194e-03 -3.311000000000008381e-03 -1.432428833117630873e+01
5.397349999999999648e-01 2.788080000000000003e-01 1.324500000000000677e-02 -3.311000000000008381e-03 4.967000000000026949e-03 1.655500000000004190e-03 1.507927184920112573e+01
5.529800000000000271e-01 2.788080000000000003e-01 1.986750000000003791e-02 0.000000000000000000e+00 1.158950000000000258e-02 1.655500000000004190e-03 4.194138248442801142e+00
5.794700000000000406e-01 2.788080000000000003e-01 3.642400000000001192e-02 0.000000000000000000e+00 4.966999999999971438e-03 0.000000000000000000e+00 0.000000000000000000e+00
6.258280000000000509e-01 2.788080000000000003e-01 2.980149999999998078e-02 0.000000000000000000e+00 -8.278250000000014763e-03 0.000000000000000000e+00 0.000000000000000000e+00
6.390730000000000022e-01 2.788080000000000003e-01 1.986749999999998240e-02 0.000000000000000000e+00 -4.966999999999999194e-03 0.000000000000000000e+00 0.000000000000000000e+00
6.655630000000000157e-01 2.788080000000000003e-01 1.986749999999998240e-02 0.000000000000000000e+00 -6.622500000000003384e-03 -1.655749999999997502e-03 -4.194771612720737508e+00
6.788079999999999670e-01 2.788080000000000003e-01 6.622499999999975628e-03 -3.311499999999995003e-03 -9.933749999999991198e-03 -6.622500000000003384e-03 -1.890799333338322867e+02
6.788079999999999670e-01 2.721850000000000103e-01 0.000000000000000000e+00 -1.324500000000000677e-02 -3.311249999999987814e-03 -4.966750000000005882e-03 -1.887504718761787714e+01
6.788079999999999670e-01 2.523179999999999867e-01 0.000000000000000000e+00 -1.324500000000000677e-02 0.000000000000000000e+00 3.311250000000008631e-03 0.000000000000000000e+00
6.788079999999999670e-01 2.456949999999999967e-01 0.000000000000000000e+00 -6.622499999999989506e-03 0.000000000000000000e+00 6.938893903907228378e-18 0.000000000000000000e+00
6.788079999999999670e-01 2.390730000000000077e-01 0.000000000000000000e+00 -1.324499999999999289e-02 0.000000000000000000e+00 -3.311250000000008631e-03 0.000000000000000000e+00
6.788079999999999670e-01 2.192050000000000110e-01 0.000000000000000000e+00 -1.324500000000000677e-02 1.655500000000004190e-03 3.311249999999994753e-03 9.436811058996328327e+00
6.788079999999999670e-01 2.125829999999999942e-01 3.311000000000008381e-03 -6.622500000000003384e-03 3.311250000000015570e-03 1.655500000000004190e-03 6.753044142546713147e+01
6.854299999999999837e-01 2.059600000000000042e-01 6.622500000000031140e-03 -9.933999999999998387e-03 1.655750000000011379e-03 0.000000000000000000e+00 9.665076076189231813e+00
6.920530000000000292e-01 1.927149999999999974e-01 6.622500000000031140e-03 -6.622500000000003384e-03 1.655749999999983624e-03 4.966999999999999194e-03 5.338871079911406525e+01
6.986750000000000460e-01 1.927149999999999974e-01 9.933999999999998387e-03 0.000000000000000000e+00 1.655749999999983624e-03 6.622500000000003384e-03 6.710790107400616478e+01
7.119210000000000260e-01 1.927149999999999974e-01 9.933999999999998387e-03 6.622500000000003384e-03 -1.655750000000011379e-03 4.966999999999999194e-03 3.543699080458020489e+01
7.185430000000000428e-01 2.059600000000000042e-01 6.622499999999975628e-03 9.933999999999998387e-03 -3.311250000000015570e-03 3.311249999999994753e-03 3.221416376887297162e+01
7.251659999999999773e-01 2.125829999999999942e-01 3.311499999999967248e-03 1.324499999999999289e-02 -3.311249999999987814e-03 4.966749999999998944e-03 2.369722603182757581e+01
7.251659999999999773e-01 2.324499999999999900e-01 0.000000000000000000e+00 1.986749999999999627e-02 -3.311499999999967248e-03 1.655750000000004440e-03 8.389543225441389751e+00
7.251659999999999773e-01 2.523179999999999867e-01 -3.311499999999967248e-03 1.655650000000000177e-02 -6.622749999999982817e-03 -1.655749999999990563e-03 2.391881102451273122e+01
7.185430000000000428e-01 2.655629999999999935e-01 -1.324549999999996563e-02 1.655600000000001515e-02 -4.966750000000019760e-03 -3.311499999999995003e-03 1.322904789790032964e+01
6.986750000000000460e-01 2.854300000000000170e-01 -1.324500000000000677e-02 9.933500000000011765e-03 3.311749999999974436e-03 -8.278000000000007574e-03 1.691122508564611238e+01
6.920530000000000292e-01 2.854300000000000170e-01 -6.622000000000016762e-03 0.000000000000000000e+00 6.622999999999990006e-03 -9.933500000000011765e-03 2.265290706568186749e+02
