3.476819999999999911e-01 1.860930000000000084e-01 -6.622000000000016762e-03 0.000000000000000000e+00 -4.999999999866222566e-07 0.000000000000000000e+00 0.000000000000000000e+00
3.410599999999999743e-01 1.860930000000000084e-01 -6.622500000000003384e-03 0.000000000000000000e+00 -2.499999999794333405e-07 4.966749999999998944e-03 -1.132474329864569853e+02
3.344369999999999843e-01 1.860930000000000084e-01 -6.622499999999975628e-03 9.933499999999997887e-03 1.655750000000011379e-03 6.622499999999996445e-03 -3.543923606346175603e+01
3.278150000000000230e-01 2.059600000000000042e-01 -3.310999999999980625e-03 1.324499999999999289e-02 3.311249999999987814e-03 -1.655499999999997252e-03 -1.508057306240465500e+01
3.278150000000000230e-01 2.125829999999999942e-01 0.000000000000000000e+00 6.622500000000003384e-03 1.655499999999990313e-03 -3.311249999999994753e-03 -3.774724423598500067e+01
3.278150000000000230e-01 2.192050000000000110e-01 0.000000000000000000e+00 6.622500000000003384e-03 1.655499999999990313e-03 1.655749999999997502e-03 -3.774724423598500067e+01
3.278150000000000230e-01 2.258280000000000010e-01 3.310999999999980625e-03 9.933999999999998387e-03 3.311249999999987814e-03 1.655499999999997252e-03 -2.387561644713639097e+01
3.344369999999999843e-01 2.390730000000000077e-01 6.622499999999975628e-03 9.933499999999997887e-03 3.311500000000008881e-03 -3.311500000000001942e-03 -3.221899097150404856e+01
3.410599999999999743e-01 2.456949999999999967e-01 9.933999999999998387e-03 3.310999999999994503e-03 1.655500000000018068e-03 -3.311000000000001442e-03 -3.342168122602342351e+01
3.543049999999999811e-01 2.456949999999999967e-01 9.933500000000011765e-03 3.311499999999995003e-03 -2.499999999933111283e-07 2.500000000002500222e-07 2.884268789619570412e-03
3.609269999999999978e-01 2.523179999999999867e-01 9.933500000000011765e-03 3.311499999999995003e-03 2.499999999933111283e-07 -1.655749999999997502e-03 -1.432724470614193102e+01
3.741720000000000046e-01 2.523179999999999867e-01 9.933999999999998387e-03 0.000000000000000000e+00 -1.655500000000004190e-03 -3.311499999999995003e-03 -3.355648386660187299e+01
3.807949999999999946e-01 2.523179999999999867e-01 6.622500000000003384e-03 -3.311499999999995003e-03 -1.655749999999997502e-03 -3.311249999999994753e-03 -6.752840203183400547e+01
3.874170000000000114e-01 2.456949999999999967e-01 6.622500000000003384e-03 -6.622499999999989506e-03 -1.655500000000004190e-03 -3.311000000000001442e-03 -4.003699855555510112e+01
3.940400000000000014e-01 2.390730000000000077e-01 3.311499999999995003e-03 -9.933499999999997887e-03 -3.311250000000001692e-03 -1.655750000000004440e-03 -3.342687263111631779e+01
3.940400000000000014e-01 2.258280000000000010e-01 0.000000000000000000e+00 -9.933999999999998387e-03 -1.655749999999997502e-03 -2.500000000002500222e-07 -1.677824193330093649e+01
3.940400000000000014e-01 2.192050000000000110e-01 0.000000000000000000e+00 -9.933999999999998387e-03 0.000000000000000000e+00 2.499999999933111283e-07 0.000000000000000000e+00
3.940400000000000014e-01 2.059600000000000042e-01 0.000000000000000000e+00 -9.933500000000011765e-03 -1.655749999999997502e-03 1.655749999999997502e-03 -1.677993103222850024e+01
3.940400000000000014e-01 1.993379999999999874e-01 -3.311499999999995003e-03 -6.622500000000003384e-03 -4.966999999999999194e-03 -1.655749999999990563e-03 -6.752636257661622210e+01
3.874170000000000114e-01 1.927149999999999974e-01 -9.933999999999998387e-03 -1.324499999999999289e-02 -3.311000000000008381e-03 -3.311249999999994753e-03 -2.415028353696823338e+00
3.741720000000000046e-01 1.728480000000000016e-01 -9.933500000000011765e-03 -1.324499999999999289e-02 1.655749999999997502e-03 1.655499999999997252e-03 1.208765502536010894e+00
3.675499999999999878e-01 1.662250000000000116e-01 -6.622500000000003384e-03 -9.933999999999998387e-03 3.311000000000008381e-03 1.655749999999990563e-03 1.288401161649449378e+01
3.609269999999999978e-01 1.529800000000000049e-01 -3.311499999999995003e-03 -9.933500000000011765e-03 3.311250000000001692e-03 1.655749999999997502e-03 2.387489541259619585e+01
3.609269999999999978e-01 1.463579999999999881e-01 0.000000000000000000e+00 -6.622500000000003384e-03 1.655749999999997502e-03 -2.499999999933111283e-07 3.775294451448651500e+01
3.609269999999999978e-01 1.397349999999999981e-01 0.000000000000000000e+00 -9.933999999999998387e-03 3.311250000000001692e-03 -3.311249999999998223e-03 3.355395053700308239e+01
3.609269999999999978e-01 1.264899999999999913e-01 6.622500000000003384e-03 -1.324499999999999983e-02 4.966999999999999194e-03 2.500000000002500222e-07 2.025984622003196733e+01
3.741720000000000046e-01 1.132449999999999984e-01 9.933999999999998387e-03 -9.933499999999997887e-03 0.000000000000000000e+00 4.966999999999999194e-03 1.779646085548969836e+01
3.807949999999999946e-01 1.066229999999999956e-01 6.622500000000003384e-03 -3.311000000000001442e-03 -2.499999999933111283e-07 3.311000000000001442e-03 5.401986636351871596e+01
3.874170000000000114e-01 1.066229999999999956e-01 9.933500000000011765e-03 -3.311499999999995003e-03 1.655749999999997502e-03 -2.499999999967805753e-07 4.773825462108520767e+00
4.006620000000000181e-01 1.000000000000000056e-01 9.933999999999998387e-03 -3.311499999999995003e-03 1.655749999999983624e-03 4.966999999999995724e-03 4.774907001385960825e+01
4.072850000000000081e-01 1.000000000000000056e-01 1.324499999999997901e-02 6.622499999999996445e-03 1.655500000000004190e-03 6.622749999999996695e-03 2.363657223143881225e+01
4.271519999999999762e-01 1.132449999999999984e-01 1.324500000000000677e-02 9.933999999999998387e-03 -4.966749999999978127e-03 0.000000000000000000e+00 1.087173167371937410e+01
4.337750000000000217e-01 1.198680000000000023e-01 3.311500000000022759e-03 6.622499999999996445e-03 -4.967000000000013071e-03 1.655499999999997252e-03 9.453894693930642745e+01
4.337750000000000217e-01 1.264899999999999913e-01 3.310999999999980625e-03 1.324499999999999289e-02 -2.500000000210667039e-07 3.311250000000005161e-03 4.309618130298225935e+00
4.403969999999999829e-01 1.463579999999999881e-01 3.310999999999980625e-03 1.324500000000000677e-02 -1.655499999999990313e-03 -3.311249999999994753e-03 4.308316917094516363e+00
4.403969999999999829e-01 1.529800000000000049e-01 0.000000000000000000e+00 6.622500000000003384e-03 -1.655499999999990313e-03 -3.311250000000001692e-03 3.774724423598500067e+01
4.403969999999999829e-01 1.596029999999999949e-01 0.000000000000000000e+00 6.622500000000003384e-03 0.000000000000000000e+00 0.000000000000000000e+00 0.000000000000000000e+00
4.403969999999999829e-01 1.662250000000000116e-01 0.000000000000000000e+00 6.622500000000003384e-03 0.000000000000000000e+00 -3.311250000000001692e-03 -0.000000000000000000e+00
4.403969999999999829e-01 1.728480000000000016e-01 0.000000000000000000e+00 0.000000000000000000e+00 -1.655499999999990313e-03 -6.622500000000003384e-03 0.000000000000000000e+00
4.403969999999999829e-01 1.662250000000000116e-01 -3.310999999999980625e-03 -6.622500000000003384e-03 -1.655499999999990313e-03 -4.966750000000005882e-03 1.350445675787007893e+01
4.337750000000000217e-01 1.596029999999999949e-01 -3.310999999999980625e-03 -9.933500000000011765e-03 1.655499999999990313e-03 -1.655749999999997502e-03 1.910049319907664156e+01
4.337750000000000217e-01 1.463579999999999881e-01 0.000000000000000000e+00 -9.933999999999998387e-03 3.310999999999980625e-03 1.655500000000011129e-03 3.355141720740399336e+01
4.337750000000000217e-01 1.397349999999999981e-01 3.310999999999980625e-03 -6.622499999999989506e-03 3.311249999999987814e-03 2.500000000002500222e-07 5.402802399963532309e+01
4.403969999999999829e-01 1.331130000000000091e-01 6.622499999999975628e-03 -9.933499999999997887e-03 3.311500000000008881e-03 -3.311250000000008631e-03 6.444381939234025580e+00
4.470199999999999729e-01 1.198680000000000023e-01 9.933999999999998387e-03 -1.324500000000000677e-02 3.311250000000015570e-03 1.655499999999997252e-03 1.328748964323308179e+01
4.602649999999999797e-01 1.066229999999999956e-01 1.324500000000000677e-02 -6.622500000000003384e-03 3.311000000000008381e-03 4.966750000000005882e-03 2.701074900080163843e+01
4.735099999999999865e-01 1.066229999999999956e-01 1.655600000000001515e-02 -3.311499999999995003e-03 0.000000000000000000e+00 1.655500000000004190e-03 5.694607560353893483e+00
4.933770000000000100e-01 1.000000000000000056e-01 1.324500000000000677e-02 -3.311499999999995003e-03 -1.655250000000010879e-03 4.966999999999995724e-03 2.369787667021243038e+01
5.000000000000000000e-01 1.000000000000000056e-01 1.324549999999999339e-02 6.622499999999996445e-03 0.000000000000000000e+00 6.622749999999996695e-03 2.701136081119438259e+01
5.198679999999999968e-01 1.132449999999999984e-01 1.324500000000000677e-02 9.933999999999998387e-03 -3.311500000000008881e-03 1.655750000000004440e-03 1.208079630483590705e+01
5.264900000000000135e-01 1.198680000000000023e-01 6.622499999999975628e-03 9.934000000000005326e-03 -4.966750000000019760e-03 4.966749999999998944e-03 4.832002956558693541e+01
5.331129999999999480e-01 1.331130000000000091e-01 3.311499999999967248e-03 1.986749999999999627e-02 -4.966999999999971438e-03 4.966749999999995474e-03 1.408979173866704038e+01
5.331129999999999480e-01 1.596029999999999949e-01 -3.311499999999967248e-03 1.986749999999999627e-02 -3.311499999999967248e-03 -3.311249999999994753e-03 9.393633503483988179e+00
5.264900000000000135e-01 1.728480000000000016e-01 -3.311499999999967248e-03 1.324500000000000677e-02 -3.311000000000008381e-03 -1.655749999999997502e-03 1.938739746886156823e+01
5.264900000000000135e-01 1.860930000000000084e-01 -9.933499999999984009e-03 1.655600000000000127e-02 -4.966750000000019760e-03 1.655499999999997252e-03 9.140145709799913476e+00
5.066230000000000455e-01 2.059600000000000042e-01 -1.324500000000000677e-02 1.655600000000000127e-02 -2.500000000210667039e-07 2.500000000002500222e-07 8.684793302385639428e-05
5.000000000000000000e-01 2.192050000000000110e-01 -9.934000000000026143e-03 1.655650000000000177e-02 1.655500000000004190e-03 -3.311000000000001442e-03 7.616167903359829516e-01
4.867549999999999932e-01 2.390730000000000077e-01 -9.933999999999998387e-03 9.933999999999998387e-03 3.311250000000015570e-03 -6.622750000000003634e-03 1.186400864742555683e+01
4.801320000000000032e-01 2.390730000000000077e-01 -3.311499999999995003e-03 3.310999999999994503e-03 3.311499999999995003e-03 -1.655750000000004440e-03 -5.337863266579017818e+01
4.801320000000000032e-01 2.456949999999999967e-01 -3.311000000000008381e-03 6.622499999999989506e-03 1.655749999999997502e-03 2.500000000002500222e-07 -2.701707115185667618e+01
4.735099999999999865e-01 2.523179999999999867e-01 0.000000000000000000e+00 3.311499999999995003e-03 6.622250000000010073e-03 -3.311249999999994753e-03 -6.038875182042282859e+02
4.801320000000000032e-01 2.523179999999999867e-01 9.933500000000011765e-03 0.000000000000000000e+00 6.622750000000010573e-03 -1.655749999999997502e-03 -1.677993103222850024e+01
4.933770000000000100e-01 2.523179999999999867e-01 1.324550000000002115e-02 0.000000000000000000e+00 3.311499999999995003e-03 0.000000000000000000e+00 0.000000000000000000e+00
5.066230000000000455e-01 2.523179999999999867e-01 1.655650000000000177e-02 0.000000000000000000e+00 8.277749999999972630e-03 1.655500000000004190e-03 6.039376686748696876e+00
5.264900000000000135e-01 2.523179999999999867e-01 2.980099999999996641e-02 3.311000000000008381e-03 6.622499999999989506e-03 1.655500000000004190e-03 1.016716581426436949e+00
5.662249999999999783e-01 2.589400000000000035e-01 2.980149999999998078e-02 3.311000000000008381e-03 -6.622249999999968439e-03 -1.655500000000004190e-03 -1.016727439520271448e+00
5.860929999999999751e-01 2.589400000000000035e-01 1.655650000000002953e-02 0.000000000000000000e+00 -8.278249999999987008e-03 -1.655500000000004190e-03 -6.039376686748676448e+00
5.993380000000000374e-01 2.589400000000000035e-01 1.324500000000000677e-02 0.000000000000000000e+00 -3.311500000000022759e-03 0.000000000000000000e+00 0.000000000000000000e+00
6.125829999999999886e-01 2.589400000000000035e-01 9.933499999999984009e-03 0.000000000000000000e+00 -6.622500000000003384e-03 -1.655500000000004190e-03 -1.677739744759447760e+01
6.192050000000000054e-01 2.589400000000000035e-01 0.000000000000000000e+00 -3.311000000000008381e-03 -8.277999999999979819e-03 -3.311250000000001692e-03 -7.551045037085169724e+02
6.125829999999999886e-01 2.523179999999999867e-01 -6.622499999999975628e-03 -6.622500000000003384e-03 -1.655749999999983624e-03 -1.655749999999990563e-03 0.000000000000000000e+00
6.059600000000000541e-01 2.456949999999999967e-01 -3.311499999999967248e-03 -6.622499999999989506e-03 -2.775557561562891351e-17 -3.311249999999994753e-03 2.701258436268986429e+01
6.059600000000000541e-01 2.390730000000000077e-01 -6.622500000000031140e-03 -1.324499999999999289e-02 -1.655500000000031946e-03 -4.967000000000006132e-03 3.377235859815511887e+00
5.927149999999999919e-01 2.192050000000000110e-01 -6.622500000000031140e-03 -1.655650000000000177e-02 3.311250000000015570e-03 1.655749999999990563e-03 7.734888600441792939e+00
5.927149999999999919e-01 2.059600000000000042e-01 0.000000000000000000e+00 -9.933500000000011765e-03 6.622500000000031140e-03 3.311500000000001942e-03 6.711465695964604095e+01
5.927149999999999919e-01 1.993379999999999874e-01 6.622500000000031140e-03 -9.933499999999997887e-03 4.966999999999999194e-03 1.655500000000011129e-03 3.543826310626736387e+01
6.059600000000000541e-01 1.860930000000000084e-01 9.933999999999998387e-03 -6.622499999999989506e-03 1.655749999999983624e-03 4.966749999999998944e-03 3.543553148462300584e+01
6.125829999999999886e-01 1.860930000000000084e-01 9.933999999999998387e-03 0.000000000000000000e+00 -2.500000000071889161e-07 3.311249999999994753e-03 3.355395053700300423e+01
6.258280000000000509e-01 1.860930000000000084e-01 9.933499999999984009e-03 0.000000000000000000e+00 -2.500000000071889161e-07 4.966749999999998944e-03 5.033472592741747320e+01
6.324499999999999567e-01 1.860930000000000084e-01 9.933499999999984009e-03 9.933499999999997887e-03 -1.655499999999976435e-03 1.158924999999999539e-02 4.745633329573671944e+01
6.456950000000000189e-01 2.059600000000000042e-01 6.622500000000031140e-03 2.317849999999999078e-02 -4.966749999999992005e-03 4.966999999999999194e-03 1.056650272737079810e+01
6.456950000000000189e-01 2.324499999999999900e-01 0.000000000000000000e+00 1.986749999999999627e-02 -4.966750000000019760e-03 -4.966749999999992005e-03 1.258304810960640374e+01
6.456950000000000189e-01 2.456949999999999967e-01 -3.311000000000008381e-03 1.324500000000000677e-02 -3.311250000000015570e-03 -3.311249999999994753e-03 2.154288579867630560e+01
6.390730000000000022e-01 2.589400000000000035e-01 -6.622500000000031140e-03 1.324500000000000677e-02 -1.656000000000018568e-03 0.000000000000000000e+00 6.754471719631217397e+00
6.324499999999999567e-01 2.721850000000000103e-01 -6.623000000000045517e-03 1.324500000000000677e-02 -5.000000000143778323e-07 0.000000000000000000e+00 2.039301250450474903e-03
