3.543049999999999811e-01 1.927149999999999974e-01 -6.622999999999990006e-03 0.000000000000000000e+00 3.311499999999995003e-03 3.311499999999995003e-03 -7.549448890231025189e+01
3.476819999999999911e-01 1.927149999999999974e-01 -3.311499999999995003e-03 3.311499999999995003e-03 3.311499999999995003e-03 3.311250000000001692e-03 -2.135225999861170862e+02
3.476819999999999911e-01 1.993379999999999874e-01 0.000000000000000000e+00 6.622500000000003384e-03 1.655749999999997502e-03 1.655500000000004190e-03 -3.775294451448651500e+01
3.476819999999999911e-01 2.059600000000000042e-01 0.000000000000000000e+00 6.622500000000003384e-03 1.655749999999997502e-03 1.655749999999997502e-03 -3.775294451448651500e+01
3.476819999999999911e-01 2.125829999999999942e-01 3.311499999999995003e-03 9.933999999999998387e-03 3.311250000000001692e-03 1.655499999999997252e-03 -2.387381403771761157e+01
3.543049999999999811e-01 2.258280000000000010e-01 6.622500000000003384e-03 9.933499999999997887e-03 1.655500000000004190e-03 -1.655749999999997502e-03 -1.610803608668985376e+01
3.609269999999999978e-01 2.324499999999999900e-01 6.622500000000003384e-03 6.622500000000003384e-03 1.655749999999997502e-03 -1.655499999999997252e-03 -2.669334772316140558e+01
3.675499999999999878e-01 2.390730000000000077e-01 9.933999999999998387e-03 6.622500000000003384e-03 1.655500000000004190e-03 -1.655750000000004440e-03 -1.610732511667111311e+01
3.807949999999999946e-01 2.456949999999999967e-01 9.933500000000011765e-03 3.310999999999994503e-03 -2.499999999933111283e-07 -3.311250000000001692e-03 -2.865146095292237760e+01
3.874170000000000114e-01 2.456949999999999967e-01 9.933500000000011765e-03 0.000000000000000000e+00 2.499999999933111283e-07 -3.310999999999994503e-03 -3.355479489518862124e+01
4.006620000000000181e-01 2.456949999999999967e-01 9.933999999999998387e-03 -3.310999999999994503e-03 -1.655500000000004190e-03 -3.311250000000001692e-03 -3.342384428607371660e+01
4.072850000000000081e-01 2.390730000000000077e-01 6.622500000000003384e-03 -6.622500000000003384e-03 -1.655749999999997502e-03 -1.655750000000004440e-03 -2.669536307595294033e+01
4.139070000000000249e-01 2.324499999999999900e-01 6.622500000000003384e-03 -6.622500000000003384e-03 -1.655500000000004190e-03 6.938893903907228378e-18 -1.334566618518496206e+01
4.205300000000000149e-01 2.258280000000000010e-01 3.311499999999995003e-03 -6.622499999999989506e-03 -3.311250000000001692e-03 0.000000000000000000e+00 -5.402109012288013901e+01
4.205300000000000149e-01 2.192050000000000110e-01 0.000000000000000000e+00 -6.622500000000003384e-03 -1.655749999999997502e-03 -6.938893903907228378e-18 -3.775294451448651500e+01
4.205300000000000149e-01 2.125829999999999942e-01 0.000000000000000000e+00 -6.622500000000003384e-03 0.000000000000000000e+00 0.000000000000000000e+00 0.000000000000000000e+00
4.205300000000000149e-01 2.059600000000000042e-01 0.000000000000000000e+00 -6.622500000000003384e-03 -1.655749999999997502e-03 -1.655499999999997252e-03 -3.775294451448651500e+01
4.205300000000000149e-01 1.993379999999999874e-01 -3.311499999999995003e-03 -9.933499999999997887e-03 -4.966999999999999194e-03 -3.311249999999994753e-03 -3.342615150947820268e+01
4.139070000000000249e-01 1.860930000000000084e-01 -9.933999999999998387e-03 -1.324499999999999289e-02 -3.311000000000008381e-03 -2.500000000002500222e-07 -9.662484652420337383e+00
4.006620000000000181e-01 1.728480000000000016e-01 -9.933500000000011765e-03 -9.933999999999998387e-03 3.311499999999995003e-03 3.311249999999994753e-03 1.492876460331065119e-03
3.940400000000000014e-01 1.662250000000000116e-01 -3.311000000000008381e-03 -6.622500000000003384e-03 3.311000000000008381e-03 2.499999999933111283e-07 5.401986636351876570e+01
3.940400000000000014e-01 1.596029999999999949e-01 -3.311499999999995003e-03 -9.933500000000011765e-03 -2.499999999933111283e-07 -1.655749999999997502e-03 4.773825462108550077e+00
3.874170000000000114e-01 1.463579999999999881e-01 -3.311499999999995003e-03 -9.933999999999998387e-03 1.655749999999997502e-03 1.655500000000011129e-03 9.550679209373264200e+00
3.874170000000000114e-01 1.397349999999999981e-01 0.000000000000000000e+00 -6.622499999999989506e-03 1.655749999999997502e-03 2.500000000002500222e-07 3.775294451448668553e+01
3.874170000000000114e-01 1.331130000000000091e-01 0.000000000000000000e+00 -9.933499999999997887e-03 0.000000000000000000e+00 -1.655750000000007910e-03 0.000000000000000000e+00
3.874170000000000114e-01 1.198680000000000023e-01 0.000000000000000000e+00 -9.934000000000005326e-03 0.000000000000000000e+00 1.655499999999997252e-03 0.000000000000000000e+00
3.874170000000000114e-01 1.132449999999999984e-01 0.000000000000000000e+00 -6.622500000000003384e-03 1.655749999999997502e-03 3.311500000000001942e-03 3.775294451448651500e+01
3.874170000000000114e-01 1.066229999999999956e-01 3.311499999999995003e-03 -3.311000000000001442e-03 3.311250000000001692e-03 3.311250000000001692e-03 2.135467799593780001e+02
3.940400000000000014e-01 1.066229999999999956e-01 6.622500000000003384e-03 0.000000000000000000e+00 3.311000000000008381e-03 1.655500000000000721e-03 3.774724423598523515e+01
4.006620000000000181e-01 1.066229999999999956e-01 9.933500000000011765e-03 0.000000000000000000e+00 1.655749999999997502e-03 0.000000000000000000e+00 0.000000000000000000e+00
4.139070000000000249e-01 1.066229999999999956e-01 9.933999999999998387e-03 0.000000000000000000e+00 -1.655500000000018068e-03 1.655500000000000721e-03 1.677570860370210326e+01
4.205300000000000149e-01 1.066229999999999956e-01 6.622499999999975628e-03 3.311000000000001442e-03 1.655499999999990313e-03 3.311250000000001692e-03 4.052152790972703400e+01
4.271519999999999762e-01 1.132449999999999984e-01 1.324499999999997901e-02 6.622500000000003384e-03 3.311250000000015570e-03 1.655749999999997502e-03 5.098484087326969139e-04
4.470199999999999729e-01 1.198680000000000023e-01 1.324500000000000677e-02 6.622499999999996445e-03 -4.966999999999985316e-03 1.655499999999997252e-03 1.688210051180755045e+01
4.536419999999999897e-01 1.264899999999999913e-01 3.311000000000008381e-03 9.933499999999997887e-03 -4.966750000000005882e-03 4.967000000000002663e-03 5.730292179695849342e+01
4.536419999999999897e-01 1.397349999999999981e-01 3.311499999999995003e-03 1.655650000000000177e-02 2.499999999933111283e-07 1.655750000000004440e-03 1.138237565538649188e+00
4.602649999999999797e-01 1.596029999999999949e-01 3.311499999999995003e-03 1.324500000000000677e-02 -1.655749999999997502e-03 -3.311500000000001942e-03 4.308527384435625329e+00
4.602649999999999797e-01 1.662250000000000116e-01 0.000000000000000000e+00 9.933499999999997887e-03 -1.655749999999997502e-03 -1.655500000000004190e-03 1.677993103222854998e+01
4.602649999999999797e-01 1.794699999999999906e-01 0.000000000000000000e+00 9.933999999999998387e-03 0.000000000000000000e+00 -1.655499999999997252e-03 -0.000000000000000000e+00
4.602649999999999797e-01 1.860930000000000084e-01 0.000000000000000000e+00 6.622500000000003384e-03 0.000000000000000000e+00 -4.966999999999999194e-03 -0.000000000000000000e+00
4.602649999999999797e-01 1.927149999999999974e-01 0.000000000000000000e+00 0.000000000000000000e+00 0.000000000000000000e+00 -6.622500000000003384e-03 0.000000000000000000e+00
4.602649999999999797e-01 1.860930000000000084e-01 0.000000000000000000e+00 -6.622500000000003384e-03 0.000000000000000000e+00 -3.311250000000001692e-03 0.000000000000000000e+00
4.602649999999999797e-01 1.794699999999999906e-01 0.000000000000000000e+00 -6.622500000000003384e-03 0.000000000000000000e+00 6.938893903907228378e-18 0.000000000000000000e+00
4.602649999999999797e-01 1.728480000000000016e-01 0.000000000000000000e+00 -6.622499999999989506e-03 1.655500000000004190e-03 -1.655749999999997502e-03 3.774724423598548384e+01
4.602649999999999797e-01 1.662250000000000116e-01 3.311000000000008381e-03 -9.933999999999998387e-03 3.311250000000001692e-03 -1.655500000000011129e-03 2.387561644713637676e+01
4.668869999999999965e-01 1.529800000000000049e-01 6.622500000000003384e-03 -9.933500000000011765e-03 1.655749999999997502e-03 1.655749999999997502e-03 1.610949548575189993e+01
4.735099999999999865e-01 1.463579999999999881e-01 6.622500000000003384e-03 -6.622500000000003384e-03 3.311250000000001692e-03 -2.499999999933111283e-07 2.669133237037003781e+01
4.801320000000000032e-01 1.397349999999999981e-01 1.324500000000000677e-02 -9.933999999999998387e-03 4.966999999999985316e-03 0.000000000000000000e+00 1.087227889935354241e+01
5.000000000000000000e-01 1.264899999999999913e-01 1.655649999999997402e-02 -6.622500000000003384e-03 0.000000000000000000e+00 3.311500000000001942e-03 9.669486739898930594e+00
5.132449999999999513e-01 1.264899999999999913e-01 1.324500000000000677e-02 -3.310999999999994503e-03 1.655500000000031946e-03 3.311250000000001692e-03 1.938856470075879912e+01
5.264900000000000135e-01 1.198680000000000023e-01 1.986750000000003791e-02 0.000000000000000000e+00 1.655749999999983624e-03 3.310999999999994503e-03 8.388276496885566758e+00
5.529800000000000271e-01 1.264899999999999913e-01 1.655649999999997402e-02 3.310999999999994503e-03 -4.966750000000019760e-03 4.966999999999999194e-03 2.050135987890094924e+01
5.596029999999999616e-01 1.264899999999999913e-01 9.933999999999998387e-03 9.933999999999998387e-03 -4.966999999999971438e-03 6.622750000000003634e-03 4.152223893145117017e+01
5.728480000000000238e-01 1.463579999999999881e-01 6.622500000000031140e-03 1.655650000000000177e-02 -4.966999999999999194e-03 1.655500000000004190e-03 1.643707627061207077e+01
5.728480000000000238e-01 1.596029999999999949e-01 0.000000000000000000e+00 1.324500000000000677e-02 -3.311250000000015570e-03 -1.655749999999997502e-03 1.887504718761803701e+01
5.728480000000000238e-01 1.728480000000000016e-01 0.000000000000000000e+00 1.324500000000000677e-02 -3.311250000000015570e-03 4.966749999999998944e-03 1.887504718761803701e+01
5.728480000000000238e-01 1.860930000000000084e-01 -6.622500000000031140e-03 2.317850000000000465e-02 -4.966999999999999194e-03 4.966749999999992005e-03 5.870587899945328481e+00
5.596029999999999616e-01 2.192050000000000110e-01 -9.933999999999998387e-03 2.317849999999999078e-02 2.775557561562891351e-17 -6.622250000000003134e-03 4.102216785178056213e+00
5.529800000000000271e-01 2.324499999999999900e-01 -6.622499999999975628e-03 9.933999999999998387e-03 1.655749999999983624e-03 -8.277999999999993697e-03 2.254811483719582554e+01
5.463580000000000103e-01 2.390730000000000077e-01 -6.622500000000031140e-03 6.622500000000003384e-03 -1.655750000000011379e-03 -1.655750000000004440e-03 2.669536307595294389e+01
5.397349999999999648e-01 2.456949999999999967e-01 -9.933999999999998387e-03 6.622499999999989506e-03 1.655750000000011379e-03 -1.655500000000004190e-03 3.220394860262351777e+00
5.264900000000000135e-01 2.523179999999999867e-01 -3.311000000000008381e-03 3.311499999999995003e-03 8.278249999999987008e-03 -3.311249999999994753e-03 -1.601923309182390653e+02
5.331129999999999480e-01 2.523179999999999867e-01 6.622499999999975628e-03 0.000000000000000000e+00 6.622250000000023951e-03 -1.655749999999997502e-03 -3.775294451448684185e+01
5.397349999999999648e-01 2.523179999999999867e-01 9.933500000000039520e-03 0.000000000000000000e+00 4.967000000000026949e-03 0.000000000000000000e+00 0.000000000000000000e+00
5.529800000000000271e-01 2.523179999999999867e-01 1.655650000000002953e-02 0.000000000000000000e+00 6.622749999999982817e-03 0.000000000000000000e+00 0.000000000000000000e+00
5.728480000000000238e-01 2.523179999999999867e-01 2.317900000000000515e-02 0.000000000000000000e+00 8.277999999999979819e-03 0.000000000000000000e+00 0.000000000000000000e+00
5.993380000000000374e-01 2.523179999999999867e-01 3.311249999999998916e-02 0.000000000000000000e+00 3.310999999999980625e-03 0.000000000000000000e+00 0.000000000000000000e+00
6.390730000000000022e-01 2.523179999999999867e-01 2.980099999999996641e-02 0.000000000000000000e+00 -4.966999999999999194e-03 0.000000000000000000e+00 0.000000000000000000e+00
6.589399999999999702e-01 2.523179999999999867e-01 2.317849999999999078e-02 0.000000000000000000e+00 -6.622249999999968439e-03 0.000000000000000000e+00 0.000000000000000000e+00
6.854299999999999837e-01 2.523179999999999867e-01 1.655650000000002953e-02 0.000000000000000000e+00 -8.277999999999979819e-03 0.000000000000000000e+00 0.000000000000000000e+00
6.920530000000000292e-01 2.523179999999999867e-01 6.622500000000031140e-03 0.000000000000000000e+00 -8.278250000000014763e-03 -1.655749999999997502e-03 -3.775294451448620237e+01
6.986750000000000460e-01 2.523179999999999867e-01 0.000000000000000000e+00 -3.311499999999995003e-03 -6.622500000000031140e-03 -3.311249999999994753e-03 -6.039103158756487346e+02
6.920530000000000292e-01 2.456949999999999967e-01 -6.622500000000031140e-03 -6.622499999999989506e-03 -3.311250000000015570e-03 -1.655500000000004190e-03 -1.334768153797640267e+01
6.854299999999999837e-01 2.390730000000000077e-01 -6.622500000000031140e-03 -6.622500000000003384e-03 2.775557561562891351e-17 -6.938893903907228378e-18 2.796863839805509436e-13
6.788079999999999670e-01 2.324499999999999900e-01 -6.622499999999975628e-03 -6.622500000000003384e-03 2.775557561562891351e-17 -1.655499999999997252e-03 1.334566618518521608e+01
6.721850000000000325e-01 2.258280000000000010e-01 -6.622499999999975628e-03 -9.933499999999997887e-03 1.655749999999983624e-03 -4.966999999999999194e-03 2.899631352328977130e+01
6.655630000000000157e-01 2.125829999999999942e-01 -3.311000000000008381e-03 -1.655650000000000177e-02 4.966749999999992005e-03 -1.655749999999997502e-03 1.822295325345626793e+01
6.655630000000000157e-01 1.927149999999999974e-01 3.311000000000008381e-03 -1.324499999999999289e-02 4.966749999999992005e-03 6.622750000000003634e-03 3.446816182870028911e+01
6.721850000000000325e-01 1.860930000000000084e-01 6.622499999999975628e-03 -3.310999999999994503e-03 3.311499999999995003e-03 4.966749999999992005e-03 1.080499296951927874e+02
6.788079999999999670e-01 1.860930000000000084e-01 9.933999999999998387e-03 -3.311500000000008881e-03 3.311250000000015570e-03 1.655499999999997252e-03 2.387309301407201190e+01
6.920530000000000292e-01 1.794699999999999906e-01 1.324500000000000677e-02 0.000000000000000000e+00 0.000000000000000000e+00 4.967000000000006132e-03 2.831328331623962313e+01
7.052979999999999805e-01 1.860930000000000084e-01 9.933999999999998387e-03 6.622500000000003384e-03 -4.966749999999992005e-03 4.966749999999998944e-03 4.832002956558670803e+01
7.119210000000000260e-01 1.927149999999999974e-01 3.311500000000022759e-03 9.933499999999997887e-03 -4.966999999999999194e-03 4.966999999999999194e-03 5.730465231250210678e+01
7.119210000000000260e-01 2.059600000000000042e-01 0.000000000000000000e+00 1.655650000000000177e-02 -3.311500000000022759e-03 4.966999999999999194e-03 1.208057740753149822e+01
7.119210000000000260e-01 2.258280000000000010e-01 -3.311500000000022759e-03 1.986749999999999627e-02 -3.311499999999995003e-03 1.655499999999997252e-03 7.380762697101938663e+00
7.052979999999999805e-01 2.456949999999999967e-01 -6.622999999999990006e-03 1.986749999999999627e-02 -1.655749999999955868e-03 2.500000000002500222e-07 3.581297399111573743e+00
6.986750000000000460e-01 2.655629999999999935e-01 -6.622999999999934495e-03 1.986799999999999677e-02 5.551115123125782702e-17 5.000000000005000445e-07 -3.605118229112053152e-04
