3.410599999999999743e-01 1.993379999999999874e-01 0.000000000000000000e+00 6.622000000000016762e-03 0.000000000000000000e+00 4.999999999866222566e-07 0.000000000000000000e+00
3.410599999999999743e-01 2.059600000000000042e-01 0.000000000000000000e+00 6.622500000000003384e-03 0.000000000000000000e+00 1.655999999999990813e-03 0.000000000000000000e+00
3.410599999999999743e-01 2.125829999999999942e-01 0.000000000000000000e+00 9.933999999999998387e-03 0.000000000000000000e+00 3.311250000000001692e-03 0.000000000000000000e+00
3.410599999999999743e-01 2.258280000000000010e-01 0.000000000000000000e+00 1.324500000000000677e-02 1.655500000000004190e-03 1.655499999999997252e-03 -9.436811058996328327e+00
3.410599999999999743e-01 2.390730000000000077e-01 3.311000000000008381e-03 1.324499999999999289e-02 6.622500000000003384e-03 -6.938893903907228378e-18 -3.446913776316348077e+01
3.476819999999999911e-01 2.523179999999999867e-01 1.324500000000000677e-02 1.324499999999999289e-02 8.278250000000000886e-03 -3.311249999999994753e-03 -2.335693117686520992e+01
3.675499999999999878e-01 2.655629999999999935e-01 1.986750000000001015e-02 6.622500000000003384e-03 1.655500000000004190e-03 -6.622499999999996445e-03 -1.551882628525052965e+01
3.874170000000000114e-01 2.655629999999999935e-01 1.655600000000001515e-02 0.000000000000000000e+00 -4.966750000000005882e-03 -6.622500000000003384e-03 -2.416079005232576549e+01
4.006620000000000181e-01 2.655629999999999935e-01 9.933999999999998387e-03 -6.622500000000003384e-03 -4.966750000000005882e-03 -6.622499999999996445e-03 -5.798510564177595228e+01
4.072850000000000081e-01 2.523179999999999867e-01 6.622500000000003384e-03 -1.324499999999999289e-02 -4.966999999999999194e-03 -6.622499999999996445e-03 -3.376522072043281497e+01
4.139070000000000249e-01 2.390730000000000077e-01 0.000000000000000000e+00 -1.986749999999999627e-02 -4.966750000000005882e-03 -3.311250000000008631e-03 -1.258304810960636821e+01
4.072850000000000081e-01 2.125829999999999942e-01 -3.311000000000008381e-03 -1.986750000000001015e-02 -1.655749999999997502e-03 3.311250000000001692e-03 -5.367653671368053381e+00
4.072850000000000081e-01 1.993379999999999874e-01 -3.311499999999995003e-03 -1.324499999999999289e-02 -1.655749999999997502e-03 4.966750000000005882e-03 -1.508082180310199227e+01
4.006620000000000181e-01 1.860930000000000084e-01 -6.622500000000003384e-03 -9.933999999999998387e-03 -1.655500000000004190e-03 -1.655750000000004440e-03 -3.220394860262359327e+00
3.940400000000000014e-01 1.794699999999999906e-01 -6.622500000000003384e-03 -1.655650000000000177e-02 1.655500000000004190e-03 -3.311000000000001442e-03 8.701165684436320547e+00
3.874170000000000114e-01 1.529800000000000049e-01 -3.311499999999995003e-03 -1.655600000000000127e-02 3.311250000000001692e-03 4.966999999999999194e-03 7.972656960705663209e+00
3.874170000000000114e-01 1.463579999999999881e-01 0.000000000000000000e+00 -6.622500000000003384e-03 1.655749999999997502e-03 4.966750000000005882e-03 3.775294451448651500e+01
3.874170000000000114e-01 1.397349999999999981e-01 0.000000000000000000e+00 -6.622499999999989506e-03 3.311250000000001692e-03 -1.655499999999997252e-03 7.550018875047216227e+01
3.874170000000000114e-01 1.331130000000000091e-01 6.622500000000003384e-03 -9.933499999999997887e-03 6.622500000000003384e-03 -6.938893903907228378e-18 3.865948115541937824e+01
4.006620000000000181e-01 1.198680000000000023e-01 1.324500000000000677e-02 -6.622500000000003384e-03 4.966999999999999194e-03 4.966749999999998944e-03 3.038798486061716986e+01
4.139070000000000249e-01 1.198680000000000023e-01 1.655650000000000177e-02 0.000000000000000000e+00 -1.387778780781445676e-17 6.622500000000003384e-03 2.415933078102878895e+01
4.337750000000000217e-01 1.198680000000000023e-01 1.324499999999997901e-02 6.622500000000003384e-03 -4.967000000000013071e-03 4.966749999999998944e-03 3.038798486061731552e+01
4.403969999999999829e-01 1.331130000000000091e-01 6.622499999999975628e-03 9.933499999999997887e-03 -3.311249999999987814e-03 3.311249999999994753e-03 3.221655861524755693e+01
4.470199999999999729e-01 1.397349999999999981e-01 6.622500000000003384e-03 1.324499999999999289e-02 -1.655749999999983624e-03 3.311500000000001942e-03 1.350690404562713098e+01
4.536419999999999897e-01 1.596029999999999949e-01 3.311000000000008381e-03 1.655650000000000177e-02 -3.311250000000001692e-03 -1.655749999999997502e-03 1.025067993945043909e+01
4.536419999999999897e-01 1.728480000000000016e-01 0.000000000000000000e+00 9.933499999999997887e-03 -1.655500000000004190e-03 -4.966999999999999194e-03 1.677739744759442431e+01
4.536419999999999897e-01 1.794699999999999906e-01 0.000000000000000000e+00 6.622500000000003384e-03 0.000000000000000000e+00 -1.655499999999997252e-03 -0.000000000000000000e+00
4.536419999999999897e-01 1.860930000000000084e-01 0.000000000000000000e+00 6.622500000000003384e-03 -1.655500000000004190e-03 -3.311250000000001692e-03 3.774724423598531331e+01
4.536419999999999897e-01 1.927149999999999974e-01 -3.311000000000008381e-03 0.000000000000000000e+00 -1.655500000000004190e-03 -9.933749999999998137e-03 9.061390871846457458e+02
4.470199999999999729e-01 1.860930000000000084e-01 -3.311000000000008381e-03 -1.324499999999999289e-02 3.311000000000008381e-03 -6.622500000000003384e-03 2.584990150256727759e+01
4.470199999999999729e-01 1.662250000000000116e-01 3.311000000000008381e-03 -1.324500000000000677e-02 6.622250000000010073e-03 1.655749999999990563e-03 3.662215764787732297e+01
4.536419999999999897e-01 1.596029999999999949e-01 9.933500000000011765e-03 -9.933500000000011765e-03 3.311499999999995003e-03 1.655500000000004190e-03 1.779690877365928614e+01
4.668869999999999965e-01 1.463579999999999881e-01 9.933999999999998387e-03 -9.933999999999998387e-03 2.499999999933111283e-07 1.655500000000011129e-03 5.932004323712814831e+00
4.735099999999999865e-01 1.397349999999999981e-01 9.933999999999998387e-03 -6.622499999999989506e-03 1.655500000000004190e-03 3.311500000000001942e-03 2.577240119286033959e+01
4.867549999999999932e-01 1.331130000000000091e-01 1.324500000000000677e-02 -3.310999999999994503e-03 1.655499999999990313e-03 3.311249999999994753e-03 1.938856470075871030e+01
5.000000000000000000e-01 1.331130000000000091e-01 1.324499999999997901e-02 0.000000000000000000e+00 1.655749999999983624e-03 4.966749999999992005e-03 2.831185824661433159e+01
5.132449999999999513e-01 1.331130000000000091e-01 1.655649999999997402e-02 6.622499999999989506e-03 1.387778780781445676e-17 4.966749999999998944e-03 1.450277012392963272e+01
5.331129999999999480e-01 1.463579999999999881e-01 1.324500000000000677e-02 9.933499999999997887e-03 -6.622749999999982817e-03 3.311250000000008631e-03 2.416089947894247558e+01
5.397349999999999648e-01 1.529800000000000049e-01 3.311000000000008381e-03 1.324500000000000677e-02 -8.278000000000007574e-03 9.933999999999998387e-03 5.601104762737652010e+01
5.397349999999999648e-01 1.728480000000000016e-01 -3.311000000000008381e-03 2.980149999999999466e-02 -4.966749999999992005e-03 8.277999999999993697e-03 4.473735854032385717e+00
5.331129999999999480e-01 2.125829999999999942e-01 -6.622499999999975628e-03 2.980099999999999416e-02 -4.966999999999971438e-03 -3.311499999999995003e-03 5.973547628194118886e+00
5.264900000000000135e-01 2.324499999999999900e-01 -1.324499999999995126e-02 2.317850000000000465e-02 -3.311250000000015570e-03 -6.622249999999996195e-03 8.644281802289349059e+00
5.066230000000000455e-01 2.589400000000000035e-01 -1.324500000000000677e-02 1.655650000000000177e-02 1.655499999999962557e-03 -8.278000000000000635e-03 8.627431327783028792e+00
5.000000000000000000e-01 2.655629999999999935e-01 -9.934000000000026143e-03 6.622500000000003384e-03 1.655500000000004190e-03 -6.622749999999996695e-03 3.221659594431768880e+01
4.867549999999999932e-01 2.721850000000000103e-01 -9.933999999999998387e-03 3.311000000000008381e-03 6.622500000000017262e-03 -3.311250000000001692e-03 9.551832793858970660e+00
4.801320000000000032e-01 2.721850000000000103e-01 3.311000000000008381e-03 0.000000000000000000e+00 1.158975000000000977e-02 -1.655500000000004190e-03 -1.510117789187552546e+02
4.933770000000000100e-01 2.721850000000000103e-01 1.324550000000002115e-02 0.000000000000000000e+00 1.324525000000000008e-02 0.000000000000000000e+00 0.000000000000000000e+00
5.066230000000000455e-01 2.721850000000000103e-01 2.980150000000000854e-02 0.000000000000000000e+00 1.158899999999998820e-02 0.000000000000000000e+00 0.000000000000000000e+00
5.529800000000000271e-01 2.721850000000000103e-01 3.642349999999999755e-02 0.000000000000000000e+00 -3.311250000000001692e-03 1.655749999999997502e-03 1.248048355903584650e+00
5.794700000000000406e-01 2.721850000000000103e-01 2.317900000000000515e-02 3.311499999999995003e-03 -6.622249999999996195e-03 1.655749999999997502e-03 4.698181388134072378e+00
5.993380000000000374e-01 2.788080000000000003e-01 2.317900000000000515e-02 3.311499999999995003e-03 -3.311500000000022759e-03 -1.655749999999997502e-03 -2.135519405382446223e+00
6.258280000000000509e-01 2.788080000000000003e-01 1.655599999999995964e-02 0.000000000000000000e+00 -8.278250000000014763e-03 -1.655749999999997502e-03 -6.040653549133797817e+00
6.324499999999999567e-01 2.788080000000000003e-01 6.622499999999975628e-03 0.000000000000000000e+00 -6.622249999999968439e-03 -1.655749999999997502e-03 -3.775294451448684185e+01
6.390730000000000022e-01 2.788080000000000003e-01 3.311500000000022759e-03 -3.311499999999995003e-03 -4.966999999999999194e-03 -6.622500000000003384e-03 -3.736544747331677172e+02
6.390730000000000022e-01 2.721850000000000103e-01 -3.311500000000022759e-03 -1.324500000000000677e-02 -4.966999999999999194e-03 -6.622250000000003134e-03 -1.723443495517408408e+01
6.324499999999999567e-01 2.523179999999999867e-01 -6.622499999999975628e-03 -1.655600000000000127e-02 2.500000000349444917e-07 6.938893903907228378e-18 7.300279295752545080e-04
6.258280000000000509e-01 2.390730000000000077e-01 -3.310999999999952870e-03 -1.324499999999999289e-02 4.966749999999964249e-03 -2.500000000002500222e-07 2.585152799451112671e+01
6.258280000000000509e-01 2.258280000000000010e-01 3.310999999999952870e-03 -1.655650000000000177e-02 4.966749999999964249e-03 -6.938893903907228378e-18 1.708400793197254330e+01
6.324499999999999567e-01 2.059600000000000042e-01 6.622499999999975628e-03 -1.324500000000000677e-02 4.967000000000026949e-03 4.966999999999999194e-03 3.038900455743489815e+01
6.390730000000000022e-01 1.993379999999999874e-01 1.324500000000000677e-02 -6.622500000000003384e-03 3.311250000000015570e-03 4.966750000000005882e-03 2.701125884921044218e+01
6.589399999999999702e-01 1.927149999999999974e-01 1.324500000000000677e-02 -3.311499999999995003e-03 -3.311249999999987814e-03 6.622500000000003384e-03 3.015936656833549279e+01
6.655630000000000157e-01 1.927149999999999974e-01 6.622500000000031140e-03 6.622500000000003384e-03 -4.966999999999999194e-03 9.933999999999998387e-03 1.201230877834133111e+02
6.721850000000000325e-01 2.059600000000000042e-01 3.311000000000008381e-03 1.655650000000000177e-02 -4.966750000000019760e-03 9.933749999999998137e-03 2.391716395630505687e+01
6.721850000000000325e-01 2.258280000000000010e-01 -3.311000000000008381e-03 2.648999999999999966e-02 -8.278000000000007574e-03 4.966749999999998944e-03 1.066123927579318398e+01
6.655630000000000157e-01 2.589400000000000035e-01 -1.324500000000000677e-02 2.648999999999999966e-02 -6.622750000000010573e-03 -8.278000000000000635e-03 1.097372222656110807e+01
6.456950000000000189e-01 2.788080000000000003e-01 -1.655650000000002953e-02 9.933999999999998387e-03 1.655750000000011379e-03 -1.324499999999999983e-02 2.818005140756964622e+01
6.324499999999999567e-01 2.788080000000000003e-01 -9.933499999999984009e-03 0.000000000000000000e+00 4.967250000000061894e-03 -4.966999999999999194e-03 5.033725951205166638e+01
6.258280000000000509e-01 2.788080000000000003e-01 -6.621999999999905739e-03 0.000000000000000000e+00 3.311500000000078270e-03 0.000000000000000000e+00 -0.000000000000000000e+00
