3.807949999999999946e-01 2.059600000000000042e-01 -6.622999999999990006e-03 0.000000000000000000e+00 3.311499999999995003e-03 6.622500000000003384e-03 -1.509775789689115584e+02
3.741720000000000046e-01 2.059600000000000042e-01 -3.311499999999995003e-03 6.622500000000003384e-03 1.655999999999990813e-03 6.622499999999996445e-03 -8.104183169057158409e+01
3.741720000000000046e-01 2.192050000000000110e-01 -3.311000000000008381e-03 1.324499999999999289e-02 2.499999999933111283e-07 1.655749999999997502e-03 -2.155622311121046408e+00
3.675499999999999878e-01 2.324499999999999900e-01 -3.311000000000008381e-03 9.933999999999998387e-03 3.311000000000008381e-03 -1.655499999999997252e-03 -2.387345338708614051e+01
3.675499999999999878e-01 2.390730000000000077e-01 3.311000000000008381e-03 9.933999999999998387e-03 4.966750000000005882e-03 1.655499999999997252e-03 -3.819940010041380418e+01
3.741720000000000046e-01 2.523179999999999867e-01 6.622500000000003384e-03 1.324499999999999289e-02 1.655749999999997502e-03 -2.499999999933111283e-07 -6.753961871222356805e+00
3.807949999999999946e-01 2.655629999999999935e-01 6.622500000000003384e-03 9.933500000000011765e-03 4.966750000000005882e-03 -1.655749999999990563e-03 -3.543777666439947183e+01
3.874170000000000114e-01 2.721850000000000103e-01 1.655600000000001515e-02 9.933500000000011765e-03 6.622499999999989506e-03 -1.655500000000004190e-03 -1.294829055707997512e+01
4.139070000000000249e-01 2.854300000000000170e-01 1.986749999999998240e-02 6.622500000000003384e-03 -3.311000000000008381e-03 -4.966750000000005882e-03 -8.356249478527168151e+00
4.271519999999999762e-01 2.854300000000000170e-01 9.933999999999998387e-03 0.000000000000000000e+00 -6.622499999999989506e-03 -4.966750000000005882e-03 -5.032965914070521762e+01
4.337750000000000217e-01 2.854300000000000170e-01 6.622500000000003384e-03 -3.311000000000008381e-03 -3.311500000000008881e-03 -4.966750000000005882e-03 -1.080499296951922332e+02
4.403969999999999829e-01 2.788080000000000003e-01 3.310999999999980625e-03 -9.933500000000011765e-03 -3.311250000000001692e-03 -4.966999999999999194e-03 -4.297791242036118575e+01
4.403969999999999829e-01 2.655629999999999935e-01 0.000000000000000000e+00 -1.324500000000000677e-02 -1.655499999999990313e-03 -1.655749999999990563e-03 -9.436811058996250168e+00
4.403969999999999829e-01 2.523179999999999867e-01 0.000000000000000000e+00 -1.324499999999999289e-02 -1.655499999999990313e-03 6.938893903907228378e-18 -9.436811058996269708e+00
4.403969999999999829e-01 2.390730000000000077e-01 -3.310999999999980625e-03 -1.324499999999999289e-02 -1.655499999999990313e-03 -6.938893903907228378e-18 -8.616633834189020291e+00
4.337750000000000217e-01 2.258280000000000010e-01 -3.310999999999980625e-03 -1.324500000000000677e-02 -1.655750000000011379e-03 -3.311250000000001692e-03 -4.309618130298208172e+00
4.337750000000000217e-01 2.125829999999999942e-01 -6.622500000000003384e-03 -1.986749999999999627e-02 -1.655750000000011379e-03 -3.311249999999994753e-03 -1.194033189071016965e+00
4.205300000000000149e-01 1.860930000000000084e-01 -6.622500000000003384e-03 -1.986749999999999627e-02 3.311250000000001692e-03 4.966749999999998944e-03 3.581378532678508364e+00
4.205300000000000149e-01 1.728480000000000016e-01 0.000000000000000000e+00 -9.933999999999998387e-03 3.311250000000001692e-03 4.966749999999998944e-03 3.355395053700308239e+01
4.205300000000000149e-01 1.662250000000000116e-01 0.000000000000000000e+00 -9.933999999999998387e-03 0.000000000000000000e+00 2.499999999933111283e-07 0.000000000000000000e+00
4.205300000000000149e-01 1.529800000000000049e-01 0.000000000000000000e+00 -9.933500000000011765e-03 0.000000000000000000e+00 1.655749999999997502e-03 0.000000000000000000e+00
4.205300000000000149e-01 1.463579999999999881e-01 0.000000000000000000e+00 -6.622500000000003384e-03 4.966749999999992005e-03 1.655500000000011129e-03 1.132474329864568148e+02
4.205300000000000149e-01 1.397349999999999981e-01 9.933499999999984009e-03 -6.622499999999989506e-03 6.622499999999989506e-03 1.655750000000004440e-03 3.543923606346176314e+01
4.403969999999999829e-01 1.331130000000000091e-01 1.324499999999997901e-02 -3.310999999999994503e-03 2.500000000071889161e-07 3.311249999999994753e-03 1.723489416032219879e+01
4.470199999999999729e-01 1.331130000000000091e-01 9.933999999999998387e-03 0.000000000000000000e+00 1.387778780781445676e-17 3.310999999999994503e-03 3.355141720740414257e+01
4.602649999999999797e-01 1.331130000000000091e-01 1.324500000000000677e-02 3.310999999999994503e-03 -2.499999999933111283e-07 1.655499999999997252e-03 8.616959112929473363e+00
4.735099999999999865e-01 1.397349999999999981e-01 9.933500000000011765e-03 3.310999999999994503e-03 -3.311250000000001692e-03 1.655750000000004440e-03 2.387741922128449090e+01
4.801320000000000032e-01 1.397349999999999981e-01 6.622500000000003384e-03 6.622500000000003384e-03 2.499999999933111283e-07 6.622750000000003634e-03 5.338669544632297459e+01
4.867549999999999932e-01 1.529800000000000049e-01 9.933999999999998387e-03 1.655650000000000177e-02 0.000000000000000000e+00 4.966999999999999194e-03 6.854896169708625919e+00
5.000000000000000000e-01 1.728480000000000016e-01 6.622500000000003384e-03 1.655650000000000177e-02 -4.966999999999999194e-03 -1.655750000000004440e-03 1.256963197039119962e+01
5.000000000000000000e-01 1.860930000000000084e-01 0.000000000000000000e+00 1.324499999999999289e-02 -1.655499999999990313e-03 -3.311500000000001942e-03 9.436811058996269708e+00
5.000000000000000000e-01 1.993379999999999874e-01 3.311500000000022759e-03 9.933499999999997887e-03 1.655750000000011379e-03 -3.311249999999994753e-03 -2.387777968138594531e+01
5.066230000000000455e-01 2.059600000000000042e-01 3.311500000000022759e-03 6.622500000000003384e-03 -1.655750000000011379e-03 -1.655499999999997252e-03 1.350731190895424483e+01
5.066230000000000455e-01 2.125829999999999942e-01 0.000000000000000000e+00 6.622500000000003384e-03 -1.655750000000011379e-03 -3.311250000000001692e-03 3.775294451448683475e+01
5.066230000000000455e-01 2.192050000000000110e-01 0.000000000000000000e+00 0.000000000000000000e+00 0.000000000000000000e+00 -8.278000000000007574e-03 0.000000000000000000e+00
5.066230000000000455e-01 2.125829999999999942e-01 0.000000000000000000e+00 -9.933500000000011765e-03 0.000000000000000000e+00 -4.966999999999999194e-03 0.000000000000000000e+00
5.066230000000000455e-01 1.993379999999999874e-01 0.000000000000000000e+00 -9.933999999999998387e-03 0.000000000000000000e+00 1.655500000000011129e-03 0.000000000000000000e+00
5.066230000000000455e-01 1.927149999999999974e-01 0.000000000000000000e+00 -6.622499999999989506e-03 1.655499999999976435e-03 2.500000000002500222e-07 3.774724423598485146e+01
5.066230000000000455e-01 1.860930000000000084e-01 3.310999999999952870e-03 -9.933499999999997887e-03 3.311249999999987814e-03 -1.655750000000004440e-03 2.387669817586369447e+01
5.132449999999999513e-01 1.728480000000000016e-01 6.622499999999975628e-03 -9.933999999999998387e-03 1.655750000000039135e-03 1.655499999999997252e-03 1.610732511667132272e+01
5.198679999999999968e-01 1.662250000000000116e-01 6.622500000000031140e-03 -6.622500000000003384e-03 4.966750000000019760e-03 1.655749999999997502e-03 5.338669544632275432e+01
5.264900000000000135e-01 1.596029999999999949e-01 1.655600000000001515e-02 -6.622500000000003384e-03 6.622499999999975628e-03 1.655500000000004190e-03 1.256973769604176816e+01
5.529800000000000271e-01 1.529800000000000049e-01 1.986749999999998240e-02 -3.311499999999995003e-03 2.499999999794333405e-07 4.966999999999999194e-03 1.207702224958537229e+01
5.662249999999999783e-01 1.529800000000000049e-01 1.655649999999997402e-02 3.311499999999995003e-03 -1.655499999999976435e-03 4.966999999999999194e-03 1.822349566860675196e+01
5.860929999999999751e-01 1.596029999999999949e-01 1.655650000000002953e-02 6.622500000000003384e-03 -3.311499999999967248e-03 1.655500000000004190e-03 8.701749669985549218e+00
5.993380000000000374e-01 1.662250000000000116e-01 9.933500000000039520e-03 6.622500000000003384e-03 -4.967000000000026949e-03 6.622499999999996445e-03 5.799019469032307228e+01
6.059600000000000541e-01 1.728480000000000016e-01 6.622499999999975628e-03 1.986749999999999627e-02 -3.311000000000036136e-03 8.278000000000000635e-03 1.313075990710864716e+01
6.125829999999999886e-01 2.059600000000000042e-01 3.311499999999967248e-03 2.317850000000000465e-02 -4.966999999999971438e-03 -1.655499999999997252e-03 8.542232428474800798e+00
6.125829999999999886e-01 2.192050000000000110e-01 -3.311499999999967248e-03 1.655650000000000177e-02 -4.966999999999971438e-03 1.655749999999997502e-03 1.594547272094173529e+01
6.059600000000000541e-01 2.390730000000000077e-01 -6.622499999999975628e-03 2.648999999999999966e-02 -1.655500000000031946e-03 3.311000000000001442e-03 1.077064879314610479e+00
5.993380000000000374e-01 2.721850000000000103e-01 -6.622500000000031140e-03 2.317850000000000465e-02 -1.655750000000011379e-03 -6.622499999999996445e-03 5.870587899945368449e+00
5.927149999999999919e-01 2.854300000000000170e-01 -9.933999999999998387e-03 1.324500000000000677e-02 -3.311249999999987814e-03 -4.966500000000005632e-03 2.053494594195652923e+01
5.794700000000000406e-01 2.986750000000000238e-01 -1.324500000000000677e-02 1.324549999999999339e-02 2.499999999794333405e-07 -3.311000000000008381e-03 6.671951424484231730e+00
5.662249999999999783e-01 3.119210000000000038e-01 -9.933500000000039520e-03 6.622999999999990006e-03 3.311250000000015570e-03 -6.622749999999996695e-03 2.577135333891583002e+01
5.596029999999999616e-01 3.119210000000000038e-01 -6.622499999999975628e-03 0.000000000000000000e+00 6.622250000000023951e-03 -3.311499999999995003e-03 7.550588902897368371e+01
5.529800000000000271e-01 3.119210000000000038e-01 3.311000000000008381e-03 0.000000000000000000e+00 9.933749999999991198e-03 1.655500000000004190e-03 1.510117789187552546e+02
5.662249999999999783e-01 3.119210000000000038e-01 1.324500000000000677e-02 3.311000000000008381e-03 1.158950000000000258e-02 1.655500000000004190e-03 -6.462638015012019288e+00
5.794700000000000406e-01 3.185430000000000206e-01 2.649000000000001354e-02 3.311000000000008381e-03 9.933749999999991198e-03 2.499999999933111283e-07 -1.728385115554418983e+00
6.192050000000000054e-01 3.185430000000000206e-01 3.311249999999998916e-02 3.311499999999995003e-03 0.000000000000000000e+00 2.499999999933111283e-07 2.246327280359544122e-04
6.456950000000000189e-01 3.251660000000000106e-01 2.649000000000001354e-02 3.311499999999995003e-03 -4.966749999999992005e-03 -2.499999999933111283e-07 8.641212690693946818e-01
6.721850000000000325e-01 3.251660000000000106e-01 2.317900000000000515e-02 3.311000000000008381e-03 -1.655500000000004190e-03 -2.499999999933111283e-07 4.265660365291528699e-01
6.920530000000000292e-01 3.317880000000000273e-01 2.317900000000000515e-02 3.311000000000008381e-03 -3.311250000000015570e-03 2.499999999933111283e-07 8.545508525984985004e-01
7.185430000000000428e-01 3.317880000000000273e-01 1.655649999999997402e-02 3.311499999999995003e-03 -8.278250000000014763e-03 2.499999999933111283e-07 5.696003268618637705e+00
7.251659999999999773e-01 3.384110000000000174e-01 6.622499999999975628e-03 3.311499999999995003e-03 -6.622749999999982817e-03 -4.966999999999999194e-03 -2.700646630497173106e+01
7.317879999999999940e-01 3.384110000000000174e-01 3.311000000000008381e-03 -6.622500000000003384e-03 -4.966749999999992005e-03 -8.278250000000000886e-03 -1.485653393008405487e+02
7.317879999999999940e-01 3.251660000000000106e-01 -3.311000000000008381e-03 -1.324500000000000677e-02 -4.966749999999992005e-03 -6.622749999999996695e-03 -1.723424360284120027e+01
7.251659999999999773e-01 3.119210000000000038e-01 -6.622499999999975628e-03 -1.986799999999999677e-02 -1.655749999999983624e-03 -3.311499999999995003e-03 -1.193861941497668555e+00
7.185430000000000428e-01 2.854300000000000170e-01 -6.622499999999975628e-03 -1.986799999999999677e-02 1.655749999999983624e-03 1.655999999999990813e-03 2.387453506612715159e+00
7.119210000000000260e-01 2.721850000000000103e-01 -3.311000000000008381e-03 -1.655600000000001515e-02 4.966749999999992005e-03 1.655999999999997752e-03 1.594576378413938578e+01
7.119210000000000260e-01 2.523179999999999867e-01 3.311000000000008381e-03 -1.655600000000000127e-02 6.622249999999996195e-03 3.311000000000008381e-03 2.505743222176973717e+01
7.185430000000000428e-01 2.390730000000000077e-01 9.933499999999984009e-03 -9.933999999999998387e-03 4.966999999999971438e-03 6.622249999999996195e-03 4.152238819993721819e+01
7.317879999999999940e-01 2.324499999999999900e-01 1.324499999999995126e-02 -3.311500000000008881e-03 2.500000000071889161e-07 6.622750000000003634e-03 3.446984576968664982e+01
7.450329999999999453e-01 2.324499999999999900e-01 9.933999999999998387e-03 3.311500000000008881e-03 -3.311249999999960059e-03 9.934000000000005326e-03 9.549741900407363460e+01
7.516559999999999908e-01 2.390730000000000077e-01 6.622500000000031140e-03 1.655650000000000177e-02 -3.311499999999995003e-03 1.158924999999999539e-02 2.320539579428465515e+01
7.582780000000000076e-01 2.655629999999999935e-01 3.311000000000008381e-03 2.648999999999999966e-02 -4.966750000000019760e-03 1.655500000000004190e-03 7.203381301823760019e+00
7.582780000000000076e-01 2.920530000000000070e-01 -3.311000000000008381e-03 1.986750000000001015e-02 -4.966750000000019760e-03 -4.966749999999998944e-03 1.408905245452435295e+01
7.516559999999999908e-01 3.052980000000000138e-01 -6.622500000000031140e-03 1.655650000000000177e-02 -2.500000000071889161e-07 -1.655500000000004190e-03 1.934306146682523098e+00
7.450329999999999453e-01 3.251660000000000106e-01 -3.311500000000022759e-03 1.655650000000000177e-02 3.311250000000015570e-03 -1.655749999999997502e-03 -1.025032935619830354e+01
7.450329999999999453e-01 3.384110000000000174e-01 0.000000000000000000e+00 1.324500000000000677e-02 3.311500000000022759e-03 -3.311499999999995003e-03 -1.887647225724341737e+01
