3.609269999999999978e-01 1.860930000000000084e-01 -6.622000000000016762e-03 0.000000000000000000e+00 -4.999999999866222566e-07 0.000000000000000000e+00 0.000000000000000000e+00
3.543049999999999811e-01 1.860930000000000084e-01 -6.622500000000003384e-03 0.000000000000000000e+00 -2.499999999933111283e-07 3.311249999999994753e-03 -7.550018875047167910e+01
3.476819999999999911e-01 1.860930000000000084e-01 -6.622500000000003384e-03 6.622499999999989506e-03 1.655749999999997502e-03 4.966749999999998944e-03 -5.338669544632301722e+01
3.410599999999999743e-01 1.993379999999999874e-01 -3.311000000000008381e-03 9.933499999999997887e-03 3.311250000000001692e-03 6.938893903907228378e-18 -2.865218199834328416e+01
3.410599999999999743e-01 2.059600000000000042e-01 0.000000000000000000e+00 6.622500000000003384e-03 3.311000000000008381e-03 -1.655499999999997252e-03 -7.549448847197062662e+01
3.410599999999999743e-01 2.125829999999999942e-01 3.311000000000008381e-03 6.622500000000003384e-03 3.311250000000001692e-03 0.000000000000000000e+00 -5.402598466759678075e+01
3.476819999999999911e-01 2.192050000000000110e-01 6.622500000000003384e-03 6.622500000000003384e-03 3.311499999999995003e-03 -6.938893903907228378e-18 -2.669536307595294744e+01
3.543049999999999811e-01 2.258280000000000010e-01 9.933999999999998387e-03 6.622499999999989506e-03 3.311250000000001692e-03 0.000000000000000000e+00 -1.288547093645157382e+01
3.675499999999999878e-01 2.324499999999999900e-01 1.324500000000000677e-02 6.622500000000003384e-03 -2.499999999933111283e-07 -1.655499999999990313e-03 -6.751922477587190663e+00
3.807949999999999946e-01 2.390730000000000077e-01 9.933500000000011765e-03 3.311500000000008881e-03 -1.655749999999997502e-03 -3.311250000000001692e-03 -2.387489541259614612e+01
3.874170000000000114e-01 2.390730000000000077e-01 9.933500000000011765e-03 0.000000000000000000e+00 2.499999999933111283e-07 -1.655750000000004440e-03 -1.677993103222857485e+01
4.006620000000000181e-01 2.390730000000000077e-01 9.933999999999998387e-03 0.000000000000000000e+00 -1.655500000000004190e-03 -1.655750000000004440e-03 -1.677824193330101110e+01
4.072850000000000081e-01 2.390730000000000077e-01 6.622500000000003384e-03 -3.311500000000008881e-03 -3.311499999999995003e-03 -4.966999999999999194e-03 -1.080482983034784468e+02
4.139070000000000249e-01 2.324499999999999900e-01 3.311000000000008381e-03 -9.933999999999998387e-03 -3.311250000000001692e-03 -3.310999999999994503e-03 -3.819795820554229948e+01
4.139070000000000249e-01 2.192050000000000110e-01 0.000000000000000000e+00 -9.933499999999997887e-03 -1.655500000000004190e-03 -1.655500000000004190e-03 -1.677739744759442431e+01
4.139070000000000249e-01 2.125829999999999942e-01 0.000000000000000000e+00 -1.324500000000000677e-02 -1.655500000000004190e-03 -1.655749999999997502e-03 -9.436811058996328327e+00
4.139070000000000249e-01 1.927149999999999974e-01 -3.311000000000008381e-03 -1.324499999999999289e-02 -3.311250000000001692e-03 1.655750000000004440e-03 -1.938888997949923265e+01
4.072850000000000081e-01 1.860930000000000084e-01 -6.622500000000003384e-03 -9.933499999999997887e-03 -2.499999999933111283e-07 1.655499999999997252e-03 -6.444381939233891465e+00
4.006620000000000181e-01 1.728480000000000016e-01 -3.311499999999995003e-03 -9.933999999999998387e-03 1.655749999999997502e-03 -2.500000000002500222e-07 1.432601881405994959e+01
4.006620000000000181e-01 1.662250000000000116e-01 -3.311000000000008381e-03 -9.933999999999998387e-03 -1.655500000000004190e-03 2.499999999933111283e-07 -1.432450460071310694e+01
3.940400000000000014e-01 1.529800000000000049e-01 -6.622500000000003384e-03 -9.933500000000011765e-03 -2.499999999933111283e-07 2.500000000002500222e-07 -2.432356256303753930e-03
3.874170000000000114e-01 1.463579999999999881e-01 -3.311499999999995003e-03 -9.933499999999997887e-03 1.655749999999997502e-03 -2.499999999933111283e-07 1.432724470614196655e+01
3.874170000000000114e-01 1.331130000000000091e-01 -3.311000000000008381e-03 -9.933999999999998387e-03 2.499999999933111283e-07 -2.500000000037194692e-07 2.884007486021409813e-03
3.807949999999999946e-01 1.264899999999999913e-01 -3.311000000000008381e-03 -9.934000000000005326e-03 3.311000000000008381e-03 2.500000000002500222e-07 2.864684635911899946e+01
3.807949999999999946e-01 1.132449999999999984e-01 3.311000000000008381e-03 -9.933499999999997887e-03 4.966750000000005882e-03 3.469446951953614189e-18 4.297719137494044617e+01
3.874170000000000114e-01 1.066229999999999956e-01 6.622500000000003384e-03 -9.933999999999998387e-03 3.311499999999995003e-03 1.655250000000000471e-03 2.577142833737240224e+01
3.940400000000000014e-01 9.337700000000000167e-02 9.933999999999998387e-03 -6.622999999999996945e-03 1.655500000000004190e-03 3.311499999999998473e-03 2.577109150647352820e+01
4.072850000000000081e-01 9.337700000000000167e-02 9.933500000000011765e-03 -3.311000000000001442e-03 -2.500000000071889161e-07 1.655999999999997752e-03 1.432861482147416332e+01
4.139070000000000249e-01 8.675499999999999878e-02 9.933499999999984009e-03 -3.311000000000001442e-03 2.499999999933111283e-07 3.311000000000001442e-03 2.865073979861522346e+01
4.271519999999999762e-01 8.675499999999999878e-02 9.933999999999998387e-03 3.311000000000001442e-03 1.655750000000011379e-03 8.278000000000000635e-03 6.684840951958304345e+01
4.337750000000000217e-01 9.337700000000000167e-02 1.324500000000000677e-02 1.324499999999999983e-02 -2.500000000071889161e-07 4.967249999999999444e-03 1.001126499168024075e+01
4.536419999999999897e-01 1.132449999999999984e-01 9.933499999999984009e-03 1.324550000000000033e-02 -4.966750000000005882e-03 -1.655499999999997252e-03 1.087208185729600451e+01
4.536419999999999897e-01 1.198680000000000023e-01 3.311499999999995003e-03 9.934000000000005326e-03 -3.310999999999994503e-03 1.655250000000000471e-03 3.342016721408392499e+01
4.602649999999999797e-01 1.331130000000000091e-01 3.311499999999995003e-03 1.655600000000000127e-02 -1.655749999999997502e-03 1.655499999999993782e-03 6.834492213347687972e+00
4.602649999999999797e-01 1.529800000000000049e-01 0.000000000000000000e+00 1.324499999999999289e-02 -1.655749999999997502e-03 -4.966749999999998944e-03 9.438236128621650067e+00
4.602649999999999797e-01 1.596029999999999949e-01 0.000000000000000000e+00 6.622500000000003384e-03 0.000000000000000000e+00 -3.311249999999994753e-03 -0.000000000000000000e+00
4.602649999999999797e-01 1.662250000000000116e-01 0.000000000000000000e+00 6.622500000000003384e-03 0.000000000000000000e+00 -6.938893903907228378e-18 -0.000000000000000000e+00
4.602649999999999797e-01 1.728480000000000016e-01 0.000000000000000000e+00 6.622499999999989506e-03 0.000000000000000000e+00 -3.311250000000001692e-03 -0.000000000000000000e+00
4.602649999999999797e-01 1.794699999999999906e-01 0.000000000000000000e+00 0.000000000000000000e+00 0.000000000000000000e+00 -6.622499999999989506e-03 0.000000000000000000e+00
4.602649999999999797e-01 1.728480000000000016e-01 0.000000000000000000e+00 -6.622499999999989506e-03 1.655500000000004190e-03 -3.311250000000001692e-03 3.774724423598548384e+01
4.602649999999999797e-01 1.662250000000000116e-01 3.311000000000008381e-03 -6.622500000000003384e-03 1.655500000000004190e-03 -6.938893903907228378e-18 2.701095284777846928e+01
4.668869999999999965e-01 1.596029999999999949e-01 3.311000000000008381e-03 -6.622500000000003384e-03 2.499999999933111283e-07 0.000000000000000000e+00 4.078972039724518966e-03
4.668869999999999965e-01 1.529800000000000049e-01 3.311499999999995003e-03 -6.622500000000003384e-03 1.655749999999997502e-03 -1.655499999999997252e-03 1.350731190895420220e+01
4.735099999999999865e-01 1.463579999999999881e-01 6.622500000000003384e-03 -9.933499999999997887e-03 3.311000000000008381e-03 -3.311249999999994753e-03 6.441463141109765367e+00
4.801320000000000032e-01 1.331130000000000091e-01 9.933500000000011765e-03 -1.324499999999999289e-02 1.655749999999997502e-03 -2.500000000037194692e-07 4.831961015671244475e+00
4.933770000000000100e-01 1.198680000000000023e-01 9.933999999999998387e-03 -9.934000000000005326e-03 2.499999999794333405e-07 4.966749999999995474e-03 1.779511730386912305e+01
5.000000000000000000e-01 1.132449999999999984e-01 9.933999999999970631e-03 -3.311500000000001942e-03 3.311249999999987814e-03 3.311500000000001942e-03 3.820055376655668766e+01
5.132449999999999513e-01 1.132449999999999984e-01 1.655649999999997402e-02 -3.311000000000001442e-03 3.311250000000029448e-03 1.655750000000000971e-03 7.972961264673045001e+00
5.331129999999999480e-01 1.066229999999999956e-01 1.655650000000002953e-02 0.000000000000000000e+00 -1.655749999999983624e-03 6.622249999999999664e-03 2.415841876401166743e+01
5.463580000000000103e-01 1.132449999999999984e-01 1.324500000000000677e-02 9.933499999999997887e-03 -4.967000000000026949e-03 6.622499999999999915e-03 3.020089634166991033e+01
5.596029999999999616e-01 1.264899999999999913e-01 6.622499999999975628e-03 1.324499999999999983e-02 -4.966999999999999194e-03 1.655750000000004440e-03 2.363606238303002982e+01
5.596029999999999616e-01 1.397349999999999981e-01 3.311000000000008381e-03 1.324500000000000677e-02 -3.311249999999987814e-03 3.311249999999998223e-03 2.154288579867615994e+01
5.662249999999999783e-01 1.529800000000000049e-01 0.000000000000000000e+00 1.986749999999999627e-02 -4.966749999999992005e-03 3.311249999999994753e-03 1.258304810960633446e+01
5.596029999999999616e-01 1.794699999999999906e-01 -6.622499999999975628e-03 1.986749999999999627e-02 -3.311249999999987814e-03 -3.311249999999994753e-03 9.550102408964503908e+00
5.529800000000000271e-01 1.927149999999999974e-01 -6.622499999999975628e-03 1.324500000000000677e-02 -1.655500000000031946e-03 -4.966749999999998944e-03 1.688159066339893144e+01
5.463580000000000103e-01 2.059600000000000042e-01 -9.933500000000039520e-03 9.933999999999998387e-03 -3.311250000000015570e-03 -6.938893903907228378e-18 1.186400865869545385e+01
5.331129999999999480e-01 2.125829999999999942e-01 -1.324500000000000677e-02 1.324499999999999289e-02 -2.499999999794333405e-07 -2.500000000002500222e-07 1.007676395699390022e-03
5.198679999999999968e-01 2.324499999999999900e-01 -9.933999999999998387e-03 9.933499999999997887e-03 4.966749999999992005e-03 -4.966749999999992005e-03 8.956898087691952471e-04
5.132449999999999513e-01 2.324499999999999900e-01 -3.311500000000022759e-03 3.311500000000008881e-03 3.311500000000022759e-03 -1.655499999999997252e-03 -5.339072523906365575e+01
5.132449999999999513e-01 2.390730000000000077e-01 -3.310999999999952870e-03 6.622500000000003384e-03 1.655750000000011379e-03 -2.500000000071889161e-07 -2.701299248778035178e+01
5.066230000000000455e-01 2.456949999999999967e-01 0.000000000000000000e+00 3.310999999999994503e-03 6.622249999999968439e-03 -3.311250000000001692e-03 -6.040699202323939971e+02
5.132449999999999513e-01 2.456949999999999967e-01 9.933499999999984009e-03 0.000000000000000000e+00 8.278250000000014763e-03 -1.655499999999997252e-03 -1.677739744759440299e+01
5.264900000000000135e-01 2.456949999999999967e-01 1.655650000000002953e-02 0.000000000000000000e+00 6.622750000000010573e-03 1.655749999999997502e-03 6.040288703765678058e+00
5.463580000000000103e-01 2.456949999999999967e-01 2.317900000000000515e-02 3.311499999999995003e-03 9.933499999999984009e-03 1.655749999999997502e-03 4.272070711903089291e-01
5.728480000000000238e-01 2.523179999999999867e-01 3.642349999999999755e-02 3.311499999999995003e-03 3.310999999999980625e-03 -1.655749999999997502e-03 -1.456850285830510128e+00
6.192050000000000054e-01 2.523179999999999867e-01 2.980099999999996641e-02 0.000000000000000000e+00 -8.278000000000007574e-03 -1.655749999999997502e-03 -1.864374218990332732e+00
6.324499999999999567e-01 2.523179999999999867e-01 1.986749999999998240e-02 0.000000000000000000e+00 -6.622249999999968439e-03 0.000000000000000000e+00 0.000000000000000000e+00
6.589399999999999702e-01 2.523179999999999867e-01 1.655650000000002953e-02 0.000000000000000000e+00 -6.622499999999975628e-03 0.000000000000000000e+00 0.000000000000000000e+00
6.655630000000000157e-01 2.523179999999999867e-01 6.622500000000031140e-03 0.000000000000000000e+00 -6.622750000000010573e-03 -1.655749999999997502e-03 -3.775294451448620237e+01
6.721850000000000325e-01 2.523179999999999867e-01 3.311000000000008381e-03 -3.311499999999995003e-03 -4.966750000000019760e-03 -3.311249999999994753e-03 -2.669334746449030717e+02
6.721850000000000325e-01 2.456949999999999967e-01 -3.311000000000008381e-03 -6.622499999999989506e-03 -4.966750000000019760e-03 -3.311000000000001442e-03 -5.402802399963544389e+01
6.655630000000000157e-01 2.390730000000000077e-01 -6.622500000000031140e-03 -9.933499999999997887e-03 -2.500000000071889161e-07 -4.967000000000006132e-03 1.932925413584181484e+01
6.589399999999999702e-01 2.258280000000000010e-01 -3.311500000000022759e-03 -1.655650000000000177e-02 3.311250000000015570e-03 -1.655750000000004440e-03 1.252852429502575582e+01
6.589399999999999702e-01 2.059600000000000042e-01 0.000000000000000000e+00 -1.324500000000000677e-02 3.311500000000022759e-03 3.311500000000001942e-03 1.887647225724341737e+01
6.589399999999999702e-01 1.993379999999999874e-01 3.311500000000022759e-03 -9.933499999999997887e-03 6.622500000000003384e-03 1.655500000000004190e-03 6.207703553133435292e+01
6.655630000000000157e-01 1.860930000000000084e-01 1.324500000000000677e-02 -9.933999999999998387e-03 4.966749999999992005e-03 3.310999999999994503e-03 2.053476355177384605e+01
6.854299999999999837e-01 1.794699999999999906e-01 1.324500000000000677e-02 -3.311500000000008881e-03 -1.655500000000004190e-03 6.622750000000003634e-03 3.231525675827612787e+01
6.920530000000000292e-01 1.794699999999999906e-01 9.933999999999998387e-03 3.311500000000008881e-03 -3.311250000000015570e-03 8.278250000000007824e-03 8.117212121365945166e+01
7.052979999999999805e-01 1.860930000000000084e-01 6.622499999999975628e-03 1.324500000000000677e-02 -4.966999999999999194e-03 9.933499999999990948e-03 4.051765304642875520e+01
7.052979999999999805e-01 2.059600000000000042e-01 0.000000000000000000e+00 2.317849999999999078e-02 -4.966999999999971438e-03 3.311249999999994753e-03 9.245353170813533694e+00
7.052979999999999805e-01 2.324499999999999900e-01 -3.311499999999967248e-03 1.986749999999999627e-02 -3.311249999999987814e-03 -4.966749999999992005e-03 1.006394880860247021e+01
6.986750000000000460e-01 2.456949999999999967e-01 -6.622499999999975628e-03 1.324500000000000677e-02 -1.655250000000024757e-03 -3.311249999999994753e-03 1.350435480358331830e+01
6.920530000000000292e-01 2.589400000000000035e-01 -6.622000000000016762e-03 1.324500000000000677e-02 4.999999999588666810e-07 0.000000000000000000e+00 -2.039486019749045358e-03
