3.940400000000000014e-01 1.728480000000000016e-01 0.000000000000000000e+00 6.621999999999989006e-03 0.000000000000000000e+00 5.000000000143778323e-07 0.000000000000000000e+00
3.940400000000000014e-01 1.794699999999999906e-01 0.000000000000000000e+00 6.622500000000003384e-03 0.000000000000000000e+00 2.500000000071889161e-07 0.000000000000000000e+00
3.940400000000000014e-01 1.860930000000000084e-01 0.000000000000000000e+00 6.622500000000003384e-03 0.000000000000000000e+00 -6.938893903907228378e-18 -0.000000000000000000e+00
3.940400000000000014e-01 1.927149999999999974e-01 0.000000000000000000e+00 6.622499999999989506e-03 1.655500000000004190e-03 0.000000000000000000e+00 -3.774724423598548384e+01
3.940400000000000014e-01 1.993379999999999874e-01 3.311000000000008381e-03 6.622500000000003384e-03 3.311250000000001692e-03 -1.655749999999990563e-03 -6.753248075750512669e+01
4.006620000000000181e-01 2.059600000000000042e-01 6.622500000000003384e-03 3.311000000000008381e-03 3.311499999999995003e-03 0.000000000000000000e+00 -2.701299217981680911e+01
4.072850000000000081e-01 2.059600000000000042e-01 9.933999999999998387e-03 6.622500000000003384e-03 1.655499999999990313e-03 1.655749999999997502e-03 3.222827035707362953e+00
4.205300000000000149e-01 2.192050000000000110e-01 9.933499999999984009e-03 6.622500000000003384e-03 -1.655749999999997502e-03 -3.311250000000001692e-03 -1.288584508034367104e+01
4.271519999999999762e-01 2.192050000000000110e-01 6.622500000000003384e-03 0.000000000000000000e+00 -1.655499999999990313e-03 -3.311250000000001692e-03 -7.550018875047183542e+01
4.337750000000000217e-01 2.192050000000000110e-01 6.622500000000003384e-03 0.000000000000000000e+00 -1.387778780781445676e-17 -3.311250000000001692e-03 -7.550018875047183542e+01
4.403969999999999829e-01 2.192050000000000110e-01 6.622499999999975628e-03 -6.622500000000003384e-03 0.000000000000000000e+00 -4.966750000000005882e-03 -4.003901390834656837e+01
4.470199999999999729e-01 2.059600000000000042e-01 6.622500000000003384e-03 -9.933500000000011765e-03 -1.655749999999983624e-03 0.000000000000000000e+00 -9.665599988385794816e+00
4.536419999999999897e-01 1.993379999999999874e-01 3.311000000000008381e-03 -6.622500000000003384e-03 -3.311250000000001692e-03 -2.499999999933111283e-07 -5.402802399963506730e+01
4.536419999999999897e-01 1.927149999999999974e-01 0.000000000000000000e+00 -9.933999999999998387e-03 -1.655500000000004190e-03 -3.311249999999994753e-03 -1.677570860370213879e+01
4.536419999999999897e-01 1.794699999999999906e-01 0.000000000000000000e+00 -1.324499999999999289e-02 -1.655500000000004190e-03 2.500000000002500222e-07 -9.436811058996349644e+00
4.536419999999999897e-01 1.662250000000000116e-01 -3.311000000000008381e-03 -9.933499999999997887e-03 -3.311250000000001692e-03 1.655749999999990563e-03 -3.342766582082287385e+01
4.470199999999999729e-01 1.596029999999999949e-01 -6.622500000000003384e-03 -9.933500000000011765e-03 -3.311499999999995003e-03 -2.500000000002500222e-07 -1.933022701957751721e+01
4.403969999999999829e-01 1.463579999999999881e-01 -9.933999999999998387e-03 -9.933999999999998387e-03 -1.655499999999990313e-03 -2.499999999933111283e-07 -5.930212989174449056e+00
4.271519999999999762e-01 1.397349999999999981e-01 -9.933499999999984009e-03 -9.933999999999998387e-03 2.500000000071889161e-07 2.500000000002500222e-07 4.508432590320542238e-08
4.205300000000000149e-01 1.264899999999999913e-01 -9.933499999999984009e-03 -9.933499999999997887e-03 -1.655750000000011379e-03 1.655750000000000971e-03 -1.186520302073146915e+01
4.072850000000000081e-01 1.198680000000000023e-01 -1.324500000000000677e-02 -6.622499999999996445e-03 -2.500000000071889161e-07 1.655499999999997252e-03 -6.752942174404802600e+00
3.940400000000000014e-01 1.132449999999999984e-01 -9.933999999999998387e-03 -6.622500000000003384e-03 1.655500000000004190e-03 -1.655750000000000971e-03 1.610732511667108824e+01
3.874170000000000114e-01 1.066229999999999956e-01 -9.933999999999998387e-03 -9.933999999999998387e-03 2.499999999933111283e-07 -1.655749999999997502e-03 5.932899990981936433e+00
3.741720000000000046e-01 9.337700000000000167e-02 -9.933500000000011765e-03 -9.933999999999998387e-03 1.655749999999997502e-03 2.500000000002500222e-07 5.931556506985466548e+00
3.675499999999999878e-01 8.675499999999999878e-02 -6.622500000000003384e-03 -9.933499999999997887e-03 1.655500000000004190e-03 -1.655500000000000721e-03 1.610706312949564278e+01
3.609269999999999978e-01 7.351000000000000589e-02 -6.622500000000003384e-03 -1.324499999999999983e-02 1.655749999999997502e-03 -3.311500000000001942e-03 1.350690404562717184e+01
3.543049999999999811e-01 6.026499999999999913e-02 -3.311000000000008381e-03 -1.655650000000000177e-02 3.311250000000001692e-03 -1.655750000000000971e-03 1.252857058241775690e+01
3.543049999999999811e-01 4.039700000000000235e-02 0.000000000000000000e+00 -1.655650000000000177e-02 3.311000000000008381e-03 1.655750000000000104e-03 1.207875337349739375e+01
3.543049999999999811e-01 2.715199999999999905e-02 3.311000000000008381e-03 -1.324500000000000156e-02 4.966750000000005882e-03 4.967000000000000928e-03 3.231384073078282881e+01
3.609269999999999978e-01 1.390699999999999922e-02 9.933500000000011765e-03 -6.622499999999999915e-03 3.311499999999995003e-03 6.622500000000000782e-03 5.154727215015141439e+01
3.741720000000000046e-01 1.390699999999999922e-02 9.933999999999998387e-03 0.000000000000000000e+00 2.499999999933111283e-07 3.311249999999999957e-03 3.355395053700306107e+01
3.807949999999999946e-01 1.390699999999999922e-02 9.933999999999998387e-03 0.000000000000000000e+00 -2.499999999933111283e-07 0.000000000000000000e+00 0.000000000000000000e+00
3.940400000000000014e-01 1.390699999999999922e-02 9.933500000000011765e-03 0.000000000000000000e+00 -2.499999999933111283e-07 3.311249999999999957e-03 3.355732847982286415e+01
4.006620000000000181e-01 1.390699999999999922e-02 9.933500000000011765e-03 6.622499999999999915e-03 2.499999999933111283e-07 4.967000000000000061e-03 2.899436760890137066e+01
4.139070000000000249e-01 2.715199999999999905e-02 9.933999999999998387e-03 9.934000000000000122e-03 -3.311000000000008381e-03 8.673617379884035472e-19 1.186221731288729231e+01
4.205300000000000149e-01 3.377499999999999947e-02 3.311499999999995003e-03 6.622500000000001649e-03 -3.311500000000008881e-03 -1.655750000000000104e-03 4.051785681642672898e+01
4.205300000000000149e-01 4.039700000000000235e-02 3.310999999999980625e-03 6.622499999999999915e-03 -2.500000000071889161e-07 -8.673617379884035472e-19 4.078972039943896434e-03
4.271519999999999762e-01 4.701999999999999930e-02 3.310999999999980625e-03 6.622499999999999915e-03 2.500000000210667039e-07 0.000000000000000000e+00 -4.078972040177399755e-03
4.271519999999999762e-01 5.364200000000000218e-02 3.311500000000022759e-03 6.622499999999999915e-03 1.655750000000011379e-03 -3.311249999999999957e-03 -5.402516872538086545e+01
4.337750000000000217e-01 6.026499999999999913e-02 6.622500000000003384e-03 0.000000000000000000e+00 1.655499999999976435e-03 -6.622499999999999915e-03 -1.510003775009435856e+02
4.403969999999999829e-01 5.364200000000000218e-02 6.622499999999975628e-03 -6.622499999999999915e-03 0.000000000000000000e+00 -3.311249999999999957e-03 -2.669334772316152637e+01
4.470199999999999729e-01 4.701999999999999930e-02 6.622500000000003384e-03 -6.622499999999999915e-03 1.387778780781445676e-17 0.000000000000000000e+00 1.118745535922210312e-13
4.536419999999999897e-01 4.039700000000000235e-02 6.622500000000003384e-03 -6.622499999999999915e-03 0.000000000000000000e+00 1.655749999999999236e-03 1.334768153797647017e+01
4.602649999999999797e-01 3.377499999999999947e-02 6.622500000000003384e-03 -3.311000000000001442e-03 1.655500000000004190e-03 1.655499999999999854e-03 4.051540960564859262e+01
4.668869999999999965e-01 3.377499999999999947e-02 9.933500000000011765e-03 -3.311500000000000207e-03 1.655749999999997502e-03 -2.499999999993826605e-07 4.773825462108503892e+00
4.801320000000000032e-01 2.715199999999999905e-02 9.933999999999998387e-03 -3.311500000000000207e-03 2.499999999933111283e-07 1.655750000000000104e-03 1.432601881405994426e+01
4.867549999999999932e-01 2.715199999999999905e-02 9.933999999999998387e-03 0.000000000000000000e+00 1.387778780781445676e-17 1.655750000000000104e-03 1.677824193330096492e+01
5.000000000000000000e-01 2.715199999999999905e-02 9.934000000000026143e-03 0.000000000000000000e+00 -1.655750000000011379e-03 3.311250000000000825e-03 3.355395053700288344e+01
5.066230000000000455e-01 2.715199999999999905e-02 6.622499999999975628e-03 6.622500000000001649e-03 -1.655750000000025257e-03 6.622500000000000782e-03 6.673437698429981424e+01
5.132449999999999513e-01 4.039700000000000235e-02 6.622499999999975628e-03 1.324500000000000156e-02 -1.655499999999976435e-03 1.655749999999998369e-03 1.012915833740271587e+01
5.198679999999999968e-01 5.364200000000000218e-02 3.311500000000022759e-03 9.933999999999998387e-03 -3.311249999999987814e-03 -1.655499999999999854e-03 2.387381403771738064e+01
5.198679999999999968e-01 6.026499999999999913e-02 0.000000000000000000e+00 9.934000000000001857e-03 -3.311500000000022759e-03 1.655500000000000721e-03 3.355648386660213589e+01
5.198679999999999968e-01 7.351000000000000589e-02 -3.311500000000022759e-03 1.324499999999999983e-02 -1.655750000000011379e-03 1.655499999999998986e-03 6.463441715038333868e+00
5.132449999999999513e-01 8.675499999999999878e-02 -3.311500000000022759e-03 1.324499999999999983e-02 1.655750000000011379e-03 -1.655500000000000721e-03 -6.463441715038331203e+00
5.132449999999999513e-01 1.000000000000000056e-01 0.000000000000000000e+00 9.933999999999998387e-03 1.655750000000011379e-03 -1.655500000000000721e-03 -1.677824193330107860e+01
5.132449999999999513e-01 1.066229999999999956e-01 0.000000000000000000e+00 9.933999999999998387e-03 0.000000000000000000e+00 -2.500000000002500222e-07 -0.000000000000000000e+00
5.132449999999999513e-01 1.198680000000000023e-01 0.000000000000000000e+00 9.933499999999997887e-03 1.655750000000011379e-03 -3.311500000000001942e-03 -1.677993103222868854e+01
5.132449999999999513e-01 1.264899999999999913e-01 3.311500000000022759e-03 3.310999999999994503e-03 3.311250000000015570e-03 -3.310999999999994503e-03 -2.135387179396418560e+02
5.198679999999999968e-01 1.264899999999999913e-01 6.622500000000031140e-03 3.311500000000008881e-03 3.310999999999980625e-03 1.655750000000004440e-03 2.039455218306121791e-03
5.264900000000000135e-01 1.331130000000000091e-01 9.933499999999984009e-03 6.622500000000003384e-03 6.622499999999975628e-03 1.655499999999990313e-03 -1.610949548575199586e+01
5.397349999999999648e-01 1.397349999999999981e-01 1.986749999999998240e-02 6.622499999999989506e-03 4.967000000000026949e-03 -1.655500000000004190e-03 -7.162396548089819959e+00
5.662249999999999783e-01 1.463579999999999881e-01 1.986750000000003791e-02 3.311499999999995003e-03 2.775557561562891351e-17 -1.655749999999990563e-03 -4.025842930064577274e+00
5.794700000000000406e-01 1.463579999999999881e-01 1.986750000000003791e-02 3.311000000000008381e-03 -2.775557561562891351e-17 -2.499999999933111283e-07 -6.078653510012963553e-04
6.059600000000000541e-01 1.529800000000000049e-01 1.986749999999998240e-02 3.311000000000008381e-03 -3.311250000000043325e-03 -3.311000000000008381e-03 -6.708807257521302247e+00
6.192050000000000054e-01 1.529800000000000049e-01 1.324499999999995126e-02 -3.311000000000008381e-03 -4.966749999999992005e-03 -3.311000000000008381e-03 -2.369558040464992743e+01
6.324499999999999567e-01 1.463579999999999881e-01 9.933999999999998387e-03 -3.311000000000008381e-03 -3.311249999999960059e-03 -1.655749999999990563e-03 -2.387489549970049296e+01
6.390730000000000022e-01 1.463579999999999881e-01 6.622500000000031140e-03 -6.622499999999989506e-03 -3.311499999999995003e-03 -3.311499999999995003e-03 -5.339072615190566751e+01
6.456950000000000189e-01 1.331130000000000091e-01 3.311000000000008381e-03 -9.933999999999998387e-03 -4.966750000000019760e-03 1.655499999999990313e-03 -3.819940010041394629e+01
6.456950000000000189e-01 1.264899999999999913e-01 -3.311000000000008381e-03 -3.311500000000008881e-03 -4.966750000000019760e-03 4.966999999999999194e-03 -3.203201693304272908e+02
6.390730000000000022e-01 1.264899999999999913e-01 -6.622500000000031140e-03 0.000000000000000000e+00 -3.311499999999995003e-03 1.655750000000004440e-03 -3.775294451448635868e+01
6.324499999999999567e-01 1.264899999999999913e-01 -9.933999999999998387e-03 0.000000000000000000e+00 -3.311249999999960059e-03 0.000000000000000000e+00 0.000000000000000000e+00
6.192050000000000054e-01 1.264899999999999913e-01 -1.324499999999995126e-02 0.000000000000000000e+00 1.655750000000011379e-03 1.655750000000004440e-03 -9.438236128621749543e+00
6.059600000000000541e-01 1.264899999999999913e-01 -6.622499999999975628e-03 3.311500000000008881e-03 4.966999999999971438e-03 3.311250000000001692e-03 -9.454098639452489294e+01
6.059600000000000541e-01 1.331130000000000091e-01 -3.311000000000008381e-03 6.622500000000003384e-03 1.655749999999983624e-03 1.655499999999990313e-03 -4.051948857768803691e+01
5.993380000000000374e-01 1.397349999999999981e-01 -3.311000000000008381e-03 6.622499999999989506e-03 3.311000000000008381e-03 0.000000000000000000e+00 -5.402190569555722277e+01
5.993380000000000374e-01 1.463579999999999881e-01 3.311000000000008381e-03 6.622500000000003384e-03 4.966749999999992005e-03 6.938893903907228378e-18 -8.103693751537502976e+01
6.059600000000000541e-01 1.529800000000000049e-01 6.622499999999975628e-03 6.622500000000003384e-03 1.655999999999963057e-03 2.499999999933111283e-07 -1.334768153797630674e+01
6.125829999999999886e-01 1.596029999999999949e-01 6.622999999999934495e-03 6.622999999999990006e-03 4.999999999588666810e-07 4.999999999866222566e-07 2.236815979011102545e-13
