3.609269999999999978e-01 1.927149999999999974e-01 0.000000000000000000e+00 6.622999999999990006e-03 0.000000000000000000e+00 3.311000000000008381e-03 0.000000000000000000e+00
3.609269999999999978e-01 1.993379999999999874e-01 0.000000000000000000e+00 9.933999999999998387e-03 -1.655500000000004190e-03 4.966500000000005632e-03 1.677570860370213879e+01
3.609269999999999978e-01 2.125829999999999942e-01 -3.311000000000008381e-03 1.655600000000000127e-02 -1.655500000000004190e-03 1.655500000000004190e-03 4.555834218815159709e+00
3.543049999999999811e-01 2.324499999999999900e-01 -3.311000000000008381e-03 1.324500000000000677e-02 1.655500000000004190e-03 -4.966749999999998944e-03 -2.154321097917491823e+00
3.543049999999999811e-01 2.390730000000000077e-01 0.000000000000000000e+00 6.622500000000003384e-03 3.311000000000008381e-03 -3.311250000000008631e-03 -7.549448847197062662e+01
3.543049999999999811e-01 2.456949999999999967e-01 3.311000000000008381e-03 6.622499999999989506e-03 4.966750000000005882e-03 0.000000000000000000e+00 -8.103693751537555556e+01
3.609269999999999978e-01 2.523179999999999867e-01 9.933500000000011765e-03 6.622500000000003384e-03 3.311499999999995003e-03 6.938893903907228378e-18 -1.288779099473201128e+01
3.741720000000000046e-01 2.589400000000000035e-01 9.933999999999998387e-03 6.622500000000003384e-03 2.499999999933111283e-07 -1.655500000000004190e-03 -9.664589611719895501e+00
3.807949999999999946e-01 2.655629999999999935e-01 9.933999999999998387e-03 3.311499999999995003e-03 -2.499999999933111283e-07 -4.966999999999999194e-03 -4.297300938552747596e+01
3.940400000000000014e-01 2.655629999999999935e-01 9.933500000000011765e-03 -3.311499999999995003e-03 -1.655749999999997502e-03 -3.311499999999995003e-03 -3.342903577826767503e+01
4.006620000000000181e-01 2.589400000000000035e-01 6.622500000000003384e-03 -3.311499999999995003e-03 -1.655500000000004190e-03 2.499999999933111283e-07 -1.350119385123550408e+01
4.072850000000000081e-01 2.589400000000000035e-01 6.622500000000003384e-03 -3.311000000000008381e-03 0.000000000000000000e+00 -1.655500000000004190e-03 -2.701095284777852612e+01
4.139070000000000249e-01 2.523179999999999867e-01 6.622500000000003384e-03 -6.622500000000003384e-03 -1.655500000000004190e-03 -3.311499999999995003e-03 -4.004102926113790062e+01
4.205300000000000149e-01 2.456949999999999967e-01 3.311499999999995003e-03 -9.933999999999998387e-03 -3.311250000000001692e-03 -1.655499999999997252e-03 -3.342305119979973682e+01
4.205300000000000149e-01 2.324499999999999900e-01 0.000000000000000000e+00 -9.933499999999997887e-03 -1.655749999999997502e-03 1.655750000000004440e-03 -1.677993103222854998e+01
4.205300000000000149e-01 2.258280000000000010e-01 0.000000000000000000e+00 -6.622499999999989506e-03 0.000000000000000000e+00 -2.500000000002500222e-07 0.000000000000000000e+00
4.205300000000000149e-01 2.192050000000000110e-01 0.000000000000000000e+00 -9.933999999999998387e-03 -3.311250000000001692e-03 -4.966750000000005882e-03 -3.355395053700308239e+01
4.205300000000000149e-01 2.059600000000000042e-01 -6.622500000000003384e-03 -1.655600000000000127e-02 -4.966999999999999194e-03 -1.655500000000004190e-03 -1.257046772397127476e+01
4.072850000000000081e-01 1.860930000000000084e-01 -9.933999999999998387e-03 -1.324500000000000677e-02 0.000000000000000000e+00 4.966749999999998944e-03 -1.087173167371941851e+01
4.006620000000000181e-01 1.794699999999999906e-01 -6.622500000000003384e-03 -6.622500000000003384e-03 1.655749999999997502e-03 1.655750000000004440e-03 -5.567794131832555183e-14
3.940400000000000014e-01 1.728480000000000016e-01 -6.622500000000003384e-03 -9.933499999999997887e-03 1.655500000000004190e-03 -1.655749999999997502e-03 1.610803608668985376e+01
3.874170000000000114e-01 1.596029999999999949e-01 -3.311499999999995003e-03 -9.933999999999998387e-03 1.655749999999997502e-03 1.655499999999997252e-03 9.550679209373305056e+00
3.874170000000000114e-01 1.529800000000000049e-01 -3.311000000000008381e-03 -6.622500000000003384e-03 2.499999999933111283e-07 -1.655500000000004190e-03 1.350853572990984830e+01
3.807949999999999946e-01 1.463579999999999881e-01 -3.311000000000008381e-03 -1.324500000000000677e-02 3.311000000000008381e-03 -3.311249999999994753e-03 2.154158458547267330e+01
3.807949999999999946e-01 1.264899999999999913e-01 3.311000000000008381e-03 -1.324499999999999289e-02 3.311000000000008381e-03 3.311250000000005161e-03 2.154158458547273369e+01
3.874170000000000114e-01 1.198680000000000023e-01 3.311000000000008381e-03 -6.622499999999996445e-03 2.499999999933111283e-07 3.311249999999994753e-03 2.701503181981826529e+01
3.874170000000000114e-01 1.132449999999999984e-01 3.311499999999995003e-03 -6.622500000000003384e-03 1.655749999999997502e-03 0.000000000000000000e+00 2.701258436269032259e+01
3.940400000000000014e-01 1.066229999999999956e-01 6.622500000000003384e-03 -6.622499999999996445e-03 6.622249999999996195e-03 1.655500000000004190e-03 6.673034627871643920e+01
4.006620000000000181e-01 1.000000000000000056e-01 1.655599999999998739e-02 -3.311499999999995003e-03 4.966999999999999194e-03 4.966999999999995724e-03 2.050296069951760813e+01
4.271519999999999762e-01 1.000000000000000056e-01 1.655650000000000177e-02 3.311499999999995003e-03 -4.966749999999992005e-03 4.966999999999995724e-03 2.050151861627159633e+01
4.337750000000000217e-01 1.066229999999999956e-01 6.622500000000003384e-03 6.622499999999996445e-03 -4.967000000000013071e-03 3.311000000000001442e-03 6.673236163150805567e+01
4.403969999999999829e-01 1.132449999999999984e-01 6.622499999999975628e-03 9.933499999999997887e-03 -1.655500000000004190e-03 1.655750000000004440e-03 1.610803608668992126e+01
4.470199999999999729e-01 1.264899999999999913e-01 3.311499999999995003e-03 9.934000000000005326e-03 -3.311249999999987814e-03 -1.655499999999997252e-03 2.387381403771746236e+01
4.470199999999999729e-01 1.331130000000000091e-01 0.000000000000000000e+00 6.622500000000003384e-03 -1.655749999999997502e-03 -2.500000000037194692e-07 3.775294451448651500e+01
4.470199999999999729e-01 1.397349999999999981e-01 0.000000000000000000e+00 9.933499999999997887e-03 0.000000000000000000e+00 1.655749999999997502e-03 0.000000000000000000e+00
4.470199999999999729e-01 1.529800000000000049e-01 0.000000000000000000e+00 9.933999999999998387e-03 0.000000000000000000e+00 -1.655499999999997252e-03 -0.000000000000000000e+00
4.470199999999999729e-01 1.596029999999999949e-01 0.000000000000000000e+00 6.622500000000003384e-03 0.000000000000000000e+00 -1.655749999999997502e-03 -0.000000000000000000e+00
4.470199999999999729e-01 1.662250000000000116e-01 0.000000000000000000e+00 6.622500000000003384e-03 0.000000000000000000e+00 -3.311250000000001692e-03 -0.000000000000000000e+00
4.470199999999999729e-01 1.728480000000000016e-01 0.000000000000000000e+00 0.000000000000000000e+00 0.000000000000000000e+00 -6.622500000000003384e-03 0.000000000000000000e+00
4.470199999999999729e-01 1.662250000000000116e-01 0.000000000000000000e+00 -6.622500000000003384e-03 1.655500000000004190e-03 -3.311250000000001692e-03 3.774724423598531331e+01
4.470199999999999729e-01 1.596029999999999949e-01 3.311000000000008381e-03 -6.622500000000003384e-03 1.655500000000004190e-03 0.000000000000000000e+00 2.701095284777852612e+01
4.536419999999999897e-01 1.529800000000000049e-01 3.311000000000008381e-03 -6.622500000000003384e-03 2.499999999933111283e-07 -1.655499999999997252e-03 -1.350037778583034154e+01
4.536419999999999897e-01 1.463579999999999881e-01 3.311499999999995003e-03 -9.933499999999997887e-03 3.311499999999995003e-03 -1.655749999999997502e-03 2.387705855974770230e+01
4.602649999999999797e-01 1.331130000000000091e-01 9.933999999999998387e-03 -9.933999999999998387e-03 6.622250000000010073e-03 1.655499999999997252e-03 2.965643894948734172e+01
4.735099999999999865e-01 1.264899999999999913e-01 1.655600000000001515e-02 -6.622500000000003384e-03 1.655500000000004190e-03 3.311500000000001942e-03 1.160367713287302571e+01
4.933770000000000100e-01 1.198680000000000023e-01 1.324500000000000677e-02 -3.310999999999994503e-03 -3.311000000000022259e-03 3.311250000000001692e-03 1.292657724322760693e+01
5.000000000000000000e-01 1.198680000000000023e-01 9.933999999999970631e-03 0.000000000000000000e+00 0.000000000000000000e+00 1.655499999999997252e-03 1.677570860370216366e+01
5.132449999999999513e-01 1.198680000000000023e-01 1.324500000000000677e-02 0.000000000000000000e+00 1.655500000000018068e-03 3.311250000000001692e-03 1.887504718761795885e+01
5.264900000000000135e-01 1.198680000000000023e-01 1.324500000000000677e-02 6.622500000000003384e-03 -3.311250000000015570e-03 6.622499999999996445e-03 3.376471087202398280e+01
5.397349999999999648e-01 1.331130000000000091e-01 6.622499999999975628e-03 1.324499999999999289e-02 -6.622500000000003384e-03 3.311249999999994753e-03 3.376471087202408938e+01
5.397349999999999648e-01 1.463579999999999881e-01 0.000000000000000000e+00 1.324499999999999289e-02 -3.311249999999987814e-03 3.311250000000008631e-03 1.887504718761792333e+01
5.397349999999999648e-01 1.596029999999999949e-01 0.000000000000000000e+00 1.986750000000001015e-02 -1.655500000000004190e-03 3.311250000000001692e-03 4.194138248442812689e+00
5.397349999999999648e-01 1.860930000000000084e-01 -3.311000000000008381e-03 1.986749999999999627e-02 -3.311249999999987814e-03 -3.311250000000008631e-03 9.392938025880818387e+00
5.331129999999999480e-01 1.993379999999999874e-01 -6.622499999999975628e-03 1.324499999999999289e-02 -1.655749999999983624e-03 -3.311249999999994753e-03 1.350639419721833256e+01
5.264900000000000135e-01 2.125829999999999942e-01 -6.622499999999975628e-03 1.324500000000000677e-02 -3.311250000000015570e-03 6.938893903907228378e-18 1.350588434880967093e+01
5.198679999999999968e-01 2.258280000000000010e-01 -1.324500000000000677e-02 1.324500000000000677e-02 -1.655750000000011379e-03 -1.655750000000004440e-03 6.673840768988264394e+00
5.000000000000000000e-01 2.390730000000000077e-01 -9.933999999999998387e-03 9.933499999999997887e-03 4.966750000000005882e-03 -4.967000000000006132e-03 1.791424701836806565e-03
5.000000000000000000e-01 2.456949999999999967e-01 -3.311499999999995003e-03 3.310999999999994503e-03 4.966999999999999194e-03 -3.311000000000001442e-03 -5.337863388306654144e+01
4.933770000000000100e-01 2.456949999999999967e-01 0.000000000000000000e+00 3.311499999999995003e-03 6.622749999999982817e-03 2.500000000002500222e-07 -6.039331135470628169e+02
5.000000000000000000e-01 2.523179999999999867e-01 9.933999999999970631e-03 3.311499999999995003e-03 1.490074999999999039e-02 -1.655749999999997502e-03 -5.730047013801225830e+01
5.132449999999999513e-01 2.523179999999999867e-01 2.980149999999998078e-02 0.000000000000000000e+00 1.158925000000003702e-02 -2.499999999933111283e-07 -2.814905118105062655e-04
5.596029999999999616e-01 2.523179999999999867e-01 3.311250000000004468e-02 3.311000000000008381e-03 -4.966999999999971438e-03 1.655500000000004190e-03 1.933793206762424388e+00
5.794700000000000406e-01 2.589400000000000035e-01 1.986750000000003791e-02 3.311000000000008381e-03 -8.278000000000035330e-03 -1.655500000000004190e-03 -6.709313773735441355e-01
5.993380000000000374e-01 2.589400000000000035e-01 1.655649999999997402e-02 0.000000000000000000e+00 -2.775557561562891351e-17 -1.655500000000004190e-03 -6.039376686748716416e+00
6.125829999999999886e-01 2.589400000000000035e-01 1.986749999999998240e-02 0.000000000000000000e+00 -2.499999999794333405e-07 0.000000000000000000e+00 0.000000000000000000e+00
6.390730000000000022e-01 2.589400000000000035e-01 1.655600000000001515e-02 0.000000000000000000e+00 -6.622500000000003384e-03 0.000000000000000000e+00 0.000000000000000000e+00
6.456950000000000189e-01 2.589400000000000035e-01 6.622499999999975628e-03 0.000000000000000000e+00 -4.966750000000019760e-03 0.000000000000000000e+00 0.000000000000000000e+00
6.523179999999999534e-01 2.589400000000000035e-01 6.622499999999975628e-03 0.000000000000000000e+00 -1.655749999999983624e-03 -1.655500000000004190e-03 -3.774724423598564016e+01
6.589399999999999702e-01 2.589400000000000035e-01 3.311000000000008381e-03 -3.311000000000008381e-03 -6.622499999999975628e-03 -3.311250000000001692e-03 -3.203685466232249723e+02
6.589399999999999702e-01 2.523179999999999867e-01 -6.622499999999975628e-03 -6.622500000000003384e-03 -4.966749999999992005e-03 -1.655749999999990563e-03 -2.669133237037020834e+01
6.456950000000000189e-01 2.456949999999999967e-01 -6.622499999999975628e-03 -6.622499999999989506e-03 1.655749999999983624e-03 -3.311249999999994753e-03 4.004102926113798588e+01
6.456950000000000189e-01 2.390730000000000077e-01 -3.311000000000008381e-03 -1.324499999999999289e-02 1.655749999999983624e-03 -4.967000000000006132e-03 1.508057306240462303e+01
6.390730000000000022e-01 2.192050000000000110e-01 -3.311000000000008381e-03 -1.655650000000000177e-02 1.655500000000004190e-03 -1.655500000000004190e-03 6.833156024332356360e+00
6.390730000000000022e-01 2.059600000000000042e-01 0.000000000000000000e+00 -1.655600000000000127e-02 3.311000000000008381e-03 3.311500000000001942e-03 1.207948295405826933e+01
6.390730000000000022e-01 1.860930000000000084e-01 3.311000000000008381e-03 -9.933499999999997887e-03 6.622500000000003384e-03 6.622249999999996195e-03 7.640413615034245254e+01
6.456950000000000189e-01 1.860930000000000084e-01 1.324500000000000677e-02 -3.311500000000008881e-03 6.622749999999982817e-03 3.310999999999994503e-03 2.585083918389975821e+01
6.655630000000000157e-01 1.794699999999999906e-01 1.655649999999997402e-02 -3.311500000000008881e-03 -1.655750000000011379e-03 4.967000000000006132e-03 1.594547272094185608e+01
6.788079999999999670e-01 1.794699999999999906e-01 9.933499999999984009e-03 6.622500000000003384e-03 -6.622749999999982817e-03 8.278250000000007824e-03 7.409969017607542696e+01
6.854299999999999837e-01 1.927149999999999974e-01 3.311000000000008381e-03 1.324500000000000677e-02 -4.966749999999992005e-03 3.311250000000001692e-03 3.015951963286523352e+01
6.854299999999999837e-01 2.059600000000000042e-01 0.000000000000000000e+00 1.324500000000000677e-02 -3.311000000000008381e-03 1.655749999999997502e-03 1.887362211799265665e+01
6.854299999999999837e-01 2.192050000000000110e-01 -3.311000000000008381e-03 1.655650000000000177e-02 -4.966749999999992005e-03 1.655749999999990563e-03 1.594506261048895901e+01
6.788079999999999670e-01 2.390730000000000077e-01 -9.933499999999984009e-03 1.655649999999998789e-02 -1.655749999999983624e-03 -3.311500000000001942e-03 8.378694647289043118e+00
6.655630000000000157e-01 2.523179999999999867e-01 -6.622499999999975628e-03 9.933499999999997887e-03 4.966749999999992005e-03 -4.967249999999985566e-03 -9.662194674935449257e+00
6.655630000000000157e-01 2.589400000000000035e-01 0.000000000000000000e+00 6.622000000000016762e-03 6.622499999999975628e-03 -3.311499999999981125e-03 -1.510231811974404366e+02
