4.205300000000000149e-01 1.596029999999999949e-01 -6.622999999999990006e-03 0.000000000000000000e+00 3.311499999999995003e-03 3.311000000000008381e-03 -7.548309006660130649e+01
4.139070000000000249e-01 1.596029999999999949e-01 -3.311499999999995003e-03 3.311000000000008381e-03 3.311499999999995003e-03 3.311250000000001692e-03 -2.135548407618362319e+02
4.139070000000000249e-01 1.662250000000000116e-01 0.000000000000000000e+00 6.622500000000003384e-03 1.655749999999997502e-03 1.655749999999990563e-03 -3.775294451448651500e+01
4.139070000000000249e-01 1.728480000000000016e-01 0.000000000000000000e+00 6.622499999999989506e-03 0.000000000000000000e+00 1.655499999999997252e-03 0.000000000000000000e+00
4.139070000000000249e-01 1.794699999999999906e-01 0.000000000000000000e+00 9.933499999999997887e-03 0.000000000000000000e+00 3.311250000000008631e-03 0.000000000000000000e+00
4.139070000000000249e-01 1.927149999999999974e-01 0.000000000000000000e+00 1.324500000000000677e-02 3.311249999999987814e-03 2.500000000002500222e-07 -1.887504718761787714e+01
4.139070000000000249e-01 2.059600000000000042e-01 6.622499999999975628e-03 9.933999999999998387e-03 6.622499999999989506e-03 -1.655500000000004190e-03 -4.509963470532449037e+01
4.271519999999999762e-01 2.125829999999999942e-01 1.324499999999997901e-02 9.933999999999998387e-03 3.311250000000015570e-03 -1.655749999999997502e-03 -1.208024907920178848e+01
4.403969999999999829e-01 2.258280000000000010e-01 1.324500000000000677e-02 6.622500000000003384e-03 1.655750000000011379e-03 -3.311500000000001942e-03 -1.688363005703398656e+01
4.536419999999999897e-01 2.258280000000000010e-01 1.655650000000000177e-02 3.310999999999994503e-03 0.000000000000000000e+00 -1.655750000000004440e-03 -5.695242589895562091e+00
4.735099999999999865e-01 2.324499999999999900e-01 1.324500000000000677e-02 3.310999999999994503e-03 -1.655749999999997502e-03 -4.966749999999992005e-03 -2.369688161785325065e+01
4.801320000000000032e-01 2.324499999999999900e-01 1.324500000000000677e-02 -6.622499999999989506e-03 -1.655500000000004190e-03 -8.277999999999993697e-03 -3.714041718661320601e+01
5.000000000000000000e-01 2.192050000000000110e-01 9.933999999999998387e-03 -1.324499999999999289e-02 -8.278250000000000886e-03 -3.311250000000008631e-03 -3.140777206694435364e+01
5.000000000000000000e-01 2.059600000000000042e-01 -3.311499999999995003e-03 -1.324500000000000677e-02 -9.933999999999998387e-03 -6.938893903907228378e-18 -5.170363008647570524e+01
4.933770000000000100e-01 1.927149999999999974e-01 -9.933999999999998387e-03 -1.324500000000000677e-02 -4.966750000000005882e-03 -1.655499999999997252e-03 -1.087154928353678152e+01
4.801320000000000032e-01 1.794699999999999906e-01 -1.324500000000000677e-02 -1.655600000000000127e-02 -1.655500000000004190e-03 -1.655499999999997252e-03 -5.751070122439621013e-01
4.668869999999999965e-01 1.596029999999999949e-01 -1.324500000000000677e-02 -1.655600000000000127e-02 0.000000000000000000e+00 1.655500000000004190e-03 -2.300601744841790808e+00
4.536419999999999897e-01 1.463579999999999881e-01 -1.324500000000000677e-02 -1.324499999999999289e-02 0.000000000000000000e+00 -2.499999999967805753e-07 5.038381978636795929e-04
4.403969999999999829e-01 1.331130000000000091e-01 -1.324500000000000677e-02 -1.655649999999999483e-02 1.387778780781445676e-17 -1.655750000000004440e-03 2.300822052586114275e+00
4.271519999999999762e-01 1.132449999999999984e-01 -1.324499999999997901e-02 -1.655650000000000177e-02 1.655750000000011379e-03 -4.966750000000002413e-03 9.777842354076033971e+00
4.139070000000000249e-01 1.000000000000000056e-01 -9.933499999999984009e-03 -2.648999999999999966e-02 4.966999999999985316e-03 -4.966750000000000678e-03 7.989391671504314729e+00
4.072850000000000081e-01 6.026499999999999913e-02 -3.311000000000008381e-03 -2.649000000000000313e-02 8.277999999999993697e-03 4.966749999999998944e-03 1.066123927579316444e+01
4.072850000000000081e-01 4.701999999999999930e-02 6.622500000000003384e-03 -1.655650000000000177e-02 8.278000000000007574e-03 8.278000000000000635e-03 3.383999162503402403e+01
4.205300000000000149e-01 2.715199999999999905e-02 1.324500000000000677e-02 -9.934000000000000122e-03 3.311249999999987814e-03 8.278250000000000886e-03 3.140777206694425416e+01
4.337750000000000217e-01 2.715199999999999905e-02 1.324499999999997901e-02 0.000000000000000000e+00 -1.387778780781445676e-17 6.622750000000000165e-03 3.775151944486140110e+01
4.470199999999999729e-01 2.715199999999999905e-02 1.324499999999997901e-02 3.311500000000000207e-03 1.387778780781445676e-17 4.967000000000000061e-03 2.585181504323793433e+01
4.602649999999999797e-01 3.377499999999999947e-02 1.324500000000000677e-02 9.934000000000000122e-03 3.311250000000015570e-03 6.622250000000000532e-03 1.207878984756804108e+01
4.735099999999999865e-01 4.701999999999999930e-02 1.986750000000001015e-02 1.655600000000000127e-02 1.655750000000011379e-03 3.310999999999998840e-03 2.218270125246970981e+00
5.000000000000000000e-01 6.688700000000000201e-02 1.655650000000002953e-02 1.655599999999999780e-02 -6.622500000000017262e-03 -1.655500000000000721e-03 6.406403453802210990e+00
5.066230000000000455e-01 8.013199999999999490e-02 6.622499999999975628e-03 1.324499999999999983e-02 -6.622750000000038328e-03 -3.310999999999996238e-03 2.026035606844100556e+01
5.132449999999999513e-01 9.337700000000000167e-02 3.310999999999952870e-03 9.934000000000005326e-03 -1.655499999999976435e-03 -3.311000000000001442e-03 4.775555814340053828e+00
5.132449999999999513e-01 1.000000000000000056e-01 3.311500000000022759e-03 6.622999999999996945e-03 2.500000000349444917e-07 -4.967000000000002663e-03 -4.051663327264211034e+01
5.198679999999999968e-01 1.066229999999999956e-01 3.311500000000022759e-03 0.000000000000000000e+00 -2.500000000071889161e-07 -8.278499999999997666e-03 -7.549220913516722931e+02
5.198679999999999968e-01 1.000000000000000056e-01 3.311000000000008381e-03 -9.933999999999998387e-03 -2.500000000071889161e-07 -4.967000000000002663e-03 -1.432594671332778624e+01
5.264900000000000135e-01 8.675499999999999878e-02 3.311000000000008381e-03 -9.934000000000005326e-03 2.499999999794333405e-07 0.000000000000000000e+00 2.163060050150855326e-03
5.264900000000000135e-01 8.013199999999999490e-02 3.311499999999967248e-03 -9.933999999999998387e-03 3.311499999999995003e-03 2.500000000037194692e-07 2.865131660447439899e+01
5.331129999999999480e-01 6.688700000000000201e-02 9.933999999999998387e-03 -9.933499999999997887e-03 4.966750000000019760e-03 1.655749999999999236e-03 2.372712162758219279e+01
5.463580000000000103e-01 6.026499999999999913e-02 1.324500000000000677e-02 -6.622499999999999915e-03 4.966749999999992005e-03 1.655499999999998986e-03 1.688159066339878223e+01
5.596029999999999616e-01 5.364200000000000218e-02 1.986749999999998240e-02 -6.622499999999999915e-03 3.311250000000015570e-03 1.655749999999999236e-03 5.969084393553274026e+00
5.860929999999999751e-01 4.701999999999999930e-02 1.986750000000003791e-02 -3.311000000000001442e-03 -4.966999999999971438e-03 4.966750000000000678e-03 1.006376810001152577e+01
5.993380000000000374e-01 4.701999999999999930e-02 9.933500000000039520e-03 3.311000000000001442e-03 -4.967000000000026949e-03 8.278000000000002370e-03 8.595510379530112743e+01
6.059600000000000541e-01 5.364200000000000218e-02 9.933499999999984009e-03 1.324500000000000330e-02 -1.655500000000031946e-03 6.622749999999998430e-03 1.932839123543368132e+01
6.192050000000000054e-01 7.351000000000000589e-02 6.622499999999975628e-03 1.655649999999999830e-02 -4.966749999999992005e-03 3.311249999999996488e-03 1.837021442415047545e+01
6.192050000000000054e-01 8.675499999999999878e-02 0.000000000000000000e+00 1.986749999999999627e-02 -4.966749999999992005e-03 1.655499999999998986e-03 1.258304810960633446e+01
6.192050000000000054e-01 1.132449999999999984e-01 -3.311000000000008381e-03 1.986749999999999627e-02 -1.655500000000004190e-03 -4.966749999999995474e-03 6.037875880147756114e+00
6.125829999999999886e-01 1.264899999999999913e-01 -3.311000000000008381e-03 9.934000000000005326e-03 -2.499999999794333405e-07 -1.655499999999997252e-03 4.776276979518770283e+00
6.125829999999999886e-01 1.331130000000000091e-01 -3.311499999999967248e-03 1.655650000000000177e-02 -2.499999999794333405e-07 3.310999999999997973e-03 -2.276991052627339140e+00
6.059600000000000541e-01 1.596029999999999949e-01 -3.311499999999967248e-03 1.655600000000000127e-02 1.655749999999983624e-03 -3.311500000000001942e-03 -3.417074100527614622e+00
6.059600000000000541e-01 1.662250000000000116e-01 0.000000000000000000e+00 9.933499999999997887e-03 4.966999999999971438e-03 -1.655500000000004190e-03 -5.033725951205124005e+01
6.059600000000000541e-01 1.794699999999999906e-01 6.622499999999975628e-03 1.324499999999999289e-02 4.966999999999999194e-03 -1.655499999999997252e-03 -2.363555253462125094e+01
6.192050000000000054e-01 1.927149999999999974e-01 9.933999999999998387e-03 6.622500000000003384e-03 4.966999999999999194e-03 -4.966749999999998944e-03 -4.832100242107458143e+01
6.258280000000000509e-01 1.927149999999999974e-01 1.655649999999997402e-02 3.311499999999995003e-03 4.966749999999992005e-03 0.000000000000000000e+00 -3.416948425916107368e+00
6.523179999999999534e-01 1.993379999999999874e-01 1.986749999999998240e-02 6.622500000000003384e-03 -2.499999999794333405e-07 -2.499999999933111283e-07 -3.605172672319397875e-04
6.655630000000000157e-01 2.059600000000000042e-01 1.655600000000001515e-02 3.311000000000008381e-03 -1.655749999999983624e-03 -4.966750000000005882e-03 -1.594593576731116080e+01
6.854299999999999837e-01 2.059600000000000042e-01 1.655600000000001515e-02 -3.311000000000008381e-03 -1.655249999999997002e-03 -4.966750000000005882e-03 -1.822368089354700516e+01
6.986750000000000460e-01 1.993379999999999874e-01 1.324550000000002115e-02 -6.622500000000003384e-03 -3.311000000000008381e-03 -1.655749999999990563e-03 -1.350491570226858862e+01
7.119210000000000260e-01 1.927149999999999974e-01 9.933999999999998387e-03 -6.622499999999989506e-03 -4.967250000000006382e-03 -1.655499999999997252e-03 -2.899328244414120093e+01
7.185430000000000428e-01 1.860930000000000084e-01 3.311000000000008381e-03 -9.933499999999997887e-03 -6.622500000000003384e-03 -6.938893903907228378e-18 -5.730436399668655412e+01
7.185430000000000428e-01 1.728480000000000016e-01 -3.311000000000008381e-03 -6.622500000000003384e-03 -6.622500000000003384e-03 3.311000000000001442e-03 -1.350608828509337513e+02
7.119210000000000260e-01 1.728480000000000016e-01 -9.933999999999998387e-03 -3.311499999999995003e-03 -3.311499999999995003e-03 1.655500000000004190e-03 -2.387381403771759025e+01
6.986750000000000460e-01 1.662250000000000116e-01 -9.933999999999998387e-03 -3.311499999999995003e-03 2.499999999794333405e-07 1.655749999999997502e-03 -1.432457676676884439e+01
6.920530000000000292e-01 1.662250000000000116e-01 -9.933500000000039520e-03 0.000000000000000000e+00 0.000000000000000000e+00 1.655749999999997502e-03 -1.677993103222840787e+01
6.788079999999999670e-01 1.662250000000000116e-01 -9.933999999999998387e-03 0.000000000000000000e+00 1.655500000000031946e-03 1.655749999999997502e-03 -1.677824193330093649e+01
6.721850000000000325e-01 1.662250000000000116e-01 -6.622499999999975628e-03 3.311499999999995003e-03 3.311499999999995003e-03 3.311249999999994753e-03 -8.103571394078875301e+01
6.655630000000000157e-01 1.728480000000000016e-01 -3.311000000000008381e-03 6.622499999999989506e-03 4.966749999999992005e-03 3.311000000000001442e-03 -1.080458510311156459e+02
6.655630000000000157e-01 1.794699999999999906e-01 3.311000000000008381e-03 9.933499999999997887e-03 6.622249999999996195e-03 3.311250000000008631e-03 -4.775195415199905824e+01
6.721850000000000325e-01 1.927149999999999974e-01 9.933499999999984009e-03 1.324500000000000677e-02 4.966999999999971438e-03 1.655750000000004440e-03 -1.087250510623621125e+01
6.854299999999999837e-01 2.059600000000000042e-01 1.324499999999995126e-02 1.324500000000000677e-02 3.311499999999967248e-03 0.000000000000000000e+00 -6.673840768988209327e+00
