4.337750000000000217e-01 4.046359999999999957e-01 6.621999999999961251e-03 6.622000000000016762e-03 -6.621999999999961251e-03 -3.311000000000008381e-03 2.669536322812400897e+01
4.403969999999999829e-01 4.112580000000000124e-01 0.000000000000000000e+00 3.311000000000008381e-03 -8.277749999999972630e-03 2.499999999933111283e-07 7.550816991511441074e+02
4.337750000000000217e-01 4.112580000000000124e-01 -9.933499999999984009e-03 6.622500000000003384e-03 -4.966999999999999194e-03 1.655749999999997502e-03 9.665113546518087517e+00
4.205300000000000149e-01 4.245030000000000192e-01 -9.933999999999998387e-03 6.622500000000003384e-03 1.655499999999990313e-03 -1.655500000000004190e-03 3.221367715750254934e+00
4.139070000000000249e-01 4.245030000000000192e-01 -6.622500000000003384e-03 3.311499999999995003e-03 1.655749999999997502e-03 0.000000000000000000e+00 -1.350731190895414535e+01
4.072850000000000081e-01 4.311260000000000092e-01 -6.622500000000003384e-03 6.622500000000003384e-03 1.655500000000004190e-03 1.655500000000004190e-03 -2.669133237037003425e+01
4.006620000000000181e-01 4.377480000000000260e-01 -3.311499999999995003e-03 6.622500000000003384e-03 6.622500000000003384e-03 -1.655500000000004190e-03 -9.453690779202376859e+01
4.006620000000000181e-01 4.443710000000000160e-01 6.622500000000003384e-03 3.311499999999995003e-03 8.278249999999987008e-03 -3.311250000000001692e-03 -1.215535707572146578e+02
4.139070000000000249e-01 4.443710000000000160e-01 1.324499999999997901e-02 0.000000000000000000e+00 1.655749999999997502e-03 -1.655749999999997502e-03 -9.438236128621671384e+00
4.271519999999999762e-01 4.443710000000000160e-01 9.933999999999998387e-03 0.000000000000000000e+00 -1.655499999999990313e-03 0.000000000000000000e+00 0.000000000000000000e+00
4.337750000000000217e-01 4.443710000000000160e-01 9.933999999999998387e-03 0.000000000000000000e+00 -2.500000000071889161e-07 -1.655749999999997502e-03 -1.677824193330093649e+01
4.470199999999999729e-01 4.443710000000000160e-01 9.933499999999984009e-03 -3.311499999999995003e-03 -1.655749999999997502e-03 -1.655749999999997502e-03 -1.910251219376394971e+01
4.536419999999999897e-01 4.377480000000000260e-01 6.622500000000003384e-03 -3.311499999999995003e-03 -3.310999999999994503e-03 -1.655500000000004190e-03 -5.401905066766189378e+01
4.602649999999999797e-01 4.377480000000000260e-01 3.311499999999995003e-03 -6.622500000000003384e-03 -4.966999999999999194e-03 -3.311000000000008381e-03 -1.080442193930426669e+02
4.602649999999999797e-01 4.245030000000000192e-01 -3.311499999999995003e-03 -9.933500000000011765e-03 -6.622749999999996695e-03 -1.655500000000004190e-03 -5.252866370324195344e+01
4.536419999999999897e-01 4.178810000000000024e-01 -9.933999999999998387e-03 -9.933500000000011765e-03 -3.310999999999994503e-03 -2.499999999933111283e-07 -1.186162009242632642e+01
4.403969999999999829e-01 4.046359999999999957e-01 -9.933499999999984009e-03 -9.933999999999998387e-03 1.655749999999997502e-03 -1.655749999999997502e-03 1.186460580026272638e+01
4.337750000000000217e-01 3.980130000000000057e-01 -6.622500000000003384e-03 -1.324500000000000677e-02 1.655499999999990313e-03 -3.311000000000008381e-03 1.350486465199198705e+01
4.271519999999999762e-01 3.781459999999999821e-01 -6.622500000000003384e-03 -1.655600000000001515e-02 1.655750000000011379e-03 -1.655749999999997502e-03 6.768994171499530310e+00
4.205300000000000149e-01 3.649009999999999754e-01 -3.310999999999980625e-03 -1.655650000000000177e-02 3.311250000000001692e-03 -2.499999999794333405e-07 1.138979722912395864e+01
4.205300000000000149e-01 3.450329999999999786e-01 0.000000000000000000e+00 -1.655649999999997402e-02 1.655499999999990313e-03 2.500000000071889161e-07 6.039376686748666678e+00
4.205300000000000149e-01 3.317880000000000273e-01 0.000000000000000000e+00 -1.655599999999998739e-02 1.655499999999990313e-03 1.655749999999983624e-03 6.039741477029095584e+00
4.205300000000000149e-01 3.119210000000000038e-01 3.310999999999980625e-03 -1.324500000000000677e-02 8.277999999999993697e-03 3.310999999999994503e-03 4.739376323570652971e+01
4.271519999999999762e-01 3.052980000000000138e-01 1.655599999999998739e-02 -9.933999999999998387e-03 6.622750000000010573e-03 3.311250000000001692e-03 1.675714578163898594e+01
4.536419999999999897e-01 2.920530000000000070e-01 1.655650000000000177e-02 -6.622500000000003384e-03 -3.310999999999994503e-03 6.622500000000003384e-03 1.547036118643283054e+01
4.602649999999999797e-01 2.920530000000000070e-01 9.933999999999998387e-03 3.311000000000008381e-03 -4.966999999999999194e-03 8.278250000000000886e-03 8.594919109981512406e+01
4.735099999999999865e-01 2.986750000000000238e-01 6.622500000000003384e-03 9.933999999999998387e-03 -3.311499999999995003e-03 3.311499999999995003e-03 3.221659594431776696e+01
4.735099999999999865e-01 3.119210000000000038e-01 3.311000000000008381e-03 9.933999999999998387e-03 -1.655749999999997502e-03 -2.499999999933111283e-07 1.432522576589193442e+01
4.801320000000000032e-01 3.185430000000000206e-01 3.311000000000008381e-03 9.933500000000011765e-03 -1.655500000000004190e-03 0.000000000000000000e+00 1.432500937659713358e+01
4.801320000000000032e-01 3.317880000000000273e-01 0.000000000000000000e+00 9.933999999999998387e-03 2.499999999933111283e-07 -1.655500000000018068e-03 -2.533329598799947957e-03
4.801320000000000032e-01 3.384110000000000174e-01 3.311499999999995003e-03 6.622499999999975628e-03 1.655749999999997502e-03 -1.655749999999997502e-03 -4.051989627164476815e+01
4.867549999999999932e-01 3.450329999999999786e-01 3.311499999999995003e-03 6.622500000000003384e-03 -1.655749999999997502e-03 -3.311249999999987814e-03 1.126791257884777766e-13
4.867549999999999932e-01 3.516560000000000241e-01 0.000000000000000000e+00 0.000000000000000000e+00 -2.499999999933111283e-07 -6.622500000000003384e-03 0.000000000000000000e+00
4.867549999999999932e-01 3.450329999999999786e-01 3.311000000000008381e-03 -6.622500000000003384e-03 1.655500000000004190e-03 -4.966749999999992005e-03 -1.350445675787001321e+01
4.933770000000000100e-01 3.384110000000000174e-01 3.311000000000008381e-03 -9.933499999999984009e-03 2.499999999933111283e-07 -3.311250000000001692e-03 -9.548083354389520494e+00
4.933770000000000100e-01 3.251660000000000106e-01 3.311499999999995003e-03 -1.324500000000000677e-02 3.311499999999981125e-03 -2.500000000071889161e-07 1.723508549531968370e+01
5.000000000000000000e-01 3.119210000000000038e-01 9.933999999999970631e-03 -9.933999999999998387e-03 4.966750000000005882e-03 3.311000000000008381e-03 2.965643894948746251e+01
5.132449999999999513e-01 3.052980000000000138e-01 1.324500000000000677e-02 -6.622999999999990006e-03 1.387778780781445676e-17 1.655749999999997502e-03 6.753146090672609070e+00
5.264900000000000135e-01 2.986750000000000238e-01 9.933999999999998387e-03 -6.622500000000003384e-03 -1.655500000000004190e-03 1.655999999999990813e-03 3.224286355664419013e+00
5.331129999999999480e-01 2.920530000000000070e-01 9.933999999999998387e-03 -3.311000000000008381e-03 1.655500000000004190e-03 3.311250000000001692e-03 3.342384428607369529e+01
5.463580000000000103e-01 2.920530000000000070e-01 1.324500000000000677e-02 0.000000000000000000e+00 3.311000000000008381e-03 6.622500000000003384e-03 3.775009437523591771e+01
5.596029999999999616e-01 2.920530000000000070e-01 1.655600000000001515e-02 9.933999999999998387e-03 0.000000000000000000e+00 8.278250000000000886e-03 1.904168831908496173e+01
5.794700000000000406e-01 3.119210000000000038e-01 1.324500000000000677e-02 1.655650000000000177e-02 -6.622250000000023951e-03 1.655500000000004190e-03 1.380345586418758863e+01
5.860929999999999751e-01 3.251660000000000106e-01 3.311499999999967248e-03 1.324500000000000677e-02 -6.622500000000003384e-03 3.310999999999994503e-03 3.877674665639915474e+01
5.860929999999999751e-01 3.384110000000000174e-01 0.000000000000000000e+00 2.317849999999999078e-02 -3.311499999999967248e-03 6.622499999999989506e-03 6.163879006472495981e+00
5.860929999999999751e-01 3.715229999999999921e-01 -3.311499999999967248e-03 2.648999999999998578e-02 -3.311249999999987814e-03 -3.310999999999994503e-03 5.186555021775276053e+00
5.794700000000000406e-01 3.913909999999999889e-01 -6.622499999999975628e-03 1.655650000000000177e-02 -1.655500000000031946e-03 -8.278249999999987008e-03 1.450277012392966292e+01
5.728480000000000238e-01 4.046359999999999957e-01 -6.622500000000031140e-03 9.933500000000011765e-03 -2.775557561562891351e-17 -3.311499999999995003e-03 1.288779099473221912e+01
5.662249999999999783e-01 4.112580000000000124e-01 -6.622500000000031140e-03 9.933500000000011765e-03 2.775557561562891351e-17 1.655749999999997502e-03 -6.443895497366191272e+00
5.596029999999999616e-01 4.245030000000000192e-01 -6.622499999999975628e-03 1.324500000000000677e-02 2.775557561562891351e-17 2.499999999933111283e-07 -5.098484088881509056e-04
5.529800000000000271e-01 4.377480000000000260e-01 -6.622499999999975628e-03 9.933999999999998387e-03 1.655749999999983624e-03 -3.311250000000015570e-03 3.220394860262479675e+00
5.463580000000000103e-01 4.443710000000000160e-01 -3.311000000000008381e-03 6.622499999999975628e-03 6.622499999999975628e-03 -3.311500000000008881e-03 -8.103897715537654278e+01
5.463580000000000103e-01 4.509929999999999772e-01 6.622499999999975628e-03 3.310999999999980625e-03 9.933500000000011765e-03 -3.311249999999987814e-03 -1.350568038788949821e+02
5.596029999999999616e-01 4.509929999999999772e-01 1.655600000000001515e-02 0.000000000000000000e+00 6.622500000000031140e-03 -1.655499999999990313e-03 -6.039741477029074268e+00
5.794700000000000406e-01 4.509929999999999772e-01 1.986750000000003791e-02 0.000000000000000000e+00 1.655749999999983624e-03 0.000000000000000000e+00 0.000000000000000000e+00
5.993380000000000374e-01 4.509929999999999772e-01 1.986749999999998240e-02 0.000000000000000000e+00 -2.775557561562891351e-17 0.000000000000000000e+00 0.000000000000000000e+00
6.192050000000000054e-01 4.509929999999999772e-01 1.986749999999998240e-02 0.000000000000000000e+00 4.966999999999999194e-03 0.000000000000000000e+00 0.000000000000000000e+00
6.390730000000000022e-01 4.509929999999999772e-01 2.980149999999998078e-02 0.000000000000000000e+00 4.966750000000019760e-03 0.000000000000000000e+00 0.000000000000000000e+00
6.788079999999999670e-01 4.509929999999999772e-01 2.980100000000002192e-02 0.000000000000000000e+00 -3.311249999999987814e-03 0.000000000000000000e+00 0.000000000000000000e+00
6.986750000000000460e-01 4.509929999999999772e-01 2.317900000000000515e-02 0.000000000000000000e+00 -4.966500000000012571e-03 0.000000000000000000e+00 0.000000000000000000e+00
7.251659999999999773e-01 4.509929999999999772e-01 1.986799999999999677e-02 0.000000000000000000e+00 -6.622750000000010573e-03 0.000000000000000000e+00 0.000000000000000000e+00
7.384110000000000396e-01 4.509929999999999772e-01 9.933499999999984009e-03 0.000000000000000000e+00 -4.967250000000006382e-03 -1.655499999999990313e-03 -1.677739744759433549e+01
7.450329999999999453e-01 4.509929999999999772e-01 9.933499999999984009e-03 -3.310999999999980625e-03 2.500000000349444917e-07 -1.655499999999990313e-03 -1.432428833117614175e+01
7.582780000000000076e-01 4.443710000000000160e-01 9.934000000000053898e-03 -3.310999999999980625e-03 -1.655500000000004190e-03 -2.500000000071889161e-07 -4.776276979518938148e+00
7.649010000000000531e-01 4.443710000000000160e-01 6.622499999999975628e-03 -3.311499999999995003e-03 -3.311500000000050514e-03 -1.655750000000011379e-03 -5.402720818059972174e+01
7.715229999999999588e-01 4.377480000000000260e-01 3.310999999999952870e-03 -6.622500000000003384e-03 -4.966749999999964249e-03 -1.655500000000004190e-03 -9.454139427324547285e+01
7.715229999999999588e-01 4.311260000000000092e-01 -3.310999999999952870e-03 -6.622500000000003384e-03 -4.966749999999964249e-03 0.000000000000000000e+00 -8.103693751537542767e+01
7.649010000000000531e-01 4.245030000000000192e-01 -6.622499999999975628e-03 -6.622500000000003384e-03 -3.311500000000050514e-03 0.000000000000000000e+00 -2.669536307595350877e+01
7.582780000000000076e-01 4.178810000000000024e-01 -9.934000000000053898e-03 -6.622500000000003384e-03 -1.655500000000004190e-03 0.000000000000000000e+00 -6.442249040481804911e+00
7.450329999999999453e-01 4.112580000000000124e-01 -9.933499999999984009e-03 -6.622500000000003384e-03 -1.655499999999948679e-03 1.655749999999997502e-03 -1.610852252855755751e+01
7.384110000000000396e-01 4.046359999999999957e-01 -1.324499999999995126e-02 -3.311000000000008381e-03 -1.655750000000011379e-03 3.311250000000001692e-03 -1.938888997949936410e+01
7.185430000000000428e-01 4.046359999999999957e-01 -1.324500000000000677e-02 0.000000000000000000e+00 3.311249999999960059e-03 4.966750000000005882e-03 -2.831185824661428541e+01
7.119210000000000260e-01 4.046359999999999957e-01 -6.622500000000031140e-03 6.622500000000003384e-03 4.966749999999992005e-03 4.966750000000005882e-03 -8.007802781669251146e+01
7.052979999999999805e-01 4.178810000000000024e-01 -3.311500000000022759e-03 9.933500000000011765e-03 3.311250000000015570e-03 0.000000000000000000e+00 -2.865088402185625682e+01
7.052979999999999805e-01 4.245030000000000192e-01 0.000000000000000000e+00 6.622500000000003384e-03 4.967000000000026949e-03 2.499999999933111283e-07 -1.132531332649589899e+02
7.052979999999999805e-01 4.311260000000000092e-01 6.622500000000031140e-03 9.933999999999998387e-03 6.622500000000003384e-03 0.000000000000000000e+00 -3.865738566484239414e+01
7.185430000000000428e-01 4.443710000000000160e-01 1.324500000000000677e-02 6.622500000000003384e-03 3.311249999999960059e-03 -4.966999999999999194e-03 -2.701227854602787559e+01
7.317879999999999940e-01 4.443710000000000160e-01 1.324499999999995126e-02 0.000000000000000000e+00 -5.551115123125782702e-17 -6.622500000000003384e-03 -3.775009437523623745e+01
