3.874170000000000114e-01 1.529800000000000049e-01 -6.622000000000016762e-03 6.622999999999990006e-03 -4.999999999866222566e-07 3.311000000000008381e-03 -2.668528593166589857e+01
3.807949999999999946e-01 1.596029999999999949e-01 -6.622500000000003384e-03 9.933999999999998387e-03 1.655250000000010879e-03 4.966500000000005632e-03 -2.898890455772058417e+01
3.741720000000000046e-01 1.728480000000000016e-01 -3.311499999999995003e-03 1.655600000000000127e-02 4.966999999999999194e-03 3.311000000000001442e-03 -1.936359198704928630e+01
3.741720000000000046e-01 1.927149999999999974e-01 3.311499999999995003e-03 1.655600000000000127e-02 9.933999999999998387e-03 1.655749999999997502e-03 -3.303188846707296733e+01
3.807949999999999946e-01 2.059600000000000042e-01 1.655650000000000177e-02 1.986749999999999627e-02 1.158925000000000927e-02 1.655749999999997502e-03 -1.172644327478572279e+01
4.072850000000000081e-01 2.324499999999999900e-01 2.649000000000001354e-02 1.986749999999999627e-02 3.310999999999994503e-03 -4.966749999999998944e-03 -5.435785578893914227e+00
4.337750000000000217e-01 2.456949999999999967e-01 2.317849999999999078e-02 9.933999999999998387e-03 -1.655750000000011379e-03 -1.158924999999999539e-02 -1.572489765303317455e+01
4.536419999999999897e-01 2.523179999999999867e-01 2.317849999999999078e-02 -3.310999999999994503e-03 -3.310999999999994503e-03 -9.933999999999998387e-03 -1.879292682651415447e+01
4.801320000000000032e-01 2.390730000000000077e-01 1.655650000000000177e-02 -9.933999999999998387e-03 -8.277999999999993697e-03 -6.622750000000003634e-03 -2.665750785343879059e+01
4.867549999999999932e-01 2.324499999999999900e-01 6.622500000000003384e-03 -1.655650000000000177e-02 -9.933999999999998387e-03 -1.158924999999999539e-02 -4.254290928816369188e+01
4.933770000000000100e-01 2.059600000000000042e-01 -3.311499999999995003e-03 -3.311249999999998916e-02 -1.490050000000001096e-02 -8.278000000000000635e-03 -1.264469981033060897e+01
4.801320000000000032e-01 1.662250000000000116e-01 -2.317850000000001853e-02 -3.311250000000000304e-02 -9.933499999999997887e-03 8.278249999999993947e-03 -7.887159875604845105e+00
4.470199999999999729e-01 1.397349999999999981e-01 -2.317849999999999078e-02 -1.655600000000000127e-02 3.311000000000022259e-03 8.278250000000000886e-03 -5.930683871840325416e+00
4.337750000000000217e-01 1.331130000000000091e-01 -1.655649999999997402e-02 -1.655600000000000127e-02 3.310999999999994503e-03 -4.967250000000002913e-03 1.067753257165344927e+01
4.139070000000000249e-01 1.066229999999999956e-01 -1.655650000000000177e-02 -2.649050000000000710e-02 4.966999999999985316e-03 -6.622749999999998430e-03 7.913039889277293071e+00
4.006620000000000181e-01 8.013199999999999490e-02 -6.622500000000003384e-03 -2.980149999999999813e-02 9.933999999999998387e-03 1.656000000000004690e-03 1.001968164204209444e+01
4.006620000000000181e-01 4.701999999999999930e-02 3.311499999999995003e-03 -2.317849999999999772e-02 1.324499999999999289e-02 6.622499999999998180e-03 2.562618134108675250e+01
4.072850000000000081e-01 3.377499999999999947e-02 1.986749999999998240e-02 -1.655650000000000177e-02 1.655600000000000127e-02 6.622249999999998797e-03 2.345317369671536412e+01
4.403969999999999829e-01 1.390699999999999922e-02 3.642349999999999755e-02 -9.934000000000000122e-03 8.278250000000000886e-03 9.934000000000001857e-03 8.252086886866393911e+00
4.801320000000000032e-01 1.390699999999999922e-02 3.642399999999998417e-02 3.311500000000000207e-03 -4.966500000000012571e-03 1.158950000000000084e-02 8.964498026693560107e+00
5.132449999999999513e-01 2.052999999999999964e-02 2.649049999999997240e-02 1.324500000000000156e-02 -8.278249999999973130e-03 9.933500000000001356e-03 1.434935207748189256e+01
5.331129999999999480e-01 4.039700000000000235e-02 1.986750000000003791e-02 2.317850000000000119e-02 -4.967249999999978627e-03 3.311249999999997355e-03 6.359010904562266475e+00
5.529800000000000271e-01 6.688700000000000201e-02 1.655600000000001515e-02 1.986749999999999627e-02 -4.966750000000019760e-03 -6.622250000000001399e-03 -6.337094223659772707e-01
5.662249999999999783e-01 8.013199999999999490e-02 9.933999999999998387e-03 9.933999999999998387e-03 -4.966749999999992005e-03 -9.933749999999998137e-03 -1.779511730386925450e+01
5.728480000000000238e-01 8.675499999999999878e-02 6.622500000000031140e-03 0.000000000000000000e+00 -1.655750000000011379e-03 -8.278249999999997416e-03 -1.887533220154285232e+02
5.794700000000000406e-01 8.013199999999999490e-02 6.622499999999975628e-03 -6.622499999999996445e-03 3.311249999999987814e-03 -6.622499999999998180e-03 -2.669334772316154059e+01
5.860929999999999751e-01 7.351000000000000589e-02 1.324500000000000677e-02 -1.324499999999999636e-02 8.278000000000007574e-03 -3.311250000000003427e-03 1.000975347708661545e+01
6.059600000000000541e-01 5.364200000000000218e-02 2.317849999999999078e-02 -1.324500000000000330e-02 4.966999999999971438e-03 4.966999999999997459e-03 9.509123333053299376e+00
6.324499999999999567e-01 4.701999999999999930e-02 2.317899999999994964e-02 -3.311000000000001442e-03 3.311500000000022759e-03 8.278000000000002370e-03 1.580196784760862805e+01
6.523179999999999534e-01 4.701999999999999930e-02 2.980150000000003629e-02 3.311000000000001442e-03 1.655500000000031946e-03 6.622250000000001399e-03 7.117122803679596821e+00
6.920530000000000292e-01 5.364200000000000218e-02 2.649000000000001354e-02 9.933500000000001356e-03 -1.158950000000003033e-02 8.278249999999999151e-03 1.476827498846235187e+01
7.052979999999999805e-01 6.688700000000000201e-02 6.622499999999975628e-03 1.986749999999999974e-02 -1.490074999999999039e-02 4.967249999999997709e-03 3.581342480951783358e+01
7.052979999999999805e-01 9.337700000000000167e-02 -3.311499999999967248e-03 1.986799999999999677e-02 -9.933749999999991198e-03 1.655749999999999236e-03 2.348109243578813832e+01
6.986750000000000460e-01 1.066229999999999956e-01 -1.324500000000000677e-02 2.317899999999999822e-02 -9.933500000000039520e-03 8.277750000000000385e-03 6.339077288244522990e+00
6.788079999999999670e-01 1.397349999999999981e-01 -2.317850000000004629e-02 3.642349999999999755e-02 -4.966999999999999194e-03 4.966750000000002413e-03 8.176086796780470678e-01
6.523179999999999534e-01 1.794699999999999906e-01 -2.317900000000000515e-02 3.311250000000000304e-02 6.622250000000023951e-03 -8.277999999999993697e-03 -4.149979547256618106e-01
6.324499999999999567e-01 2.059600000000000042e-01 -9.933999999999998387e-03 1.986750000000001015e-02 1.158950000000000258e-02 -8.278000000000000635e-03 -1.350583147621154900e+01
6.324499999999999567e-01 2.192050000000000110e-01 0.000000000000000000e+00 1.655650000000000177e-02 1.324525000000001396e-02 -6.938893903907228378e-18 -4.831957357907463546e+01
6.324499999999999567e-01 2.390730000000000077e-01 1.655650000000002953e-02 1.986749999999999627e-02 1.158950000000000258e-02 -1.655750000000004440e-03 -1.489640417369660774e+01
6.655630000000000157e-01 2.589400000000000035e-01 2.317900000000000515e-02 1.324499999999999289e-02 4.966749999999992005e-03 -6.622499999999996445e-03 -1.152543686229732778e+01
6.788079999999999670e-01 2.655629999999999935e-01 2.649000000000001354e-02 6.622500000000003384e-03 6.622500000000003384e-03 -4.966999999999992255e-03 -8.617332281933682836e+00
7.185430000000000428e-01 2.721850000000000103e-01 3.642400000000001192e-02 3.311000000000008381e-03 3.311249999999987814e-03 -1.655500000000004190e-03 -1.456610070069205287e+00
7.516559999999999908e-01 2.721850000000000103e-01 3.311249999999998916e-02 3.311499999999995003e-03 -4.966999999999999194e-03 2.499999999933111283e-07 4.465586325590074623e-01
7.847680000000000211e-01 2.788080000000000003e-01 2.649000000000001354e-02 3.311499999999995003e-03 -8.278000000000007574e-03 -2.499999999933111283e-07 1.440448670285354282e+00
8.046360000000000179e-01 2.788080000000000003e-01 1.655649999999997402e-02 3.311000000000008381e-03 -6.622500000000003384e-03 -2.499999999933111283e-07 4.554577430697952067e+00
8.178809999999999691e-01 2.854300000000000170e-01 1.324500000000000677e-02 3.311000000000008381e-03 -3.311499999999967248e-03 -1.655500000000004190e-03 -4.307991638354143227e+00
8.311260000000000314e-01 2.854300000000000170e-01 9.933500000000039520e-03 0.000000000000000000e+00 -3.311250000000015570e-03 -1.655500000000004190e-03 -1.677739744759428930e+01
8.377480000000000482e-01 2.854300000000000170e-01 6.622499999999975628e-03 0.000000000000000000e+00 -3.311000000000036136e-03 -6.622500000000003384e-03 -1.510003775009449498e+02
8.443709999999999827e-01 2.854300000000000170e-01 3.311499999999967248e-03 -1.324500000000000677e-02 -1.655749999999983624e-03 -8.278000000000007574e-03 -1.938967450672986814e+01
8.443709999999999827e-01 2.589400000000000035e-01 3.311000000000008381e-03 -1.655600000000001515e-02 -1.655749999999983624e-03 1.655750000000004440e-03 -4.556522203444925978e+00
8.509929999999999994e-01 2.523179999999999867e-01 0.000000000000000000e+00 -9.933499999999997887e-03 -9.933500000000011765e-03 4.966750000000012821e-03 -1.006694518548348043e+02
8.443709999999999827e-01 2.390730000000000077e-01 -1.655600000000001515e-02 -6.622499999999989506e-03 -8.278249999999987008e-03 4.966749999999998944e-03 -2.417297681656653907e+01
8.178809999999999691e-01 2.390730000000000077e-01 -1.655649999999997402e-02 0.000000000000000000e+00 1.655500000000004190e-03 4.966749999999992005e-03 -1.811904207726310290e+01
8.112580000000000346e-01 2.390730000000000077e-01 -1.324500000000000677e-02 3.310999999999994503e-03 3.311499999999967248e-03 4.966749999999998944e-03 -3.015984491160567771e+01
7.913909999999999556e-01 2.456949999999999967e-01 -9.933500000000039520e-03 9.933499999999997887e-03 1.158925000000002314e-02 6.622750000000003634e-03 -6.525413782683367003e+01
7.913909999999999556e-01 2.589400000000000035e-01 9.933500000000039520e-03 1.655650000000000177e-02 1.490050000000003871e-02 1.655750000000004440e-03 -3.198929896122247740e+01
8.112580000000000346e-01 2.788080000000000003e-01 1.986750000000003791e-02 1.324500000000000677e-02 4.967249999999978627e-03 -4.967249999999992505e-03 -1.208167253669180496e+01
8.311260000000000314e-01 2.854300000000000170e-01 1.986799999999999677e-02 6.622000000000016762e-03 4.999999999588666810e-07 -6.622999999999990006e-03 -1.432630718704549544e+01
