4.403969999999999829e-01 2.456949999999999967e-01 -6.621999999999961251e-03 0.000000000000000000e+00 -5.000000000421334079e-07 0.000000000000000000e+00 0.000000000000000000e+00
4.337750000000000217e-01 2.456949999999999967e-01 -6.622500000000003384e-03 0.000000000000000000e+00 -2.500000000210667039e-07 1.655749999999997502e-03 -3.775294451448651500e+01
4.271519999999999762e-01 2.456949999999999967e-01 -6.622500000000003384e-03 3.311499999999995003e-03 -1.655499999999990313e-03 3.311250000000001692e-03 -4.051581766914391380e+01
4.205300000000000149e-01 2.523179999999999867e-01 -9.933499999999984009e-03 6.622500000000003384e-03 -1.655749999999997502e-03 4.966750000000005882e-03 -2.254998566966750673e+01
4.072850000000000081e-01 2.589400000000000035e-01 -9.933999999999998387e-03 1.324500000000000677e-02 3.310999999999994503e-03 4.966999999999999194e-03 -2.053531077740801436e+01
4.006620000000000181e-01 2.788080000000000003e-01 -3.311499999999995003e-03 1.655650000000000177e-02 4.966999999999999194e-03 0.000000000000000000e+00 -1.708457019035551738e+01
4.006620000000000181e-01 2.920530000000000070e-01 0.000000000000000000e+00 1.324500000000000677e-02 4.966999999999999194e-03 -3.311250000000001692e-03 -2.831328331623959116e+01
4.006620000000000181e-01 3.052980000000000138e-01 6.622500000000003384e-03 9.933999999999998387e-03 6.622499999999989506e-03 -3.311250000000001692e-03 -5.154285660129403368e+01
4.139070000000000249e-01 3.119210000000000038e-01 1.324499999999997901e-02 6.622500000000003384e-03 3.311249999999987814e-03 -3.311499999999995003e-03 -2.025984622003198865e+01
4.271519999999999762e-01 3.185430000000000206e-01 1.324499999999997901e-02 3.311000000000008381e-03 -1.655499999999990313e-03 -3.311250000000001692e-03 -1.508057306240472428e+01
4.403969999999999829e-01 3.185430000000000206e-01 9.933999999999998387e-03 0.000000000000000000e+00 -3.311249999999987814e-03 -6.622500000000003384e-03 -6.710790107400616478e+01
4.470199999999999729e-01 3.185430000000000206e-01 6.622500000000003384e-03 -9.933999999999998387e-03 -3.311499999999995003e-03 -8.278250000000000886e-03 -5.154431592125122563e+01
4.536419999999999897e-01 2.986750000000000238e-01 3.311000000000008381e-03 -1.655650000000000177e-02 -4.966750000000005882e-03 -1.655500000000004190e-03 -1.822278128526645347e+01
4.536419999999999897e-01 2.854300000000000170e-01 -3.311000000000008381e-03 -1.324500000000000677e-02 -6.622249999999996195e-03 1.655749999999997502e-03 -3.662215764787725902e+01
4.470199999999999729e-01 2.721850000000000103e-01 -9.933499999999984009e-03 -1.324500000000000677e-02 -3.311499999999995003e-03 -1.655499999999997252e-03 -6.041273746044947046e+00
4.337750000000000217e-01 2.589400000000000035e-01 -9.933999999999998387e-03 -1.655600000000000127e-02 1.655499999999990313e-03 -1.655499999999997252e-03 6.092880215156501578e+00
4.271519999999999762e-01 2.390730000000000077e-01 -6.622500000000003384e-03 -1.655600000000000127e-02 1.655750000000011379e-03 -2.500000000002500222e-07 4.835266992536030983e+00
4.205300000000000149e-01 2.258280000000000010e-01 -6.622499999999975628e-03 -1.655650000000000177e-02 1.655500000000004190e-03 -2.500000000002500222e-07 4.834305369764743787e+00
4.139070000000000249e-01 2.059600000000000042e-01 -3.311499999999995003e-03 -1.655650000000000177e-02 4.966999999999985316e-03 1.655749999999997502e-03 1.594547272094175661e+01
4.139070000000000249e-01 1.927149999999999974e-01 3.311499999999995003e-03 -1.324500000000000677e-02 4.966999999999985316e-03 3.311500000000001942e-03 3.016099306605825348e+01
4.205300000000000149e-01 1.794699999999999906e-01 6.622499999999975628e-03 -9.933499999999997887e-03 8.277999999999993697e-03 1.655750000000004440e-03 5.476751724210939187e+01
4.271519999999999762e-01 1.728480000000000016e-01 1.986749999999998240e-02 -9.933499999999997887e-03 9.933750000000018954e-03 1.655499999999997252e-03 1.200495860628053713e+01
4.602649999999999797e-01 1.596029999999999949e-01 2.649000000000001354e-02 -6.622500000000003384e-03 -1.655749999999983624e-03 6.622250000000003134e-03 8.078230569084391632e+00
4.801320000000000032e-01 1.596029999999999949e-01 1.655600000000001515e-02 3.311000000000008381e-03 -6.622249999999996195e-03 6.622500000000003384e-03 2.733620929897885432e+01
4.933770000000000100e-01 1.662250000000000116e-01 1.324550000000002115e-02 6.622500000000003384e-03 -3.311000000000022259e-03 1.655749999999990563e-03 1.350491570226861704e+01
5.066230000000000455e-01 1.728480000000000016e-01 9.933999999999970631e-03 6.622499999999989506e-03 -4.967250000000034138e-03 1.655499999999997252e-03 2.899328244414145317e+01
5.132449999999999513e-01 1.794699999999999906e-01 3.310999999999952870e-03 9.933499999999997887e-03 -4.966999999999985316e-03 1.655750000000004440e-03 4.775483844256906707e+01
5.132449999999999513e-01 1.927149999999999974e-01 0.000000000000000000e+00 9.933999999999998387e-03 -1.655499999999976435e-03 -1.655499999999997252e-03 1.677570860370185812e+01
5.132449999999999513e-01 1.993379999999999874e-01 0.000000000000000000e+00 6.622500000000003384e-03 0.000000000000000000e+00 -1.655749999999997502e-03 -0.000000000000000000e+00
5.132449999999999513e-01 2.059600000000000042e-01 0.000000000000000000e+00 6.622500000000003384e-03 -1.655499999999976435e-03 -1.655500000000004190e-03 3.774724423598468093e+01
5.132449999999999513e-01 2.125829999999999942e-01 -3.310999999999952870e-03 3.311499999999995003e-03 -1.655499999999976435e-03 -4.966999999999999194e-03 2.135387179396444708e+02
5.066230000000000455e-01 2.125829999999999942e-01 -3.310999999999952870e-03 -3.311499999999995003e-03 3.310999999999952870e-03 -4.966999999999999194e-03 2.669254126251702246e+02
5.066230000000000455e-01 2.059600000000000042e-01 3.310999999999952870e-03 -6.622500000000003384e-03 4.966749999999964249e-03 -3.311000000000001442e-03 5.402802399963542257e+01
5.132449999999999513e-01 1.993379999999999874e-01 6.622499999999975628e-03 -9.933499999999997887e-03 3.311500000000022759e-03 -1.655749999999997502e-03 1.288730447940597301e+01
5.198679999999999968e-01 1.860930000000000084e-01 9.933999999999998387e-03 -9.933999999999998387e-03 4.966750000000019760e-03 1.655499999999997252e-03 2.372533029304375063e+01
5.331129999999999480e-01 1.794699999999999906e-01 1.655600000000001515e-02 -6.622500000000003384e-03 4.966750000000019760e-03 1.655750000000004440e-03 1.063644852942655206e+01
5.529800000000000271e-01 1.728480000000000016e-01 1.986750000000003791e-02 -6.622499999999989506e-03 1.655749999999983624e-03 0.000000000000000000e+00 1.193852930437354631e+00
5.728480000000000238e-01 1.662250000000000116e-01 1.986749999999998240e-02 -6.622500000000003384e-03 3.311249999999987814e-03 3.311249999999994753e-03 9.550102408964525225e+00
5.927149999999999919e-01 1.596029999999999949e-01 2.649000000000001354e-02 0.000000000000000000e+00 1.655750000000011379e-03 6.622500000000003384e-03 9.437523593808979427e+00
6.258280000000000509e-01 1.662250000000000116e-01 2.317900000000000515e-02 6.622500000000003384e-03 -8.278250000000014763e-03 4.966999999999999194e-03 1.213181064222335337e+01
6.390730000000000022e-01 1.728480000000000016e-01 9.933499999999984009e-03 9.933999999999998387e-03 -8.278250000000014763e-03 4.966749999999998944e-03 4.745513894497314311e+01
6.456950000000000189e-01 1.860930000000000084e-01 6.622499999999975628e-03 1.655600000000000127e-02 -4.966749999999992005e-03 8.278000000000000635e-03 2.417268480098533701e+01
6.523179999999999534e-01 2.059600000000000042e-01 0.000000000000000000e+00 2.648999999999999966e-02 -8.278249999999987008e-03 3.311499999999995003e-03 1.179708262596438040e+01
6.456950000000000189e-01 2.390730000000000077e-01 -9.933999999999998387e-03 2.317899999999999128e-02 -8.278000000000007574e-03 -6.622500000000003384e-03 1.606639114753545883e+01
6.324499999999999567e-01 2.523179999999999867e-01 -1.655600000000001515e-02 1.324499999999999289e-02 -3.310999999999980625e-03 -4.966999999999992255e-03 1.322919829273085668e+01
6.125829999999999886e-01 2.655629999999999935e-01 -1.655599999999995964e-02 1.324500000000000677e-02 -1.655749999999983624e-03 6.938893903907228378e-18 2.300949162803832770e+00
5.993380000000000374e-01 2.788080000000000003e-01 -1.986749999999998240e-02 1.324500000000000677e-02 -2.500000000349444917e-07 -1.655749999999997502e-03 2.416577733923270799e+00
5.728480000000000238e-01 2.920530000000000070e-01 -1.655650000000002953e-02 9.933500000000011765e-03 6.622499999999975628e-03 -4.966999999999999194e-03 2.285631769335037866e+00
5.662249999999999783e-01 2.986750000000000238e-01 -6.622500000000031140e-03 3.311000000000008381e-03 4.967000000000026949e-03 -3.311000000000008381e-03 1.350445675786998478e+01
5.596029999999999616e-01 2.986750000000000238e-01 -6.622499999999975628e-03 3.311499999999995003e-03 4.966750000000019760e-03 2.499999999933111283e-07 -4.052193541892769701e+01
5.529800000000000271e-01 3.052980000000000138e-01 3.311000000000008381e-03 3.311499999999995003e-03 1.158949999999997482e-02 -1.655749999999997502e-03 -4.271258055631412844e+02
5.662249999999999783e-01 3.052980000000000138e-01 1.655649999999997402e-02 0.000000000000000000e+00 8.278250000000014763e-03 -1.655749999999997502e-03 -6.040288703765718914e+00
5.860929999999999751e-01 3.052980000000000138e-01 1.986750000000003791e-02 0.000000000000000000e+00 9.933500000000011765e-03 0.000000000000000000e+00 0.000000000000000000e+00
6.059600000000000541e-01 3.052980000000000138e-01 3.642349999999999755e-02 0.000000000000000000e+00 1.158949999999997482e-02 0.000000000000000000e+00 0.000000000000000000e+00
6.589399999999999702e-01 3.052980000000000138e-01 4.304649999999998755e-02 0.000000000000000000e+00 -4.966499999999984816e-03 0.000000000000000000e+00 0.000000000000000000e+00
6.920530000000000292e-01 3.052980000000000138e-01 2.649050000000002791e-02 0.000000000000000000e+00 -4.966999999999999194e-03 0.000000000000000000e+00 0.000000000000000000e+00
7.119210000000000260e-01 3.052980000000000138e-01 3.311249999999998916e-02 0.000000000000000000e+00 1.655249999999969246e-03 0.000000000000000000e+00 0.000000000000000000e+00
7.582780000000000076e-01 3.052980000000000138e-01 2.980099999999996641e-02 0.000000000000000000e+00 -9.933749999999991198e-03 -1.655749999999997502e-03 -1.864374218990332732e+00
7.715229999999999588e-01 3.052980000000000138e-01 1.324500000000000677e-02 -3.311499999999995003e-03 -8.277999999999979819e-03 -6.622500000000003384e-03 -4.524018837143739802e+01
7.847680000000000211e-01 2.986750000000000238e-01 1.324500000000000677e-02 -1.324500000000000677e-02 -1.655500000000004190e-03 -6.622250000000010073e-03 -1.668258656967912756e+01
7.980129999999999724e-01 2.788080000000000003e-01 9.933999999999998387e-03 -1.655600000000001515e-02 -4.966749999999992005e-03 0.000000000000000000e+00 -1.142455295005769145e+01
8.046360000000000179e-01 2.655629999999999935e-01 3.311500000000022759e-03 -1.324500000000000677e-02 -6.622750000000010573e-03 1.655500000000011129e-03 -3.231525675827612787e+01
8.046360000000000179e-01 2.523179999999999867e-01 -3.311500000000022759e-03 -1.324499999999999289e-02 -6.622750000000010573e-03 1.655500000000004190e-03 -3.662378414271186955e+01
7.980129999999999724e-01 2.390730000000000077e-01 -9.933999999999998387e-03 -9.933999999999998387e-03 -4.966749999999992005e-03 4.966749999999992005e-03 -3.558844327320006329e+01
7.847680000000000211e-01 2.324499999999999900e-01 -1.324500000000000677e-02 -3.311500000000008881e-03 -3.311000000000008381e-03 4.966999999999999194e-03 -3.016034242767347706e+01
7.715229999999999588e-01 2.324499999999999900e-01 -1.655600000000001515e-02 0.000000000000000000e+00 0.000000000000000000e+00 3.311500000000008881e-03 -1.208130709826756366e+01
7.516559999999999908e-01 2.324499999999999900e-01 -1.324500000000000677e-02 3.311500000000008881e-03 6.622249999999996195e-03 4.966999999999999194e-03 -3.446919513130152524e+01
7.450329999999999453e-01 2.390730000000000077e-01 -3.311500000000022759e-03 9.933999999999998387e-03 8.278250000000014763e-03 9.933499999999997887e-03 -1.002713165614693764e+02
7.450329999999999453e-01 2.523179999999999867e-01 3.311500000000022759e-03 2.317850000000000465e-02 6.622750000000038328e-03 4.966750000000005882e-03 -1.067788727272232308e+01
7.516559999999999908e-01 2.854300000000000170e-01 9.934000000000053898e-03 1.986750000000001015e-02 4.966750000000019760e-03 -8.277750000000007324e-03 -1.650656505431713583e+01
7.649010000000000531e-01 2.920530000000000070e-01 1.324500000000006228e-02 6.622999999999990006e-03 3.311000000000008381e-03 -1.324450000000002015e-02 -6.077168704849734127e+01
