4.801320000000000032e-01 2.192050000000000110e-01 0.000000000000000000e+00 -6.622000000000016762e-03 -6.622500000000003384e-03 3.311000000000008381e-03 -1.510231811974410618e+02
4.801320000000000032e-01 2.125829999999999942e-01 -6.622500000000003384e-03 -3.311000000000008381e-03 -4.966750000000005882e-03 4.966500000000012571e-03 -1.215482681489842349e+02
4.668869999999999965e-01 2.125829999999999942e-01 -9.933500000000011765e-03 3.311000000000008381e-03 -1.655500000000004190e-03 8.278000000000007574e-03 -6.685461059622477364e+01
4.602649999999999797e-01 2.192050000000000110e-01 -9.933500000000011765e-03 1.324500000000000677e-02 -2.499999999933111283e-07 4.966999999999992255e-03 -1.087159302311409448e+01
4.470199999999999729e-01 2.390730000000000077e-01 -9.933999999999998387e-03 1.324499999999999289e-02 6.622250000000010073e-03 -6.938893903907228378e-18 -1.932679337192577762e+01
4.403969999999999829e-01 2.456949999999999967e-01 3.311000000000008381e-03 1.324499999999999289e-02 1.324525000000000008e-02 6.938893903907228378e-18 -6.893957673953049436e+01
4.536419999999999897e-01 2.655629999999999935e-01 1.655650000000000177e-02 1.324500000000000677e-02 1.158975000000000977e-02 -6.622499999999996445e-03 -2.760847503595367058e+01
4.735099999999999865e-01 2.721850000000000103e-01 2.649050000000002791e-02 0.000000000000000000e+00 3.311250000000001692e-03 -1.324500000000000677e-02 -1.887433467297845269e+01
5.066230000000000455e-01 2.655629999999999935e-01 2.317900000000000515e-02 -1.324500000000000677e-02 -9.934000000000026143e-03 -9.933749999999998137e-03 -1.901727538322110078e+01
5.198679999999999968e-01 2.456949999999999967e-01 6.622499999999975628e-03 -1.986749999999999627e-02 -1.490074999999999039e-02 -1.655499999999997252e-03 -3.342553869000948907e+01
5.198679999999999968e-01 2.258280000000000010e-01 -6.622499999999975628e-03 -1.655600000000000127e-02 -1.158949999999998870e-02 0.000000000000000000e+00 -3.384263475489489537e+01
5.066230000000000455e-01 2.125829999999999942e-01 -1.655650000000000177e-02 -1.986749999999999627e-02 -3.311500000000022759e-03 -4.966999999999999194e-03 9.507202663949133603e-01
4.867549999999999932e-01 1.860930000000000084e-01 -1.324550000000002115e-02 -2.648999999999999966e-02 6.622500000000003384e-03 -6.938893903907228378e-18 6.752789219882221694e+00
4.801320000000000032e-01 1.596029999999999949e-01 -3.311499999999995003e-03 -1.986750000000001015e-02 9.934000000000012265e-03 4.966749999999998944e-03 2.214097105818788336e+01
4.801320000000000032e-01 1.463579999999999881e-01 6.622500000000003384e-03 -1.655650000000000177e-02 1.324525000000000008e-02 4.966750000000005882e-03 4.447677743466147149e+01
4.933770000000000100e-01 1.264899999999999913e-01 2.317900000000000515e-02 -9.933999999999998387e-03 1.158950000000000258e-02 9.934000000000005326e-03 2.153650598167313390e+01
5.264900000000000135e-01 1.264899999999999913e-01 2.980150000000000854e-02 3.311500000000008881e-03 -3.311250000000015570e-03 8.278250000000000886e-03 9.557719452771054947e+00
5.529800000000000271e-01 1.331130000000000091e-01 1.655649999999997402e-02 6.622500000000003384e-03 -1.324500000000002065e-02 4.966749999999992005e-03 2.997254732481322392e+01
5.596029999999999616e-01 1.397349999999999981e-01 3.311499999999967248e-03 1.324499999999999289e-02 -8.278249999999987008e-03 4.966999999999999194e-03 4.954936639425793743e+01
5.596029999999999616e-01 1.596029999999999949e-01 0.000000000000000000e+00 1.655650000000000177e-02 -1.655749999999983624e-03 -1.655749999999997502e-03 6.040288703765647860e+00
5.596029999999999616e-01 1.728480000000000016e-01 0.000000000000000000e+00 9.933499999999997887e-03 0.000000000000000000e+00 -8.278250000000000886e-03 -0.000000000000000000e+00
5.596029999999999616e-01 1.794699999999999906e-01 0.000000000000000000e+00 0.000000000000000000e+00 0.000000000000000000e+00 -9.933499999999997887e-03 0.000000000000000000e+00
5.596029999999999616e-01 1.728480000000000016e-01 0.000000000000000000e+00 -9.933499999999997887e-03 4.966750000000019760e-03 -8.278250000000000886e-03 5.033472592741754426e+01
5.596029999999999616e-01 1.596029999999999949e-01 9.933500000000039520e-03 -1.655650000000000177e-02 1.324500000000000677e-02 -3.311500000000001942e-03 2.589623608326836290e+01
5.794700000000000406e-01 1.397349999999999981e-01 2.649000000000001354e-02 -1.655650000000000177e-02 9.933999999999970631e-03 3.311500000000001942e-03 8.273097410572759713e+00
6.125829999999999886e-01 1.264899999999999913e-01 2.980149999999998078e-02 -9.933499999999997887e-03 0.000000000000000000e+00 9.934000000000005326e-03 9.550278659028016648e+00
6.390730000000000022e-01 1.198680000000000023e-01 2.649000000000001354e-02 3.311500000000008881e-03 -6.622749999999982817e-03 1.158924999999999539e-02 1.728847324394325824e+01
6.655630000000000157e-01 1.331130000000000091e-01 1.655600000000001515e-02 1.324499999999999289e-02 -9.933750000000018954e-03 1.158924999999999539e-02 3.393591682022227474e+01
6.721850000000000325e-01 1.463579999999999881e-01 6.622499999999975628e-03 2.648999999999999966e-02 -8.278000000000007574e-03 1.324500000000000677e-02 1.507988420730453072e+01
6.788079999999999670e-01 1.860930000000000084e-01 0.000000000000000000e+00 3.973500000000000643e-02 -1.324499999999997901e-02 8.278000000000000635e-03 8.388909861163526216e+00
6.721850000000000325e-01 2.258280000000000010e-01 -1.986749999999998240e-02 4.304600000000000093e-02 -1.158924999999999539e-02 -4.966999999999999194e-03 5.607583715767836985e+00
6.390730000000000022e-01 2.721850000000000103e-01 -2.317849999999999078e-02 2.980100000000000804e-02 0.000000000000000000e+00 -1.324474999999999958e-02 5.704929170875424838e+00
6.258280000000000509e-01 2.854300000000000170e-01 -1.986749999999998240e-02 1.655650000000000177e-02 -2.500000000071889161e-07 -6.622250000000003134e-03 7.606479988179498442e+00
5.993380000000000374e-01 3.052980000000000138e-01 -2.317900000000000515e-02 1.655650000000000177e-02 3.311249999999987814e-03 -4.966999999999999194e-03 2.609342172674755211e+00
5.794700000000000406e-01 3.185430000000000206e-01 -1.324500000000000677e-02 6.622500000000003384e-03 1.821200000000000596e-02 -9.933750000000005076e-03 3.376216162998012749e+00
5.728480000000000238e-01 3.185430000000000206e-01 1.324500000000000677e-02 -3.311000000000008381e-03 2.317874999999999797e-02 -6.622500000000003384e-03 -4.310919343501672607e+00
6.059600000000000541e-01 3.119210000000000038e-01 3.311249999999998916e-02 -6.622500000000003384e-03 8.278249999999987008e-03 -2.499999999933111283e-07 1.423537785585190951e+00
6.390730000000000022e-01 3.052980000000000138e-01 2.980149999999998078e-02 -3.311499999999995003e-03 3.311250000000015570e-03 1.655500000000004190e-03 2.236763451883171161e+00
6.655630000000000157e-01 3.052980000000000138e-01 3.973500000000002030e-02 -3.311499999999995003e-03 9.933750000000018954e-03 0.000000000000000000e+00 5.189307302879988537e-01
7.185430000000000428e-01 2.986750000000000238e-01 4.966900000000001869e-02 -3.311499999999995003e-03 -2.775557561562891351e-17 1.655749999999997502e-03 6.667064294282418757e-01
7.649010000000000531e-01 2.986750000000000238e-01 3.973499999999996479e-02 0.000000000000000000e+00 -1.324525000000001396e-02 1.655749999999997502e-03 1.048692903180184377e+00
7.980129999999999724e-01 2.986750000000000238e-01 2.317849999999999078e-02 0.000000000000000000e+00 -1.324499999999997901e-02 -3.311250000000001692e-03 -6.163413667577310129e+00
8.112580000000000346e-01 2.986750000000000238e-01 1.324500000000000677e-02 -6.622500000000003384e-03 -4.966749999999992005e-03 -8.278000000000007574e-03 -4.389335936101799263e+01
8.245029999999999859e-01 2.854300000000000170e-01 1.324500000000000677e-02 -1.655600000000001515e-02 -3.311249999999987814e-03 -4.966750000000005882e-03 -1.265400443255393093e+01
8.377480000000000482e-01 2.655629999999999935e-01 6.622500000000031140e-03 -1.655600000000001515e-02 -1.158925000000002314e-02 -2.499999999933111283e-07 -3.384219674254658372e+01
8.377480000000000482e-01 2.523179999999999867e-01 -9.933500000000039520e-03 -1.655650000000000177e-02 -1.490050000000003871e-02 -2.499999999863722344e-07 -3.427401065839507766e+01
8.178809999999999691e-01 2.324499999999999900e-01 -2.317850000000004629e-02 -1.655649999999998789e-02 -8.278249999999959252e-03 4.967000000000006132e-03 -1.091191370685305806e+01
7.913909999999999556e-01 2.192050000000000110e-01 -2.648999999999995802e-02 -6.622499999999989506e-03 1.655500000000031946e-03 8.278249999999993947e-03 -1.023309225038899939e+01
7.649010000000000531e-01 2.192050000000000110e-01 -1.986749999999998240e-02 0.000000000000000000e+00 8.277999999999952063e-03 9.933749999999991198e-03 -2.516672958349064970e+01
7.516559999999999908e-01 2.192050000000000110e-01 -9.934000000000053898e-03 1.324499999999999289e-02 1.158924999999999539e-02 1.158949999999999564e-02 -5.919108636870983275e+01
7.450329999999999453e-01 2.456949999999999967e-01 3.311000000000008381e-03 2.317899999999999128e-02 1.490075000000004590e-02 6.622500000000010323e-03 -2.519848025786574297e+01
7.582780000000000076e-01 2.655629999999999935e-01 1.986750000000003791e-02 2.649000000000001354e-02 1.158950000000000258e-02 4.966500000000019510e-03 -5.738310759517905701e+00
7.847680000000000211e-01 2.986750000000000238e-01 2.649000000000001354e-02 3.311200000000003030e-02 6.622499999999975628e-03 6.622000000000016762e-03 -5.753241451914662408e-01
