3.344369999999999843e-01 1.728480000000000016e-01 0.000000000000000000e+00 6.621999999999989006e-03 0.000000000000000000e+00 5.000000000143778323e-07 0.000000000000000000e+00
3.344369999999999843e-01 1.794699999999999906e-01 0.000000000000000000e+00 6.622500000000003384e-03 1.655749999999997502e-03 2.500000000071889161e-07 -3.775294451448651500e+01
3.344369999999999843e-01 1.860930000000000084e-01 3.311499999999995003e-03 6.622500000000003384e-03 3.311250000000001692e-03 -6.938893903907228378e-18 -5.402109012288003242e+01
3.410599999999999743e-01 1.927149999999999974e-01 6.622500000000003384e-03 6.622499999999989506e-03 1.655500000000004190e-03 -1.655500000000004190e-03 -2.669133237037009465e+01
3.476819999999999911e-01 1.993379999999999874e-01 6.622500000000003384e-03 3.311499999999995003e-03 1.655749999999997502e-03 6.938893903907228378e-18 -1.350731190895403344e+01
3.543049999999999811e-01 1.993379999999999874e-01 9.933999999999998387e-03 6.622500000000003384e-03 1.655500000000004190e-03 1.655500000000004190e-03 3.221367715750200755e+00
3.675499999999999878e-01 2.125829999999999942e-01 9.933500000000011765e-03 6.622500000000003384e-03 -1.655749999999997502e-03 -3.311250000000001692e-03 -1.288584508034364795e+01
3.741720000000000046e-01 2.125829999999999942e-01 6.622500000000003384e-03 0.000000000000000000e+00 -1.655500000000004190e-03 -3.311250000000001692e-03 -7.550018875047183542e+01
3.807949999999999946e-01 2.125829999999999942e-01 6.622500000000003384e-03 0.000000000000000000e+00 0.000000000000000000e+00 0.000000000000000000e+00 0.000000000000000000e+00
3.874170000000000114e-01 2.125829999999999942e-01 6.622500000000003384e-03 0.000000000000000000e+00 1.655749999999997502e-03 -1.655749999999997502e-03 -3.775294451448651500e+01
3.940400000000000014e-01 2.125829999999999942e-01 9.933999999999998387e-03 -3.311499999999995003e-03 1.655500000000004190e-03 -3.311250000000001692e-03 -2.387381403771759025e+01
4.072850000000000081e-01 2.059600000000000042e-01 9.933500000000011765e-03 -6.622500000000003384e-03 -3.311499999999995003e-03 -1.655500000000004190e-03 -2.255193158405585052e+01
4.139070000000000249e-01 1.993379999999999874e-01 3.311000000000008381e-03 -6.622500000000003384e-03 -4.966750000000005882e-03 -1.655749999999997502e-03 -9.454343360528372386e+01
4.139070000000000249e-01 1.927149999999999974e-01 0.000000000000000000e+00 -9.933999999999998387e-03 -1.655500000000004190e-03 -3.311249999999994753e-03 -1.677570860370213879e+01
4.139070000000000249e-01 1.794699999999999906e-01 0.000000000000000000e+00 -1.324499999999999289e-02 0.000000000000000000e+00 2.500000000002500222e-07 0.000000000000000000e+00
4.139070000000000249e-01 1.662250000000000116e-01 0.000000000000000000e+00 -9.933499999999997887e-03 0.000000000000000000e+00 3.311249999999994753e-03 0.000000000000000000e+00
4.139070000000000249e-01 1.596029999999999949e-01 0.000000000000000000e+00 -6.622500000000003384e-03 -1.655500000000004190e-03 1.655499999999997252e-03 -3.774724423598531331e+01
4.139070000000000249e-01 1.529800000000000049e-01 -3.311000000000008381e-03 -6.622500000000003384e-03 -3.311250000000001692e-03 0.000000000000000000e+00 -5.402598466759678075e+01
4.072850000000000081e-01 1.463579999999999881e-01 -6.622500000000003384e-03 -6.622500000000003384e-03 -1.655749999999997502e-03 6.938893903907228378e-18 -1.334768153797650037e+01
4.006620000000000181e-01 1.397349999999999981e-01 -6.622500000000003384e-03 -6.622499999999989506e-03 0.000000000000000000e+00 1.655750000000004440e-03 -1.334768153797654300e+01
3.940400000000000014e-01 1.331130000000000091e-01 -6.622500000000003384e-03 -3.310999999999994503e-03 0.000000000000000000e+00 1.655499999999990313e-03 -2.701095284777836980e+01
3.874170000000000114e-01 1.331130000000000091e-01 -6.622500000000003384e-03 -3.311500000000008881e-03 -3.311250000000001692e-03 -1.655750000000004440e-03 0.000000000000000000e+00
3.807949999999999946e-01 1.264899999999999913e-01 -1.324500000000000677e-02 -6.622500000000003384e-03 -3.311250000000001692e-03 -1.655499999999993782e-03 -5.098484088182508736e-04
3.609269999999999978e-01 1.198680000000000023e-01 -1.324500000000000677e-02 -6.622499999999996445e-03 1.655749999999997502e-03 0.000000000000000000e+00 3.376726011406784966e+00
3.543049999999999811e-01 1.132449999999999984e-01 -9.933500000000011765e-03 -6.622500000000003384e-03 3.311250000000001692e-03 0.000000000000000000e+00 1.288681803753785005e+01
3.410599999999999743e-01 1.066229999999999956e-01 -6.622500000000003384e-03 -6.622499999999996445e-03 3.311000000000008381e-03 -2.499999999967805753e-07 2.669334772316150151e+01
3.410599999999999743e-01 1.000000000000000056e-01 -3.311499999999995003e-03 -6.622999999999996945e-03 1.387778780781445676e-17 -3.469446951953614189e-18 2.546819905990323846e-13
3.344369999999999843e-01 9.337700000000000167e-02 -6.622499999999975628e-03 -6.622500000000003384e-03 2.500000000071889161e-07 2.499999999967805753e-07 8.391438860030803860e-14
3.278150000000000230e-01 8.675499999999999878e-02 -3.310999999999980625e-03 -6.622500000000003384e-03 3.311249999999987814e-03 -3.311249999999998223e-03 8.103693751537522871e+01
3.278150000000000230e-01 8.013199999999999490e-02 0.000000000000000000e+00 -1.324499999999999983e-02 1.655499999999990313e-03 -3.311249999999996488e-03 9.436811058996259050e+00
3.278150000000000230e-01 6.026499999999999913e-02 0.000000000000000000e+00 -1.324499999999999636e-02 0.000000000000000000e+00 3.311249999999999957e-03 0.000000000000000000e+00
3.278150000000000230e-01 5.364200000000000218e-02 0.000000000000000000e+00 -6.622499999999999915e-03 1.655499999999990313e-03 1.655749999999997502e-03 3.774724423598503620e+01
3.278150000000000230e-01 4.701999999999999930e-02 3.310999999999980625e-03 -9.933500000000001356e-03 3.311249999999987814e-03 -1.655750000000000104e-03 2.387669817586358789e+01
3.344369999999999843e-01 3.377499999999999947e-02 6.622499999999975628e-03 -9.934000000000000122e-03 3.311500000000008881e-03 1.655500000000000721e-03 2.577240119286039288e+01
3.410599999999999743e-01 2.715199999999999905e-02 9.933999999999998387e-03 -6.622499999999999915e-03 1.655500000000018068e-03 1.655750000000000104e-03 1.610732511667114508e+01
3.543049999999999811e-01 2.052999999999999964e-02 9.933500000000011765e-03 -6.622499999999999915e-03 1.655500000000004190e-03 0.000000000000000000e+00 6.442922540171825752e+00
3.609269999999999978e-01 1.390699999999999922e-02 1.324500000000000677e-02 -6.622499999999999915e-03 3.311499999999995003e-03 1.655750000000000104e-03 1.350690404562715408e+01
3.807949999999999946e-01 7.284999999999999809e-03 1.655650000000000177e-02 -3.310999999999999707e-03 0.000000000000000000e+00 3.311249999999999957e-03 1.138962526093409444e+01
3.940400000000000014e-01 7.284999999999999809e-03 1.324500000000000677e-02 0.000000000000000000e+00 -3.311499999999995003e-03 3.310999999999999707e-03 1.887362211799260692e+01
4.072850000000000081e-01 7.284999999999999809e-03 9.933500000000011765e-03 3.310999999999999707e-03 -1.655750000000011379e-03 3.311249999999999957e-03 3.342766582082285254e+01
4.139070000000000249e-01 1.390699999999999922e-02 9.933499999999984009e-03 6.622499999999999915e-03 1.655749999999983624e-03 3.311500000000000207e-03 1.288730447940584334e+01
4.271519999999999762e-01 2.052999999999999964e-02 1.324499999999997901e-02 9.934000000000000122e-03 2.500000000071889161e-07 3.311249999999999957e-03 9.663214268237132032e+00
4.403969999999999829e-01 3.377499999999999947e-02 9.933999999999998387e-03 1.324499999999999983e-02 -3.311249999999987814e-03 -2.499999999993826605e-07 9.663214268237100057e+00
4.470199999999999729e-01 4.701999999999999930e-02 6.622500000000003384e-03 9.933500000000001356e-03 -3.311499999999995003e-03 -3.311249999999999957e-03 6.444381939233901235e+00
4.536419999999999897e-01 5.364200000000000218e-02 3.311000000000008381e-03 6.622499999999999915e-03 -3.311250000000001692e-03 -1.655500000000000721e-03 4.052152790972670715e+01
4.536419999999999897e-01 6.026499999999999913e-02 0.000000000000000000e+00 6.622499999999999915e-03 -1.655500000000004190e-03 1.734723475976807094e-18 3.774724423598535594e+01
4.536419999999999897e-01 6.688700000000000201e-02 0.000000000000000000e+00 6.622500000000003384e-03 0.000000000000000000e+00 -1.734723475976807094e-18 -0.000000000000000000e+00
4.536419999999999897e-01 7.351000000000000589e-02 0.000000000000000000e+00 6.622499999999996445e-03 0.000000000000000000e+00 -3.311250000000001692e-03 -0.000000000000000000e+00
4.536419999999999897e-01 8.013199999999999490e-02 0.000000000000000000e+00 0.000000000000000000e+00 0.000000000000000000e+00 -6.622499999999996445e-03 0.000000000000000000e+00
4.536419999999999897e-01 7.351000000000000589e-02 0.000000000000000000e+00 -6.622499999999996445e-03 0.000000000000000000e+00 -3.311250000000001692e-03 0.000000000000000000e+00
4.536419999999999897e-01 6.688700000000000201e-02 0.000000000000000000e+00 -6.622500000000003384e-03 1.655749999999997502e-03 -1.734723475976807094e-18 3.775294451448651500e+01
4.536419999999999897e-01 6.026499999999999913e-02 3.311499999999995003e-03 -6.622499999999999915e-03 4.966999999999999194e-03 -1.655749999999997502e-03 6.752636257661619368e+01
4.602649999999999797e-01 5.364200000000000218e-02 9.933999999999998387e-03 -9.933999999999998387e-03 3.311000000000008381e-03 0.000000000000000000e+00 1.186221731288729053e+01
4.735099999999999865e-01 4.039700000000000235e-02 9.933500000000011765e-03 -6.622499999999999915e-03 1.655500000000004190e-03 3.311499999999998473e-03 2.577412251694360634e+01
4.801320000000000032e-01 4.039700000000000235e-02 1.324500000000000677e-02 -3.311000000000001442e-03 1.656000000000004690e-03 1.655749999999999236e-03 1.077258142405056773e+01
5.000000000000000000e-01 3.377499999999999947e-02 1.324550000000002115e-02 -3.311000000000001442e-03 -3.311250000000015570e-03 1.655500000000000721e-03 4.308182972162388324e+00
5.066230000000000455e-01 3.377499999999999947e-02 6.622499999999975628e-03 0.000000000000000000e+00 -1.656000000000018568e-03 4.966750000000000678e-03 1.132474329864579801e+02
5.132449999999999513e-01 3.377499999999999947e-02 9.933499999999984009e-03 6.622499999999999915e-03 1.655750000000011379e-03 4.966750000000000678e-03 2.254998566966743567e+01
5.264900000000000135e-01 4.701999999999999930e-02 9.933999999999998387e-03 9.933500000000001356e-03 -1.655500000000004190e-03 1.655500000000000721e-03 1.186281437556090523e+01
5.331129999999999480e-01 5.364200000000000218e-02 6.622499999999975628e-03 9.933500000000001356e-03 -3.311499999999995003e-03 1.655749999999997502e-03 2.577509547413789193e+01
5.397349999999999648e-01 6.688700000000000201e-02 3.311000000000008381e-03 1.324499999999999636e-02 -3.311249999999987814e-03 3.311500000000000207e-03 2.154321107741663965e+01
5.397349999999999648e-01 8.013199999999999490e-02 0.000000000000000000e+00 1.655650000000000177e-02 -1.655500000000004190e-03 2.500000000019847457e-07 6.039376686748696876e+00
5.397349999999999648e-01 1.000000000000000056e-01 0.000000000000000000e+00 1.324550000000000033e-02 -1.655500000000004190e-03 -1.655750000000004440e-03 9.436098618322487752e+00
5.397349999999999648e-01 1.066229999999999956e-01 -3.311000000000008381e-03 1.324499999999999289e-02 -1.655500000000004190e-03 1.655250000000000471e-03 6.462963293752471472e+00
5.331129999999999480e-01 1.264899999999999913e-01 -3.311000000000008381e-03 1.655600000000000127e-02 -1.655749999999983624e-03 6.938893903907228378e-18 5.695566749734579659e+00
5.331129999999999480e-01 1.397349999999999981e-01 -6.622499999999975628e-03 1.324500000000000677e-02 -3.311499999999995003e-03 -1.655499999999997252e-03 1.688312020862516860e+01
5.198679999999999968e-01 1.529800000000000049e-01 -9.933999999999998387e-03 1.324500000000000677e-02 0.000000000000000000e+00 -3.311250000000001692e-03 7.248003524357669924e+00
5.132449999999999513e-01 1.662250000000000116e-01 -6.622499999999975628e-03 6.622500000000003384e-03 1.655750000000011379e-03 -3.311250000000008631e-03 1.334566618518493719e+01
5.066230000000000455e-01 1.662250000000000116e-01 -6.622499999999975628e-03 6.622499999999989506e-03 -2.500000000210667039e-07 1.655749999999997502e-03 -1.334566618518486791e+01
5.000000000000000000e-01 1.794699999999999906e-01 -6.623000000000017762e-03 9.933999999999998387e-03 -1.387778780781445676e-17 -1.655499999999990313e-03 6.442286446050162318e+00
4.933770000000000100e-01 1.860930000000000084e-01 -6.622500000000003384e-03 3.311500000000008881e-03 1.656000000000004690e-03 -3.311500000000001942e-03 4.051581736120838428e+01
4.867549999999999932e-01 1.860930000000000084e-01 -3.311000000000008381e-03 3.310999999999994503e-03 1.655500000000004190e-03 -2.500000000071889161e-07 -5.338266382766774143e+01
4.867549999999999932e-01 1.927149999999999974e-01 -3.311499999999995003e-03 3.310999999999994503e-03 -2.499999999933111283e-07 2.500000000002500222e-07 -1.217276342570582063e-06
4.801320000000000032e-01 1.927149999999999974e-01 -3.311499999999995003e-03 3.311499999999995003e-03 3.311499999999995003e-03 2.500000000002500222e-07 -1.067733902840999036e+02
4.801320000000000032e-01 1.993379999999999874e-01 3.311499999999995003e-03 3.311499999999995003e-03 4.966999999999999194e-03 -1.655749999999997502e-03 -2.135225999861170862e+02
4.867549999999999932e-01 1.993379999999999874e-01 6.622500000000003384e-03 0.000000000000000000e+00 1.655500000000004190e-03 -1.655749999999997502e-03 -3.775294451448651500e+01
4.933770000000000100e-01 1.993379999999999874e-01 6.622500000000003384e-03 0.000000000000000000e+00 3.311499999999995003e-03 0.000000000000000000e+00 0.000000000000000000e+00
5.000000000000000000e-01 1.993379999999999874e-01 1.324549999999999339e-02 0.000000000000000000e+00 8.278250000000000886e-03 1.655500000000004190e-03 9.436098618322498410e+00
5.198679999999999968e-01 1.993379999999999874e-01 2.317900000000000515e-02 3.311000000000008381e-03 4.966499999999998693e-03 1.655500000000004190e-03 1.708327811283516739e+00
5.463580000000000103e-01 2.059600000000000042e-01 2.317849999999999078e-02 3.311000000000008381e-03 -1.655750000000011379e-03 -1.655500000000004190e-03 -2.562396281171426260e+00
5.662249999999999783e-01 2.059600000000000042e-01 1.986749999999998240e-02 0.000000000000000000e+00 -1.655499999999976435e-03 -1.655500000000004190e-03 -4.194138248442825123e+00
5.860929999999999751e-01 2.059600000000000042e-01 1.986750000000003791e-02 0.000000000000000000e+00 2.775557561562891351e-17 0.000000000000000000e+00 0.000000000000000000e+00
6.059600000000000541e-01 2.059600000000000042e-01 1.986750000000003791e-02 0.000000000000000000e+00 -3.311250000000043325e-03 -1.655500000000004190e-03 -4.194138248442801142e+00
6.258280000000000509e-01 2.059600000000000042e-01 1.324499999999995126e-02 -3.311000000000008381e-03 -6.622500000000031140e-03 -3.311250000000001692e-03 -2.585120271577104845e+01
6.324499999999999567e-01 1.993379999999999874e-01 6.622499999999975628e-03 -6.622500000000003384e-03 -4.966749999999964249e-03 -1.655749999999990563e-03 -5.338669544632281827e+01
6.390730000000000022e-01 1.927149999999999974e-01 3.311500000000022759e-03 -6.622499999999989506e-03 -1.655749999999983624e-03 0.000000000000000000e+00 -2.701258436269004193e+01
6.390730000000000022e-01 1.860930000000000084e-01 3.311000000000008381e-03 -6.622500000000003384e-03 -1.655750000000011379e-03 -6.938893903907228378e-18 -2.701503181981853530e+01
6.456950000000000189e-01 1.794699999999999906e-01 0.000000000000000000e+00 -6.622500000000003384e-03 -6.622249999999996195e-03 1.655750000000004440e-03 -1.509946772224421352e+02
6.390730000000000022e-01 1.728480000000000016e-01 -9.933499999999984009e-03 -3.310999999999994503e-03 -6.622500000000003384e-03 4.966749999999998944e-03 -6.207768457401738260e+01
6.258280000000000509e-01 1.728480000000000016e-01 -1.324500000000000677e-02 3.310999999999994503e-03 -2.500000000071889161e-07 3.310999999999994503e-03 -1.723294238963763902e+01
6.125829999999999886e-01 1.794699999999999906e-01 -9.933999999999998387e-03 3.310999999999994503e-03 6.622500000000003384e-03 3.311500000000001942e-03 -4.774979099940139093e+01
6.059600000000000541e-01 1.794699999999999906e-01 0.000000000000000000e+00 9.933999999999998387e-03 9.933999999999998387e-03 4.967000000000006132e-03 -1.006643849406080307e+02
6.125829999999999886e-01 1.993379999999999874e-01 9.933999999999998387e-03 1.324500000000000677e-02 6.622500000000031140e-03 -1.655999999999990813e-03 -2.295234558837270455e+01
6.258280000000000509e-01 2.059600000000000042e-01 1.324500000000006228e-02 6.622000000000016762e-03 3.311000000000063892e-03 -6.622999999999990006e-03 -3.376726019875319906e+01
