4.801320000000000032e-01 3.119210000000000038e-01 -6.622000000000016762e-03 6.622000000000016762e-03 -3.311499999999995003e-03 4.999999999866222566e-07 2.669536322812389173e+01
4.735099999999999865e-01 3.185430000000000206e-01 -9.933500000000011765e-03 6.622500000000003384e-03 -1.655999999999990813e-03 2.499999999933111283e-07 6.443409055498150906e+00
4.602649999999999797e-01 3.251660000000000106e-01 -9.933999999999998387e-03 6.622500000000003384e-03 -2.499999999933111283e-07 0.000000000000000000e+00 9.728554878147838017e-04
4.536419999999999897e-01 3.317880000000000273e-01 -9.933999999999998387e-03 6.622500000000003384e-03 -1.655500000000004190e-03 -1.387778780781445676e-17 6.442249040481961231e+00
4.403969999999999829e-01 3.384110000000000174e-01 -1.324500000000000677e-02 6.622499999999975628e-03 1.655749999999997502e-03 0.000000000000000000e+00 -3.376726011406780525e+00
4.271519999999999762e-01 3.450329999999999786e-01 -6.622500000000003384e-03 6.622500000000003384e-03 4.967000000000013071e-03 1.655750000000011379e-03 -5.338871079911456974e+01
4.271519999999999762e-01 3.516560000000000241e-01 -3.310999999999980625e-03 9.933999999999998387e-03 3.311250000000001692e-03 1.655499999999990313e-03 -3.342384428607368818e+01
4.205300000000000149e-01 3.649009999999999754e-01 0.000000000000000000e+00 9.933499999999984009e-03 4.966749999999992005e-03 -1.655749999999997502e-03 -5.033472592741740925e+01
4.271519999999999762e-01 3.715229999999999921e-01 6.622500000000003384e-03 6.622500000000003384e-03 6.622500000000003384e-03 -1.655499999999990313e-03 -6.673236163150784250e+01
4.337750000000000217e-01 3.781459999999999821e-01 1.324500000000000677e-02 6.622500000000003384e-03 6.622499999999989506e-03 -1.655749999999997502e-03 -2.025933637162313872e+01
4.536419999999999897e-01 3.847679999999999989e-01 1.986749999999998240e-02 3.311000000000008381e-03 3.311250000000001692e-03 -3.311250000000001692e-03 -9.392938025880862796e+00
4.735099999999999865e-01 3.847679999999999989e-01 1.986750000000001015e-02 0.000000000000000000e+00 0.000000000000000000e+00 -3.311000000000008381e-03 -8.388276496885625377e+00
4.933770000000000100e-01 3.847679999999999989e-01 1.986749999999998240e-02 -3.311000000000008381e-03 -1.655500000000004190e-03 -3.311250000000001692e-03 -8.722006648507310445e+00
5.132449999999999513e-01 3.781459999999999821e-01 1.655650000000000177e-02 -6.622500000000003384e-03 -6.622499999999975628e-03 -6.622749999999996695e-03 -2.707313208728015042e+01
5.264900000000000135e-01 3.715229999999999921e-01 6.622500000000031140e-03 -1.655650000000000177e-02 -8.278250000000000886e-03 -6.622499999999989506e-03 -3.190714546427022213e+01
5.264900000000000135e-01 3.450329999999999786e-01 0.000000000000000000e+00 -1.986749999999998240e-02 -4.966750000000019760e-03 2.500000000071889161e-07 -1.258304810960642151e+01
5.264900000000000135e-01 3.317880000000000273e-01 -3.311000000000008381e-03 -1.655599999999998739e-02 -3.311250000000015570e-03 1.655499999999990313e-03 -1.252914609478572316e+01
5.198679999999999968e-01 3.119210000000000038e-01 -6.622500000000031140e-03 -1.655650000000000177e-02 -1.655749999999983624e-03 -2.500000000071889161e-07 -4.834451377174736386e+00
5.132449999999999513e-01 2.986750000000000238e-01 -6.622499999999975628e-03 -1.655650000000000177e-02 -1.655749999999969746e-03 2.499999999933111283e-07 -4.835035362724010355e+00
5.066230000000000455e-01 2.788080000000000003e-01 -9.933999999999970631e-03 -1.655600000000001515e-02 -2.500000000210667039e-07 0.000000000000000000e+00 -5.750517416328809013e-04
4.933770000000000100e-01 2.655629999999999935e-01 -6.623000000000017762e-03 -1.655650000000000177e-02 3.311499999999981125e-03 -2.499999999933111283e-07 9.669476661063704626e+00
4.933770000000000100e-01 2.456949999999999967e-01 -3.311000000000008381e-03 -1.655650000000000177e-02 1.656000000000004690e-03 -3.311000000000001442e-03 7.973649215340143925e+00
4.867549999999999932e-01 2.324499999999999900e-01 -3.311000000000008381e-03 -2.317850000000000465e-02 3.311000000000008381e-03 -1.655499999999997252e-03 6.406055191685831929e+00
4.867549999999999932e-01 1.993379999999999874e-01 3.311000000000008381e-03 -1.986749999999999627e-02 6.622500000000017262e-03 6.622250000000003134e-03 1.878577474851888596e+01
4.933770000000000100e-01 1.927149999999999974e-01 9.934000000000026143e-03 -9.933999999999998387e-03 6.622749999999996695e-03 4.966999999999999194e-03 4.152223893145112044e+01
5.066230000000000455e-01 1.794699999999999906e-01 1.655650000000000177e-02 -9.933499999999997887e-03 4.966749999999978127e-03 1.655750000000004440e-03 1.066306132608391621e+01
5.264900000000000135e-01 1.728480000000000016e-01 1.986749999999998240e-02 -6.622499999999989506e-03 -1.387778780781445676e-17 3.311000000000001442e-03 7.162036030822554800e+00
5.463580000000000103e-01 1.662250000000000116e-01 1.655649999999997402e-02 -3.311499999999995003e-03 -1.655749999999983624e-03 4.966999999999992255e-03 1.594547272094184009e+01
5.596029999999999616e-01 1.662250000000000116e-01 1.655600000000001515e-02 3.311499999999995003e-03 -1.655749999999983624e-03 4.966999999999992255e-03 1.822473929301955309e+01
5.794700000000000406e-01 1.728480000000000016e-01 1.324500000000000677e-02 6.622499999999989506e-03 -4.966750000000019760e-03 6.622250000000003134e-03 3.713990733820447332e+01
5.860929999999999751e-01 1.794699999999999906e-01 6.622499999999975628e-03 1.655600000000000127e-02 -4.966999999999999194e-03 6.622500000000010323e-03 2.223968764995134251e+01
5.927149999999999919e-01 2.059600000000000042e-01 3.311000000000008381e-03 1.986750000000001015e-02 -3.311249999999987814e-03 -3.311000000000001442e-03 6.709516426115126109e+00
5.927149999999999919e-01 2.192050000000000110e-01 0.000000000000000000e+00 9.933999999999998387e-03 -3.311000000000008381e-03 -6.622500000000010323e-03 3.355141720740427758e+01
5.927149999999999919e-01 2.258280000000000010e-01 -3.311000000000008381e-03 6.622499999999989506e-03 -1.655500000000004190e-03 -2.500000000002500222e-07 2.701299217981695122e+01
5.860929999999999751e-01 2.324499999999999900e-01 -3.311000000000008381e-03 9.933499999999997887e-03 3.311000000000008381e-03 -1.655499999999990313e-03 -2.387525597613559825e+01
5.860929999999999751e-01 2.456949999999999967e-01 3.311000000000008381e-03 3.311500000000008881e-03 4.966750000000019760e-03 -8.278000000000000635e-03 -4.270774370965596631e+02
5.927149999999999919e-01 2.390730000000000077e-01 6.622500000000031140e-03 -6.622500000000003384e-03 1.655750000000011379e-03 -6.622750000000003634e-03 -4.004102926113782246e+01
5.993380000000000374e-01 2.324499999999999900e-01 6.622500000000031140e-03 -9.933999999999998387e-03 1.655499999999976435e-03 -1.655499999999997252e-03 3.221367715750026672e+00
6.059600000000000541e-01 2.192050000000000110e-01 9.933499999999984009e-03 -9.933499999999997887e-03 3.311249999999960059e-03 2.499999999933111283e-07 1.186520302073126842e+01
6.192050000000000054e-01 2.125829999999999942e-01 1.324499999999995126e-02 -9.933500000000011765e-03 1.655750000000011379e-03 -2.500000000002500222e-07 3.623560313330691063e+00
6.324499999999999567e-01 1.993379999999999874e-01 1.324500000000000677e-02 -9.933999999999998387e-03 3.311250000000043325e-03 1.655500000000011129e-03 1.207951946338502225e+01
6.456950000000000189e-01 1.927149999999999974e-01 1.986750000000003791e-02 -6.622499999999989506e-03 3.311249999999987814e-03 3.311500000000001942e-03 9.550643184865336366e+00
6.721850000000000325e-01 1.860930000000000084e-01 1.986749999999998240e-02 -3.310999999999994503e-03 -3.311250000000015570e-03 3.311249999999994753e-03 6.709415122872316672e+00
6.854299999999999837e-01 1.860930000000000084e-01 1.324500000000000677e-02 0.000000000000000000e+00 -3.310999999999980625e-03 4.966749999999992005e-03 2.831185824661420369e+01
6.986750000000000460e-01 1.860930000000000084e-01 1.324550000000002115e-02 6.622499999999989506e-03 -1.655500000000004190e-03 1.158924999999999539e-02 5.064349751737059790e+01
7.119210000000000260e-01 1.993379999999999874e-01 9.933999999999998387e-03 2.317849999999999078e-02 -4.967250000000006382e-03 9.933750000000005076e-03 1.333299176883217996e+01
7.185430000000000428e-01 2.324499999999999900e-01 3.311000000000008381e-03 2.648999999999999966e-02 -6.622500000000003384e-03 2.500000000071889161e-07 9.220650033806084167e+00
7.185430000000000428e-01 2.523179999999999867e-01 -3.311000000000008381e-03 2.317900000000000515e-02 -8.278000000000007574e-03 3.311250000000008631e-03 1.409370452099253512e+01
7.119210000000000260e-01 2.788080000000000003e-01 -1.324500000000000677e-02 3.311250000000001692e-02 -4.967250000000006382e-03 3.311250000000001692e-03 2.659245545415717338e+00
6.920530000000000292e-01 3.185430000000000206e-01 -1.324550000000002115e-02 2.980150000000000854e-02 1.655500000000004190e-03 -8.278000000000007574e-03 1.738751856515695637e+00
6.854299999999999837e-01 3.384110000000000174e-01 -9.933999999999998387e-03 1.655650000000000177e-02 -1.655249999999997002e-03 -4.967000000000013071e-03 1.066217509910684669e+01
6.721850000000000325e-01 3.516560000000000241e-01 -1.655600000000001515e-02 1.986749999999998240e-02 -1.655500000000004190e-03 -2.500000000071889161e-07 1.901798287525582998e+00
6.523179999999999534e-01 3.781459999999999821e-01 -1.324500000000000677e-02 1.655599999999998739e-02 4.966750000000019760e-03 -8.278249999999987008e-03 2.876490440942832016e+00
6.456950000000000189e-01 3.847679999999999989e-01 -6.622499999999975628e-03 3.311000000000008381e-03 3.311249999999987814e-03 -6.622249999999996195e-03 8.103693751537556977e+01
6.390730000000000022e-01 3.847679999999999989e-01 -6.622500000000031140e-03 3.311499999999995003e-03 3.311249999999987814e-03 1.655749999999997502e-03 -5.402516872538010517e+01
6.324499999999999567e-01 3.913909999999999889e-01 0.000000000000000000e+00 6.622500000000003384e-03 8.278250000000014763e-03 -2.499999999933111283e-07 -1.887533220154304843e+02
6.390730000000000022e-01 3.980130000000000057e-01 9.933999999999998387e-03 3.311000000000008381e-03 6.622500000000003384e-03 -3.311250000000001692e-03 -4.774762793935107652e+01
6.523179999999999534e-01 3.980130000000000057e-01 1.324500000000000677e-02 0.000000000000000000e+00 3.311000000000008381e-03 -1.655500000000004190e-03 -9.436811058996328327e+00
6.655630000000000157e-01 3.980130000000000057e-01 1.655600000000001515e-02 0.000000000000000000e+00 8.278249999999987008e-03 -1.655500000000004190e-03 -6.039741477029125782e+00
6.854299999999999837e-01 3.980130000000000057e-01 2.980149999999998078e-02 -3.311000000000008381e-03 8.278499999999994197e-03 -1.655500000000004190e-03 -8.133144031362076198e-01
7.251659999999999773e-01 3.913909999999999889e-01 3.311300000000000354e-02 -3.311000000000008381e-03 -1.655749999999983624e-03 1.655500000000004190e-03 1.338723323145391442e+00
7.516559999999999908e-01 3.913909999999999889e-01 2.649000000000001354e-02 0.000000000000000000e+00 3.311000000000008381e-03 -2.499999999933111283e-07 -3.562674063252724830e-04
7.781460000000000043e-01 3.913909999999999889e-01 3.973500000000002030e-02 -3.311499999999995003e-03 4.966749999999992005e-03 -1.655749999999997502e-03 -7.784026253266785877e-01
8.311260000000000314e-01 3.847679999999999989e-01 3.642349999999999755e-02 -3.311499999999995003e-03 -8.278250000000014763e-03 2.499999999933111283e-07 -5.601591279154861658e-01
8.509929999999999994e-01 3.847679999999999989e-01 2.317849999999999078e-02 -3.311000000000008381e-03 -8.278000000000007574e-03 2.499999999933111283e-07 -2.134900280045419763e+00
8.774830000000000130e-01 3.781459999999999821e-01 1.986749999999998240e-02 -3.311000000000008381e-03 -8.278000000000007574e-03 -2.499999999933111283e-07 -3.354960842490255502e+00
8.907279999999999642e-01 3.781459999999999821e-01 6.622499999999975628e-03 -3.311499999999995003e-03 -1.158924999999999539e-02 -1.655749999999997502e-03 -1.215556099044984819e+02
8.907279999999999642e-01 3.715229999999999921e-01 -3.311000000000008381e-03 -6.622500000000003384e-03 -1.158924999999996763e-02 -3.310999999999994503e-03 -1.620799933348280604e+02
8.841059999999999475e-01 3.649009999999999754e-01 -1.655599999999995964e-02 -9.933499999999984009e-03 -9.933999999999970631e-03 -1.655749999999997502e-03 -9.901843684055016581e+00
8.576160000000000450e-01 3.516560000000000241e-01 -2.317899999999994964e-02 -9.933999999999998387e-03 -2.500000000349444917e-07 3.310999999999980625e-03 -4.785563305904783071e+00
8.377480000000000482e-01 3.450329999999999786e-01 -1.655650000000002953e-02 -3.311500000000022759e-03 1.655749999999955868e-03 3.311500000000008881e-03 -1.025118926007337272e+01
8.245029999999999859e-01 3.450329999999999786e-01 -1.986750000000003791e-02 -3.310999999999980625e-03 -3.310999999999980625e-03 3.311500000000022759e-03 -9.393444587989028705e+00
7.980129999999999724e-01 3.384110000000000174e-01 -2.317849999999999078e-02 3.311500000000022759e-03 4.967000000000026949e-03 6.622249999999982317e-03 -1.323980889171340714e+01
7.781460000000000043e-01 3.516560000000000241e-01 -9.933499999999984009e-03 9.933499999999984009e-03 1.324474999999999958e-02 4.966749999999978127e-03 -6.525234631195846191e+01
7.781460000000000043e-01 3.582779999999999854e-01 3.311000000000008381e-03 1.324499999999997901e-02 1.324474999999999958e-02 4.967000000000013071e-03 -6.247433629811138189e+01
7.847680000000000211e-01 3.781459999999999821e-01 1.655600000000001515e-02 1.986750000000001015e-02 8.278249999999987008e-03 1.387778780781445676e-17 -9.508656438254256216e+00
8.112580000000000346e-01 3.980130000000000057e-01 1.986749999999998240e-02 1.324500000000000677e-02 -1.655500000000031946e-03 -6.622250000000010073e-03 -8.053597064747540557e+00
8.245029999999999859e-01 4.046359999999999957e-01 1.324499999999995126e-02 6.622999999999990006e-03 -6.622500000000031140e-03 -6.622000000000016762e-03 -1.350221357884445617e+01
