2.682120000000000060e-01 4.046359999999999957e-01 -6.622999999999990006e-03 0.000000000000000000e+00 4.999999999866222566e-07 0.000000000000000000e+00 -0.000000000000000000e+00
2.615890000000000160e-01 4.046359999999999957e-01 -6.622500000000003384e-03 0.000000000000000000e+00 2.499999999933111283e-07 0.000000000000000000e+00 -0.000000000000000000e+00
2.549669999999999992e-01 4.046359999999999957e-01 -6.622500000000003384e-03 0.000000000000000000e+00 0.000000000000000000e+00 0.000000000000000000e+00 -0.000000000000000000e+00
2.483440000000000092e-01 4.046359999999999957e-01 -6.622500000000003384e-03 0.000000000000000000e+00 0.000000000000000000e+00 0.000000000000000000e+00 -0.000000000000000000e+00
2.417219999999999924e-01 4.046359999999999957e-01 -6.622500000000003384e-03 0.000000000000000000e+00 6.938893903907228378e-18 0.000000000000000000e+00 -0.000000000000000000e+00
2.350990000000000024e-01 4.046359999999999957e-01 -6.622499999999989506e-03 0.000000000000000000e+00 0.000000000000000000e+00 0.000000000000000000e+00 -0.000000000000000000e+00
2.284770000000000134e-01 4.046359999999999957e-01 -6.622500000000003384e-03 0.000000000000000000e+00 -6.938893903907228378e-18 1.655500000000004190e-03 -3.774724423598531331e+01
2.218539999999999957e-01 4.046359999999999957e-01 -6.622500000000003384e-03 3.311000000000008381e-03 1.655750000000004440e-03 3.311250000000001692e-03 -6.753248075750525459e+01
2.152320000000000066e-01 4.112580000000000124e-01 -3.310999999999994503e-03 6.622500000000003384e-03 1.655499999999997252e-03 2.499999999933111283e-07 -2.701299217981676293e+01
2.152320000000000066e-01 4.178810000000000024e-01 -3.311500000000008881e-03 3.311499999999995003e-03 -2.500000000071889161e-07 -1.655749999999997502e-03 5.339072523906389733e+01
2.086089999999999889e-01 4.178810000000000024e-01 -3.311500000000008881e-03 3.311000000000008381e-03 1.655750000000004440e-03 1.655500000000004190e-03 -1.067733893710504844e+02
2.086089999999999889e-01 4.245030000000000192e-01 0.000000000000000000e+00 6.622500000000003384e-03 1.655750000000004440e-03 1.655749999999997502e-03 -3.775294451448667132e+01
2.086089999999999889e-01 4.311260000000000092e-01 0.000000000000000000e+00 6.622500000000003384e-03 1.655750000000004440e-03 -1.655749999999997502e-03 -3.775294451448667132e+01
2.086089999999999889e-01 4.377480000000000260e-01 3.311500000000008881e-03 3.311000000000008381e-03 1.655750000000004440e-03 -1.655500000000004190e-03 -1.067733893710504844e+02
2.152320000000000066e-01 4.377480000000000260e-01 3.311500000000008881e-03 3.311499999999995003e-03 -2.500000000071889161e-07 2.499999999933111283e-07 1.612038805528895682e-02
2.152320000000000066e-01 4.443710000000000160e-01 3.310999999999994503e-03 3.311499999999995003e-03 3.310999999999994503e-03 -2.500000000071889161e-07 -1.067814501735100947e+02
2.218539999999999957e-01 4.443710000000000160e-01 9.933499999999997887e-03 3.310999999999980625e-03 3.311500000000001942e-03 -2.500000000071889161e-07 -9.553130890108288753e+00
2.350990000000000024e-01 4.509929999999999772e-01 9.933999999999998387e-03 3.310999999999980625e-03 -1.655499999999997252e-03 2.500000000210667039e-07 4.776276979519110455e+00
2.417219999999999924e-01 4.509929999999999772e-01 6.622500000000003384e-03 3.311500000000022759e-03 -1.655749999999997502e-03 2.500000000210667039e-07 1.351139051145531766e+01
2.483440000000000092e-01 4.576160000000000228e-01 6.622500000000003384e-03 3.311500000000022759e-03 0.000000000000000000e+00 -1.655750000000011379e-03 -2.701258436269041141e+01
2.549669999999999992e-01 4.576160000000000228e-01 6.622500000000003384e-03 0.000000000000000000e+00 0.000000000000000000e+00 -1.655750000000011379e-03 -3.775294451448683475e+01
2.615890000000000160e-01 4.576160000000000228e-01 6.622500000000003384e-03 0.000000000000000000e+00 0.000000000000000000e+00 0.000000000000000000e+00 0.000000000000000000e+00
2.682120000000000060e-01 4.576160000000000228e-01 6.622500000000003384e-03 0.000000000000000000e+00 0.000000000000000000e+00 0.000000000000000000e+00 0.000000000000000000e+00
2.748340000000000227e-01 4.576160000000000228e-01 6.622500000000003384e-03 0.000000000000000000e+00 1.655749999999997502e-03 -1.655750000000011379e-03 -3.775294451448683475e+01
2.814570000000000127e-01 4.576160000000000228e-01 9.933999999999998387e-03 -3.311500000000022759e-03 1.655749999999997502e-03 -1.655750000000011379e-03 -9.549958185727779991e+00
2.947020000000000195e-01 4.509929999999999772e-01 9.933999999999998387e-03 -3.311500000000022759e-03 -3.311250000000001692e-03 2.500000000210667039e-07 -9.547795223657475461e+00
3.013250000000000095e-01 4.509929999999999772e-01 3.311499999999995003e-03 -3.310999999999980625e-03 -3.311499999999995003e-03 -1.655499999999976435e-03 -1.601600840565762383e+02
3.013250000000000095e-01 4.443710000000000160e-01 3.311000000000008381e-03 -6.622499999999975628e-03 -2.499999999933111283e-07 -3.311500000000008881e-03 -2.701707115185692487e+01
3.079470000000000263e-01 4.377480000000000260e-01 3.311000000000008381e-03 -9.933999999999998387e-03 2.499999999933111283e-07 -1.387778780781445676e-17 2.163060050230911080e-03
3.079470000000000263e-01 4.245030000000000192e-01 3.311499999999995003e-03 -6.622500000000003384e-03 2.499999999933111283e-07 3.311499999999995003e-03 2.701870242040896741e+01
3.145700000000000163e-01 4.245030000000000192e-01 3.311499999999995003e-03 -3.311000000000008381e-03 -1.655749999999997502e-03 -1.655500000000004190e-03 -1.067733893710506976e+02
3.145700000000000163e-01 4.178810000000000024e-01 0.000000000000000000e+00 -9.933500000000011765e-03 -3.311499999999995003e-03 -4.966999999999999194e-03 -3.355986206445700049e+01
3.145700000000000163e-01 4.046359999999999957e-01 -3.311499999999995003e-03 -1.324500000000000677e-02 -1.655749999999997502e-03 -2.499999999933111283e-07 -8.617380088063681498e+00
3.079470000000000263e-01 3.913909999999999889e-01 -3.311499999999995003e-03 -9.933999999999998387e-03 2.499999999933111283e-07 3.311250000000001692e-03 -9.547795223657660202e+00
3.079470000000000263e-01 3.847679999999999989e-01 -3.311000000000008381e-03 -6.622500000000003384e-03 2.499999999933111283e-07 1.655749999999997502e-03 -1.350241711786867960e+01
3.013250000000000095e-01 3.781459999999999821e-01 -3.311000000000008381e-03 -6.622500000000003384e-03 -2.499999999933111283e-07 -1.655749999999997502e-03 1.350241711786867960e+01
3.013250000000000095e-01 3.715229999999999921e-01 -3.311499999999995003e-03 -9.933999999999998387e-03 -1.656000000000004690e-03 -3.311250000000001692e-03 -4.777502566756826496e+00
2.947020000000000195e-01 3.582779999999999854e-01 -6.623000000000017762e-03 -1.324500000000000677e-02 -1.655500000000004190e-03 -1.655499999999990313e-03 -3.375808326613373378e+00
2.880789999999999740e-01 3.450329999999999786e-01 -6.622500000000003384e-03 -1.324499999999997901e-02 2.500000000210667039e-07 1.655750000000011379e-03 -3.375706314589168588e+00
2.814570000000000127e-01 3.317880000000000273e-01 -6.622499999999975628e-03 -9.933499999999984009e-03 0.000000000000000000e+00 3.311249999999987814e-03 -1.288681803753787136e+01
2.748340000000000227e-01 3.251660000000000106e-01 -6.622500000000003384e-03 -6.622500000000003384e-03 -1.655500000000018068e-03 -2.500000000071889161e-07 -1.334365083239359073e+01
2.682120000000000060e-01 3.185430000000000206e-01 -9.933500000000011765e-03 -9.933999999999998387e-03 -1.655749999999997502e-03 -1.655749999999997502e-03 -2.985933257821578074e-04
2.549669999999999992e-01 3.052980000000000138e-01 -9.933999999999998387e-03 -9.933999999999998387e-03 1.655500000000004190e-03 1.655749999999997502e-03 -8.956672691456395337e-04
2.483440000000000092e-01 2.986750000000000238e-01 -6.622500000000003384e-03 -6.622500000000003384e-03 2.500000000002500222e-07 2.499999999933111283e-07 5.593747165279456052e-14
2.417219999999999924e-01 2.920530000000000070e-01 -9.933499999999997887e-03 -9.933500000000011765e-03 -1.655749999999997502e-03 -1.655749999999997502e-03 -7.332628177777741485e-15
2.284770000000000134e-01 2.788080000000000003e-01 -9.933999999999998387e-03 -9.933999999999998387e-03 1.655499999999997252e-03 1.655500000000004190e-03 -2.443840343915480323e-14
2.218539999999999957e-01 2.721850000000000103e-01 -6.622500000000003384e-03 -6.622500000000003384e-03 3.311500000000001942e-03 2.499999999933111283e-07 2.669334772316152282e+01
2.152320000000000066e-01 2.655629999999999935e-01 -3.310999999999994503e-03 -9.933500000000011765e-03 1.655499999999997252e-03 -1.655749999999997502e-03 1.910049319907669840e+01
2.152320000000000066e-01 2.523179999999999867e-01 -3.311500000000008881e-03 -9.933999999999998387e-03 -2.500000000071889161e-07 -2.499999999933111283e-07 -1.441938424621380405e-03
2.086089999999999889e-01 2.456949999999999967e-01 -3.311500000000008881e-03 -9.933999999999998387e-03 2.500000000071889161e-07 2.500000000002500222e-07 1.441938424601368202e-03
2.086089999999999889e-01 2.324499999999999900e-01 -3.310999999999994503e-03 -9.933499999999997887e-03 2.500000000071889161e-07 2.500000000002500222e-07 1.442199728170575615e-03
2.019869999999999999e-01 2.258280000000000010e-01 -3.310999999999994503e-03 -9.933499999999997887e-03 1.655499999999997252e-03 -2.500000000002500222e-07 1.432573042201800639e+01
2.019869999999999999e-01 2.125829999999999942e-01 0.000000000000000000e+00 -9.933999999999998387e-03 3.310999999999994503e-03 -2.500000000002500222e-07 3.355141720740414257e+01
2.019869999999999999e-01 2.059600000000000042e-01 3.310999999999994503e-03 -9.933999999999998387e-03 3.311250000000001692e-03 2.500000000002500222e-07 2.865045131404082213e+01
2.086089999999999889e-01 1.927149999999999974e-01 6.622500000000003384e-03 -9.933499999999997887e-03 2.500000000071889161e-07 1.655749999999997502e-03 6.445354896428201030e+00
2.152320000000000066e-01 1.860930000000000084e-01 3.311500000000008881e-03 -6.622500000000003384e-03 0.000000000000000000e+00 3.310999999999994503e-03 2.701054490747228698e+01
2.152320000000000066e-01 1.794699999999999906e-01 6.622500000000003384e-03 -3.311500000000008881e-03 4.966749999999992005e-03 3.311250000000001692e-03 9.453894693930629956e+01
2.284770000000000134e-01 1.794699999999999906e-01 1.324499999999999289e-02 0.000000000000000000e+00 1.655499999999997252e-03 1.655750000000004440e-03 9.438236128621689147e+00
2.417219999999999924e-01 1.794699999999999906e-01 9.933499999999997887e-03 0.000000000000000000e+00 -1.655749999999990563e-03 0.000000000000000000e+00 0.000000000000000000e+00
2.483440000000000092e-01 1.794699999999999906e-01 9.933500000000011765e-03 0.000000000000000000e+00 1.655750000000004440e-03 1.655750000000004440e-03 1.677993103222857485e+01
2.615890000000000160e-01 1.794699999999999906e-01 1.324500000000000677e-02 3.311500000000008881e-03 2.499999999933111283e-07 3.311250000000001692e-03 1.723378431678933254e+01
2.748340000000000227e-01 1.860930000000000084e-01 9.933999999999998387e-03 6.622500000000003384e-03 -3.311250000000015570e-03 1.655499999999990313e-03 2.254908769268363145e+01
2.814570000000000127e-01 1.927149999999999974e-01 6.622499999999975628e-03 6.622499999999989506e-03 -1.655749999999997502e-03 0.000000000000000000e+00 1.334768153797654655e+01
2.880789999999999740e-01 1.993379999999999874e-01 6.622500000000003384e-03 6.622500000000003384e-03 2.500000000210667039e-07 1.655500000000011129e-03 1.334365083239342376e+01
2.947020000000000195e-01 2.059600000000000042e-01 6.623000000000017762e-03 9.933500000000011765e-03 0.000000000000000000e+00 3.311249999999994753e-03 1.288689279955304201e+01
3.013250000000000095e-01 2.192050000000000110e-01 6.622500000000003384e-03 1.324499999999999289e-02 -2.500000000071889161e-07 2.499999999933111283e-07 1.529545226381435075e-03
3.079470000000000263e-01 2.324499999999999900e-01 6.622500000000003384e-03 9.933999999999998387e-03 -1.655500000000004190e-03 -3.311249999999994753e-03 -3.221854180219467345e+00
3.145700000000000163e-01 2.390730000000000077e-01 3.311499999999995003e-03 6.622500000000003384e-03 -1.655750000000011379e-03 -1.655750000000004440e-03 1.350527245373634599e+01
3.145700000000000163e-01 2.456949999999999967e-01 3.310999999999980625e-03 6.622499999999989506e-03 -2.500000000071889161e-07 0.000000000000000000e+00 4.078972039950981045e-03
3.211919999999999775e-01 2.523179999999999867e-01 3.310999999999980625e-03 6.622500000000003384e-03 -1.655499999999990313e-03 -3.311249999999994753e-03 5.843150703976421588e-14
3.211919999999999775e-01 2.589400000000000035e-01 0.000000000000000000e+00 0.000000000000000000e+00 -1.655499999999990313e-03 -6.622500000000003384e-03 0.000000000000000000e+00
3.211919999999999775e-01 2.523179999999999867e-01 0.000000000000000000e+00 -6.622500000000003384e-03 1.655750000000011379e-03 -3.311249999999994753e-03 3.775294451448683475e+01
3.211919999999999775e-01 2.456949999999999967e-01 3.311500000000022759e-03 -6.622499999999989506e-03 1.655750000000011379e-03 0.000000000000000000e+00 2.701258436269049668e+01
3.278150000000000230e-01 2.390730000000000077e-01 3.311500000000022759e-03 -6.622500000000003384e-03 -1.655750000000011379e-03 -1.655750000000004440e-03 -4.051989627164465446e+01
3.278150000000000230e-01 2.324499999999999900e-01 0.000000000000000000e+00 -9.933999999999998387e-03 -2.500000000210667039e-07 -3.311249999999994753e-03 -2.533329599081203878e-03
3.278150000000000230e-01 2.192050000000000110e-01 3.310999999999980625e-03 -1.324499999999999289e-02 1.655499999999990313e-03 2.499999999933111283e-07 8.616959112929459152e+00
3.344369999999999843e-01 2.059600000000000042e-01 3.310999999999980625e-03 -9.933500000000011765e-03 2.500000000071889161e-07 3.311249999999994753e-03 9.552409844687350216e+00
3.344369999999999843e-01 1.993379999999999874e-01 3.311499999999995003e-03 -6.622500000000003384e-03 1.655750000000011379e-03 -2.499999999933111283e-07 2.701054490747258185e+01
3.410599999999999743e-01 1.927149999999999974e-01 6.622500000000003384e-03 -9.933999999999998387e-03 1.655500000000004190e-03 0.000000000000000000e+00 9.663616756232080718e+00
3.476819999999999911e-01 1.794699999999999906e-01 6.622500000000003384e-03 -6.622500000000003384e-03 0.000000000000000000e+00 3.311500000000001942e-03 2.669536307595294744e+01
3.543049999999999811e-01 1.794699999999999906e-01 6.622500000000003384e-03 -3.310999999999994503e-03 1.655500000000004190e-03 1.655750000000004440e-03 4.051948857768852719e+01
3.609269999999999978e-01 1.728480000000000016e-01 9.933500000000011765e-03 -3.310999999999994503e-03 1.655749999999997502e-03 -2.500000000002500222e-07 4.773320577330613546e+00
3.741720000000000046e-01 1.728480000000000016e-01 9.933999999999998387e-03 -3.311499999999995003e-03 -1.655500000000004190e-03 -2.500000000002500222e-07 -4.776781543111204620e+00
3.807949999999999946e-01 1.662250000000000116e-01 6.622500000000003384e-03 -3.311499999999995003e-03 -2.499999999933111283e-07 1.655749999999997502e-03 2.701054490747235448e+01
3.874170000000000114e-01 1.662250000000000116e-01 9.933500000000011765e-03 0.000000000000000000e+00 3.311250000000001692e-03 3.311499999999995003e-03 3.355986206445700049e+01
4.006620000000000181e-01 1.662250000000000116e-01 1.324500000000000677e-02 3.311499999999995003e-03 2.499999999933111283e-07 3.311249999999994753e-03 1.723378431678931122e+01
4.139070000000000249e-01 1.728480000000000016e-01 9.933999999999998387e-03 6.622499999999989506e-03 -3.311250000000015570e-03 1.655500000000004190e-03 2.254908769268373092e+01
4.205300000000000149e-01 1.794699999999999906e-01 6.622499999999975628e-03 6.622500000000003384e-03 -1.655749999999997502e-03 1.655750000000004440e-03 2.669536307595306113e+01
4.271519999999999762e-01 1.860930000000000084e-01 6.622500000000003384e-03 9.933999999999998387e-03 1.387778780781445676e-17 3.311249999999994753e-03 1.288547093645146724e+01
4.337750000000000217e-01 1.993379999999999874e-01 6.622500000000003384e-03 1.324499999999999289e-02 -1.387778780781445676e-17 1.655500000000004190e-03 3.376216162998076697e+00
4.403969999999999829e-01 2.125829999999999942e-01 6.622499999999975628e-03 1.324500000000000677e-02 -1.655500000000004190e-03 3.311250000000001692e-03 1.350537450040082454e+01
4.470199999999999729e-01 2.258280000000000010e-01 3.311499999999995003e-03 1.986749999999999627e-02 -1.655749999999983624e-03 4.966749999999998944e-03 6.038713736446681857e+00
4.470199999999999729e-01 2.523179999999999867e-01 3.311000000000008381e-03 2.317850000000000465e-02 -2.499999999933111283e-07 6.938893903907228378e-18 4.514505165312646963e-04
4.536419999999999897e-01 2.721850000000000103e-01 3.311000000000008381e-03 1.986750000000001015e-02 2.499999999933111283e-07 1.655999999999997752e-03 6.704248152653863313e-01
4.536419999999999897e-01 2.920530000000000070e-01 3.311499999999995003e-03 2.649050000000000016e-02 2.499999999933111283e-07 0.000000000000000000e+00 -3.480635044636245373e-04
4.602649999999999797e-01 3.251660000000000106e-01 3.311499999999995003e-03 1.986750000000001015e-02 -1.655749999999997502e-03 -6.622749999999996695e-03 1.341846326054499938e+00
4.602649999999999797e-01 3.317880000000000273e-01 0.000000000000000000e+00 1.324500000000000677e-02 -1.655749999999997502e-03 -1.655500000000018068e-03 9.438236128621628751e+00
4.602649999999999797e-01 3.516560000000000241e-01 0.000000000000000000e+00 1.655649999999997402e-02 0.000000000000000000e+00 -1.655750000000011379e-03 -0.000000000000000000e+00
4.602649999999999797e-01 3.649009999999999754e-01 0.000000000000000000e+00 9.933499999999984009e-03 0.000000000000000000e+00 -3.311499999999981125e-03 -0.000000000000000000e+00
4.602649999999999797e-01 3.715229999999999921e-01 0.000000000000000000e+00 9.933500000000011765e-03 0.000000000000000000e+00 2.500000000071889161e-07 0.000000000000000000e+00
4.602649999999999797e-01 3.847679999999999989e-01 0.000000000000000000e+00 9.933999999999998387e-03 -1.655749999999997502e-03 -1.655500000000004190e-03 1.677824193330093649e+01
4.602649999999999797e-01 3.913909999999999889e-01 -3.311499999999995003e-03 6.622500000000003384e-03 -1.655749999999997502e-03 -1.655749999999997502e-03 4.051989627164446972e+01
4.536419999999999897e-01 3.980130000000000057e-01 -3.311499999999995003e-03 6.622500000000003384e-03 2.499999999933111283e-07 0.000000000000000000e+00 -4.078602500674562321e-03
4.536419999999999897e-01 4.046359999999999957e-01 -3.311000000000008381e-03 6.622500000000003384e-03 -1.655500000000004190e-03 0.000000000000000000e+00 2.701095284777852612e+01
4.470199999999999729e-01 4.112580000000000124e-01 -6.622500000000003384e-03 6.622500000000003384e-03 -1.655749999999983624e-03 -1.655500000000004190e-03 2.669334772316134874e+01
4.403969999999999829e-01 4.178810000000000024e-01 -6.622499999999975628e-03 3.311499999999995003e-03 0.000000000000000000e+00 -3.311250000000001692e-03 5.402109012288029533e+01
4.337750000000000217e-01 4.178810000000000024e-01 -6.622500000000003384e-03 0.000000000000000000e+00 -1.387778780781445676e-17 -2.499999999933111283e-07 5.700278501204359728e-03
4.271519999999999762e-01 4.178810000000000024e-01 -6.622500000000003384e-03 3.311000000000008381e-03 1.387778780781445676e-17 1.655500000000004190e-03 -2.701095284777863981e+01
4.205300000000000149e-01 4.245030000000000192e-01 -6.622499999999975628e-03 3.311000000000008381e-03 0.000000000000000000e+00 -1.655500000000004190e-03 2.701095284777868955e+01
4.139070000000000249e-01 4.245030000000000192e-01 -6.622500000000003384e-03 0.000000000000000000e+00 -1.387778780781445676e-17 -1.655500000000004190e-03 3.774724423598531331e+01
4.072850000000000081e-01 4.245030000000000192e-01 -6.622500000000003384e-03 0.000000000000000000e+00 0.000000000000000000e+00 0.000000000000000000e+00 -0.000000000000000000e+00
4.006620000000000181e-01 4.245030000000000192e-01 -6.622500000000003384e-03 0.000000000000000000e+00 3.311250000000001692e-03 0.000000000000000000e+00 -0.000000000000000000e+00
3.940400000000000014e-01 4.245030000000000192e-01 0.000000000000000000e+00 0.000000000000000000e+00 6.622500000000003384e-03 0.000000000000000000e+00 0.000000000000000000e+00
4.006620000000000181e-01 4.245030000000000192e-01 6.622500000000003384e-03 0.000000000000000000e+00 3.311250000000001692e-03 0.000000000000000000e+00 0.000000000000000000e+00
4.072850000000000081e-01 4.245030000000000192e-01 6.622500000000003384e-03 0.000000000000000000e+00 1.655499999999990313e-03 0.000000000000000000e+00 0.000000000000000000e+00
4.139070000000000249e-01 4.245030000000000192e-01 9.933499999999984009e-03 0.000000000000000000e+00 8.278249999999987008e-03 0.000000000000000000e+00 0.000000000000000000e+00
4.271519999999999762e-01 4.245030000000000192e-01 2.317899999999997740e-02 0.000000000000000000e+00 9.934000000000012265e-03 1.655749999999997502e-03 3.081806542096340529e+00
4.602649999999999797e-01 4.245030000000000192e-01 2.980150000000000854e-02 3.311499999999995003e-03 2.775557561562891351e-17 1.655749999999997502e-03 1.830308089308834374e+00
4.867549999999999932e-01 4.311260000000000092e-01 2.317900000000003291e-02 3.311499999999995003e-03 -1.655750000000011379e-03 -1.655749999999997502e-03 -2.562661982751613721e+00
5.066230000000000455e-01 4.311260000000000092e-01 2.648999999999998578e-02 0.000000000000000000e+00 1.655499999999962557e-03 -1.655749999999997502e-03 -2.359559032155412517e+00
5.397349999999999648e-01 4.311260000000000092e-01 2.648999999999995802e-02 0.000000000000000000e+00 -3.311249999999973936e-03 0.000000000000000000e+00 0.000000000000000000e+00
5.596029999999999616e-01 4.311260000000000092e-01 1.986750000000003791e-02 0.000000000000000000e+00 -6.622499999999975628e-03 0.000000000000000000e+00 0.000000000000000000e+00
5.794700000000000406e-01 4.311260000000000092e-01 1.324500000000000677e-02 0.000000000000000000e+00 -6.622500000000031140e-03 0.000000000000000000e+00 0.000000000000000000e+00
5.860929999999999751e-01 4.311260000000000092e-01 6.622499999999975628e-03 0.000000000000000000e+00 -3.311249999999987814e-03 -3.311250000000001692e-03 -7.550018875047247491e+01
5.927149999999999919e-01 4.311260000000000092e-01 6.622500000000031140e-03 -6.622500000000003384e-03 2.775557561562891351e-17 -4.966999999999999194e-03 -4.004102926113760219e+01
5.993380000000000374e-01 4.178810000000000024e-01 6.622500000000031140e-03 -9.933999999999998387e-03 -1.655750000000011379e-03 -1.655749999999997502e-03 -1.610829797215892967e+01
6.059600000000000541e-01 4.112580000000000124e-01 3.311000000000008381e-03 -9.933999999999998387e-03 -3.311250000000015570e-03 -6.622250000000010073e-03 -4.774690699191547338e+01
6.059600000000000541e-01 3.980130000000000057e-01 0.000000000000000000e+00 -2.317850000000001853e-02 -3.311000000000008381e-03 -9.933499999999997887e-03 -6.162948328682059440e+00
6.059600000000000541e-01 3.649009999999999754e-01 -3.311000000000008381e-03 -2.980099999999999416e-02 -1.655500000000004190e-03 -3.311499999999981125e-03 -1.423378649692071729e+00
5.993380000000000374e-01 3.384110000000000174e-01 -3.311000000000008381e-03 -2.980149999999998078e-02 -2.500000000071889161e-07 -2.500000000071889161e-07 -2.456540196138377787e-04
5.993380000000000374e-01 3.052980000000000138e-01 -3.311500000000022759e-03 -2.980150000000000854e-02 -1.655750000000011379e-03 -1.655500000000011129e-03 -1.626957584008728253e+00
5.927149999999999919e-01 2.788080000000000003e-01 -6.622500000000031140e-03 -3.311250000000000304e-02 -1.655499999999976435e-03 -1.655499999999997252e-03 -1.138899023335135485e+00
5.860929999999999751e-01 2.390730000000000077e-01 -6.622499999999975628e-03 -3.311250000000000304e-02 2.775557561562891351e-17 3.311250000000001692e-03 -5.694925084594338882e-01
5.794700000000000406e-01 2.125829999999999942e-01 -6.622499999999975628e-03 -2.648999999999999966e-02 -2.775557561562891351e-17 6.622500000000003384e-03 -2.154292408112596480e+00
5.728480000000000238e-01 1.860930000000000084e-01 -6.622500000000031140e-03 -1.986749999999999627e-02 -1.655750000000011379e-03 4.966749999999998944e-03 -7.162757065357045150e+00
5.662249999999999783e-01 1.728480000000000016e-01 -9.933999999999998387e-03 -1.655650000000000177e-02 -1.655499999999976435e-03 3.311249999999994753e-03 -8.377669732686499060e+00
5.529800000000000271e-01 1.529800000000000049e-01 -9.933499999999984009e-03 -1.324500000000000677e-02 1.655749999999983624e-03 6.622749999999996695e-03 -9.664104403895684925e+00
5.463580000000000103e-01 1.463579999999999881e-01 -6.622500000000031140e-03 -3.311000000000008381e-03 -2.500000000071889161e-07 6.622500000000003384e-03 -1.080540086672313294e+02
5.397349999999999648e-01 1.463579999999999881e-01 -9.933999999999998387e-03 0.000000000000000000e+00 -1.655499999999976435e-03 4.966750000000005882e-03 -5.032965914070521762e+01
5.264900000000000135e-01 1.463579999999999881e-01 -9.933499999999984009e-03 6.622500000000003384e-03 1.655749999999983624e-03 8.278000000000000635e-03 -5.476751724210928529e+01
5.198679999999999968e-01 1.596029999999999949e-01 -6.622500000000031140e-03 1.655600000000000127e-02 3.310999999999980625e-03 6.622499999999996445e-03 -1.740398264506702475e+01
5.132449999999999513e-01 1.794699999999999906e-01 -3.311500000000022759e-03 1.986749999999999627e-02 4.967000000000026949e-03 4.966999999999999194e-03 -1.408989305596755770e+01
5.132449999999999513e-01 1.993379999999999874e-01 3.311500000000022759e-03 2.648999999999999966e-02 6.622750000000010573e-03 8.278000000000007574e-03 -7.780093596488466545e+00
5.198679999999999968e-01 2.324499999999999900e-01 9.933999999999998387e-03 3.642350000000001142e-02 3.310999999999980625e-03 3.311250000000008631e-03 -1.629805409770222813e+00
5.331129999999999480e-01 2.721850000000000103e-01 9.933499999999984009e-03 3.311250000000001692e-02 -2.499999999794333405e-07 -1.655250000000003940e-03 -3.977720226196699294e-01
5.397349999999999648e-01 2.986750000000000238e-01 9.933500000000039520e-03 3.311300000000000354e-02 2.500000000071889161e-07 -1.655500000000018068e-03 -3.982163105514759383e-01
5.529800000000000271e-01 3.384110000000000174e-01 9.933999999999998387e-03 2.980149999999998078e-02 -1.655500000000031946e-03 -4.967250000000006382e-03 -2.670457951190473062e-04
5.596029999999999616e-01 3.582779999999999854e-01 6.622499999999975628e-03 2.317849999999999078e-02 -1.655749999999983624e-03 -3.311249999999987814e-03 1.174259407679402623e+00
5.662249999999999783e-01 3.847679999999999989e-01 6.622500000000031140e-03 2.317900000000000515e-02 2.775557561562891351e-17 -3.310999999999994503e-03 -1.565230988425109437e+00
5.728480000000000238e-01 4.046359999999999957e-01 6.622500000000031140e-03 1.655650000000000177e-02 -2.775557561562891351e-17 -6.622749999999996695e-03 -7.735180593216344214e+00
5.794700000000000406e-01 4.178810000000000024e-01 6.622499999999975628e-03 9.933500000000011765e-03 -2.775557561562891351e-17 -4.966999999999999194e-03 -1.933071353490370825e+01
5.860929999999999751e-01 4.245030000000000192e-01 6.622499999999975628e-03 6.622500000000003384e-03 2.775557561562891351e-17 -1.655500000000004190e-03 -1.334566618518527292e+01
5.927149999999999919e-01 4.311260000000000092e-01 6.622500000000031140e-03 6.622500000000003384e-03 2.775557561562891351e-17 -1.655749999999997502e-03 -1.334768153797664070e+01
5.993380000000000374e-01 4.377480000000000260e-01 6.622500000000031140e-03 3.311000000000008381e-03 -2.500000000071889161e-07 -3.311250000000001692e-03 -5.402394533555807499e+01
6.059600000000000541e-01 4.377480000000000260e-01 6.622000000000016762e-03 0.000000000000000000e+00 -5.000000000143778323e-07 -3.311000000000008381e-03 -7.550588945937762730e+01
