5.066230000000000455e-01 2.655629999999999935e-01 -6.623000000000045517e-03 0.000000000000000000e+00 2.775557561562891351e-17 0.000000000000000000e+00 -0.000000000000000000e+00
5.000000000000000000e-01 2.655629999999999935e-01 -6.623000000000017762e-03 0.000000000000000000e+00 2.500000000210667039e-07 0.000000000000000000e+00 -0.000000000000000000e+00
4.933770000000000100e-01 2.655629999999999935e-01 -6.622500000000003384e-03 0.000000000000000000e+00 -1.655249999999997002e-03 1.655500000000004190e-03 -3.774724423598531331e+01
4.867549999999999932e-01 2.655629999999999935e-01 -9.933500000000011765e-03 3.311000000000008381e-03 -1.655749999999997502e-03 3.311250000000001692e-03 -2.387669817586358079e+01
4.735099999999999865e-01 2.721850000000000103e-01 -9.933999999999998387e-03 6.622500000000003384e-03 -2.499999999933111283e-07 3.311499999999995003e-03 -1.932917929689056180e+01
4.668869999999999965e-01 2.788080000000000003e-01 -9.933999999999998387e-03 9.933999999999998387e-03 2.499999999933111283e-07 1.655500000000004190e-03 -5.932004323712790850e+00
4.536419999999999897e-01 2.920530000000000070e-01 -9.933500000000011765e-03 9.933500000000011765e-03 3.311499999999995003e-03 -1.655749999999997502e-03 -5.932601510365678621e+00
4.470199999999999729e-01 2.986750000000000238e-01 -3.311000000000008381e-03 6.622500000000003384e-03 4.966750000000005882e-03 -1.655250000000010879e-03 -6.753452008954347718e+01
4.470199999999999729e-01 3.052980000000000138e-01 0.000000000000000000e+00 6.622999999999990006e-03 4.966750000000005882e-03 0.000000000000000000e+00 -1.132303345177564182e+02
4.470199999999999729e-01 3.119210000000000038e-01 6.622500000000003384e-03 6.622500000000003384e-03 6.622500000000003384e-03 -2.499999999933111283e-07 -5.338871079911435658e+01
4.602649999999999797e-01 3.185430000000000206e-01 1.324500000000000677e-02 6.622500000000003384e-03 3.311250000000001692e-03 -1.655500000000004190e-03 -1.350537450040081922e+01
4.735099999999999865e-01 3.251660000000000106e-01 1.324500000000000677e-02 3.311499999999995003e-03 1.655750000000011379e-03 -3.311250000000001692e-03 -1.938869864739201176e+01
4.867549999999999932e-01 3.251660000000000106e-01 1.655650000000002953e-02 0.000000000000000000e+00 -1.387778780781445676e-17 -3.311499999999995003e-03 -1.208057740753135612e+01
5.066230000000000455e-01 3.251660000000000106e-01 1.324499999999997901e-02 -3.311499999999995003e-03 -4.967000000000026949e-03 -3.311250000000001692e-03 -2.369755135102018073e+01
5.132449999999999513e-01 3.185430000000000206e-01 6.622499999999975628e-03 -6.622500000000003384e-03 -4.966749999999978127e-03 -1.655500000000004190e-03 -5.338468009353156418e+01
5.198679999999999968e-01 3.119210000000000038e-01 3.311500000000022759e-03 -6.622500000000003384e-03 -3.311249999999987814e-03 -1.655749999999997502e-03 -6.752840203183365020e+01
5.198679999999999968e-01 3.052980000000000138e-01 0.000000000000000000e+00 -9.933999999999998387e-03 -3.311500000000022759e-03 -1.655749999999997502e-03 -3.355648386660215721e+01
5.198679999999999968e-01 2.920530000000000070e-01 -3.311500000000022759e-03 -9.933999999999998387e-03 -4.966999999999999194e-03 -1.655500000000004190e-03 -3.819911182813181227e+01
5.132449999999999513e-01 2.854300000000000170e-01 -9.933999999999998387e-03 -1.324500000000000677e-02 -3.311249999999973936e-03 -3.311000000000008381e-03 -2.416305195147677498e+00
5.000000000000000000e-01 2.655629999999999935e-01 -9.933999999999970631e-03 -1.655600000000001515e-02 1.655749999999997502e-03 6.938893903907228378e-18 3.808567684513619600e+00
4.933770000000000100e-01 2.523179999999999867e-01 -6.622500000000003384e-03 -1.324499999999999289e-02 3.311499999999981125e-03 3.311000000000008381e-03 6.754471719631068183e+00
4.867549999999999932e-01 2.390730000000000077e-01 -3.311000000000008381e-03 -9.933999999999998387e-03 1.655500000000004190e-03 1.655499999999997252e-03 9.549669733808757499e+00
4.867549999999999932e-01 2.324499999999999900e-01 -3.311499999999995003e-03 -9.933999999999998387e-03 1.655500000000004190e-03 -1.655499999999997252e-03 1.909775340938536559e+01
4.801320000000000032e-01 2.192050000000000110e-01 0.000000000000000000e+00 -1.324499999999999289e-02 4.966999999999999194e-03 2.499999999933111283e-07 2.831328331623964800e+01
4.867549999999999932e-01 2.059600000000000042e-01 6.622500000000003384e-03 -9.933500000000011765e-03 4.967000000000013071e-03 3.311249999999994753e-03 4.188215860363345655e+01
4.933770000000000100e-01 1.993379999999999874e-01 9.934000000000026143e-03 -6.622500000000003384e-03 3.311499999999995003e-03 3.311000000000008381e-03 3.221367730440341859e+01
5.066230000000000455e-01 1.927149999999999974e-01 1.324549999999999339e-02 -3.311499999999995003e-03 1.655499999999962557e-03 3.311250000000001692e-03 1.938695743336008093e+01
5.198679999999999968e-01 1.927149999999999974e-01 1.324499999999995126e-02 0.000000000000000000e+00 1.655250000000010879e-03 3.311499999999995003e-03 1.887647225724342093e+01
5.331129999999999480e-01 1.927149999999999974e-01 1.655600000000001515e-02 3.311499999999995003e-03 2.775557561562891351e-17 3.311250000000001692e-03 1.139007507352567927e+01
5.529800000000000271e-01 1.993379999999999874e-01 1.324500000000000677e-02 6.622500000000003384e-03 -6.622250000000023951e-03 1.655500000000004190e-03 2.025780682639686603e+01
5.596029999999999616e-01 2.059600000000000042e-01 3.311499999999967248e-03 6.622500000000003384e-03 -4.966999999999999194e-03 1.655749999999997502e-03 9.454098639452483610e+01
5.596029999999999616e-01 2.125829999999999942e-01 3.311000000000008381e-03 9.933999999999998387e-03 -2.499999999794333405e-07 1.655499999999997252e-03 4.776276979518779164e+00
5.662249999999999783e-01 2.258280000000000010e-01 3.311000000000008381e-03 9.933499999999997887e-03 -1.655500000000004190e-03 -1.655749999999997502e-03 9.549525554117529680e+00
5.662249999999999783e-01 2.324499999999999900e-01 0.000000000000000000e+00 6.622500000000003384e-03 2.500000000071889161e-07 -3.310999999999994503e-03 -5.700278501520788903e-03
5.662249999999999783e-01 2.390730000000000077e-01 3.311500000000022759e-03 3.311500000000008881e-03 3.311250000000015570e-03 -3.311250000000001692e-03 -2.135145397920874188e+02
5.728480000000000238e-01 2.390730000000000077e-01 6.622500000000031140e-03 0.000000000000000000e+00 1.655499999999976435e-03 -4.967000000000006132e-03 -1.132531332649575688e+02
5.794700000000000406e-01 2.390730000000000077e-01 6.622499999999975628e-03 -6.622500000000003384e-03 -2.775557561562891351e-17 -4.966999999999999194e-03 -4.004102926113822036e+01
5.860929999999999751e-01 2.258280000000000010e-01 6.622499999999975628e-03 -9.933999999999998387e-03 1.655500000000031946e-03 -1.655749999999997502e-03 3.220394860262587144e+00
5.927149999999999919e-01 2.192050000000000110e-01 9.933500000000039520e-03 -9.933999999999998387e-03 6.622500000000003384e-03 -1.655500000000004190e-03 1.779675940373105902e+01
6.059600000000000541e-01 2.059600000000000042e-01 1.986749999999998240e-02 -1.324500000000000677e-02 4.966999999999971438e-03 1.655749999999997502e-03 7.248760295430236589e+00
6.324499999999999567e-01 1.927149999999999974e-01 1.986749999999998240e-02 -6.622500000000003384e-03 -3.311249999999987814e-03 6.622500000000003384e-03 1.193762801120568895e+01
6.456950000000000189e-01 1.927149999999999974e-01 1.324500000000000677e-02 0.000000000000000000e+00 -1.655500000000004190e-03 6.622500000000003384e-03 3.775009437523591771e+01
6.589399999999999702e-01 1.927149999999999974e-01 1.655649999999997402e-02 6.622500000000003384e-03 0.000000000000000000e+00 6.622500000000003384e-03 1.933751349387910778e+01
6.788079999999999670e-01 2.059600000000000042e-01 1.324500000000000677e-02 1.324500000000000677e-02 -6.622749999999982817e-03 4.966999999999999194e-03 2.335743501506303588e+01
6.854299999999999837e-01 2.192050000000000110e-01 3.311000000000008381e-03 1.655650000000000177e-02 -8.278000000000007574e-03 1.655749999999990563e-03 2.961257851439041033e+01
6.854299999999999837e-01 2.390730000000000077e-01 -3.311000000000008381e-03 1.655649999999998789e-02 -9.933500000000011765e-03 3.311000000000001442e-03 3.189046915735777432e+01
6.788079999999999670e-01 2.523179999999999867e-01 -1.655600000000001515e-02 2.317850000000000465e-02 -8.278249999999987008e-03 3.311000000000015320e-03 5.930683871840307653e+00
6.523179999999999534e-01 2.854300000000000170e-01 -1.986749999999998240e-02 2.317850000000001853e-02 -1.655749999999983624e-03 -3.311000000000001442e-03 3.661010643878686910e+00
6.390730000000000022e-01 2.986750000000000238e-01 -1.986749999999998240e-02 1.655650000000000177e-02 0.000000000000000000e+00 -4.966500000000012571e-03 5.704465161101781590e+00
6.125829999999999886e-01 3.185430000000000206e-01 -1.986749999999998240e-02 1.324549999999999339e-02 4.966749999999992005e-03 -4.966999999999999194e-03 2.416189508083088189e+00
5.993380000000000374e-01 3.251660000000000106e-01 -9.933999999999998387e-03 6.622500000000003384e-03 6.622499999999975628e-03 -3.311499999999995003e-03 -6.440789720524662698e+00
5.927149999999999919e-01 3.317880000000000273e-01 -6.622500000000031140e-03 6.622500000000003384e-03 4.966999999999999194e-03 -1.655500000000004190e-03 -2.669536307595266678e+01
5.860929999999999751e-01 3.384110000000000174e-01 0.000000000000000000e+00 3.311499999999995003e-03 9.933750000000018954e-03 -3.311250000000001692e-03 -9.058654738134705440e+02
5.927149999999999919e-01 3.384110000000000174e-01 1.324500000000000677e-02 0.000000000000000000e+00 8.278250000000014763e-03 -1.655749999999997502e-03 -9.438236128621628751e+00
6.125829999999999886e-01 3.384110000000000174e-01 1.655650000000002953e-02 0.000000000000000000e+00 6.622500000000003384e-03 0.000000000000000000e+00 0.000000000000000000e+00
6.258280000000000509e-01 3.384110000000000174e-01 2.649000000000001354e-02 0.000000000000000000e+00 6.622249999999968439e-03 0.000000000000000000e+00 0.000000000000000000e+00
6.655630000000000157e-01 3.384110000000000174e-01 2.980099999999996641e-02 0.000000000000000000e+00 -3.311250000000015570e-03 0.000000000000000000e+00 0.000000000000000000e+00
6.854299999999999837e-01 3.384110000000000174e-01 1.986749999999998240e-02 0.000000000000000000e+00 1.656000000000018568e-03 0.000000000000000000e+00 0.000000000000000000e+00
7.052979999999999805e-01 3.384110000000000174e-01 3.311300000000000354e-02 0.000000000000000000e+00 4.967000000000026949e-03 0.000000000000000000e+00 0.000000000000000000e+00
7.516559999999999908e-01 3.384110000000000174e-01 2.980150000000003629e-02 0.000000000000000000e+00 -6.622750000000010573e-03 -1.655749999999997502e-03 -1.864311659770853558e+00
7.649010000000000531e-01 3.384110000000000174e-01 1.986749999999998240e-02 -3.311499999999995003e-03 -4.967000000000026949e-03 -3.311250000000001692e-03 -1.006405012590290937e+01
7.913909999999999556e-01 3.317880000000000273e-01 1.986749999999998240e-02 -6.622500000000003384e-03 -4.966999999999971438e-03 -4.966750000000005882e-03 -1.432497335481319212e+01
8.046360000000000179e-01 3.251660000000000106e-01 9.933500000000039520e-03 -1.324500000000000677e-02 -8.278249999999987008e-03 -3.311499999999995003e-03 -3.140966184420571850e+01
8.112580000000000346e-01 3.052980000000000138e-01 3.311000000000008381e-03 -1.324549999999999339e-02 -6.622250000000023951e-03 0.000000000000000000e+00 -3.446546392464649955e+01
8.112580000000000346e-01 2.986750000000000238e-01 -3.311000000000008381e-03 -1.324500000000000677e-02 -4.966750000000019760e-03 2.499999999933111283e-07 -2.585152799451127237e+01
8.046360000000000179e-01 2.788080000000000003e-01 -6.622500000000031140e-03 -1.324500000000000677e-02 -4.966999999999999194e-03 3.311250000000001692e-03 -2.701227854602792178e+01
7.980129999999999724e-01 2.721850000000000103e-01 -1.324500000000000677e-02 -6.622500000000003384e-03 -4.966749999999964249e-03 4.966999999999999194e-03 -3.038849470902588834e+01
7.781460000000000043e-01 2.655629999999999935e-01 -1.655599999999995964e-02 -3.311000000000008381e-03 1.655500000000004190e-03 6.622500000000003384e-03 -2.164167450021761852e+01
7.649010000000000531e-01 2.655629999999999935e-01 -9.933999999999998387e-03 6.622500000000003384e-03 6.622249999999968439e-03 1.158925000000000927e-02 -9.341966427091107050e+01
7.582780000000000076e-01 2.788080000000000003e-01 -3.311500000000022759e-03 1.986750000000001015e-02 6.622750000000010573e-03 4.966999999999999194e-03 -1.811573598603208879e+01
7.582780000000000076e-01 3.052980000000000138e-01 3.311500000000022759e-03 1.655650000000000177e-02 8.278250000000014763e-03 -6.622500000000003384e-03 -3.303004291129738590e+01
7.649010000000000531e-01 3.119210000000000038e-01 1.324500000000000677e-02 6.622500000000003384e-03 6.622249999999968439e-03 -4.966999999999999194e-03 -3.376471087202390464e+01
7.847680000000000211e-01 3.185430000000000206e-01 1.655599999999995964e-02 6.622500000000003384e-03 -2.775557561562891351e-17 2.499999999933111283e-07 7.300279294942074683e-04
7.980129999999999724e-01 3.251660000000000106e-01 1.324499999999995126e-02 6.622999999999990006e-03 -3.311000000000008381e-03 4.999999999866222566e-07 6.754675528118495365e+00
