4.735099999999999865e-01 2.324499999999999900e-01 -6.622999999999990006e-03 0.000000000000000000e+00 -3.311000000000008381e-03 0.000000000000000000e+00 0.000000000000000000e+00
4.668869999999999965e-01 2.324499999999999900e-01 -9.933999999999998387e-03 0.000000000000000000e+00 -1.655250000000010879e-03 1.655750000000004440e-03 -1.677824193330101110e+01
4.536419999999999897e-01 2.324499999999999900e-01 -9.933500000000011765e-03 3.311500000000008881e-03 1.655749999999997502e-03 4.966999999999999194e-03 -4.775339621562000758e+01
4.470199999999999729e-01 2.390730000000000077e-01 -6.622500000000003384e-03 9.933999999999998387e-03 -2.499999999933111283e-07 4.966749999999992005e-03 -1.932626065697629159e+01
4.403969999999999829e-01 2.523179999999999867e-01 -9.933999999999998387e-03 1.324499999999999289e-02 0.000000000000000000e+00 -2.499999999933111283e-07 5.472256341384490333e-04
4.271519999999999762e-01 2.655629999999999935e-01 -6.622500000000003384e-03 9.933500000000011765e-03 4.966999999999999194e-03 -3.311249999999994753e-03 -1.610852252855772804e+01
4.271519999999999762e-01 2.721850000000000103e-01 0.000000000000000000e+00 6.622500000000003384e-03 3.311250000000001692e-03 -1.655500000000004190e-03 -7.550018875047183542e+01
4.271519999999999762e-01 2.788080000000000003e-01 0.000000000000000000e+00 6.622500000000003384e-03 3.311250000000001692e-03 0.000000000000000000e+00 -7.550018875047183542e+01
4.271519999999999762e-01 2.854300000000000170e-01 6.622500000000003384e-03 6.622500000000003384e-03 6.622500000000003384e-03 -1.655500000000004190e-03 -6.673236163150794198e+01
4.403969999999999829e-01 2.920530000000000070e-01 1.324500000000000677e-02 3.311499999999995003e-03 3.311250000000001692e-03 -3.311250000000001692e-03 -2.154296233960980800e+01
4.536419999999999897e-01 2.920530000000000070e-01 1.324500000000000677e-02 0.000000000000000000e+00 0.000000000000000000e+00 -3.311499999999995003e-03 -1.887647225724325750e+01
4.668869999999999965e-01 2.920530000000000070e-01 1.324500000000000677e-02 -3.311499999999995003e-03 0.000000000000000000e+00 -3.311250000000001692e-03 -1.723410963598175982e+01
4.801320000000000032e-01 2.854300000000000170e-01 1.324500000000000677e-02 -6.622500000000003384e-03 -1.655500000000004190e-03 -3.311000000000008381e-03 -1.688108081499005309e+01
4.933770000000000100e-01 2.788080000000000003e-01 9.933999999999998387e-03 -9.933500000000011765e-03 -4.966750000000005882e-03 -1.655749999999997502e-03 -2.372712162758211107e+01
5.000000000000000000e-01 2.655629999999999935e-01 3.311499999999995003e-03 -9.933999999999998387e-03 -4.966999999999999194e-03 -2.499999999933111283e-07 -4.297445143281859714e+01
5.000000000000000000e-01 2.589400000000000035e-01 0.000000000000000000e+00 -9.933999999999998387e-03 -3.311499999999995003e-03 2.500000000002500222e-07 -3.355648386660187299e+01
5.000000000000000000e-01 2.456949999999999967e-01 -3.311499999999995003e-03 -9.933499999999997887e-03 -3.311250000000001692e-03 1.655749999999997502e-03 -3.342687263111629647e+01
4.933770000000000100e-01 2.390730000000000077e-01 -6.622500000000003384e-03 -6.622500000000003384e-03 -1.655500000000004190e-03 -2.500000000002500222e-07 -1.334365083239353567e+01
4.867549999999999932e-01 2.324499999999999900e-01 -6.622500000000003384e-03 -9.933999999999998387e-03 0.000000000000000000e+00 -3.311249999999994753e-03 1.288547093645154895e+01
4.801320000000000032e-01 2.192050000000000110e-01 -6.622500000000003384e-03 -1.324499999999999289e-02 0.000000000000000000e+00 -3.311000000000001442e-03 6.752432325996025497e+00
4.735099999999999865e-01 2.059600000000000042e-01 -6.622500000000003384e-03 -1.655600000000000127e-02 1.655500000000004190e-03 -6.938893903907228378e-18 4.834244949025298332e+00
4.668869999999999965e-01 1.860930000000000084e-01 -3.311499999999995003e-03 -1.324500000000000677e-02 4.966999999999999194e-03 3.311000000000001442e-03 2.154328765880223173e+01
4.668869999999999965e-01 1.794699999999999906e-01 3.311499999999995003e-03 -9.933999999999998387e-03 4.966999999999999194e-03 1.655750000000004440e-03 4.774907001385970062e+01
4.735099999999999865e-01 1.662250000000000116e-01 6.622500000000003384e-03 -9.933499999999997887e-03 3.311000000000008381e-03 3.311499999999995003e-03 3.221607217337970752e+01
4.801320000000000032e-01 1.596029999999999949e-01 9.933500000000011765e-03 -3.311000000000008381e-03 6.622749999999996695e-03 3.311000000000001442e-03 4.775123299769182239e+01
4.933770000000000100e-01 1.596029999999999949e-01 1.986799999999999677e-02 -3.311499999999995003e-03 3.311499999999995003e-03 -2.499999999933111283e-07 1.341342550859421445e+00
5.198679999999999968e-01 1.529800000000000049e-01 1.655650000000000177e-02 -3.311499999999995003e-03 -6.622750000000010573e-03 3.311499999999995003e-03 6.834068842994713400e+00
5.264900000000000135e-01 1.529800000000000049e-01 6.622499999999975628e-03 3.311499999999995003e-03 -4.967000000000013071e-03 4.966999999999999194e-03 1.215535707572157662e+02
5.331129999999999480e-01 1.596029999999999949e-01 6.622499999999975628e-03 6.622500000000003384e-03 -1.655749999999983624e-03 3.311000000000001442e-03 4.003901390834646179e+01
5.397349999999999648e-01 1.662250000000000116e-01 3.311000000000008381e-03 9.933499999999997887e-03 -3.311249999999987814e-03 1.655749999999997502e-03 3.342766582082278148e+01
5.397349999999999648e-01 1.794699999999999906e-01 0.000000000000000000e+00 9.933999999999998387e-03 -1.655500000000004190e-03 -1.655499999999997252e-03 1.677570860370213879e+01
5.397349999999999648e-01 1.860930000000000084e-01 0.000000000000000000e+00 6.622500000000003384e-03 1.655750000000011379e-03 -3.311500000000001942e-03 -3.775294451448683475e+01
5.397349999999999648e-01 1.927149999999999974e-01 3.311500000000022759e-03 3.310999999999994503e-03 1.655750000000011379e-03 -1.655500000000004190e-03 -1.067733893710507260e+02
5.463580000000000103e-01 1.927149999999999974e-01 3.311500000000022759e-03 3.311499999999995003e-03 -1.655750000000011379e-03 -1.655499999999997252e-03 8.060194027641087028e-03
5.463580000000000103e-01 1.993379999999999874e-01 0.000000000000000000e+00 0.000000000000000000e+00 -2.500000000071889161e-07 -3.311499999999995003e-03 0.000000000000000000e+00
5.463580000000000103e-01 1.927149999999999974e-01 3.311000000000008381e-03 -3.311499999999995003e-03 1.655500000000004190e-03 -1.655499999999997252e-03 8.060802458936160500e-03
5.529800000000000271e-01 1.927149999999999974e-01 3.311000000000008381e-03 -3.310999999999994503e-03 2.499999999794333405e-07 -3.311000000000001442e-03 -1.067733902839167541e+02
5.529800000000000271e-01 1.860930000000000084e-01 3.311499999999967248e-03 -9.933499999999997887e-03 6.622749999999982817e-03 -4.967000000000006132e-03 4.297668648472210862e+01
5.596029999999999616e-01 1.728480000000000016e-01 1.655649999999997402e-02 -1.324500000000000677e-02 9.933500000000039520e-03 1.655499999999997252e-03 1.667917945927522538e+01
5.860929999999999751e-01 1.596029999999999949e-01 2.317850000000004629e-02 -6.622500000000003384e-03 -2.499999999794333405e-07 4.966750000000005882e-03 8.218161194394026481e+00
6.059600000000000541e-01 1.596029999999999949e-01 1.655600000000001515e-02 -3.311499999999995003e-03 -4.966750000000047516e-03 1.655500000000004190e-03 2.277361453680022851e+00
6.192050000000000054e-01 1.529800000000000049e-01 1.324499999999995126e-02 -3.311499999999995003e-03 -1.655500000000004190e-03 1.655749999999997502e-03 6.463441715038318769e+00
6.324499999999999567e-01 1.529800000000000049e-01 1.324500000000000677e-02 0.000000000000000000e+00 2.775557561562891351e-17 6.622749999999996695e-03 3.775151944486121636e+01
6.456950000000000189e-01 1.529800000000000049e-01 1.324500000000000677e-02 9.933999999999998387e-03 -1.655500000000004190e-03 9.933749999999998137e-03 3.261501263097561321e+01
6.589399999999999702e-01 1.728480000000000016e-01 9.933999999999998387e-03 1.986749999999999627e-02 -8.278000000000007574e-03 8.278000000000000635e-03 2.250931628231146320e+01
6.655630000000000157e-01 1.927149999999999974e-01 -3.311000000000008381e-03 2.648999999999999966e-02 -1.158950000000000258e-02 3.311250000000001692e-03 1.555999106395549525e+01
6.523179999999999534e-01 2.258280000000000010e-01 -1.324500000000000677e-02 2.648999999999999966e-02 -4.966999999999971438e-03 -4.966999999999999194e-03 7.597251139358666805e+00
6.390730000000000022e-01 2.456949999999999967e-01 -1.324499999999995126e-02 1.655600000000000127e-02 -3.311249999999987814e-03 -3.311249999999994753e-03 1.035340268771217431e+01
6.258280000000000509e-01 2.589400000000000035e-01 -1.986749999999998240e-02 1.986750000000001015e-02 -1.655750000000039135e-03 1.655750000000004440e-03 3.299433559604483644e-14
5.993380000000000374e-01 2.854300000000000170e-01 -1.655650000000002953e-02 1.986750000000001015e-02 4.966749999999992005e-03 -4.966750000000005882e-03 -9.507202663949164689e-01
5.927149999999999919e-01 2.986750000000000238e-01 -9.933999999999998387e-03 9.933999999999998387e-03 3.311500000000022759e-03 -6.622250000000010073e-03 1.186132164561804281e+01
5.794700000000000406e-01 3.052980000000000138e-01 -9.933499999999984009e-03 6.622999999999990006e-03 3.311499999999995003e-03 -1.655749999999997502e-03 -3.222939403436746453e+00
5.728480000000000238e-01 3.119210000000000038e-01 -3.311000000000008381e-03 6.622500000000003384e-03 6.622249999999996195e-03 -1.655999999999990813e-03 -9.453935494120690919e+01
5.728480000000000238e-01 3.185430000000000206e-01 3.311000000000008381e-03 3.311000000000008381e-03 6.622249999999996195e-03 -3.311250000000001692e-03 -3.203604839946457332e+02
5.794700000000000406e-01 3.185430000000000206e-01 9.933499999999984009e-03 0.000000000000000000e+00 6.622749999999982817e-03 -3.311000000000008381e-03 -3.355479489518895519e+01
5.927149999999999919e-01 3.185430000000000206e-01 1.655649999999997402e-02 -3.311000000000008381e-03 9.933999999999998387e-03 -1.655500000000004190e-03 1.138945321483672446e+00
6.125829999999999886e-01 3.119210000000000038e-01 2.980149999999998078e-02 -3.311000000000008381e-03 8.278000000000007574e-03 1.655500000000004190e-03 2.846707874467648391e+00
6.523179999999999534e-01 3.119210000000000038e-01 3.311249999999998916e-02 0.000000000000000000e+00 -4.966999999999971438e-03 1.655500000000004190e-03 1.509889769439415108e+00
6.788079999999999670e-01 3.119210000000000038e-01 1.986750000000003791e-02 0.000000000000000000e+00 -4.966749999999992005e-03 -1.655749999999997502e-03 -4.194771612720712639e+00
6.920530000000000292e-01 3.119210000000000038e-01 2.317900000000000515e-02 -3.311499999999995003e-03 -2.775557561562891351e-17 -1.655749999999997502e-03 -2.989804560120800314e+00
7.251659999999999773e-01 3.052980000000000138e-01 1.986749999999998240e-02 -3.311499999999995003e-03 -4.966999999999999194e-03 1.655749999999997502e-03 2.012870806382117461e+00
7.317879999999999940e-01 3.052980000000000138e-01 1.324500000000000677e-02 0.000000000000000000e+00 -3.311249999999987814e-03 0.000000000000000000e+00 0.000000000000000000e+00
7.516559999999999908e-01 3.052980000000000138e-01 1.324500000000000677e-02 -3.311499999999995003e-03 -3.311249999999987814e-03 -4.966999999999999194e-03 -3.016066774686588658e+01
7.582780000000000076e-01 2.986750000000000238e-01 6.622500000000031140e-03 -9.933999999999998387e-03 -4.966749999999992005e-03 -3.311000000000008381e-03 -4.187680766961691603e+01
7.649010000000000531e-01 2.854300000000000170e-01 3.311500000000022759e-03 -9.933500000000011765e-03 -3.311250000000015570e-03 -1.655500000000004190e-03 -3.342615150947819558e+01
7.649010000000000531e-01 2.788080000000000003e-01 0.000000000000000000e+00 -1.324500000000000677e-02 -3.311500000000022759e-03 -2.499999999933111283e-07 -1.887647225724341737e+01
7.649010000000000531e-01 2.589400000000000035e-01 -3.311500000000022759e-03 -9.933999999999998387e-03 -6.622500000000003384e-03 3.311250000000001692e-03 -6.684682342324497029e+01
7.582780000000000076e-01 2.589400000000000035e-01 -1.324500000000000677e-02 -6.622500000000003384e-03 -6.622249999999996195e-03 3.311499999999995003e-03 -2.701227854602793599e+01
7.384110000000000396e-01 2.456949999999999967e-01 -1.655600000000001515e-02 -3.311000000000008381e-03 1.655500000000004190e-03 4.966999999999999194e-03 -1.594696771828440163e+01
7.251659999999999773e-01 2.523179999999999867e-01 -9.933999999999998387e-03 3.311499999999995003e-03 4.966750000000019760e-03 6.622250000000010073e-03 -7.161927904221612096e+01
7.185430000000000428e-01 2.523179999999999867e-01 -6.622499999999975628e-03 9.933500000000011765e-03 3.311499999999995003e-03 4.966750000000005882e-03 -3.866094055448150613e+01
7.119210000000000260e-01 2.721850000000000103e-01 -3.311000000000008381e-03 1.324500000000000677e-02 6.622499999999975628e-03 2.499999999933111283e-07 -3.446946304190368693e+01
7.119210000000000260e-01 2.788080000000000003e-01 6.622499999999975628e-03 9.933999999999998387e-03 8.278000000000007574e-03 -1.655749999999997502e-03 -5.476422431704450844e+01
7.251659999999999773e-01 2.920530000000000070e-01 1.324500000000000677e-02 9.933500000000011765e-03 3.311250000000015570e-03 -3.311499999999995003e-03 -1.691304919680129970e+01
7.384110000000000396e-01 2.986750000000000238e-01 1.324500000000000677e-02 3.311000000000008381e-03 -2.775557561562891351e-17 -4.966750000000005882e-03 -2.585120271577073936e+01
7.516559999999999908e-01 2.986750000000000238e-01 1.324499999999995126e-02 0.000000000000000000e+00 -5.551115123125782702e-17 -3.311000000000008381e-03 -1.887362211799282008e+01
