3.211919999999999775e-01 3.384110000000000174e-01 6.623000000000045517e-03 0.000000000000000000e+00 3.310999999999952870e-03 3.310999999999980625e-03 7.548309006659940223e+01
3.278150000000000230e-01 3.384110000000000174e-01 9.933999999999998387e-03 3.310999999999980625e-03 3.310999999999966747e-03 3.311250000000001692e-03 1.910150252766799639e+01
3.410599999999999743e-01 3.450329999999999786e-01 1.324499999999997901e-02 6.622500000000003384e-03 1.655500000000004190e-03 2.500000000210667039e-07 -3.375196466180365285e+00
3.543049999999999811e-01 3.516560000000000241e-01 1.324500000000000677e-02 3.311500000000022759e-03 1.387778780781445676e-17 -3.311250000000001692e-03 -1.723410963598175272e+01
3.675499999999999878e-01 3.516560000000000241e-01 1.324500000000000677e-02 0.000000000000000000e+00 0.000000000000000000e+00 -3.311500000000022759e-03 -1.887647225724341737e+01
3.807949999999999946e-01 3.516560000000000241e-01 1.324500000000000677e-02 -3.311500000000022759e-03 -3.311250000000001692e-03 -4.966999999999999194e-03 -3.016066774686589014e+01
3.940400000000000014e-01 3.450329999999999786e-01 6.622500000000003384e-03 -9.933999999999998387e-03 -6.622500000000003384e-03 -6.622249999999982317e-03 -6.442735468225777140e+01
3.940400000000000014e-01 3.317880000000000273e-01 0.000000000000000000e+00 -1.655599999999998739e-02 -4.966999999999999194e-03 -4.966750000000005882e-03 -1.812104857529670099e+01
3.940400000000000014e-01 3.119210000000000038e-01 -3.311499999999995003e-03 -1.986750000000001015e-02 -4.966999999999999194e-03 -1.656000000000004690e-03 -1.140579513465699790e+01
3.874170000000000114e-01 2.920530000000000070e-01 -9.933999999999998387e-03 -1.986799999999999677e-02 -3.311000000000008381e-03 1.655500000000004190e-03 -7.502324961721210883e+00
3.741720000000000046e-01 2.721850000000000103e-01 -9.933500000000011765e-03 -1.655650000000000177e-02 2.499999999933111283e-07 1.655999999999997752e-03 -2.284826680143288602e+00
3.675499999999999878e-01 2.589400000000000035e-01 -9.933500000000011765e-03 -1.655600000000000127e-02 -2.499999999933111283e-07 2.500000000002500222e-07 -9.201160909013796421e-04
3.543049999999999811e-01 2.390730000000000077e-01 -9.933999999999998387e-03 -1.655600000000000127e-02 1.655500000000004190e-03 -2.500000000002500222e-07 3.808337677710500468e+00
3.476819999999999911e-01 2.258280000000000010e-01 -6.622500000000003384e-03 -1.655650000000000177e-02 3.311499999999995003e-03 -2.500000000002500222e-07 9.669778732673535160e+00
3.410599999999999743e-01 2.059600000000000042e-01 -3.311000000000008381e-03 -1.655650000000000177e-02 3.311250000000001692e-03 1.655749999999997502e-03 1.025067993945043909e+01
3.410599999999999743e-01 1.927149999999999974e-01 0.000000000000000000e+00 -1.324500000000000677e-02 6.622250000000010073e-03 1.655750000000004440e-03 3.774866930561061196e+01
3.410599999999999743e-01 1.794699999999999906e-01 9.933500000000011765e-03 -1.324499999999999289e-02 8.278000000000007574e-03 3.311250000000008631e-03 3.140838496088834475e+01
3.609269999999999978e-01 1.662250000000000116e-01 1.655600000000001515e-02 -6.622499999999989506e-03 1.655749999999997502e-03 6.622499999999996445e-03 2.127245904650479957e+01
3.741720000000000046e-01 1.662250000000000116e-01 1.324500000000000677e-02 0.000000000000000000e+00 2.499999999933111283e-07 6.622499999999989506e-03 3.775009437523583955e+01
3.874170000000000114e-01 1.662250000000000116e-01 1.655650000000000177e-02 6.622499999999989506e-03 0.000000000000000000e+00 4.966999999999999194e-03 1.450350011688898100e+01
4.072850000000000081e-01 1.794699999999999906e-01 1.324500000000000677e-02 9.933999999999998387e-03 -4.966999999999999194e-03 1.655750000000004440e-03 1.570452445419764231e+01
4.139070000000000249e-01 1.860930000000000084e-01 6.622500000000003384e-03 9.933999999999998387e-03 -3.311250000000015570e-03 1.655499999999997252e-03 2.577094187290320448e+01
4.205300000000000149e-01 1.993379999999999874e-01 6.622499999999975628e-03 1.324499999999999289e-02 -1.655750000000011379e-03 -2.499999999933111283e-07 6.752942174404882536e+00
4.271519999999999762e-01 2.125829999999999942e-01 3.310999999999980625e-03 9.933500000000011765e-03 -1.655499999999976435e-03 -1.655749999999997502e-03 9.549525554117343162e+00
4.271519999999999762e-01 2.192050000000000110e-01 3.311500000000022759e-03 9.933499999999997887e-03 2.500000000210667039e-07 -3.311000000000008381e-03 -9.552698122395614888e+00
4.337750000000000217e-01 2.324499999999999900e-01 3.311500000000022759e-03 3.311499999999995003e-03 -1.655750000000011379e-03 -8.277999999999993697e-03 -2.135064795980609347e+02
4.337750000000000217e-01 2.258280000000000010e-01 0.000000000000000000e+00 -6.622499999999989506e-03 -1.655750000000011379e-03 -4.966999999999999194e-03 -3.775294451448700528e+01
4.337750000000000217e-01 2.192050000000000110e-01 0.000000000000000000e+00 -6.622500000000003384e-03 1.655499999999990313e-03 -1.655500000000011129e-03 3.774724423598500067e+01
4.337750000000000217e-01 2.125829999999999942e-01 3.310999999999980625e-03 -9.933500000000011765e-03 3.311249999999987814e-03 -1.655749999999997502e-03 2.387669817586356302e+01
4.403969999999999829e-01 1.993379999999999874e-01 6.622499999999975628e-03 -9.933999999999998387e-03 3.311500000000008881e-03 -2.499999999933111283e-07 1.932917929689072523e+01
4.470199999999999729e-01 1.927149999999999974e-01 9.933999999999998387e-03 -9.933999999999998387e-03 3.311250000000015570e-03 1.655749999999997502e-03 1.779511730386927582e+01
4.602649999999999797e-01 1.794699999999999906e-01 1.324500000000000677e-02 -6.622500000000003384e-03 1.655500000000004190e-03 3.311500000000001942e-03 1.688312020862518281e+01
4.735099999999999865e-01 1.794699999999999906e-01 1.324500000000000677e-02 -3.310999999999994503e-03 0.000000000000000000e+00 1.655750000000004440e-03 8.617935047392673908e+00
4.867549999999999932e-01 1.728480000000000016e-01 1.324500000000000677e-02 -3.310999999999994503e-03 1.655749999999997502e-03 3.310999999999994503e-03 1.938758876629556482e+01
5.000000000000000000e-01 1.728480000000000016e-01 1.655650000000000177e-02 3.310999999999994503e-03 -1.655500000000004190e-03 6.622249999999996195e-03 2.391716395630497161e+01
5.198679999999999968e-01 1.794699999999999906e-01 9.933999999999998387e-03 9.933499999999997887e-03 -8.278250000000000886e-03 4.967000000000006132e-03 4.745543749321452509e+01
5.198679999999999968e-01 1.927149999999999974e-01 0.000000000000000000e+00 1.324500000000000677e-02 -6.622750000000010573e-03 6.622750000000003634e-03 3.775151944486129452e+01
5.198679999999999968e-01 2.059600000000000042e-01 -3.311500000000022759e-03 2.317900000000000515e-02 -3.311249999999987814e-03 6.622499999999996445e-03 4.270716370872772671e+00
5.132449999999999513e-01 2.390730000000000077e-01 -6.622499999999975628e-03 2.648999999999999966e-02 -1.655499999999976435e-03 -3.311500000000001942e-03 3.231357287427099045e+00
5.066230000000000455e-01 2.589400000000000035e-01 -6.622499999999975628e-03 1.655600000000000127e-02 -2.500000000210667039e-07 -6.622499999999996445e-03 7.736222774946048375e+00
5.000000000000000000e-01 2.721850000000000103e-01 -6.623000000000017762e-03 1.324500000000000677e-02 -1.387778780781445676e-17 -1.655499999999997252e-03 3.376318113434093160e+00
4.933770000000000100e-01 2.854300000000000170e-01 -6.622500000000003384e-03 1.324500000000000677e-02 -1.655249999999997002e-03 2.499999999933111283e-07 6.750902780769640898e+00
4.867549999999999932e-01 2.986750000000000238e-01 -9.933500000000011765e-03 1.324549999999999339e-02 0.000000000000000000e+00 -1.655500000000004190e-03 3.623480097589916404e+00
4.735099999999999865e-01 3.119210000000000038e-01 -6.622500000000003384e-03 9.933999999999998387e-03 6.622250000000010073e-03 -4.967249999999992505e-03 -1.932626065697634843e+01
4.735099999999999865e-01 3.185430000000000206e-01 3.311000000000008381e-03 3.311000000000008381e-03 8.278000000000007574e-03 -4.966999999999999194e-03 -4.271580621643011000e+02
4.801320000000000032e-01 3.185430000000000206e-01 9.933500000000011765e-03 0.000000000000000000e+00 6.622749999999982817e-03 2.499999999933111283e-07 2.533584634120424756e-03
4.933770000000000100e-01 3.185430000000000206e-01 1.655649999999997402e-02 3.311499999999995003e-03 6.622749999999982817e-03 1.655749999999997502e-03 1.138925478251198387e+00
5.132449999999999513e-01 3.251660000000000106e-01 2.317899999999997740e-02 3.311499999999995003e-03 4.966750000000019760e-03 -2.499999999933111283e-07 -1.281750171999609611e+00
5.397349999999999648e-01 3.251660000000000106e-01 2.649000000000001354e-02 3.311000000000008381e-03 6.622500000000017262e-03 3.310999999999994503e-03 3.457466388642003174e+00
5.662249999999999783e-01 3.317880000000000273e-01 3.642400000000001192e-02 9.933499999999984009e-03 3.311249999999987814e-03 1.655749999999983624e-03 5.094701648854200737e-01
6.125829999999999886e-01 3.450329999999999786e-01 3.311249999999998916e-02 6.622499999999975628e-03 -9.933999999999998387e-03 -6.622249999999982317e-03 -3.986189578464927497e+00
6.324499999999999567e-01 3.450329999999999786e-01 1.655600000000001515e-02 -3.310999999999980625e-03 -9.933749999999991198e-03 -9.933749999999977320e-03 -4.100457192322573974e+01
6.456950000000000189e-01 3.384110000000000174e-01 1.324500000000000677e-02 -1.324499999999997901e-02 -4.966750000000019760e-03 -6.622750000000010573e-03 -2.335693117686531650e+01
6.589399999999999702e-01 3.185430000000000206e-01 6.622499999999975628e-03 -1.655650000000000177e-02 -9.933749999999991198e-03 -1.655750000000011379e-03 -3.094013838731637023e+01
6.589399999999999702e-01 3.052980000000000138e-01 -6.622499999999975628e-03 -1.655650000000000177e-02 -8.277999999999979819e-03 1.655749999999997502e-03 -2.610539501736685963e+01
6.456950000000000189e-01 2.854300000000000170e-01 -9.933499999999984009e-03 -1.324500000000000677e-02 -1.655500000000004190e-03 4.966999999999999194e-03 -1.570410126662303263e+01
6.390730000000000022e-01 2.788080000000000003e-01 -9.933499999999984009e-03 -6.622500000000003384e-03 -1.655750000000011379e-03 6.622500000000003384e-03 -4.510337665278559172e+01
6.258280000000000509e-01 2.721850000000000103e-01 -1.324500000000000677e-02 0.000000000000000000e+00 -2.500000000071889161e-07 6.622500000000003384e-03 -3.775009437523591771e+01
6.125829999999999886e-01 2.788080000000000003e-01 -9.933999999999998387e-03 6.622500000000003384e-03 6.622500000000003384e-03 6.622500000000003384e-03 -6.442832753774570165e+01
6.059600000000000541e-01 2.854300000000000170e-01 0.000000000000000000e+00 1.324500000000000677e-02 8.278249999999987008e-03 4.966999999999999194e-03 -4.718833050385746475e+01
6.125829999999999886e-01 3.052980000000000138e-01 6.622499999999975628e-03 1.655650000000000177e-02 6.622500000000003384e-03 1.655749999999997502e-03 -1.740364534738133173e+01
6.192050000000000054e-01 3.185430000000000206e-01 1.324500000000000677e-02 1.655650000000000177e-02 3.311250000000015570e-03 -1.655750000000011379e-03 -8.052529785281498320e+00
6.390730000000000022e-01 3.384110000000000174e-01 1.324500000000000677e-02 1.324499999999997901e-02 -3.311250000000015570e-03 -4.966999999999999194e-03 -3.336920384494109104e+00
6.456950000000000189e-01 3.450329999999999786e-01 6.622499999999975628e-03 6.622500000000003384e-03 -3.311000000000036136e-03 -3.310999999999966747e-03 6.681352958199109639e-13
6.523179999999999534e-01 3.516560000000000241e-01 6.622999999999934495e-03 6.623000000000045517e-03 4.999999999588666810e-07 5.000000000421334079e-07 6.710785174559734296e-13
