3.807949999999999946e-01 3.582779999999999854e-01 1.324500000000000677e-02 6.622999999999990006e-03 0.000000000000000000e+00 -3.311499999999995003e-03 -1.350629218134516130e+01
3.940400000000000014e-01 3.649009999999999754e-01 1.324500000000000677e-02 3.311499999999995003e-03 0.000000000000000000e+00 -1.655999999999990813e-03 -8.619006585786522123e+00
4.072850000000000081e-01 3.649009999999999754e-01 1.324500000000000677e-02 3.311000000000008381e-03 -1.655750000000011379e-03 -2.499999999933111283e-07 2.153019884713943011e+00
4.205300000000000149e-01 3.715229999999999921e-01 9.933499999999984009e-03 3.311000000000008381e-03 -1.655750000000011379e-03 -1.655500000000004190e-03 -9.549525554117511916e+00
4.271519999999999762e-01 3.715229999999999921e-01 9.933499999999984009e-03 0.000000000000000000e+00 1.655750000000011379e-03 -4.966750000000005882e-03 -5.033472592741755136e+01
4.403969999999999829e-01 3.715229999999999921e-01 1.324500000000000677e-02 -6.622500000000003384e-03 2.500000000071889161e-07 -6.622500000000003384e-03 -2.701125884921038534e+01
4.536419999999999897e-01 3.582779999999999854e-01 9.933999999999998387e-03 -1.324500000000000677e-02 -4.966750000000005882e-03 -3.311249999999987814e-03 -2.174328095725617160e+01
4.602649999999999797e-01 3.450329999999999786e-01 3.311499999999995003e-03 -1.324499999999997901e-02 -4.966999999999999194e-03 1.387778780781445676e-17 -2.585181504323793789e+01
4.602649999999999797e-01 3.317880000000000273e-01 0.000000000000000000e+00 -1.324499999999997901e-02 -3.311499999999995003e-03 -1.387778780781445676e-17 -1.887647225724334277e+01
4.602649999999999797e-01 3.185430000000000206e-01 -3.311499999999995003e-03 -1.324500000000000677e-02 -3.311250000000001692e-03 -1.387778780781445676e-17 -1.723410963598174206e+01
4.536419999999999897e-01 3.052980000000000138e-01 -6.622500000000003384e-03 -1.324500000000000677e-02 -3.310999999999994503e-03 0.000000000000000000e+00 -1.350486465199198705e+01
4.470199999999999729e-01 2.920530000000000070e-01 -9.933499999999984009e-03 -1.324500000000000677e-02 -1.655749999999997502e-03 0.000000000000000000e+00 -4.832508243508919499e+00
4.337750000000000217e-01 2.788080000000000003e-01 -9.933999999999998387e-03 -1.324500000000000677e-02 -1.655750000000011379e-03 -4.966999999999999194e-03 6.040033344509484259e+00
4.271519999999999762e-01 2.655629999999999935e-01 -1.324500000000000677e-02 -2.317900000000000515e-02 2.500000000071889161e-07 -4.966999999999992255e-03 3.458022639670454534e+00
4.072850000000000081e-01 2.324499999999999900e-01 -9.933499999999984009e-03 -2.317899999999999128e-02 4.966750000000005882e-03 4.967000000000006132e-03 4.102037013119071318e+00
4.072850000000000081e-01 2.192050000000000110e-01 -3.311499999999995003e-03 -1.324499999999999289e-02 3.310999999999994503e-03 4.966999999999992255e-03 1.076936674241300551e+01
4.006620000000000181e-01 2.059600000000000042e-01 -3.311499999999995003e-03 -1.324500000000000677e-02 3.311499999999995003e-03 -6.938893903907228378e-18 1.723541081451219625e+01
4.006620000000000181e-01 1.927149999999999974e-01 3.311499999999995003e-03 -1.324500000000000677e-02 6.622749999999996695e-03 1.655750000000004440e-03 3.662410946190418315e+01
4.072850000000000081e-01 1.794699999999999906e-01 9.933999999999998387e-03 -9.933499999999997887e-03 8.277999999999993697e-03 4.967000000000006132e-03 4.745454180340573913e+01
4.205300000000000149e-01 1.728480000000000016e-01 1.986749999999998240e-02 -3.310999999999994503e-03 4.966749999999992005e-03 6.622249999999996195e-03 1.811433680903711618e+01
4.470199999999999729e-01 1.728480000000000016e-01 1.986749999999998240e-02 3.310999999999994503e-03 -3.311249999999987814e-03 4.966749999999998944e-03 1.341822238039363135e+01
4.602649999999999797e-01 1.794699999999999906e-01 1.324500000000000677e-02 6.622500000000003384e-03 -4.966999999999985316e-03 3.311500000000001942e-03 2.363657223143872699e+01
4.735099999999999865e-01 1.860930000000000084e-01 9.933500000000011765e-03 9.933999999999998387e-03 -1.655749999999997502e-03 3.311249999999994753e-03 1.779586371392237609e+01
4.801320000000000032e-01 1.993379999999999874e-01 9.933500000000011765e-03 1.324499999999999289e-02 2.499999999933111283e-07 1.655500000000004190e-03 3.623013085493014707e+00
4.933770000000000100e-01 2.125829999999999942e-01 9.933999999999998387e-03 1.324500000000000677e-02 -3.311000000000008381e-03 -1.655749999999997502e-03 6.038756503058579028e+00
5.000000000000000000e-01 2.258280000000000010e-01 3.311499999999995003e-03 9.933499999999997887e-03 -3.311249999999987814e-03 -3.311250000000001692e-03 1.909962792497419315e+01
5.000000000000000000e-01 2.324499999999999900e-01 3.311500000000022759e-03 6.622500000000003384e-03 1.387778780781445676e-17 -1.655499999999997252e-03 -1.350527245373639573e+01
5.066230000000000455e-01 2.390730000000000077e-01 3.311500000000022759e-03 6.622500000000003384e-03 -2.500000000349444917e-07 -1.655750000000004440e-03 -1.350323330645289310e+01
5.066230000000000455e-01 2.456949999999999967e-01 3.310999999999952870e-03 3.310999999999994503e-03 -2.500000000349444917e-07 -4.966749999999998944e-03 -1.601721793687441675e+02
5.132449999999999513e-01 2.456949999999999967e-01 3.310999999999952870e-03 -3.310999999999994503e-03 2.500000000349444917e-07 -4.966749999999998944e-03 -1.601721793687441675e+02
5.132449999999999513e-01 2.390730000000000077e-01 3.311500000000022759e-03 -6.622500000000003384e-03 1.655750000000039135e-03 -3.311500000000001942e-03 -2.039455217571635535e-03
5.198679999999999968e-01 2.324499999999999900e-01 6.622500000000031140e-03 -9.933999999999998387e-03 3.310999999999980625e-03 -1.655499999999997252e-03 1.288498447198206698e+01
5.264900000000000135e-01 2.192050000000000110e-01 9.933499999999984009e-03 -9.933499999999997887e-03 6.622499999999975628e-03 2.499999999933111283e-07 2.372951028402498608e+01
5.397349999999999648e-01 2.125829999999999942e-01 1.986749999999998240e-02 -9.933500000000011765e-03 6.622750000000010573e-03 -2.500000000002500222e-07 6.002328228961124168e+00
5.662249999999999783e-01 1.993379999999999874e-01 2.317900000000000515e-02 -9.933999999999998387e-03 1.655750000000011379e-03 3.311000000000008381e-03 5.811022720393763663e+00
5.860929999999999751e-01 1.927149999999999974e-01 2.317900000000000515e-02 -3.311499999999995003e-03 -1.655749999999983624e-03 4.966999999999999194e-03 8.541819675458857120e+00
6.125829999999999886e-01 1.927149999999999974e-01 1.986750000000003791e-02 0.000000000000000000e+00 -6.622750000000010573e-03 3.311499999999995003e-03 8.389543225441425278e+00
6.258280000000000509e-01 1.927149999999999974e-01 9.933499999999984009e-03 3.311499999999995003e-03 -6.622500000000031140e-03 3.311250000000001692e-03 4.775339621562040548e+01
6.324499999999999567e-01 1.993379999999999874e-01 6.622499999999975628e-03 6.622500000000003384e-03 -3.310999999999980625e-03 3.311000000000008381e-03 5.338266474074008272e+01
6.390730000000000022e-01 2.059600000000000042e-01 3.311500000000022759e-03 9.933500000000011765e-03 -4.966999999999999194e-03 8.278249999999993947e-03 6.685590840938391466e+01
6.390730000000000022e-01 2.192050000000000110e-01 -3.311500000000022759e-03 2.317899999999999128e-02 -4.966999999999999194e-03 6.622749999999989756e-03 7.260456437172466693e+00
6.324499999999999567e-01 2.523179999999999867e-01 -6.622499999999975628e-03 2.317899999999999128e-02 -1.655499999999976435e-03 -3.311499999999988064e-03 4.304651130293621897e+00
6.258280000000000509e-01 2.655629999999999935e-01 -6.622499999999975628e-03 1.655600000000001515e-02 -1.655750000000011379e-03 -3.311499999999988064e-03 8.703013366044265453e+00
6.192050000000000054e-01 2.854300000000000170e-01 -9.933999999999998387e-03 1.655600000000001515e-02 -1.655500000000004190e-03 -3.311000000000008381e-03 8.377767797541018524e+00
6.059600000000000541e-01 2.986750000000000238e-01 -9.933499999999984009e-03 9.933999999999998387e-03 2.499999999794333405e-07 -1.655250000000010879e-03 5.929466488957980452e+00
5.993380000000000374e-01 3.052980000000000138e-01 -9.933500000000039520e-03 1.324549999999999339e-02 -2.500000000071889161e-07 1.655500000000004190e-03 -3.622750467451731904e+00
5.860929999999999751e-01 3.251660000000000106e-01 -9.933999999999998387e-03 1.324500000000000677e-02 3.311000000000036136e-03 -3.311499999999995003e-03 -2.414481128062755833e+00
5.794700000000000406e-01 3.317880000000000273e-01 -3.311499999999967248e-03 6.622500000000003384e-03 6.622749999999982817e-03 -4.966750000000005882e-03 -6.752840203183458812e+01
5.794700000000000406e-01 3.384110000000000174e-01 3.311499999999967248e-03 3.311499999999995003e-03 4.966999999999971438e-03 -1.655750000000011379e-03 -2.135225999861189337e+02
5.860929999999999751e-01 3.384110000000000174e-01 6.622499999999975628e-03 3.310999999999980625e-03 8.278000000000035330e-03 1.655500000000004190e-03 -4.051540960564904736e+01
5.927149999999999919e-01 3.450329999999999786e-01 1.986750000000003791e-02 6.622500000000003384e-03 9.933750000000018954e-03 2.500000000210667039e-07 -7.162036030822481969e+00
6.258280000000000509e-01 3.516560000000000241e-01 2.649000000000001354e-02 3.311500000000022759e-03 1.655499999999976435e-03 -1.655750000000011379e-03 -2.593451549058036321e+00
6.456950000000000189e-01 3.516560000000000241e-01 2.317849999999999078e-02 3.310999999999980625e-03 -3.311250000000015570e-03 1.655499999999976435e-03 3.843658910514359039e+00
6.721850000000000325e-01 3.582779999999999854e-01 1.986749999999998240e-02 6.622499999999975628e-03 -4.966749999999992005e-03 2.500000000071889161e-07 3.581739049945746878e+00
6.854299999999999837e-01 3.649009999999999754e-01 1.324500000000000677e-02 3.311499999999995003e-03 -1.655499999999976435e-03 -6.622499999999975628e-03 -3.231395557974559551e+01
6.986750000000000460e-01 3.649009999999999754e-01 1.655650000000002953e-02 -6.622499999999975628e-03 2.499999999794333405e-07 -8.278249999999987008e-03 -2.417196487105381308e+01
7.185430000000000428e-01 3.516560000000000241e-01 1.324549999999996563e-02 -1.324499999999997901e-02 -4.967000000000026949e-03 -3.311250000000015570e-03 -1.668290146677035324e+01
7.251659999999999773e-01 3.384110000000000174e-01 6.622499999999975628e-03 -1.324500000000000677e-02 -4.967249999999978627e-03 -1.655750000000011379e-03 -2.363708207984752363e+01
7.317879999999999940e-01 3.251660000000000106e-01 3.311000000000008381e-03 -1.655650000000000177e-02 -4.966749999999992005e-03 -2.499999999933111283e-07 -1.708417990016247145e+01
7.317879999999999940e-01 3.052980000000000138e-01 -3.311000000000008381e-03 -1.324549999999999339e-02 -6.622249999999996195e-03 4.966999999999999194e-03 -4.092741313881840881e+01
7.251659999999999773e-01 2.986750000000000238e-01 -9.933499999999984009e-03 -6.622500000000003384e-03 -4.967249999999978627e-03 4.967249999999992505e-03 -4.832848645725585612e+01
7.119210000000000260e-01 2.920530000000000070e-01 -1.324549999999996563e-02 -3.311000000000008381e-03 -2.500000000071889161e-07 3.311250000000001692e-03 -1.723370776821154138e+01
6.986750000000000460e-01 2.920530000000000070e-01 -9.933999999999998387e-03 0.000000000000000000e+00 4.967249999999978627e-03 6.622500000000003384e-03 -6.710790107400616478e+01
6.920530000000000292e-01 2.920530000000000070e-01 -3.311000000000008381e-03 9.933999999999998387e-03 4.966999999999999194e-03 6.622500000000003384e-03 -6.207357465267872954e+01
6.920530000000000292e-01 3.119210000000000038e-01 0.000000000000000000e+00 1.324500000000000677e-02 6.622500000000003384e-03 3.310999999999994503e-03 -3.775009437523591771e+01
6.920530000000000292e-01 3.185430000000000206e-01 9.933999999999998387e-03 1.655599999999998739e-02 6.622500000000003384e-03 1.655749999999997502e-03 -1.294788800724844613e+01
7.119210000000000260e-01 3.450329999999999786e-01 1.324500000000000677e-02 1.655650000000000177e-02 -2.500000000071889161e-07 -3.310999999999994503e-03 -4.600515052613028288e+00
7.185430000000000428e-01 3.516560000000000241e-01 9.933499999999984009e-03 9.933999999999998387e-03 -1.655500000000004190e-03 -3.311500000000008881e-03 -5.932750745035758833e+00
7.317879999999999940e-01 3.649009999999999754e-01 9.933999999999998387e-03 9.933499999999984009e-03 -1.655249999999969246e-03 -1.655999999999990813e-03 -2.985707836481040021e-03
7.384110000000000396e-01 3.715229999999999921e-01 6.623000000000045517e-03 6.622000000000016762e-03 -3.310999999999952870e-03 -3.311499999999967248e-03 -8.061411097228131026e-03
