2.748340000000000227e-01 3.251660000000000106e-01 -1.986700000000002353e-02 6.622000000000016762e-03 1.324450000000002015e-02 6.622999999999990006e-03 -2.387705869857401098e+01
2.549669999999999992e-01 3.317880000000000273e-01 -6.622500000000003384e-03 1.324500000000000677e-02 2.152300000000001434e-02 3.311499999999981125e-03 -9.454119044166712627e+01
2.615890000000000160e-01 3.516560000000000241e-01 2.317900000000000515e-02 1.324499999999997901e-02 1.986775000000000346e-02 -8.278250000000014763e-03 -2.391571657723871525e+01
3.013250000000000095e-01 3.582779999999999854e-01 3.311300000000000354e-02 -3.311500000000022759e-03 -6.622750000000010573e-03 -1.490049999999998320e-02 -1.398325433283623020e+01
3.278150000000000230e-01 3.450329999999999786e-01 9.933499999999984009e-03 -1.655599999999998739e-02 -2.483475000000000266e-02 -1.158924999999998151e-02 -7.312243085322053560e+01
3.211919999999999775e-01 3.251660000000000106e-01 -1.655650000000000177e-02 -2.648999999999998578e-02 -1.490049999999998320e-02 -1.158975000000000977e-02 -6.653691087033113405e+00
2.947020000000000195e-01 2.920530000000000070e-01 -1.986749999999998240e-02 -3.973550000000000693e-02 1.158950000000000258e-02 -6.622500000000010323e-03 6.752860977180294100e+00
2.814570000000000127e-01 2.456949999999999967e-01 6.622500000000003384e-03 -3.973500000000000643e-02 2.483449999999998159e-02 1.158975000000000283e-02 1.627010037241058882e+01
3.079470000000000263e-01 2.125829999999999942e-01 2.980149999999998078e-02 -1.655600000000000127e-02 9.933749999999991198e-03 2.980125000000000135e-02 2.656554934855715899e+01
3.410599999999999743e-01 2.125829999999999942e-01 2.648999999999998578e-02 1.986749999999999627e-02 -8.278249999999987008e-03 2.648975000000000635e-02 2.385794563957910697e+01
3.609269999999999978e-01 2.523179999999999867e-01 1.324500000000000677e-02 3.642350000000001142e-02 -8.277999999999993697e-03 -8.278249999999993947e-03 3.295750963681414181e+00
3.675499999999999878e-01 2.854300000000000170e-01 9.933999999999998387e-03 3.311000000000008381e-03 4.966750000000005882e-03 -3.145675000000001248e-02 -2.864944196585643681e+02
3.807949999999999946e-01 2.589400000000000035e-01 2.317850000000001853e-02 -2.649000000000001354e-02 1.324474999999999958e-02 -9.933500000000004826e-03 2.765636534303185901e+00
4.139070000000000249e-01 2.324499999999999900e-01 3.642349999999999755e-02 -1.655600000000000127e-02 6.622749999999982817e-03 2.317875000000001184e-02 1.489386009990220572e+01
4.536419999999999897e-01 2.258280000000000010e-01 3.642399999999998417e-02 1.986750000000001015e-02 -1.158924999999999539e-02 3.311250000000000304e-02 2.011058508258231114e+01
4.867549999999999932e-01 2.721850000000000103e-01 1.324500000000000677e-02 4.966900000000000481e-02 -3.145699999999998497e-02 1.158949999999998870e-02 1.263265585514703560e+01
4.801320000000000032e-01 3.251660000000000106e-01 -2.648999999999998578e-02 4.304649999999998755e-02 -3.145675000000000554e-02 -1.324525000000000702e-02 1.320387400962350455e+01
4.337750000000000217e-01 3.582779999999999854e-01 -4.966850000000000431e-02 2.317849999999999078e-02 -4.967000000000013071e-03 -1.655624999999999458e-02 5.693181728174653955e+00
3.807949999999999946e-01 3.715229999999999921e-01 -3.642400000000001192e-02 9.933999999999998387e-03 2.648975000000000635e-02 -9.933499999999997887e-03 1.833485802209278814e+00
3.609269999999999978e-01 3.781459999999999821e-01 3.311000000000008381e-03 3.311499999999995003e-03 4.470200000000000562e-02 -4.966999999999999194e-03 -1.601705648039589050e+03
3.874170000000000114e-01 3.781459999999999821e-01 5.297999999999999932e-02 0.000000000000000000e+00 3.973524999999999974e-02 -1.655749999999997502e-03 -5.898897580388525741e-01
4.668869999999999965e-01 3.781459999999999821e-01 8.278150000000000786e-02 0.000000000000000000e+00 1.158950000000000258e-02 -6.622499999999989506e-03 -9.663965789472948043e-01
5.529800000000000271e-01 3.781459999999999821e-01 7.615900000000000447e-02 -1.324499999999997901e-02 -2.317874999999999797e-02 -1.324499999999999289e-02 -2.848337600740278308e+00
6.192050000000000054e-01 3.516560000000000241e-01 3.642400000000001192e-02 -2.648999999999998578e-02 -4.801324999999999343e-02 -6.622750000000010573e-03 -1.656256946873993030e+01
6.258280000000000509e-01 3.251660000000000106e-01 -1.986749999999998240e-02 -2.649050000000000016e-02 -3.807950000000001611e-02 8.277999999999993697e-03 -3.231345695292706921e+01
5.794700000000000406e-01 2.986750000000000238e-01 -3.973500000000002030e-02 -9.933999999999998387e-03 -2.775557561562891351e-17 2.152350000000000096e-02 -1.244718438738890676e+01
5.463580000000000103e-01 3.052980000000000138e-01 -1.986750000000003791e-02 1.655650000000000177e-02 2.152300000000001434e-02 1.821199999999999208e-02 -4.151929947642290131e+01
5.397349999999999648e-01 3.317880000000000273e-01 3.311000000000008381e-03 2.648999999999998578e-02 1.655625000000002234e-02 -1.387778780781445676e-17 -2.305151631811319746e+01
5.529800000000000271e-01 3.582779999999999854e-01 1.324500000000000677e-02 1.655649999999997402e-02 4.966999999999971438e-03 -9.933499999999997887e-03 -2.243132144698996200e+01
5.662249999999999783e-01 3.649009999999999754e-01 1.324499999999995126e-02 6.622999999999990006e-03 -5.551115123125782702e-17 -9.933499999999984009e-03 -4.051479794153482317e+01
