3.807949999999999946e-01 2.589400000000000035e-01 0.000000000000000000e+00 6.622999999999990006e-03 -3.311499999999995003e-03 -4.999999999866222566e-07 7.549448890231025189e+01
3.807949999999999946e-01 2.655629999999999935e-01 -3.311499999999995003e-03 6.622500000000003384e-03 -3.311250000000001692e-03 1.655250000000010879e-03 4.051785712436176823e+01
3.741720000000000046e-01 2.721850000000000103e-01 -6.622500000000003384e-03 9.933500000000011765e-03 2.499999999933111283e-07 1.655749999999997502e-03 -6.445354896428100666e+00
3.675499999999999878e-01 2.854300000000000170e-01 -3.311000000000008381e-03 9.933999999999998387e-03 1.655500000000004190e-03 1.655999999999990813e-03 -1.909933946761747592e+01
3.675499999999999878e-01 2.920530000000000070e-01 -3.311499999999995003e-03 1.324549999999999339e-02 -2.499999999933111283e-07 1.655500000000004190e-03 -2.152733001613380548e+00
3.609269999999999978e-01 3.119210000000000038e-01 -3.311499999999995003e-03 1.324500000000000677e-02 3.311499999999995003e-03 -3.311499999999995003e-03 -1.292623279169172790e+01
3.609269999999999978e-01 3.185430000000000206e-01 3.311499999999995003e-03 6.622500000000003384e-03 6.622749999999996695e-03 -4.966750000000005882e-03 -1.485641156646871366e+02
3.675499999999999878e-01 3.251660000000000106e-01 9.933999999999998387e-03 3.311499999999995003e-03 6.622250000000010073e-03 -3.311250000000001692e-03 -4.774762796656855812e+01
3.807949999999999946e-01 3.251660000000000106e-01 1.655600000000001515e-02 0.000000000000000000e+00 3.311000000000008381e-03 -3.311499999999995003e-03 -1.208130709826751392e+01
4.006620000000000181e-01 3.251660000000000106e-01 1.655600000000001515e-02 -3.311499999999995003e-03 -3.311000000000008381e-03 -4.966999999999999194e-03 -1.936359198704926143e+01
4.139070000000000249e-01 3.185430000000000206e-01 9.933999999999998387e-03 -9.933999999999998387e-03 -4.966750000000019760e-03 -8.278000000000007574e-03 -4.745155625335664951e+01
4.205300000000000149e-01 3.052980000000000138e-01 6.622499999999975628e-03 -1.986750000000001015e-02 -4.966999999999999194e-03 -4.966750000000005882e-03 -1.432533387208039777e+01
4.271519999999999762e-01 2.788080000000000003e-01 0.000000000000000000e+00 -1.986750000000001015e-02 -8.277999999999979819e-03 1.655500000000004190e-03 -2.097195797076981805e+01
4.205300000000000149e-01 2.655629999999999935e-01 -9.933499999999984009e-03 -1.655650000000000177e-02 -6.622500000000003384e-03 1.655500000000004190e-03 -1.751788645435712510e+01
4.072850000000000081e-01 2.456949999999999967e-01 -1.324500000000000677e-02 -1.655650000000000177e-02 -1.655750000000011379e-03 1.655750000000004440e-03 -5.176893046443523438e+00
3.940400000000000014e-01 2.324499999999999900e-01 -1.324500000000000677e-02 -1.324499999999999289e-02 1.655500000000004190e-03 1.655750000000004440e-03 -5.038381978742237843e-04
3.807949999999999946e-01 2.192050000000000110e-01 -9.933999999999998387e-03 -1.324499999999999289e-02 3.311250000000001692e-03 -6.938893903907228378e-18 9.663761493871314556e+00
3.741720000000000046e-01 2.059600000000000042e-01 -6.622500000000003384e-03 -1.324500000000000677e-02 3.311499999999995003e-03 -6.938893903907228378e-18 1.350690404562715763e+01
3.675499999999999878e-01 1.927149999999999974e-01 -3.311000000000008381e-03 -1.324500000000000677e-02 8.278000000000007574e-03 -1.655499999999997252e-03 4.523976741652952427e+01
3.675499999999999878e-01 1.794699999999999906e-01 9.933500000000011765e-03 -1.655600000000000127e-02 1.158925000000000927e-02 6.938893903907228378e-18 2.665873915514439929e+01
3.874170000000000114e-01 1.596029999999999949e-01 1.986750000000001015e-02 -1.324499999999999289e-02 3.311499999999995003e-03 6.622250000000003134e-03 1.288602285283943694e+01
4.072850000000000081e-01 1.529800000000000049e-01 1.655650000000000177e-02 -3.311499999999995003e-03 -1.655750000000011379e-03 6.622499999999996445e-03 2.163975618181022753e+01
4.205300000000000149e-01 1.529800000000000049e-01 1.655599999999998739e-02 0.000000000000000000e+00 -2.500000000071889161e-07 3.311499999999995003e-03 1.208130709826755300e+01
4.403969999999999829e-01 1.529800000000000049e-01 1.655599999999998739e-02 3.311499999999995003e-03 -1.655499999999990313e-03 8.278250000000000886e-03 2.961464236039917353e+01
4.536419999999999897e-01 1.596029999999999949e-01 1.324500000000000677e-02 1.655650000000000177e-02 -4.966749999999992005e-03 8.278000000000000635e-03 2.013041253815423914e+01
4.668869999999999965e-01 1.860930000000000084e-01 6.622500000000003384e-03 1.986749999999999627e-02 -6.622500000000003384e-03 -3.311500000000001942e-03 1.193744775257204971e+01
4.668869999999999965e-01 1.993379999999999874e-01 0.000000000000000000e+00 9.933499999999997887e-03 -3.311250000000001692e-03 -4.966999999999992255e-03 3.355732847982297073e+01
4.668869999999999965e-01 2.059600000000000042e-01 0.000000000000000000e+00 9.933500000000011765e-03 0.000000000000000000e+00 2.500000000002500222e-07 0.000000000000000000e+00
4.668869999999999965e-01 2.192050000000000110e-01 0.000000000000000000e+00 9.933999999999998387e-03 -1.655500000000004190e-03 -3.311000000000008381e-03 1.677570860370213879e+01
4.668869999999999965e-01 2.258280000000000010e-01 -3.311000000000008381e-03 3.311499999999995003e-03 -3.311250000000001692e-03 -4.966999999999999194e-03 2.669334746449029012e+02
4.602649999999999797e-01 2.258280000000000010e-01 -6.622500000000003384e-03 0.000000000000000000e+00 -2.499999999933111283e-07 -4.966999999999999194e-03 1.132531332649583646e+02
4.536419999999999897e-01 2.258280000000000010e-01 -3.311499999999995003e-03 -6.622500000000003384e-03 3.311250000000001692e-03 -4.966999999999999194e-03 9.454098639452445241e+01
4.536419999999999897e-01 2.125829999999999942e-01 0.000000000000000000e+00 -9.933999999999998387e-03 3.311499999999995003e-03 -1.655749999999997502e-03 3.355648386660187299e+01
4.536419999999999897e-01 2.059600000000000042e-01 3.311499999999995003e-03 -9.933999999999998387e-03 4.966999999999999194e-03 2.500000000002500222e-07 4.297445143281861846e+01
4.602649999999999797e-01 1.927149999999999974e-01 9.933999999999998387e-03 -9.933499999999997887e-03 1.158924999999999539e-02 2.500000000002500222e-07 4.152238819993724661e+01
4.735099999999999865e-01 1.860930000000000084e-01 2.648999999999998578e-02 -9.933499999999997887e-03 1.158924999999999539e-02 1.655499999999997252e-03 7.020619416743641317e+00
5.132449999999999513e-01 1.728480000000000016e-01 3.311249999999998916e-02 -6.622500000000003384e-03 -1.655499999999990313e-03 4.966749999999998944e-03 3.986361565632457804e+00
5.397349999999999648e-01 1.728480000000000016e-01 2.317900000000000515e-02 0.000000000000000000e+00 -6.622499999999975628e-03 3.311250000000001692e-03 6.163147765373095055e+00
5.596029999999999616e-01 1.728480000000000016e-01 1.986750000000003791e-02 0.000000000000000000e+00 -2.499999999794333405e-07 4.966749999999998944e-03 1.258304810960629538e+01
5.794700000000000406e-01 1.728480000000000016e-01 2.317850000000004629e-02 9.933499999999997887e-03 -1.655500000000031946e-03 9.933749999999998137e-03 1.538360889267426757e+01
6.059600000000000541e-01 1.927149999999999974e-01 1.655649999999997402e-02 1.986749999999999627e-02 -9.933500000000039520e-03 4.966999999999999194e-03 1.616377595124205868e+01
6.125829999999999886e-01 2.125829999999999942e-01 3.311499999999967248e-03 1.986749999999999627e-02 -1.490074999999999039e-02 4.966750000000005882e-03 3.824302574532829624e+01
6.125829999999999886e-01 2.324499999999999900e-01 -1.324500000000000677e-02 2.980100000000000804e-02 -1.158949999999997482e-02 4.967000000000006132e-03 8.061176845395099377e+00
5.860929999999999751e-01 2.721850000000000103e-01 -1.986749999999998240e-02 2.980150000000000854e-02 -1.655749999999983624e-03 -4.966500000000005632e-03 3.221407922700075144e+00
5.728480000000000238e-01 2.920530000000000070e-01 -1.655649999999997402e-02 1.986799999999999677e-02 -2.775557561562891351e-17 -4.966999999999999194e-03 4.754059504182476914e+00
5.529800000000000271e-01 3.119210000000000038e-01 -1.986750000000003791e-02 1.986750000000001015e-02 1.655749999999983624e-03 -1.656000000000004690e-03 2.239280879631161761e-04
5.331129999999999480e-01 3.317880000000000273e-01 -1.324500000000000677e-02 1.655599999999998739e-02 6.622500000000031140e-03 -4.966750000000005882e-03 -4.601550907645679978e+00
5.264900000000000135e-01 3.450329999999999786e-01 -6.622499999999975628e-03 9.933999999999998387e-03 6.622500000000003384e-03 -4.966749999999992005e-03 -1.932966568790930140e+01
5.198679999999999968e-01 3.516560000000000241e-01 0.000000000000000000e+00 6.622500000000003384e-03 8.277999999999979819e-03 -3.311500000000008881e-03 -1.887476217369283233e+02
5.264900000000000135e-01 3.582779999999999854e-01 9.933499999999984009e-03 3.310999999999980625e-03 8.278249999999987008e-03 -3.311250000000001692e-03 -5.252815901989978187e+01
5.397349999999999648e-01 3.582779999999999854e-01 1.655649999999997402e-02 0.000000000000000000e+00 1.324525000000001396e-02 -1.655499999999990313e-03 -6.039376686748666678e+00
5.596029999999999616e-01 3.582779999999999854e-01 3.642400000000001192e-02 0.000000000000000000e+00 1.158925000000002314e-02 0.000000000000000000e+00 0.000000000000000000e+00
6.125829999999999886e-01 3.582779999999999854e-01 3.973500000000002030e-02 0.000000000000000000e+00 1.655500000000004190e-03 0.000000000000000000e+00 0.000000000000000000e+00
6.390730000000000022e-01 3.582779999999999854e-01 3.973500000000002030e-02 0.000000000000000000e+00 -1.655500000000004190e-03 0.000000000000000000e+00 0.000000000000000000e+00
6.920530000000000292e-01 3.582779999999999854e-01 3.642400000000001192e-02 0.000000000000000000e+00 -9.933750000000018954e-03 0.000000000000000000e+00 0.000000000000000000e+00
7.119210000000000260e-01 3.582779999999999854e-01 1.986749999999998240e-02 0.000000000000000000e+00 -4.966999999999999194e-03 -1.655499999999990313e-03 -4.194138248442790484e+00
7.317879999999999940e-01 3.582779999999999854e-01 2.649000000000001354e-02 -3.310999999999980625e-03 0.000000000000000000e+00 -4.966749999999992005e-03 -6.915280856050626035e+00
7.649010000000000531e-01 3.516560000000000241e-01 1.986749999999998240e-02 -9.933499999999984009e-03 -9.933750000000018954e-03 -9.934000000000012265e-03 -2.701240317906071198e+01
7.715229999999999588e-01 3.384110000000000174e-01 6.622499999999975628e-03 -2.317900000000000515e-02 -8.277999999999979819e-03 -6.622750000000010573e-03 -1.682756269511603264e+01
7.781460000000000043e-01 3.052980000000000138e-01 3.311500000000022759e-03 -2.317900000000000515e-02 -4.966999999999999194e-03 4.966999999999999194e-03 -7.687599014541629749e+00
7.781460000000000043e-01 2.920530000000000070e-01 -3.311500000000022759e-03 -1.324500000000000677e-02 -6.622750000000010573e-03 3.311250000000001692e-03 -3.877837315412203623e+01
7.715229999999999588e-01 2.788080000000000003e-01 -9.933999999999998387e-03 -1.655650000000000177e-02 -4.966749999999992005e-03 1.655500000000004190e-03 -1.370887228666347646e+01
7.582780000000000076e-01 2.589400000000000035e-01 -1.324500000000000677e-02 -9.933999999999998387e-03 -4.966749999999992005e-03 9.933999999999998387e-03 -3.986374577115007867e+01
7.450329999999999453e-01 2.589400000000000035e-01 -1.986749999999998240e-02 3.311499999999995003e-03 -1.655499999999976435e-03 8.278250000000000886e-03 -1.945707577147818412e+01
7.185430000000000428e-01 2.655629999999999935e-01 -1.655599999999995964e-02 6.622500000000003384e-03 9.933749999999991198e-03 8.278000000000007574e-03 -3.577592392151033351e+01
7.119210000000000260e-01 2.721850000000000103e-01 0.000000000000000000e+00 1.986750000000001015e-02 1.158924999999996763e-02 6.622749999999996695e-03 -2.936086783193331939e+01
7.185430000000000428e-01 3.052980000000000138e-01 6.622499999999975628e-03 1.986799999999999677e-02 8.278249999999987008e-03 -4.966750000000005882e-03 -2.148690125869452316e+01
7.251659999999999773e-01 3.119210000000000038e-01 1.655649999999997402e-02 9.933999999999998387e-03 6.622500000000031140e-03 -6.622749999999996695e-03 -2.437277247817160486e+01
7.516559999999999908e-01 3.251660000000000106e-01 1.986750000000003791e-02 6.622500000000003384e-03 -1.655749999999983624e-03 -6.622749999999996695e-03 -1.313184145891022681e+01
7.649010000000000531e-01 3.251660000000000106e-01 1.324500000000000677e-02 -3.311499999999995003e-03 -3.311250000000043325e-03 -6.622749999999996695e-03 -3.877837315412205044e+01
7.781460000000000043e-01 3.185430000000000206e-01 1.324499999999995126e-02 -6.622999999999990006e-03 -5.551115123125782702e-17 -3.311499999999995003e-03 -1.350629218134535492e+01
