4.337750000000000217e-01 1.993379999999999874e-01 -6.623000000000045517e-03 0.000000000000000000e+00 5.000000000421334079e-07 0.000000000000000000e+00 -0.000000000000000000e+00
4.271519999999999762e-01 1.993379999999999874e-01 -6.622500000000003384e-03 0.000000000000000000e+00 2.500000000349444917e-07 0.000000000000000000e+00 -0.000000000000000000e+00
4.205300000000000149e-01 1.993379999999999874e-01 -6.622499999999975628e-03 0.000000000000000000e+00 0.000000000000000000e+00 1.655500000000004190e-03 -3.774724423598564016e+01
4.139070000000000249e-01 1.993379999999999874e-01 -6.622500000000003384e-03 3.311000000000008381e-03 1.655749999999983624e-03 3.311250000000001692e-03 -6.753248075750506985e+01
4.072850000000000081e-01 2.059600000000000042e-01 -3.311000000000008381e-03 6.622500000000003384e-03 3.311250000000001692e-03 1.655749999999997502e-03 -6.753248075750518353e+01
4.072850000000000081e-01 2.125829999999999942e-01 0.000000000000000000e+00 6.622500000000003384e-03 3.311000000000008381e-03 1.655499999999997252e-03 -7.549448847197062662e+01
4.072850000000000081e-01 2.192050000000000110e-01 3.311000000000008381e-03 9.933499999999997887e-03 4.966749999999992005e-03 1.655749999999997502e-03 -3.820170755246067529e+01
4.139070000000000249e-01 2.324499999999999900e-01 9.933499999999984009e-03 9.933999999999998387e-03 4.966999999999985316e-03 -3.310999999999994503e-03 -2.965897668280907951e+01
4.271519999999999762e-01 2.390730000000000077e-01 1.324499999999997901e-02 3.311500000000008881e-03 1.655750000000011379e-03 -4.966999999999999194e-03 -2.800640405464819693e+01
4.403969999999999829e-01 2.390730000000000077e-01 1.324500000000000677e-02 0.000000000000000000e+00 -1.655499999999990313e-03 -3.311500000000008881e-03 -1.887647225724333566e+01
4.536419999999999897e-01 2.390730000000000077e-01 9.933999999999998387e-03 -3.311500000000008881e-03 -3.311250000000001692e-03 -4.966999999999999194e-03 -5.252368859490072595e+01
4.602649999999999797e-01 2.324499999999999900e-01 6.622500000000003384e-03 -9.933999999999998387e-03 -4.966999999999999194e-03 -4.966749999999992005e-03 -4.832148888554385735e+01
4.668869999999999965e-01 2.192050000000000110e-01 0.000000000000000000e+00 -1.324499999999999289e-02 -6.622500000000003384e-03 -1.655500000000004190e-03 -3.775009437523600297e+01
4.602649999999999797e-01 2.059600000000000042e-01 -6.622500000000003384e-03 -1.324500000000000677e-02 -4.966999999999999194e-03 1.655749999999997502e-03 -2.363606238302995166e+01
4.536419999999999897e-01 1.927149999999999974e-01 -9.933999999999998387e-03 -9.933499999999997887e-03 -1.655499999999990313e-03 1.655750000000004440e-03 -1.186371011045393686e+01
4.403969999999999829e-01 1.860930000000000084e-01 -9.933499999999984009e-03 -9.933499999999997887e-03 1.655749999999997502e-03 -3.311500000000001942e-03 1.779780453109713534e+01
4.337750000000000217e-01 1.728480000000000016e-01 -6.622500000000003384e-03 -1.655650000000000177e-02 3.310999999999980625e-03 -6.622750000000003634e-03 1.740320734719650630e+01
4.271519999999999762e-01 1.529800000000000049e-01 -3.311500000000022759e-03 -2.317900000000000515e-02 6.622500000000003384e-03 2.500000000002500222e-07 1.195825089159331789e+01
4.271519999999999762e-01 1.264899999999999913e-01 6.622500000000003384e-03 -1.655600000000000127e-02 8.278250000000014763e-03 6.622750000000003634e-03 3.190919959151264607e+01
4.403969999999999829e-01 1.198680000000000023e-01 1.324500000000000677e-02 -9.933499999999997887e-03 3.311250000000001692e-03 4.966749999999998944e-03 2.174409812935037678e+01
4.536419999999999897e-01 1.066229999999999956e-01 1.324500000000000677e-02 -6.622500000000003384e-03 0.000000000000000000e+00 4.966749999999998944e-03 2.025831667480558806e+01
4.668869999999999965e-01 1.066229999999999956e-01 1.324500000000000677e-02 0.000000000000000000e+00 1.655749999999997502e-03 4.966750000000002413e-03 2.831185824661426409e+01
4.801320000000000032e-01 1.066229999999999956e-01 1.655650000000000177e-02 3.311000000000001442e-03 1.655749999999983624e-03 6.622500000000003384e-03 2.164030520038455663e+01
5.000000000000000000e-01 1.132449999999999984e-01 1.655649999999997402e-02 1.324500000000000677e-02 -4.967000000000013071e-03 4.966999999999999194e-03 1.552989748554125349e+01
5.132449999999999513e-01 1.331130000000000091e-01 6.622499999999975628e-03 1.324499999999999983e-02 -8.278249999999987008e-03 -3.311250000000008631e-03 2.701227854602800704e+01
5.132449999999999513e-01 1.397349999999999981e-01 0.000000000000000000e+00 6.622499999999989506e-03 -3.311249999999987814e-03 -3.311249999999998223e-03 7.550018875047184963e+01
5.132449999999999513e-01 1.463579999999999881e-01 0.000000000000000000e+00 6.622500000000003384e-03 0.000000000000000000e+00 6.938893903907228378e-18 0.000000000000000000e+00
5.132449999999999513e-01 1.529800000000000049e-01 0.000000000000000000e+00 6.622500000000003384e-03 0.000000000000000000e+00 -3.311250000000001692e-03 -0.000000000000000000e+00
5.132449999999999513e-01 1.596029999999999949e-01 0.000000000000000000e+00 0.000000000000000000e+00 0.000000000000000000e+00 -6.622500000000003384e-03 0.000000000000000000e+00
5.132449999999999513e-01 1.529800000000000049e-01 0.000000000000000000e+00 -6.622500000000003384e-03 1.655750000000011379e-03 -4.966749999999998944e-03 3.775294451448683475e+01
5.132449999999999513e-01 1.463579999999999881e-01 3.311500000000022759e-03 -9.933499999999997887e-03 4.966999999999999194e-03 -1.655749999999997502e-03 3.820141899709997091e+01
5.198679999999999968e-01 1.331130000000000091e-01 9.933999999999998387e-03 -9.933999999999998387e-03 4.966749999999992005e-03 3.310999999999994503e-03 2.965643894948727421e+01
5.331129999999999480e-01 1.264899999999999913e-01 1.324500000000000677e-02 -3.311500000000008881e-03 3.311000000000008381e-03 3.311500000000001942e-03 2.154393819894785622e+01
5.463580000000000103e-01 1.264899999999999913e-01 1.655600000000001515e-02 -3.310999999999994503e-03 1.655500000000004190e-03 2.500000000071889161e-07 1.139732530919512765e+00
5.662249999999999783e-01 1.198680000000000023e-01 1.655600000000001515e-02 -3.310999999999994503e-03 2.500000000071889161e-07 3.310999999999994503e-03 1.138958554703785175e+01
5.794700000000000406e-01 1.198680000000000023e-01 1.655650000000002953e-02 3.310999999999994503e-03 2.499999999794333405e-07 4.966749999999998944e-03 1.708383596378273239e+01
5.993380000000000374e-01 1.264899999999999913e-01 1.655649999999997402e-02 6.622500000000003384e-03 -2.500000000349444917e-07 6.622750000000003634e-03 1.933853547961317432e+01
6.125829999999999886e-01 1.331130000000000091e-01 1.655599999999995964e-02 1.655650000000000177e-02 -3.311499999999995003e-03 8.277999999999993697e-03 1.494833921845084213e+01
6.324499999999999567e-01 1.596029999999999949e-01 9.933499999999984009e-03 2.317849999999999078e-02 -9.933499999999956254e-03 -2.500000000002500222e-07 1.435760479289348268e+01
6.324499999999999567e-01 1.794699999999999906e-01 -3.310999999999952870e-03 1.655600000000000127e-02 -8.277999999999979819e-03 -3.310999999999994503e-03 3.075299897150433992e+01
6.258280000000000509e-01 1.927149999999999974e-01 -6.622499999999975628e-03 1.655650000000000177e-02 -8.278250000000042519e-03 1.655749999999997502e-03 2.223838871733090627e+01
6.192050000000000054e-01 2.125829999999999942e-01 -1.986750000000003791e-02 1.986749999999999627e-02 -8.278000000000007574e-03 -2.500000000002500222e-07 7.414930776033258120e+00
5.860929999999999751e-01 2.324499999999999900e-01 -2.317849999999999078e-02 1.655600000000000127e-02 3.311250000000015570e-03 -6.622499999999996445e-03 4.269876038415396202e+00
5.728480000000000238e-01 2.456949999999999967e-01 -1.324500000000000677e-02 6.622500000000003384e-03 6.622249999999996195e-03 -8.278000000000000635e-03 2.025882652321439181e+01
5.596029999999999616e-01 2.456949999999999967e-01 -9.933999999999998387e-03 0.000000000000000000e+00 6.622500000000003384e-03 -3.311250000000001692e-03 3.355395053700308239e+01
5.529800000000000271e-01 2.456949999999999967e-01 0.000000000000000000e+00 0.000000000000000000e+00 1.655650000000000177e-02 -1.655499999999997252e-03 0.000000000000000000e+00
5.596029999999999616e-01 2.456949999999999967e-01 2.317900000000000515e-02 -3.310999999999994503e-03 1.655625000000002234e-02 -3.311250000000001692e-03 -1.708714758240266196e+00
5.993380000000000374e-01 2.390730000000000077e-01 3.311250000000004468e-02 -6.622500000000003384e-03 3.310999999999980625e-03 -2.500000000071889161e-07 5.692345277081639621e-01
6.258280000000000509e-01 2.324499999999999900e-01 2.980099999999996641e-02 -3.311500000000008881e-03 -1.655750000000039135e-03 3.311250000000001692e-03 3.457069076270419927e+00
6.589399999999999702e-01 2.324499999999999900e-01 2.980099999999996641e-02 0.000000000000000000e+00 1.656000000000018568e-03 1.655750000000004440e-03 1.864374218990340726e+00
6.854299999999999837e-01 2.324499999999999900e-01 3.311300000000000354e-02 0.000000000000000000e+00 2.500000000071889161e-07 -1.655499999999997252e-03 -1.509844171687167780e+00
7.251659999999999773e-01 2.324499999999999900e-01 2.980149999999998078e-02 -3.310999999999994503e-03 -8.278499999999994197e-03 -3.311249999999994753e-03 -4.677087482707356081e+00
7.450329999999999453e-01 2.258280000000000010e-01 1.655600000000001515e-02 -6.622499999999989506e-03 -6.622499999999975628e-03 -3.311500000000001942e-03 -1.740544270092599533e+01
7.582780000000000076e-01 2.192050000000000110e-01 1.655650000000002953e-02 -9.933999999999998387e-03 -3.311000000000008381e-03 -1.655500000000011129e-03 -8.377324710733196511e+00
7.781460000000000043e-01 2.059600000000000042e-01 9.933999999999998387e-03 -9.933500000000011765e-03 -8.278250000000014763e-03 2.500000000002500222e-07 -2.965808090283176668e+01
7.781460000000000043e-01 1.993379999999999874e-01 0.000000000000000000e+00 -9.933499999999997887e-03 -8.278249999999987008e-03 -1.655749999999990563e-03 -8.389458799187436000e+01
7.781460000000000043e-01 1.860930000000000084e-01 -6.622499999999975628e-03 -1.324499999999999289e-02 -6.622500000000003384e-03 -2.500000000002500222e-07 -2.701125884921051323e+01
7.649010000000000531e-01 1.728480000000000016e-01 -1.324500000000000677e-02 -9.933999999999998387e-03 -6.622500000000031140e-03 4.966749999999998944e-03 -2.899128448161390637e+01
7.516559999999999908e-01 1.662250000000000116e-01 -1.986750000000003791e-02 -3.311499999999995003e-03 -3.311249999999987814e-03 6.622749999999996695e-03 -1.744471150570438311e+01
7.251659999999999773e-01 1.662250000000000116e-01 -1.986749999999998240e-02 3.311499999999995003e-03 4.966750000000019760e-03 6.622749999999996695e-03 -1.811563466873174377e+01
7.119210000000000260e-01 1.728480000000000016e-01 -9.933999999999998387e-03 9.933999999999998387e-03 8.277999999999979819e-03 4.966749999999998944e-03 -4.745155625335647187e+01
7.052979999999999805e-01 1.860930000000000084e-01 -3.311500000000022759e-03 1.324499999999999289e-02 8.278250000000014763e-03 1.655499999999997252e-03 -4.524018837143753302e+01
7.052979999999999805e-01 1.993379999999999874e-01 6.622500000000031140e-03 1.324499999999999289e-02 8.278250000000042519e-03 6.938893903907228378e-18 -3.376522072043288603e+01
7.185430000000000428e-01 2.125829999999999942e-01 1.324500000000006228e-02 1.324500000000000677e-02 6.622500000000031140e-03 1.387778780781445676e-17 -1.334667386158067437e+01
