5.198679999999999968e-01 2.125829999999999942e-01 -6.623000000000045517e-03 0.000000000000000000e+00 5.000000000698889835e-07 0.000000000000000000e+00 -0.000000000000000000e+00
5.132449999999999513e-01 2.125829999999999942e-01 -6.622499999999975628e-03 0.000000000000000000e+00 2.500000000349444917e-07 1.655500000000004190e-03 -3.774724423598564016e+01
5.066230000000000455e-01 2.125829999999999942e-01 -6.622499999999975628e-03 3.311000000000008381e-03 -2.500000000210667039e-07 3.311250000000001692e-03 -5.402394533555858658e+01
5.000000000000000000e-01 2.192050000000000110e-01 -6.623000000000017762e-03 6.622500000000003384e-03 1.655499999999990313e-03 3.311499999999995003e-03 -4.003851013671493320e+01
4.933770000000000100e-01 2.258280000000000010e-01 -3.311499999999995003e-03 9.933999999999998387e-03 1.656000000000004690e-03 3.311249999999994753e-03 -2.387741893821225503e+01
4.933770000000000100e-01 2.390730000000000077e-01 -3.311000000000008381e-03 1.324499999999999289e-02 2.499999999933111283e-07 1.655499999999997252e-03 -2.155297032380608879e+00
4.867549999999999932e-01 2.523179999999999867e-01 -3.311000000000008381e-03 1.324499999999999289e-02 4.966750000000005882e-03 -1.655749999999990563e-03 -2.369688161785335012e+01
4.867549999999999932e-01 2.655629999999999935e-01 6.622500000000003384e-03 9.933500000000011765e-03 8.277999999999993697e-03 -3.311249999999994753e-03 -6.121043978228089344e+01
5.000000000000000000e-01 2.721850000000000103e-01 1.324499999999997901e-02 6.622500000000003384e-03 4.966999999999985316e-03 -3.311000000000008381e-03 -2.363453283780369318e+01
5.132449999999999513e-01 2.788080000000000003e-01 1.655649999999997402e-02 3.311499999999995003e-03 1.655750000000025257e-03 -4.966999999999999194e-03 -1.822366765976931191e+01
5.331129999999999480e-01 2.788080000000000003e-01 1.655650000000002953e-02 -3.311499999999995003e-03 -1.655749999999983624e-03 -6.622749999999996695e-03 -2.391881102451267793e+01
5.463580000000000103e-01 2.721850000000000103e-01 1.324500000000000677e-02 -9.933999999999998387e-03 -4.967000000000026949e-03 -4.966750000000005882e-03 -2.536755633225216755e+01
5.596029999999999616e-01 2.589400000000000035e-01 6.622499999999975628e-03 -1.324500000000000677e-02 -6.622500000000003384e-03 -1.655500000000004190e-03 -3.038798486061726578e+01
5.596029999999999616e-01 2.456949999999999967e-01 0.000000000000000000e+00 -1.324500000000000677e-02 -9.933749999999991198e-03 -3.311249999999994753e-03 -5.662514156285379840e+01
5.596029999999999616e-01 2.324499999999999900e-01 -1.324500000000000677e-02 -1.986749999999999627e-02 -9.933749999999991198e-03 -3.311249999999994753e-03 -1.127537640786537843e+01
5.331129999999999480e-01 2.059600000000000042e-01 -1.986749999999998240e-02 -1.986749999999999627e-02 1.655500000000004190e-03 3.311249999999994753e-03 -1.483075726441822839e+00
5.198679999999999968e-01 1.927149999999999974e-01 -9.933999999999998387e-03 -1.324500000000000677e-02 6.622500000000003384e-03 4.966999999999999194e-03 8.455244088389008539e+00
5.132449999999999513e-01 1.794699999999999906e-01 -6.622499999999975628e-03 -9.933499999999997887e-03 3.311500000000022759e-03 1.655750000000004440e-03 1.288730447940594637e+01
5.066230000000000455e-01 1.728480000000000016e-01 -3.310999999999952870e-03 -9.933499999999997887e-03 3.311249999999987814e-03 -2.500000000002500222e-07 2.865290304376417296e+01
5.066230000000000455e-01 1.596029999999999949e-01 0.000000000000000000e+00 -9.933999999999998387e-03 4.966749999999964249e-03 1.655499999999997252e-03 5.032965914070479130e+01
5.066230000000000455e-01 1.529800000000000049e-01 6.622499999999975628e-03 -6.622500000000003384e-03 8.277999999999979819e-03 1.655749999999997502e-03 8.008004316948461110e+01
5.198679999999999968e-01 1.463579999999999881e-01 1.655599999999995964e-02 -6.622500000000003384e-03 6.622500000000003384e-03 1.655500000000004190e-03 1.256973769604189606e+01
5.397349999999999648e-01 1.397349999999999981e-01 1.986749999999998240e-02 -3.311499999999995003e-03 4.967000000000026949e-03 4.966999999999999194e-03 1.408989305596751329e+01
5.596029999999999616e-01 1.397349999999999981e-01 2.649000000000001354e-02 3.311499999999995003e-03 2.775557561562891351e-17 4.966999999999999194e-03 6.915580738250730164e+00
5.927149999999999919e-01 1.463579999999999881e-01 1.986750000000003791e-02 6.622500000000003384e-03 -9.933749999999991198e-03 3.311000000000008381e-03 1.432461283754589587e+01
5.993380000000000374e-01 1.529800000000000049e-01 6.622500000000031140e-03 9.933500000000011765e-03 -8.278250000000014763e-03 1.655749999999997502e-03 5.476897664117115738e+01
6.059600000000000541e-01 1.662250000000000116e-01 3.311000000000008381e-03 9.933999999999998387e-03 -1.655500000000031946e-03 -1.655500000000011129e-03 9.549669733808956451e+00
6.059600000000000541e-01 1.728480000000000016e-01 3.311499999999967248e-03 6.622499999999989506e-03 2.499999999794333405e-07 -1.655749999999997502e-03 -1.351139051145461778e+01
6.125829999999999886e-01 1.794699999999999906e-01 3.311499999999967248e-03 6.622500000000003384e-03 -3.311499999999967248e-03 -1.655499999999990313e-03 4.051989627164445551e+01
6.125829999999999886e-01 1.860930000000000084e-01 -3.311499999999967248e-03 3.311500000000008881e-03 -3.311499999999967248e-03 -4.967000000000006132e-03 2.669052650311533057e+02
6.059600000000000541e-01 1.860930000000000084e-01 -3.311499999999967248e-03 -3.311500000000008881e-03 1.655749999999983624e-03 -6.622750000000003634e-03 2.669052650311530783e+02
6.059600000000000541e-01 1.794699999999999906e-01 0.000000000000000000e+00 -9.933999999999998387e-03 3.311499999999967248e-03 -3.310999999999994503e-03 3.355648386660159588e+01
6.059600000000000541e-01 1.662250000000000116e-01 3.311499999999967248e-03 -9.933499999999997887e-03 4.966999999999999194e-03 1.655749999999997502e-03 4.775339621562024206e+01
6.125829999999999886e-01 1.596029999999999949e-01 9.933999999999998387e-03 -6.622500000000003384e-03 6.622250000000023951e-03 1.655499999999997252e-03 3.543358577364742956e+01
6.258280000000000509e-01 1.529800000000000049e-01 1.655600000000001515e-02 -6.622500000000003384e-03 1.158924999999999539e-02 0.000000000000000000e+00 1.353696629948827024e+01
6.456950000000000189e-01 1.463579999999999881e-01 3.311249999999998916e-02 -6.622500000000003384e-03 9.933999999999998387e-03 3.311250000000001692e-03 4.555983064467561405e+00
6.920530000000000292e-01 1.397349999999999981e-01 3.642400000000001192e-02 0.000000000000000000e+00 -4.966749999999992005e-03 6.622500000000003384e-03 4.991679494007879470e+00
7.185430000000000428e-01 1.463579999999999881e-01 2.317900000000000515e-02 6.622500000000003384e-03 -8.278250000000014763e-03 6.622500000000003384e-03 1.487099441577598391e+01
7.384110000000000396e-01 1.529800000000000049e-01 1.986749999999998240e-02 1.324500000000000677e-02 -3.311500000000022759e-03 6.622499999999996445e-03 1.288638769271676310e+01
7.582780000000000076e-01 1.728480000000000016e-01 1.655599999999995964e-02 1.986749999999999627e-02 -6.622500000000003384e-03 3.311249999999994753e-03 1.077626671429698213e+01
7.715229999999999588e-01 1.927149999999999974e-01 6.622499999999975628e-03 1.986749999999999627e-02 -1.324474999999997182e-02 6.622500000000003384e-03 3.342481765547496764e+01
7.715229999999999588e-01 2.125829999999999942e-01 -9.933499999999984009e-03 3.311250000000000304e-02 -1.324499999999997901e-02 4.966750000000005882e-03 9.421110834394296418e+00
7.516559999999999908e-01 2.589400000000000035e-01 -1.986749999999998240e-02 2.980100000000000804e-02 -8.278499999999994197e-03 -6.622499999999996445e-03 8.233156148866278556e+00
7.317879999999999940e-01 2.721850000000000103e-01 -2.649049999999997240e-02 1.986750000000001015e-02 -3.311250000000015570e-03 -6.622250000000003134e-03 6.643684630683093673e+00
6.986750000000000460e-01 2.986750000000000238e-01 -2.649000000000001354e-02 1.655650000000000177e-02 4.967249999999978627e-03 -6.622250000000010073e-03 3.056826812983101327e+00
6.788079999999999670e-01 3.052980000000000138e-01 -1.655600000000001515e-02 6.622999999999990006e-03 8.278000000000007574e-03 -6.622500000000003384e-03 9.668187828932831351e+00
6.655630000000000157e-01 3.119210000000000038e-01 -9.933999999999998387e-03 3.311499999999995003e-03 4.966749999999992005e-03 -3.311499999999995003e-03 1.432601881405996735e+01
6.589399999999999702e-01 3.119210000000000038e-01 -6.622500000000031140e-03 0.000000000000000000e+00 4.966999999999999194e-03 -3.311499999999995003e-03 7.550588902897240473e+01
6.523179999999999534e-01 3.119210000000000038e-01 0.000000000000000000e+00 -3.311499999999995003e-03 1.158925000000002314e-02 -1.655749999999997502e-03 1.056831653946673214e+03
6.589399999999999702e-01 3.052980000000000138e-01 1.655600000000001515e-02 -3.311499999999995003e-03 1.490075000000001815e-02 1.655749999999997502e-03 1.594754984548574228e+01
6.854299999999999837e-01 3.052980000000000138e-01 2.980150000000003629e-02 0.000000000000000000e+00 9.933999999999998387e-03 1.655749999999997502e-03 1.864311659770853558e+00
7.185430000000000428e-01 3.052980000000000138e-01 3.642400000000001192e-02 0.000000000000000000e+00 9.933749999999963443e-03 0.000000000000000000e+00 0.000000000000000000e+00
7.582780000000000076e-01 3.052980000000000138e-01 4.966899999999996318e-02 0.000000000000000000e+00 1.655500000000004190e-03 -1.655749999999997502e-03 -6.711567016906261340e-01
8.178809999999999691e-01 3.052980000000000138e-01 3.973500000000002030e-02 -3.311499999999995003e-03 -1.490074999999996264e-02 -3.311250000000001692e-03 -2.853968840837637355e+00
8.377480000000000482e-01 2.986750000000000238e-01 1.986750000000003791e-02 -6.622500000000003384e-03 -8.278000000000035330e-03 -6.622250000000010073e-03 -2.029333671383193760e+01
8.576160000000000450e-01 2.920530000000000070e-01 2.317899999999994964e-02 -1.655600000000001515e-02 -3.311250000000043325e-03 -6.622500000000003384e-03 -9.013907916154643374e+00
8.841059999999999475e-01 2.655629999999999935e-01 1.324499999999995126e-02 -1.986750000000001015e-02 -1.158949999999997482e-02 -2.499999999933111283e-07 -1.691349025832160180e+01
8.841059999999999475e-01 2.523179999999999867e-01 0.000000000000000000e+00 -1.655650000000000177e-02 -1.324499999999995126e-02 6.938893903907228378e-18 -4.831866156205737184e+01
8.841059999999999475e-01 2.324499999999999900e-01 -1.324499999999995126e-02 -1.986749999999999627e-02 -9.933749999999991198e-03 1.655750000000004440e-03 -1.610780219595731566e+01
8.576160000000000450e-01 2.125829999999999942e-01 -1.986749999999998240e-02 -1.324499999999999289e-02 -6.622500000000031140e-03 6.622499999999996445e-03 -1.610768058266489078e+01
8.443709999999999827e-01 2.059600000000000042e-01 -2.649000000000001354e-02 -6.622500000000003384e-03 -3.311250000000015570e-03 6.622499999999996445e-03 -9.694315836506536499e+00
8.046360000000000179e-01 1.993379999999999874e-01 -2.649000000000001354e-02 0.000000000000000000e+00 8.278000000000007574e-03 6.622500000000003384e-03 -9.437523593808979427e+00
7.913909999999999556e-01 2.059600000000000042e-01 -9.933999999999998387e-03 6.622500000000003384e-03 1.490050000000001096e-02 8.278250000000000886e-03 -1.063065945273199020e+02
7.847680000000000211e-01 2.125829999999999942e-01 3.311000000000008381e-03 1.655650000000000177e-02 1.158950000000000258e-02 4.966749999999998944e-03 -3.644762634462658468e+01
7.980129999999999724e-01 2.390730000000000077e-01 1.324500000000000677e-02 1.655600000000000127e-02 1.324525000000001396e-02 -6.622750000000003634e-03 -3.221129061941456939e+01
8.112580000000000346e-01 2.456949999999999967e-01 2.980150000000003629e-02 3.310999999999994503e-03 9.933749999999991198e-03 -8.278000000000000635e-03 -1.037077958951675782e+01
8.576160000000000450e-01 2.456949999999999967e-01 3.311249999999998916e-02 0.000000000000000000e+00 -4.967250000000034138e-03 -1.655499999999997252e-03 -1.509889769439408891e+00
8.774830000000000130e-01 2.456949999999999967e-01 1.986699999999996802e-02 0.000000000000000000e+00 -1.324550000000002115e-02 0.000000000000000000e+00 0.000000000000000000e+00
