3.741720000000000046e-01 2.788080000000000003e-01 -6.622000000000016762e-03 0.000000000000000000e+00 -3.311499999999995003e-03 3.311000000000008381e-03 -7.550588945937762730e+01
3.675499999999999878e-01 2.788080000000000003e-01 -9.933500000000011765e-03 3.311000000000008381e-03 -1.655999999999990813e-03 4.966750000000005882e-03 -3.820098650703985754e+01
3.543049999999999811e-01 2.854300000000000170e-01 -9.933999999999998387e-03 9.933500000000011765e-03 1.655500000000004190e-03 3.311499999999995003e-03 -1.779616230724818138e+01
3.476819999999999911e-01 2.986750000000000238e-01 -6.622500000000003384e-03 9.933999999999998387e-03 3.311499999999995003e-03 2.499999999933111283e-07 -1.933112500786619492e+01
3.410599999999999743e-01 3.052980000000000138e-01 -3.311000000000008381e-03 9.933999999999998387e-03 3.311250000000001692e-03 0.000000000000000000e+00 -2.864973036660504491e+01
3.410599999999999743e-01 3.185430000000000206e-01 0.000000000000000000e+00 9.933999999999998387e-03 1.655500000000004190e-03 0.000000000000000000e+00 -1.677570860370213879e+01
3.410599999999999743e-01 3.251660000000000106e-01 0.000000000000000000e+00 9.933999999999998387e-03 3.311250000000001692e-03 -1.655749999999997502e-03 -3.355395053700308239e+01
3.410599999999999743e-01 3.384110000000000174e-01 6.622500000000003384e-03 6.622500000000003384e-03 6.622500000000003384e-03 -4.966999999999999194e-03 -9.342772470746082547e+01
3.543049999999999811e-01 3.384110000000000174e-01 1.324500000000000677e-02 0.000000000000000000e+00 4.966750000000005882e-03 -1.158950000000000258e-02 -6.606337769147549466e+01
3.675499999999999878e-01 3.384110000000000174e-01 1.655600000000001515e-02 -1.655650000000000177e-02 -1.655749999999997502e-03 -1.324525000000000008e-02 -1.921946831682562618e+01
3.874170000000000114e-01 3.052980000000000138e-01 9.933500000000011765e-03 -2.649050000000000016e-02 -8.278000000000007574e-03 -1.655500000000004190e-03 -1.040981845770109437e+01
3.874170000000000114e-01 2.854300000000000170e-01 0.000000000000000000e+00 -1.986750000000001015e-02 -8.278000000000007574e-03 4.967249999999992505e-03 -2.097195797076988910e+01
3.874170000000000114e-01 2.655629999999999935e-01 -6.622500000000003384e-03 -1.655600000000001515e-02 -4.966750000000005882e-03 1.655500000000004190e-03 -1.643719205396882543e+01
3.741720000000000046e-01 2.523179999999999867e-01 -9.933500000000011765e-03 -1.655650000000000177e-02 -1.655500000000004190e-03 -1.655749999999990563e-03 -1.522949446853500088e+00
3.675499999999999878e-01 2.324499999999999900e-01 -9.933500000000011765e-03 -1.986749999999999627e-02 -2.499999999933111283e-07 2.500000000002500222e-07 -6.798024404972671016e-04
3.543049999999999811e-01 2.125829999999999942e-01 -9.933999999999998387e-03 -1.655600000000000127e-02 1.655500000000004190e-03 3.311250000000001692e-03 -7.621275769353579310e-01
3.476819999999999911e-01 1.993379999999999874e-01 -6.622500000000003384e-03 -1.324499999999999289e-02 3.311499999999995003e-03 -2.499999999933111283e-07 1.350741389403594006e+01
3.410599999999999743e-01 1.860930000000000084e-01 -3.311000000000008381e-03 -1.655649999999998789e-02 8.278000000000007574e-03 -3.311250000000008631e-03 3.075135186768426365e+01
3.410599999999999743e-01 1.662250000000000116e-01 9.933500000000011765e-03 -1.986750000000001015e-02 1.158925000000000927e-02 1.655749999999990563e-03 2.250999607562738802e+01
3.609269999999999978e-01 1.463579999999999881e-01 1.986750000000001015e-02 -1.324500000000000677e-02 3.311499999999995003e-03 8.278000000000007574e-03 1.530235736017780468e+01
3.807949999999999946e-01 1.397349999999999981e-01 1.655650000000000177e-02 -3.311499999999995003e-03 -1.655749999999997502e-03 6.622500000000003384e-03 2.163975618181026306e+01
3.940400000000000014e-01 1.397349999999999981e-01 1.655600000000001515e-02 0.000000000000000000e+00 1.655500000000004190e-03 4.966999999999999194e-03 1.812104857529664059e+01
4.139070000000000249e-01 1.397349999999999981e-01 1.986750000000001015e-02 6.622500000000003384e-03 2.499999999794333405e-07 4.966999999999999194e-03 1.074395533940190361e+01
4.337750000000000217e-01 1.529800000000000049e-01 1.655649999999997402e-02 9.933999999999998387e-03 -4.967000000000013071e-03 3.311249999999994753e-03 1.447117912090627279e+01
4.470199999999999729e-01 1.596029999999999949e-01 9.933499999999984009e-03 1.324499999999999289e-02 -6.622749999999982817e-03 6.622250000000003134e-03 3.382482151028506223e+01
4.536419999999999897e-01 1.794699999999999906e-01 3.311000000000008381e-03 2.317850000000000465e-02 -4.966749999999992005e-03 3.311250000000008631e-03 9.823121002107260580e+00
4.536419999999999897e-01 2.059600000000000042e-01 0.000000000000000000e+00 1.986750000000001015e-02 -1.655500000000004190e-03 -6.622250000000003134e-03 4.194138248442812689e+00
4.536419999999999897e-01 2.192050000000000110e-01 0.000000000000000000e+00 9.933999999999998387e-03 -1.655500000000004190e-03 -6.622500000000010323e-03 1.677570860370213879e+01
4.536419999999999897e-01 2.258280000000000010e-01 -3.311000000000008381e-03 6.622499999999989506e-03 -1.655500000000004190e-03 -4.966999999999999194e-03 6.752840178546576055e+01
4.470199999999999729e-01 2.324499999999999900e-01 -3.311000000000008381e-03 0.000000000000000000e+00 1.655500000000004190e-03 -6.622499999999989506e-03 6.040927247897629968e+02
4.470199999999999729e-01 2.258280000000000010e-01 0.000000000000000000e+00 -6.622499999999989506e-03 3.311000000000008381e-03 -8.278250000000000886e-03 7.549448847197096768e+01
4.470199999999999729e-01 2.192050000000000110e-01 3.311000000000008381e-03 -1.655650000000000177e-02 3.311250000000001692e-03 -6.622500000000010323e-03 6.834187911379187241e+00
4.536419999999999897e-01 1.927149999999999974e-01 6.622500000000003384e-03 -1.986750000000001015e-02 6.622749999999996695e-03 1.655750000000004440e-03 1.551954731978499247e+01
4.602649999999999797e-01 1.794699999999999906e-01 1.655650000000000177e-02 -1.324499999999999289e-02 8.278250000000014763e-03 6.622500000000010323e-03 2.300683093078155039e+01
4.867549999999999932e-01 1.662250000000000116e-01 2.317900000000003291e-02 -6.622499999999989506e-03 1.655500000000004190e-03 6.622499999999996445e-03 1.174017788645185156e+01
5.066230000000000455e-01 1.662250000000000116e-01 1.986750000000001015e-02 0.000000000000000000e+00 -1.655750000000025257e-03 4.966999999999992255e-03 1.258368147388424418e+01
5.264900000000000135e-01 1.662250000000000116e-01 1.986749999999998240e-02 3.311499999999995003e-03 -1.655500000000018068e-03 6.622499999999996445e-03 1.677307916746806171e+01
5.463580000000000103e-01 1.728480000000000016e-01 1.655649999999997402e-02 1.324499999999999289e-02 -4.966999999999999194e-03 9.933500000000004826e-03 2.415680770205515415e+01
5.596029999999999616e-01 1.927149999999999974e-01 9.933499999999984009e-03 2.317850000000000465e-02 -4.966999999999971438e-03 1.324500000000000677e-02 1.538376375342509483e+01
5.662249999999999783e-01 2.192050000000000110e-01 6.622500000000031140e-03 3.973500000000000643e-02 -6.622249999999996195e-03 8.278250000000000886e-03 4.864083436028963980e+00
5.728480000000000238e-01 2.721850000000000103e-01 -3.311000000000008381e-03 3.973500000000000643e-02 -9.933750000000018954e-03 -8.278000000000000635e-03 6.659089902781925474e+00
5.596029999999999616e-01 2.986750000000000238e-01 -1.324500000000000677e-02 2.317900000000000515e-02 -9.933999999999998387e-03 -6.622250000000003134e-03 1.671214450541360108e+01
5.463580000000000103e-01 3.185430000000000206e-01 -2.317900000000000515e-02 2.649050000000000016e-02 -4.966999999999999194e-03 -1.387778780781445676e-17 3.016968076228345286e+00
5.132449999999999513e-01 3.516560000000000241e-01 -2.317900000000000515e-02 2.317899999999997740e-02 6.622500000000017262e-03 -8.278500000000008074e-03 1.089747667157064503e+00
5.000000000000000000e-01 3.649009999999999754e-01 -9.933999999999970631e-03 9.933499999999984009e-03 1.158950000000000258e-02 -9.933999999999984509e-03 -5.929466443873704584e+00
4.933770000000000100e-01 3.715229999999999921e-01 0.000000000000000000e+00 3.311000000000008381e-03 1.158974999999998201e-02 -4.966749999999992005e-03 -1.057196475218143405e+03
5.000000000000000000e-01 3.715229999999999921e-01 1.324549999999999339e-02 0.000000000000000000e+00 9.933749999999991198e-03 -1.655500000000004190e-03 -9.436098618322498410e+00
5.198679999999999968e-01 3.715229999999999921e-01 1.986749999999998240e-02 0.000000000000000000e+00 4.966499999999998693e-03 -1.655500000000004190e-03 -4.194138248442825123e+00
5.397349999999999648e-01 3.715229999999999921e-01 2.317849999999999078e-02 -3.311000000000008381e-03 4.967000000000026949e-03 -1.655500000000004190e-03 -1.708242691195190455e+00
5.662249999999999783e-01 3.649009999999999754e-01 2.980150000000003629e-02 -3.311000000000008381e-03 8.278250000000014763e-03 1.655500000000004190e-03 2.846738578322185464e+00
5.993380000000000374e-01 3.649009999999999754e-01 3.973500000000002030e-02 0.000000000000000000e+00 1.655499999999976435e-03 1.655500000000004190e-03 1.048534562110703172e+00
6.456950000000000189e-01 3.649009999999999754e-01 3.311249999999998916e-02 0.000000000000000000e+00 -9.933750000000018954e-03 0.000000000000000000e+00 0.000000000000000000e+00
6.655630000000000157e-01 3.649009999999999754e-01 1.986749999999998240e-02 0.000000000000000000e+00 -4.966749999999992005e-03 -3.311249999999987814e-03 -8.388909861163527992e+00
6.854299999999999837e-01 3.649009999999999754e-01 2.317900000000000515e-02 -6.622499999999975628e-03 -1.655499999999976435e-03 -6.622499999999989506e-03 -1.174017788645185334e+01
7.119210000000000260e-01 3.516560000000000241e-01 1.655650000000002953e-02 -1.324499999999997901e-02 -9.933999999999998387e-03 -4.967000000000013071e-03 -2.243201624452960985e+01
7.185430000000000428e-01 3.384110000000000174e-01 3.311000000000008381e-03 -1.655650000000000177e-02 -8.278250000000014763e-03 -6.622750000000010573e-03 -3.303010242950855258e+01
7.185430000000000428e-01 3.185430000000000206e-01 0.000000000000000000e+00 -2.649050000000000016e-02 -4.966750000000019760e-03 -3.311250000000001692e-03 -7.077697375388165568e+00
7.185430000000000428e-01 2.854300000000000170e-01 -6.622500000000031140e-03 -2.317900000000000515e-02 -9.933750000000018954e-03 6.622749999999996695e-03 -1.956716011768313734e+01
7.052979999999999805e-01 2.721850000000000103e-01 -1.986750000000003791e-02 -1.324500000000000677e-02 -6.622499999999975628e-03 8.278250000000000886e-03 -1.852401509000313595e+01
6.788079999999999670e-01 2.589400000000000035e-01 -1.986749999999998240e-02 -6.622500000000003384e-03 3.311250000000015570e-03 6.622500000000003384e-03 -1.193762801120566941e+01
6.655630000000000157e-01 2.589400000000000035e-01 -1.324500000000000677e-02 0.000000000000000000e+00 3.311249999999987814e-03 8.278250000000000886e-03 -4.718833050385754291e+01
6.523179999999999534e-01 2.589400000000000035e-01 -1.324500000000000677e-02 9.933999999999998387e-03 3.311250000000015570e-03 9.933750000000005076e-03 -3.623928800597156652e+01
6.390730000000000022e-01 2.788080000000000003e-01 -6.622499999999975628e-03 1.986750000000001015e-02 9.933749999999991198e-03 4.966750000000005882e-03 -2.506892869421505310e+01
6.390730000000000022e-01 2.986750000000000238e-01 6.622499999999975628e-03 1.986750000000001015e-02 9.933749999999991198e-03 -3.311000000000008381e-03 -2.387507576377768359e+01
6.523179999999999534e-01 3.185430000000000206e-01 1.324500000000000677e-02 1.324549999999999339e-02 4.966750000000019760e-03 -8.278000000000007574e-03 -2.669171028943571500e+01
6.655630000000000157e-01 3.251660000000000106e-01 1.655600000000001515e-02 3.311499999999995003e-03 3.310999999999980625e-03 -6.622749999999996695e-03 -2.505905950022104633e+01
6.854299999999999837e-01 3.251660000000000106e-01 1.986699999999996802e-02 0.000000000000000000e+00 3.310999999999952870e-03 -3.311499999999995003e-03 -8.389965516114298083e+00
