4.668869999999999965e-01 2.721850000000000103e-01 6.622999999999990006e-03 0.000000000000000000e+00 -6.622999999999990006e-03 0.000000000000000000e+00 0.000000000000000000e+00
4.735099999999999865e-01 2.721850000000000103e-01 0.000000000000000000e+00 0.000000000000000000e+00 -6.622749999999996695e-03 0.000000000000000000e+00 0.000000000000000000e+00
4.668869999999999965e-01 2.721850000000000103e-01 -6.622500000000003384e-03 0.000000000000000000e+00 -4.966750000000005882e-03 1.655749999999997502e-03 -3.775294451448651500e+01
4.602649999999999797e-01 2.721850000000000103e-01 -9.933500000000011765e-03 3.311499999999995003e-03 -1.655749999999997502e-03 4.966999999999999194e-03 -3.820141899710002775e+01
4.470199999999999729e-01 2.788080000000000003e-01 -9.933999999999998387e-03 9.933999999999998387e-03 1.655500000000018068e-03 3.311000000000008381e-03 -1.779332596933098642e+01
4.403969999999999829e-01 2.920530000000000070e-01 -6.622499999999975628e-03 9.933500000000011765e-03 4.966999999999999194e-03 -3.311499999999995003e-03 -1.610754957136362009e+01
4.337750000000000217e-01 2.986750000000000238e-01 0.000000000000000000e+00 3.311000000000008381e-03 6.622499999999975628e-03 -3.311000000000008381e-03 -6.040927247897617463e+02
4.403969999999999829e-01 2.986750000000000238e-01 6.622499999999975628e-03 3.311499999999995003e-03 4.966999999999999194e-03 1.655999999999990813e-03 -1.350323330645371911e+01
4.470199999999999729e-01 3.052980000000000138e-01 9.933999999999998387e-03 6.622999999999990006e-03 3.311250000000015570e-03 0.000000000000000000e+00 -1.288554575323681561e+01
4.602649999999999797e-01 3.119210000000000038e-01 1.324500000000000677e-02 3.311499999999995003e-03 3.311000000000008381e-03 -4.967249999999992505e-03 -3.016164360620391705e+01
4.735099999999999865e-01 3.119210000000000038e-01 1.655600000000001515e-02 -3.311499999999995003e-03 0.000000000000000000e+00 -4.967249999999992505e-03 -1.708640253951541155e+01
4.933770000000000100e-01 3.052980000000000138e-01 1.324500000000000677e-02 -6.622999999999990006e-03 -6.622250000000010073e-03 -3.311250000000001692e-03 -2.701105484826066316e+01
5.000000000000000000e-01 2.986750000000000238e-01 3.311499999999995003e-03 -9.933999999999998387e-03 -8.278250000000000886e-03 -3.311000000000008381e-03 -8.117140019001386975e+01
5.000000000000000000e-01 2.854300000000000170e-01 -3.311499999999995003e-03 -1.324500000000000677e-02 -4.966999999999999194e-03 -1.655500000000004190e-03 -2.369755135102003862e+01
4.933770000000000100e-01 2.721850000000000103e-01 -6.622500000000003384e-03 -1.324500000000000677e-02 -3.311000000000008381e-03 0.000000000000000000e+00 -1.350486465199204389e+01
4.867549999999999932e-01 2.589400000000000035e-01 -9.933500000000011765e-03 -1.324500000000000677e-02 -3.311250000000001692e-03 -3.311249999999994753e-03 -2.416254121754468187e+00
4.735099999999999865e-01 2.456949999999999967e-01 -1.324500000000000677e-02 -1.986749999999999627e-02 1.655500000000004190e-03 -3.311249999999994753e-03 5.637505783994049224e+00
4.602649999999999797e-01 2.192050000000000110e-01 -6.622500000000003384e-03 -1.986749999999999627e-02 6.622500000000003384e-03 4.966999999999992255e-03 1.074377508076829812e+01
4.602649999999999797e-01 2.059600000000000042e-01 0.000000000000000000e+00 -9.933500000000011765e-03 3.311250000000001692e-03 4.966999999999999194e-03 3.355732847982288547e+01
4.602649999999999797e-01 1.993379999999999874e-01 0.000000000000000000e+00 -9.933499999999997887e-03 3.311250000000001692e-03 1.655500000000011129e-03 3.355732847982297073e+01
4.602649999999999797e-01 1.860930000000000084e-01 6.622500000000003384e-03 -6.622499999999989506e-03 1.158950000000001646e-02 3.310999999999994503e-03 1.201190570778310587e+02
4.735099999999999865e-01 1.860930000000000084e-01 2.317900000000003291e-02 -3.311500000000008881e-03 9.933750000000005076e-03 3.311249999999994753e-03 8.541819675458823369e+00
5.066230000000000455e-01 1.794699999999999906e-01 2.649000000000001354e-02 0.000000000000000000e+00 -1.655750000000025257e-03 4.967000000000006132e-03 7.078320829059905783e+00
5.264900000000000135e-01 1.860930000000000084e-01 1.986749999999998240e-02 6.622500000000003384e-03 -4.966750000000019760e-03 4.966749999999998944e-03 1.432479309617959728e+01
5.463580000000000103e-01 1.927149999999999974e-01 1.655649999999997402e-02 9.933499999999997887e-03 -4.966999999999999194e-03 4.966999999999999194e-03 1.827999372305394488e+01
5.596029999999999616e-01 2.059600000000000042e-01 9.933499999999984009e-03 1.655650000000000177e-02 -4.966999999999971438e-03 1.655749999999997502e-03 1.371022531033097636e+01
5.662249999999999783e-01 2.258280000000000010e-01 6.622500000000031140e-03 1.324499999999999289e-02 -3.310999999999980625e-03 -4.966999999999999194e-03 3.375196466180291122e+00
5.728480000000000238e-01 2.324499999999999900e-01 3.311500000000022759e-03 6.622500000000003384e-03 -3.311250000000015570e-03 -6.622499999999996445e-03 -4.078602500845713609e-03
5.728480000000000238e-01 2.390730000000000077e-01 0.000000000000000000e+00 0.000000000000000000e+00 -1.655750000000011379e-03 -6.622500000000003384e-03 0.000000000000000000e+00
5.728480000000000238e-01 2.324499999999999900e-01 0.000000000000000000e+00 -6.622500000000003384e-03 0.000000000000000000e+00 -3.311249999999994753e-03 0.000000000000000000e+00
5.728480000000000238e-01 2.258280000000000010e-01 0.000000000000000000e+00 -6.622499999999989506e-03 3.311249999999987814e-03 0.000000000000000000e+00 7.550018875047184963e+01
5.728480000000000238e-01 2.192050000000000110e-01 6.622499999999975628e-03 -6.622500000000003384e-03 6.622500000000003384e-03 -1.655500000000011129e-03 4.004102926113817063e+01
5.860929999999999751e-01 2.125829999999999942e-01 1.324500000000000677e-02 -9.933500000000011765e-03 4.966750000000019760e-03 0.000000000000000000e+00 1.087177545075639529e+01
5.993380000000000374e-01 1.993379999999999874e-01 1.655600000000001515e-02 -6.622500000000003384e-03 3.311249999999987814e-03 3.311000000000008381e-03 1.353623627155880982e+01
6.192050000000000054e-01 1.993379999999999874e-01 1.986749999999998240e-02 -3.311499999999995003e-03 4.966999999999999194e-03 1.655500000000004190e-03 6.038207195838293906e+00
6.390730000000000022e-01 1.927149999999999974e-01 2.649000000000001354e-02 -3.311499999999995003e-03 1.655500000000004190e-03 4.966999999999999194e-03 7.203722682444925418e+00
6.721850000000000325e-01 1.927149999999999974e-01 2.317849999999999078e-02 6.622500000000003384e-03 -6.622500000000003384e-03 1.324525000000000008e-02 2.504726257446704096e+01
6.854299999999999837e-01 2.059600000000000042e-01 1.324500000000000677e-02 2.317900000000000515e-02 -8.277999999999979819e-03 8.278249999999993947e-03 1.584751919264927444e+01
6.986750000000000460e-01 2.390730000000000077e-01 6.622500000000031140e-03 2.317899999999999128e-02 -9.933750000000018954e-03 -3.311500000000001942e-03 1.487087623161800565e+01
6.986750000000000460e-01 2.523179999999999867e-01 -6.622500000000031140e-03 1.655600000000000127e-02 -1.158925000000002314e-02 -3.311499999999988064e-03 3.770994311605489457e+01
6.854299999999999837e-01 2.721850000000000103e-01 -1.655600000000001515e-02 1.655600000000001515e-02 -9.933749999999991198e-03 2.500000000002500222e-07 1.281287139743293579e+01
6.655630000000000157e-01 2.854300000000000170e-01 -2.649000000000001354e-02 1.655650000000000177e-02 -3.311499999999995003e-03 -1.655250000000010879e-03 3.236966032027122964e+00
6.324499999999999567e-01 3.052980000000000138e-01 -2.317900000000000515e-02 1.324549999999999339e-02 8.278250000000014763e-03 -4.966999999999999194e-03 2.880408728774959126e-01
6.192050000000000054e-01 3.119210000000000038e-01 -9.933499999999984009e-03 6.622500000000003384e-03 8.278250000000014763e-03 -3.311499999999995003e-03 -1.288633159567016229e+01
6.125829999999999886e-01 3.185430000000000206e-01 -6.622499999999975628e-03 6.622500000000003384e-03 6.622249999999996195e-03 -1.655500000000004190e-03 -4.003901390834668206e+01
6.059600000000000541e-01 3.251660000000000106e-01 3.311000000000008381e-03 3.311499999999995003e-03 1.158949999999997482e-02 -3.311250000000001692e-03 -4.805044394462079254e+02
6.192050000000000054e-01 3.251660000000000106e-01 1.655649999999997402e-02 0.000000000000000000e+00 9.933999999999998387e-03 -1.655749999999997502e-03 -6.040288703765718914e+00
6.390730000000000022e-01 3.251660000000000106e-01 2.317900000000000515e-02 0.000000000000000000e+00 4.966750000000019760e-03 0.000000000000000000e+00 0.000000000000000000e+00
6.655630000000000157e-01 3.251660000000000106e-01 2.649000000000001354e-02 0.000000000000000000e+00 8.277999999999979819e-03 -3.311250000000001692e-03 -4.718761796904489714e+00
6.920530000000000292e-01 3.251660000000000106e-01 3.973499999999996479e-02 -6.622500000000003384e-03 4.966999999999999194e-03 -3.311250000000001692e-03 -1.509573703073721518e+00
7.450329999999999453e-01 3.119210000000000038e-01 3.642400000000001192e-02 -6.622500000000003384e-03 -1.158924999999996763e-02 3.311250000000001692e-03 8.643919994012139174e-01
7.649010000000000531e-01 3.119210000000000038e-01 1.655650000000002953e-02 0.000000000000000000e+00 -8.278250000000014763e-03 -2.499999999933111283e-07 -9.120170170019743653e-04
7.781460000000000043e-01 3.119210000000000038e-01 1.986749999999998240e-02 -6.622999999999990006e-03 -2.500000000071889161e-07 -4.966999999999999194e-03 -1.074407250632270561e+01
8.046360000000000179e-01 2.986750000000000238e-01 1.655600000000001515e-02 -9.933999999999998387e-03 -8.278249999999987008e-03 -3.311000000000008381e-03 -1.904145831228181152e+01
8.112580000000000346e-01 2.920530000000000070e-01 3.311000000000008381e-03 -1.324500000000000677e-02 -8.278000000000007574e-03 -3.311250000000001692e-03 -4.739408851444701298e+01
8.112580000000000346e-01 2.721850000000000103e-01 0.000000000000000000e+00 -1.655650000000000177e-02 -4.966750000000019760e-03 0.000000000000000000e+00 -1.811904207726314198e+01
8.112580000000000346e-01 2.589400000000000035e-01 -6.622500000000031140e-03 -1.324500000000000677e-02 -6.622500000000003384e-03 3.311500000000001942e-03 -3.376522072043271550e+01
7.980129999999999724e-01 2.456949999999999967e-01 -1.324500000000000677e-02 -9.933499999999997887e-03 -4.966749999999964249e-03 4.967000000000006132e-03 -2.536857052580313265e+01
7.847680000000000211e-01 2.390730000000000077e-01 -1.655599999999995964e-02 -3.310999999999994503e-03 0.000000000000000000e+00 6.622249999999996195e-03 -2.277968709553398696e+01
7.649010000000000531e-01 2.390730000000000077e-01 -1.324500000000000677e-02 3.310999999999994503e-03 4.966749999999964249e-03 6.622249999999996195e-03 -4.093014928623131965e+01
7.582780000000000076e-01 2.456949999999999967e-01 -6.622500000000031140e-03 9.933499999999997887e-03 8.278250000000014763e-03 6.622750000000003634e-03 -7.409969017607522801e+01
7.516559999999999908e-01 2.589400000000000035e-01 3.311500000000022759e-03 1.655650000000000177e-02 8.278000000000007574e-03 3.311500000000001942e-03 -2.619494217326496255e+01
7.649010000000000531e-01 2.788080000000000003e-01 9.933499999999984009e-03 1.655650000000000177e-02 8.277999999999979819e-03 -3.311499999999995003e-03 -2.361129435068882643e+01
7.715229999999999588e-01 2.920530000000000070e-01 1.986749999999998240e-02 9.933500000000011765e-03 1.158975000000003752e-02 -4.967249999999992505e-03 -1.950954952785507501e+01
8.046360000000000179e-01 2.986750000000000238e-01 3.311300000000005905e-02 6.622000000000016762e-03 1.324550000000007666e-02 -3.311499999999995003e-03 -5.125425953820145430e+00
