3.940400000000000014e-01 2.655629999999999935e-01 6.622000000000016762e-03 -6.622999999999990006e-03 -6.622000000000016762e-03 3.311499999999995003e-03 -2.669334734276267440e+01
4.006620000000000181e-01 2.589400000000000035e-01 0.000000000000000000e+00 -3.311499999999995003e-03 -6.622250000000010073e-03 3.311499999999995003e-03 -6.038875182042282859e+02
3.940400000000000014e-01 2.589400000000000035e-01 -6.622500000000003384e-03 0.000000000000000000e+00 -6.622500000000003384e-03 3.311499999999995003e-03 -7.550588902897303001e+01
3.874170000000000114e-01 2.589400000000000035e-01 -1.324500000000000677e-02 3.311499999999995003e-03 -3.311250000000001692e-03 4.966999999999999194e-03 -2.154296233960980800e+01
3.675499999999999878e-01 2.655629999999999935e-01 -1.324500000000000677e-02 9.933999999999998387e-03 3.311250000000001692e-03 4.966750000000005882e-03 -2.174328095725620358e+01
3.609269999999999978e-01 2.788080000000000003e-01 -6.622500000000003384e-03 1.324500000000000677e-02 3.311250000000001692e-03 -2.499999999933111283e-07 -1.350537450040081922e+01
3.543049999999999811e-01 2.920530000000000070e-01 -6.622500000000003384e-03 9.933500000000011765e-03 1.655500000000004190e-03 -3.311250000000001692e-03 3.222677448214052109e+00
3.476819999999999911e-01 2.986750000000000238e-01 -3.311499999999995003e-03 6.622500000000003384e-03 3.311250000000001692e-03 -1.655250000000010879e-03 -4.051785712436176823e+01
3.476819999999999911e-01 3.052980000000000138e-01 0.000000000000000000e+00 6.622999999999990006e-03 3.311499999999995003e-03 0.000000000000000000e+00 -7.549448890231025189e+01
3.476819999999999911e-01 3.119210000000000038e-01 3.311499999999995003e-03 6.622500000000003384e-03 4.966999999999999194e-03 -2.499999999933111283e-07 -8.103571394078826984e+01
3.543049999999999811e-01 3.185430000000000206e-01 9.933999999999998387e-03 6.622500000000003384e-03 3.311000000000008381e-03 -1.655500000000004190e-03 -2.254811483719584331e+01
3.675499999999999878e-01 3.251660000000000106e-01 9.933500000000011765e-03 3.311499999999995003e-03 1.655500000000004190e-03 -3.311250000000001692e-03 -3.342615150947811742e+01
3.741720000000000046e-01 3.251660000000000106e-01 1.324500000000000677e-02 0.000000000000000000e+00 1.655749999999997502e-03 -3.311499999999995003e-03 -1.887647225724325750e+01
3.940400000000000014e-01 3.251660000000000106e-01 1.324500000000000677e-02 -3.311499999999995003e-03 -4.966999999999999194e-03 -3.311250000000001692e-03 -2.369755135102003862e+01
4.006620000000000181e-01 3.185430000000000206e-01 3.311000000000008381e-03 -6.622500000000003384e-03 -6.622500000000003384e-03 -1.655500000000004190e-03 -1.215564260930636920e+02
4.006620000000000181e-01 3.119210000000000038e-01 0.000000000000000000e+00 -6.622500000000003384e-03 -1.655500000000004190e-03 -1.655749999999997502e-03 -3.774724423598531331e+01
4.006620000000000181e-01 3.052980000000000138e-01 0.000000000000000000e+00 -9.933999999999998387e-03 -1.655500000000004190e-03 -3.311250000000001692e-03 -1.677570860370213879e+01
4.006620000000000181e-01 2.920530000000000070e-01 -3.311000000000008381e-03 -1.324500000000000677e-02 -3.311250000000001692e-03 -1.655500000000004190e-03 -1.508057306240464968e+01
3.940400000000000014e-01 2.788080000000000003e-01 -6.622500000000003384e-03 -1.324500000000000677e-02 -3.311499999999995003e-03 -4.966999999999999194e-03 -3.377235859815559849e+00
3.874170000000000114e-01 2.655629999999999935e-01 -9.933999999999998387e-03 -2.317900000000000515e-02 0.000000000000000000e+00 -4.966999999999992255e-03 3.076687956367695431e+00
3.741720000000000046e-01 2.324499999999999900e-01 -6.622500000000003384e-03 -2.317899999999999128e-02 4.966999999999999194e-03 4.967000000000006132e-03 5.870295767733153092e+00
3.741720000000000046e-01 2.192050000000000110e-01 0.000000000000000000e+00 -1.324499999999999289e-02 3.311250000000001692e-03 4.966999999999992255e-03 1.887504718761800149e+01
3.741720000000000046e-01 2.059600000000000042e-01 0.000000000000000000e+00 -1.324500000000000677e-02 1.655749999999997502e-03 1.655749999999997502e-03 9.438236128621628751e+00
3.741720000000000046e-01 1.927149999999999974e-01 3.311499999999995003e-03 -9.933499999999997887e-03 3.311250000000001692e-03 3.311250000000001692e-03 3.820214011873822813e+01
3.807949999999999946e-01 1.860930000000000084e-01 6.622500000000003384e-03 -6.622500000000003384e-03 4.966750000000005882e-03 3.310999999999994503e-03 6.673034627871641078e+01
3.874170000000000114e-01 1.794699999999999906e-01 1.324500000000000677e-02 -3.311500000000008881e-03 3.311250000000001692e-03 4.967000000000006132e-03 3.016066774686592566e+01
4.072850000000000081e-01 1.794699999999999906e-01 1.324500000000000677e-02 3.311500000000008881e-03 -3.311250000000001692e-03 4.967000000000006132e-03 3.016066774686592566e+01
4.139070000000000249e-01 1.860930000000000084e-01 6.622500000000003384e-03 6.622500000000003384e-03 -3.311250000000015570e-03 1.655499999999990313e-03 4.003901390834648311e+01
4.205300000000000149e-01 1.927149999999999974e-01 6.622499999999975628e-03 6.622499999999989506e-03 0.000000000000000000e+00 1.655749999999997502e-03 1.334768153797651813e+01
4.271519999999999762e-01 1.993379999999999874e-01 6.622500000000003384e-03 9.933999999999998387e-03 -1.655499999999976435e-03 1.655500000000011129e-03 1.610586579671382523e+01
4.337750000000000217e-01 2.125829999999999942e-01 3.311500000000022759e-03 9.933500000000011765e-03 -1.655750000000011379e-03 -3.311499999999995003e-03 4.774546365983839635e+00
4.337750000000000217e-01 2.192050000000000110e-01 3.310999999999980625e-03 3.311000000000008381e-03 -2.500000000210667039e-07 -3.311000000000008381e-03 -1.067733902839154325e+02
4.403969999999999829e-01 2.192050000000000110e-01 3.310999999999980625e-03 3.311499999999995003e-03 -1.655499999999990313e-03 -1.655500000000004190e-03 8.060802458721797251e-03
4.403969999999999829e-01 2.258280000000000010e-01 0.000000000000000000e+00 0.000000000000000000e+00 2.500000000071889161e-07 -6.622749999999996695e-03 0.000000000000000000e+00
4.403969999999999829e-01 2.192050000000000110e-01 3.311499999999995003e-03 -9.933999999999998387e-03 3.311250000000001692e-03 -4.966750000000005882e-03 1.432385585198986888e+01
4.470199999999999729e-01 2.059600000000000042e-01 6.622500000000003384e-03 -9.933500000000011765e-03 1.655500000000004190e-03 2.500000000002500222e-07 9.665113546518027121e+00
4.536419999999999897e-01 1.993379999999999874e-01 6.622500000000003384e-03 -9.933499999999997887e-03 1.655749999999997502e-03 -2.499999999933111283e-07 9.664627031191690421e+00
4.602649999999999797e-01 1.860930000000000084e-01 9.933999999999998387e-03 -9.933999999999998387e-03 4.966750000000005882e-03 -2.500000000002500222e-07 1.779332596933091182e+01
4.735099999999999865e-01 1.794699999999999906e-01 1.655600000000001515e-02 -9.933999999999998387e-03 8.278000000000007574e-03 2.500000000002500222e-07 1.142570305354087701e+01
4.933770000000000100e-01 1.662250000000000116e-01 2.649000000000001354e-02 -9.933499999999997887e-03 3.311499999999981125e-03 3.311499999999995003e-03 5.326602313462784899e+00
5.264900000000000135e-01 1.596029999999999949e-01 2.317899999999997740e-02 -3.311000000000008381e-03 -3.311250000000015570e-03 8.278000000000000635e-03 1.409370452099255466e+01
5.397349999999999648e-01 1.596029999999999949e-01 1.986749999999998240e-02 6.622500000000003384e-03 -3.311249999999973936e-03 8.278000000000007574e-03 2.029369723109922674e+01
5.662249999999999783e-01 1.728480000000000016e-01 1.655650000000002953e-02 1.324500000000000677e-02 -6.622499999999975628e-03 4.966749999999998944e-03 1.782993788433792304e+01
5.728480000000000238e-01 1.860930000000000084e-01 6.622500000000031140e-03 1.655600000000000127e-02 -6.622750000000010573e-03 3.311249999999994753e-03 2.320691625339781794e+01
5.794700000000000406e-01 2.059600000000000042e-01 3.311000000000008381e-03 1.986749999999999627e-02 -4.966750000000019760e-03 6.622749999999996695e-03 1.476008513514077691e+01
5.794700000000000406e-01 2.258280000000000010e-01 -3.311000000000008381e-03 2.980149999999999466e-02 -4.966750000000019760e-03 4.966750000000005882e-03 4.880408407527792036e+00
5.728480000000000238e-01 2.655629999999999935e-01 -6.622500000000031140e-03 2.980100000000000804e-02 -3.311499999999995003e-03 -6.622749999999989756e-03 5.010241149401605476e+00
5.662249999999999783e-01 2.854300000000000170e-01 -9.933999999999998387e-03 1.655600000000001515e-02 -3.311249999999987814e-03 -8.277750000000007324e-03 1.904134327414648808e+01
5.529800000000000271e-01 2.986750000000000238e-01 -1.324500000000000677e-02 1.324549999999999339e-02 -3.311000000000008381e-03 2.499999999933111283e-07 6.672203329318581844e+00
5.397349999999999648e-01 3.119210000000000038e-01 -1.655600000000001515e-02 1.655650000000000177e-02 -1.655499999999976435e-03 -2.499999999933111283e-07 2.135661283686769885e+00
5.198679999999999968e-01 3.317880000000000273e-01 -1.655599999999995964e-02 1.324500000000000677e-02 3.311000000000008381e-03 -4.967000000000013071e-03 4.026791313363766278e+00
5.066230000000000455e-01 3.384110000000000174e-01 -9.933999999999998387e-03 6.622499999999975628e-03 3.310999999999966747e-03 -4.967000000000013071e-03 1.610927082764706242e+01
5.000000000000000000e-01 3.450329999999999786e-01 -9.934000000000026143e-03 3.310999999999980625e-03 1.655749999999997502e-03 -1.655499999999976435e-03 9.548948786372809749e+00
4.867549999999999932e-01 3.450329999999999786e-01 -6.622500000000003384e-03 3.311500000000022759e-03 8.278250000000014763e-03 2.500000000210667039e-07 -6.753655923683625417e+01
4.867549999999999932e-01 3.516560000000000241e-01 6.622500000000003384e-03 3.311500000000022759e-03 9.933749999999991198e-03 -3.311500000000022759e-03 -1.350629218134519363e+02
5.000000000000000000e-01 3.516560000000000241e-01 1.324499999999997901e-02 -3.311500000000022759e-03 4.966999999999985316e-03 -3.311500000000022759e-03 -1.077196909947403292e+01
5.132449999999999513e-01 3.450329999999999786e-01 1.655649999999997402e-02 -3.311500000000022759e-03 4.967000000000013071e-03 2.500000000210667039e-07 3.417980320953839524e+00
5.331129999999999480e-01 3.450329999999999786e-01 2.317900000000000515e-02 -3.310999999999980625e-03 9.933500000000039520e-03 2.500000000210667039e-07 2.562685209879564496e+00
5.596029999999999616e-01 3.384110000000000174e-01 3.642350000000005306e-02 -3.310999999999980625e-03 4.966750000000019760e-03 -2.500000000071889161e-07 3.359579733088490783e-01
6.059600000000000541e-01 3.384110000000000174e-01 3.311250000000004468e-02 -3.311499999999995003e-03 -4.966750000000047516e-03 -2.500000000071889161e-07 -4.465361675902365657e-01
6.258280000000000509e-01 3.317880000000000273e-01 2.648999999999995802e-02 -3.311499999999995003e-03 -4.967000000000026949e-03 2.499999999933111283e-07 -8.641647818969800943e-01
6.589399999999999702e-01 3.317880000000000273e-01 2.317849999999999078e-02 -3.311000000000008381e-03 -3.311249999999960059e-03 -1.655500000000004190e-03 -3.843658910514399896e+00
6.721850000000000325e-01 3.251660000000000106e-01 1.986750000000003791e-02 -6.622500000000003384e-03 -3.311000000000008381e-03 -1.655749999999997502e-03 -5.968904134919615245e+00
6.986750000000000460e-01 3.185430000000000206e-01 1.655649999999997402e-02 -6.622500000000003384e-03 -6.622250000000023951e-03 -1.655749999999997502e-03 -1.256933997761662880e+01
7.052979999999999805e-01 3.119210000000000038e-01 6.622999999999990006e-03 -9.933999999999998387e-03 -6.622499999999975628e-03 -3.311499999999995003e-03 -5.154121029870169934e+01
7.119210000000000260e-01 2.986750000000000238e-01 3.311500000000022759e-03 -1.324549999999999339e-02 -6.622999999999990006e-03 -1.655500000000004190e-03 -3.662248295407191989e+01
7.119210000000000260e-01 2.854300000000000170e-01 -6.622999999999990006e-03 -1.324500000000000677e-02 -6.622750000000010573e-03 1.655999999999990813e-03 -3.038890255310824173e+01
6.986750000000000460e-01 2.721850000000000103e-01 -9.933999999999998387e-03 -9.933500000000011765e-03 -3.311000000000008381e-03 3.311250000000001692e-03 -2.372652448601484920e+01
6.920530000000000292e-01 2.655629999999999935e-01 -1.324500000000000677e-02 -6.622500000000003384e-03 -1.655500000000004190e-03 4.966750000000005882e-03 -2.363453283780362568e+01
6.721850000000000325e-01 2.589400000000000035e-01 -1.324500000000000677e-02 0.000000000000000000e+00 4.966999999999999194e-03 8.278250000000000886e-03 -4.718833050385754291e+01
6.655630000000000157e-01 2.655629999999999935e-01 -3.311000000000008381e-03 9.933999999999998387e-03 6.622500000000003384e-03 1.158950000000000258e-02 -9.072114195923350621e+01
6.655630000000000157e-01 2.788080000000000003e-01 0.000000000000000000e+00 2.317900000000000515e-02 4.966749999999992005e-03 8.278000000000007574e-03 -9.244488988649832706e+00
6.655630000000000157e-01 3.119210000000000038e-01 6.622499999999975628e-03 2.649000000000001354e-02 6.622499999999975628e-03 -1.655999999999990813e-03 -9.155864721590941002e+00
6.788079999999999670e-01 3.317880000000000273e-01 1.324499999999995126e-02 1.986700000000002353e-02 6.622499999999975628e-03 -6.622999999999990006e-03 -1.610876578622086086e+01
