4.735099999999999865e-01 2.523179999999999867e-01 -6.622999999999990006e-03 0.000000000000000000e+00 4.999999999866222566e-07 0.000000000000000000e+00 -0.000000000000000000e+00
4.668869999999999965e-01 2.523179999999999867e-01 -6.622500000000003384e-03 0.000000000000000000e+00 -3.311000000000008381e-03 3.311250000000001692e-03 -7.550018875047183542e+01
4.602649999999999797e-01 2.523179999999999867e-01 -1.324500000000000677e-02 6.622500000000003384e-03 -3.311249999999987814e-03 4.966750000000005882e-03 -1.350537450040084764e+01
4.403969999999999829e-01 2.655629999999999935e-01 -1.324499999999997901e-02 9.933500000000011765e-03 3.311250000000001692e-03 0.000000000000000000e+00 -7.248032709783489125e+00
4.337750000000000217e-01 2.721850000000000103e-01 -6.622500000000003384e-03 6.622500000000003384e-03 1.655499999999990313e-03 2.499999999933111283e-07 -1.334768153797633339e+01
4.271519999999999762e-01 2.788080000000000003e-01 -9.933999999999998387e-03 9.933999999999998387e-03 1.655750000000011379e-03 1.655500000000004190e-03 -1.186311298015648674e+01
4.139070000000000249e-01 2.920530000000000070e-01 -3.310999999999980625e-03 9.933500000000011765e-03 8.278249999999987008e-03 -1.655749999999997502e-03 -6.685605279595293382e+01
4.205300000000000149e-01 2.986750000000000238e-01 6.622499999999975628e-03 6.622500000000003384e-03 6.622249999999982317e-03 -1.655250000000010879e-03 -6.672833092592524906e+01
4.271519999999999762e-01 3.052980000000000138e-01 9.933499999999984009e-03 6.622999999999990006e-03 3.311250000000015570e-03 0.000000000000000000e+00 -1.288689279955319300e+01
4.403969999999999829e-01 3.119210000000000038e-01 1.324500000000000677e-02 6.622500000000003384e-03 4.967000000000013071e-03 -1.655999999999990813e-03 -1.688413990544273346e+01
4.536419999999999897e-01 3.185430000000000206e-01 1.986750000000001015e-02 3.311000000000008381e-03 1.655749999999997502e-03 -4.966750000000005882e-03 -1.274739230626290620e+01
4.801320000000000032e-01 3.185430000000000206e-01 1.655650000000000177e-02 -3.311000000000008381e-03 -8.278000000000007574e-03 -4.966750000000005882e-03 -2.277821863482136067e+01
4.867549999999999932e-01 3.119210000000000038e-01 3.311499999999995003e-03 -6.622500000000003384e-03 -8.278250000000000886e-03 -1.655999999999990813e-03 -1.485641159726223748e+02
4.867549999999999932e-01 3.052980000000000138e-01 0.000000000000000000e+00 -6.622999999999990006e-03 -1.655749999999997502e-03 -1.655749999999997502e-03 -3.774724445115512594e+01
4.867549999999999932e-01 2.986750000000000238e-01 0.000000000000000000e+00 -9.933999999999998387e-03 -6.622500000000003384e-03 -8.277750000000014263e-03 -6.710790107400616478e+01
4.867549999999999932e-01 2.854300000000000170e-01 -1.324500000000000677e-02 -2.317850000000001853e-02 -9.933750000000005076e-03 -6.622250000000003134e-03 -7.491942952680273216e+00
4.602649999999999797e-01 2.523179999999999867e-01 -1.986750000000001015e-02 -2.317850000000000465e-02 1.387778780781445676e-17 3.311000000000015320e-03 -2.312097802037431649e+00
4.470199999999999729e-01 2.390730000000000077e-01 -1.324499999999997901e-02 -1.655649999999998789e-02 3.311250000000015570e-03 3.311000000000001442e-03 1.150758425062903045e+00
4.337750000000000217e-01 2.192050000000000110e-01 -1.324499999999997901e-02 -1.655650000000000177e-02 -1.387778780781445676e-17 2.499999999933111283e-07 -3.473987698451121479e-04
4.205300000000000149e-01 2.059600000000000042e-01 -1.324500000000000677e-02 -1.655600000000000127e-02 -1.387778780781445676e-17 -3.311000000000001442e-03 4.601203489683547865e+00
4.072850000000000081e-01 1.860930000000000084e-01 -1.324500000000000677e-02 -2.317850000000000465e-02 4.966750000000005882e-03 -2.500000000002500222e-07 6.051106040133909403e+00
3.940400000000000014e-01 1.596029999999999949e-01 -3.311499999999995003e-03 -1.655650000000000177e-02 9.933750000000005076e-03 6.622250000000003134e-03 2.961240657266867871e+01
4.006620000000000181e-01 1.529800000000000049e-01 6.622500000000003384e-03 -9.933999999999998387e-03 6.622749999999996695e-03 4.966999999999999194e-03 5.798753781722091816e+01
4.072850000000000081e-01 1.397349999999999981e-01 9.933999999999998387e-03 -6.622500000000003384e-03 4.966749999999992005e-03 4.966999999999999194e-03 4.832148888554385735e+01
4.205300000000000149e-01 1.397349999999999981e-01 1.655599999999998739e-02 0.000000000000000000e+00 8.277999999999993697e-03 3.311250000000001692e-03 1.208039502616292360e+01
4.403969999999999829e-01 1.397349999999999981e-01 2.648999999999998578e-02 0.000000000000000000e+00 3.311500000000008881e-03 3.311250000000001692e-03 4.718761796904500372e+00
4.735099999999999865e-01 1.397349999999999981e-01 2.317900000000000515e-02 6.622500000000003384e-03 -6.622499999999989506e-03 8.278250000000000886e-03 1.682785815997249657e+01
4.867549999999999932e-01 1.529800000000000049e-01 1.324500000000000677e-02 1.655650000000000177e-02 -6.622499999999989506e-03 3.311249999999994753e-03 1.610471217179305370e+01
5.000000000000000000e-01 1.728480000000000016e-01 9.934000000000026143e-03 1.324499999999999289e-02 -4.966749999999992005e-03 -3.311500000000001942e-03 7.246726682906625250e+00
5.066230000000000455e-01 1.794699999999999906e-01 3.311500000000022759e-03 9.933499999999997887e-03 -4.967000000000013071e-03 -1.655499999999997252e-03 3.820214011873822102e+01
5.066230000000000455e-01 1.927149999999999974e-01 0.000000000000000000e+00 9.933999999999998387e-03 -1.655750000000011379e-03 2.500000000002500222e-07 1.677824193330107860e+01
5.066230000000000455e-01 1.993379999999999874e-01 0.000000000000000000e+00 9.933999999999998387e-03 -1.655750000000011379e-03 -1.655749999999997502e-03 1.677824193330107860e+01
5.066230000000000455e-01 2.125829999999999942e-01 -3.311500000000022759e-03 6.622500000000003384e-03 -1.655750000000011379e-03 -9.933999999999998387e-03 1.080523769059796138e+02
5.000000000000000000e-01 2.125829999999999942e-01 -3.311500000000022759e-03 -9.933999999999998387e-03 1.655750000000011379e-03 -1.158950000000000258e-02 4.775051195228446232e+01
5.000000000000000000e-01 1.927149999999999974e-01 0.000000000000000000e+00 -1.655650000000000177e-02 4.966999999999999194e-03 -3.311000000000001442e-03 1.811995409428009296e+01
5.000000000000000000e-01 1.794699999999999906e-01 6.622499999999975628e-03 -1.655600000000000127e-02 6.622500000000003384e-03 2.500000000002500222e-07 1.933873186754135531e+01
5.132449999999999513e-01 1.596029999999999949e-01 1.324500000000000677e-02 -1.655600000000000127e-02 4.967000000000026949e-03 4.966749999999998944e-03 1.553014745553480047e+01
5.264900000000000135e-01 1.463579999999999881e-01 1.655650000000002953e-02 -6.622500000000003384e-03 6.622500000000003384e-03 6.622250000000003134e-03 2.707167210136135793e+01
5.463580000000000103e-01 1.463579999999999881e-01 2.649000000000001354e-02 -3.311499999999995003e-03 3.310999999999980625e-03 3.311250000000001692e-03 5.186555021775284935e+00
5.794700000000000406e-01 1.397349999999999981e-01 2.317849999999999078e-02 0.000000000000000000e+00 -6.622500000000003384e-03 6.622749999999996695e-03 1.232729267404985940e+01
5.927149999999999919e-01 1.463579999999999881e-01 1.324500000000000677e-02 9.933999999999998387e-03 -1.655500000000004190e-03 1.324499999999999983e-02 4.227877412484690467e+01
6.059600000000000541e-01 1.596029999999999949e-01 1.986749999999998240e-02 2.648999999999999966e-02 1.655749999999983624e-03 9.933500000000004826e-03 4.227782558886385544e+00
6.324499999999999567e-01 1.993379999999999874e-01 1.655649999999997402e-02 2.980100000000000804e-02 -8.277999999999979819e-03 1.655500000000004190e-03 6.918009388977494289e+00
6.390730000000000022e-01 2.192050000000000110e-01 3.311500000000022759e-03 2.980100000000000804e-02 -9.933999999999998387e-03 2.499999999933111283e-07 1.098168828179424672e+01
6.390730000000000022e-01 2.589400000000000035e-01 -3.311500000000022759e-03 2.980149999999999466e-02 -6.622750000000010573e-03 -3.311000000000001442e-03 7.727657011488152428e+00
6.324499999999999567e-01 2.788080000000000003e-01 -9.933999999999998387e-03 2.317900000000000515e-02 -4.966749999999964249e-03 -6.622499999999996445e-03 1.128062137155959022e+01
6.192050000000000054e-01 3.052980000000000138e-01 -1.324499999999995126e-02 1.655650000000000177e-02 -1.655500000000004190e-03 -4.966999999999999194e-03 9.777755497826399633e+00
6.059600000000000541e-01 3.119210000000000038e-01 -1.324500000000000677e-02 1.324500000000000677e-02 1.655749999999955868e-03 -3.311499999999995003e-03 3.336920384494195257e+00
5.927149999999999919e-01 3.317880000000000273e-01 -9.933500000000039520e-03 9.933500000000011765e-03 3.311250000000015570e-03 -4.966750000000005882e-03 5.931705752927904918e+00
5.860929999999999751e-01 3.317880000000000273e-01 -6.622499999999975628e-03 3.311499999999995003e-03 1.655500000000031946e-03 -3.311000000000008381e-03 4.051173906664308078e+01
5.794700000000000406e-01 3.384110000000000174e-01 -6.622499999999975628e-03 3.311499999999995003e-03 6.622499999999975628e-03 -1.655749999999997502e-03 -2.701258436269048602e+01
5.728480000000000238e-01 3.384110000000000174e-01 6.622499999999975628e-03 0.000000000000000000e+00 1.490049999999998320e-02 -1.655749999999997502e-03 -3.775294451448684185e+01
5.927149999999999919e-01 3.384110000000000174e-01 2.317849999999999078e-02 0.000000000000000000e+00 1.490075000000001815e-02 -1.655749999999997502e-03 -3.081939503236273747e+00
6.192050000000000054e-01 3.384110000000000174e-01 3.642400000000001192e-02 -3.311499999999995003e-03 6.622750000000010573e-03 -1.655749999999997502e-03 -7.844310128505540547e-01
6.655630000000000157e-01 3.317880000000000273e-01 3.642400000000001192e-02 -3.311499999999995003e-03 -6.622500000000003384e-03 1.655749999999997502e-03 7.844479343729320320e-01
6.920530000000000292e-01 3.317880000000000273e-01 2.317900000000000515e-02 0.000000000000000000e+00 -9.933750000000018954e-03 1.655749999999997502e-03 3.081806542096332979e+00
7.119210000000000260e-01 3.317880000000000273e-01 1.655649999999997402e-02 0.000000000000000000e+00 -3.311500000000022759e-03 -1.655500000000004190e-03 -6.039376686748716416e+00
7.251659999999999773e-01 3.317880000000000273e-01 1.655599999999995964e-02 -3.311000000000008381e-03 -1.655749999999983624e-03 -1.655500000000004190e-03 -6.833751328222770205e+00
7.450329999999999453e-01 3.251660000000000106e-01 1.324500000000000677e-02 -3.311000000000008381e-03 -4.966749999999964249e-03 -2.499999999933111283e-07 -6.463613949475093712e+00
7.516559999999999908e-01 3.251660000000000106e-01 6.622500000000031140e-03 -3.311499999999995003e-03 -8.278250000000014763e-03 -6.622749999999996695e-03 -1.755787394825942158e+02
7.582780000000000076e-01 3.185430000000000206e-01 -3.311500000000022759e-03 -1.655650000000000177e-02 -6.622500000000031140e-03 -8.278000000000007574e-03 -1.708388227764300282e+01
7.450329999999999453e-01 2.920530000000000070e-01 -6.622500000000031140e-03 -1.986750000000001015e-02 2.500000000349444917e-07 -1.655500000000004190e-03 1.194213447704686182e+00
7.450329999999999453e-01 2.788080000000000003e-01 -3.310999999999952870e-03 -1.986750000000001015e-02 1.655750000000039135e-03 6.938893903907228378e-18 4.025892219863896671e+00
7.384110000000000396e-01 2.523179999999999867e-01 -3.310999999999952870e-03 -1.986749999999999627e-02 4.966749999999964249e-03 3.311250000000008631e-03 1.073469947738504437e+01
7.384110000000000396e-01 2.390730000000000077e-01 6.622499999999975628e-03 -1.324499999999999289e-02 9.933499999999956254e-03 8.277999999999993697e-03 5.739873386141876921e+01
7.516559999999999908e-01 2.258280000000000010e-01 1.655599999999995964e-02 -3.311500000000008881e-03 4.966750000000019760e-03 1.158924999999999539e-02 4.328207888760508837e+01
7.715229999999999588e-01 2.324499999999999900e-01 1.655600000000001515e-02 9.933499999999997887e-03 -4.966749999999964249e-03 9.934000000000005326e-03 2.970610614426024654e+01
7.847680000000000211e-01 2.456949999999999967e-01 6.622500000000031140e-03 1.655650000000000177e-02 -1.158925000000002314e-02 6.622750000000003634e-03 4.157546421102508560e+01
7.847680000000000211e-01 2.655629999999999935e-01 -6.622500000000031140e-03 2.317900000000000515e-02 -1.324500000000003452e-02 3.311250000000001692e-03 2.034977561189567297e+01
7.715229999999999588e-01 2.920530000000000070e-01 -1.986750000000003791e-02 2.317900000000000515e-02 -6.622499999999975628e-03 -6.622500000000003384e-03 1.001953137280167461e+01
7.450329999999999453e-01 3.119210000000000038e-01 -1.986749999999998240e-02 9.933999999999998387e-03 3.311250000000043325e-03 -1.158950000000000258e-02 1.800772494317557104e+01
7.317879999999999940e-01 3.119210000000000038e-01 -1.324499999999995126e-02 0.000000000000000000e+00 6.622500000000031140e-03 -9.933999999999998387e-03 5.662656663247965838e+01
