3.874170000000000114e-01 2.390730000000000077e-01 -6.622000000000016762e-03 0.000000000000000000e+00 3.311000000000008381e-03 6.622499999999989506e-03 -1.510231811974407492e+02
3.807949999999999946e-01 2.390730000000000077e-01 -3.311000000000008381e-03 6.622499999999989506e-03 3.311000000000008381e-03 6.622499999999996445e-03 -1.080438113911144882e+02
3.807949999999999946e-01 2.523179999999999867e-01 0.000000000000000000e+00 1.324499999999999289e-02 3.311000000000008381e-03 1.655500000000011129e-03 -1.887362211799269929e+01
3.807949999999999946e-01 2.655629999999999935e-01 3.311000000000008381e-03 9.933500000000011765e-03 4.966750000000005882e-03 -1.655749999999990563e-03 -4.775267519741993283e+01
3.874170000000000114e-01 2.721850000000000103e-01 9.933500000000011765e-03 9.933500000000011765e-03 4.966999999999999194e-03 2.499999999933111283e-07 -1.779601301622153997e+01
4.006620000000000181e-01 2.854300000000000170e-01 1.324500000000000677e-02 9.933999999999998387e-03 1.655749999999983624e-03 -3.311000000000008381e-03 -1.328730725305035776e+01
4.139070000000000249e-01 2.920530000000000070e-01 1.324499999999997901e-02 3.311499999999995003e-03 -1.655500000000004190e-03 -4.966999999999999194e-03 -2.369755135102012389e+01
4.271519999999999762e-01 2.920530000000000070e-01 9.933999999999998387e-03 0.000000000000000000e+00 -4.966749999999978127e-03 -4.966999999999999194e-03 -5.033219247030401533e+01
4.337750000000000217e-01 2.920530000000000070e-01 3.311500000000022759e-03 -6.622500000000003384e-03 -4.966999999999999194e-03 -8.278250000000000886e-03 -1.485661551199049200e+02
4.337750000000000217e-01 2.788080000000000003e-01 0.000000000000000000e+00 -1.655650000000000177e-02 -3.311500000000022759e-03 -4.966999999999999194e-03 -1.208057740753149822e+01
4.337750000000000217e-01 2.589400000000000035e-01 -3.311500000000022759e-03 -1.655650000000000177e-02 -4.966999999999999194e-03 1.655749999999997502e-03 -1.822366765976923020e+01
4.271519999999999762e-01 2.456949999999999967e-01 -9.933999999999998387e-03 -1.324500000000000677e-02 -3.310999999999980625e-03 1.655750000000004440e-03 -1.328730725305032045e+01
4.139070000000000249e-01 2.324499999999999900e-01 -9.933499999999984009e-03 -1.324499999999999289e-02 -1.655500000000004190e-03 -4.966749999999992005e-03 6.039996862727337046e+00
4.072850000000000081e-01 2.192050000000000110e-01 -1.324500000000000677e-02 -2.317849999999999078e-02 -1.655750000000011379e-03 -4.966750000000005882e-03 1.440532340542684864e+00
3.874170000000000114e-01 1.860930000000000084e-01 -1.324500000000000677e-02 -2.317850000000000465e-02 3.311250000000001692e-03 4.966749999999992005e-03 5.763434678266761146e-01
3.807949999999999946e-01 1.728480000000000016e-01 -6.622500000000003384e-03 -1.324500000000000677e-02 4.966750000000005882e-03 6.622250000000003134e-03 6.752942174404811482e+00
3.741720000000000046e-01 1.596029999999999949e-01 -3.311499999999995003e-03 -9.933999999999998387e-03 6.622500000000003384e-03 6.938893903907228378e-18 5.729686523751732352e+01
3.741720000000000046e-01 1.529800000000000049e-01 6.622500000000003384e-03 -1.324499999999999289e-02 8.278250000000000886e-03 2.500000000002500222e-07 3.376573056884159740e+01
3.874170000000000114e-01 1.331130000000000091e-01 1.324500000000000677e-02 -9.933499999999997887e-03 1.655749999999997502e-03 6.622499999999996445e-03 2.295286363188638390e+01
4.006620000000000181e-01 1.331130000000000091e-01 9.933999999999998387e-03 0.000000000000000000e+00 -1.655500000000004190e-03 6.622249999999996195e-03 6.710536774440721786e+01
4.072850000000000081e-01 1.331130000000000091e-01 9.933999999999998387e-03 3.310999999999994503e-03 1.655500000000004190e-03 3.311249999999994753e-03 2.387561644713638032e+01
4.205300000000000149e-01 1.397349999999999981e-01 1.324500000000000677e-02 6.622499999999989506e-03 -2.500000000071889161e-07 3.311500000000001942e-03 1.350741389403599335e+01
4.337750000000000217e-01 1.463579999999999881e-01 9.933499999999984009e-03 9.933999999999998387e-03 -3.311250000000015570e-03 1.655500000000011129e-03 1.779526657235527054e+01
4.403969999999999829e-01 1.596029999999999949e-01 6.622499999999975628e-03 9.933500000000011765e-03 -3.310999999999994503e-03 -1.655749999999997502e-03 1.288438568128157335e+01
4.470199999999999729e-01 1.662250000000000116e-01 3.311499999999995003e-03 6.622500000000003384e-03 -3.311249999999987814e-03 -1.655500000000011129e-03 4.051581766914350169e+01
4.470199999999999729e-01 1.728480000000000016e-01 0.000000000000000000e+00 6.622499999999989506e-03 -2.499999999933111283e-07 -1.655750000000004440e-03 5.700278501204385749e-03
4.470199999999999729e-01 1.794699999999999906e-01 3.311000000000008381e-03 3.310999999999994503e-03 1.655500000000004190e-03 -4.966749999999992005e-03 -2.135709684535715098e+02
4.536419999999999897e-01 1.794699999999999906e-01 3.311000000000008381e-03 -3.310999999999994503e-03 -1.655500000000004190e-03 -4.966749999999992005e-03 -2.135709684535715098e+02
4.536419999999999897e-01 1.728480000000000016e-01 0.000000000000000000e+00 -6.622499999999989506e-03 -1.655500000000004190e-03 -1.655750000000004440e-03 -3.774724423598548384e+01
4.536419999999999897e-01 1.662250000000000116e-01 0.000000000000000000e+00 -6.622500000000003384e-03 1.655749999999997502e-03 -6.938893903907228378e-18 3.775294451448651500e+01
4.536419999999999897e-01 1.596029999999999949e-01 3.311499999999995003e-03 -6.622500000000003384e-03 3.311250000000001692e-03 0.000000000000000000e+00 5.402109012287997558e+01
4.602649999999999797e-01 1.529800000000000049e-01 6.622500000000003384e-03 -6.622500000000003384e-03 6.622250000000010073e-03 -1.655499999999997252e-03 4.003901390834653995e+01
4.668869999999999965e-01 1.463579999999999881e-01 1.655600000000001515e-02 -9.933499999999997887e-03 4.966999999999999194e-03 6.938893903907228378e-18 6.855281803031460619e+00
4.933770000000000100e-01 1.331130000000000091e-01 1.655650000000000177e-02 -6.622499999999989506e-03 2.499999999933111283e-07 8.277999999999993697e-03 2.417181886364376098e+01
5.000000000000000000e-01 1.331130000000000091e-01 1.655650000000000177e-02 6.622499999999989506e-03 -1.387778780781445676e-17 9.933749999999991198e-03 2.900627024081858352e+01
5.264900000000000135e-01 1.463579999999999881e-01 1.655649999999997402e-02 1.324499999999999289e-02 -4.967000000000013071e-03 3.311250000000008631e-03 1.265382649168386031e+01
5.331129999999999480e-01 1.596029999999999949e-01 6.622499999999975628e-03 1.324500000000000677e-02 -4.966999999999971438e-03 1.655500000000004190e-03 2.363555253462110883e+01
5.397349999999999648e-01 1.728480000000000016e-01 6.622500000000031140e-03 1.655600000000000127e-02 -1.655499999999976435e-03 6.622499999999996445e-03 1.256973769604174329e+01
5.463580000000000103e-01 1.927149999999999974e-01 3.311500000000022759e-03 2.648999999999999966e-02 -4.967000000000026949e-03 3.311500000000001942e-03 7.491951652294313035e+00
5.463580000000000103e-01 2.258280000000000010e-01 -3.311500000000022759e-03 2.317900000000000515e-02 -4.967000000000026949e-03 -6.622500000000003384e-03 1.067740357466249534e+01
5.397349999999999648e-01 2.390730000000000077e-01 -6.622500000000031140e-03 1.324499999999999289e-02 -3.310999999999980625e-03 -3.311500000000001942e-03 2.025831667480552767e+01
5.331129999999999480e-01 2.523179999999999867e-01 -9.933499999999984009e-03 1.655600000000000127e-02 -1.655749999999983624e-03 1.655500000000011129e-03 1.523856015239488881e+00
5.198679999999999968e-01 2.721850000000000103e-01 -9.933999999999998387e-03 1.655600000000001515e-02 3.310999999999980625e-03 -3.311000000000001442e-03 -3.046210100775079699e+00
5.132449999999999513e-01 2.854300000000000170e-01 -3.311500000000022759e-03 9.933999999999998387e-03 8.278250000000014763e-03 -6.622250000000010073e-03 -5.252296768012165273e+01
5.132449999999999513e-01 2.920530000000000070e-01 6.622500000000031140e-03 3.311499999999995003e-03 8.278250000000014763e-03 -4.966999999999999194e-03 -1.485661551199040389e+02
5.264900000000000135e-01 2.920530000000000070e-01 1.324500000000000677e-02 0.000000000000000000e+00 9.933749999999991198e-03 -2.499999999933111283e-07 -1.425069625301089932e-03
5.397349999999999648e-01 2.920530000000000070e-01 2.649000000000001354e-02 3.311000000000008381e-03 8.278250000000014763e-03 1.655500000000004190e-03 8.643448438800926947e-01
5.794700000000000406e-01 2.986750000000000238e-01 2.980150000000003629e-02 3.311000000000008381e-03 -2.775557561562891351e-17 -1.655500000000004190e-03 -1.830041842656465301e+00
5.993380000000000374e-01 2.986750000000000238e-01 2.648999999999995802e-02 0.000000000000000000e+00 -4.967000000000026949e-03 -1.655500000000004190e-03 -2.359202764749092740e+00
6.324499999999999567e-01 2.986750000000000238e-01 1.986749999999998240e-02 0.000000000000000000e+00 -9.933749999999963443e-03 0.000000000000000000e+00 0.000000000000000000e+00
6.390730000000000022e-01 2.986750000000000238e-01 6.622500000000031140e-03 0.000000000000000000e+00 -8.278249999999987008e-03 -1.655500000000004190e-03 -3.774724423598499357e+01
6.456950000000000189e-01 2.986750000000000238e-01 3.311000000000008381e-03 -3.311000000000008381e-03 -3.311250000000015570e-03 -4.966750000000005882e-03 -2.669697575383988237e+02
6.456950000000000189e-01 2.920530000000000070e-01 0.000000000000000000e+00 -9.933500000000011765e-03 -1.655500000000004190e-03 -8.278250000000000886e-03 -1.677739744759438167e+01
6.456950000000000189e-01 2.788080000000000003e-01 0.000000000000000000e+00 -1.986750000000001015e-02 -1.655500000000004190e-03 -8.278249999999993947e-03 -4.194138248442812689e+00
6.456950000000000189e-01 2.523179999999999867e-01 -3.311000000000008381e-03 -2.648999999999999966e-02 -1.655500000000004190e-03 1.655500000000011129e-03 -2.593078038201112268e+00
6.390730000000000022e-01 2.258280000000000010e-01 -3.311000000000008381e-03 -1.655649999999998789e-02 4.966749999999992005e-03 8.278000000000000635e-03 1.138979722912392667e+01
6.390730000000000022e-01 2.192050000000000110e-01 6.622499999999975628e-03 -9.933999999999998387e-03 6.622249999999996195e-03 4.966999999999992255e-03 5.798461917730674742e+01
6.523179999999999534e-01 2.059600000000000042e-01 9.933499999999984009e-03 -6.622500000000003384e-03 3.311250000000015570e-03 8.278250000000000886e-03 6.121189918134336949e+01
6.589399999999999702e-01 2.059600000000000042e-01 1.324500000000000677e-02 6.622500000000003384e-03 1.655750000000011379e-03 9.933749999999998137e-03 3.714092703502193871e+01
6.788079999999999670e-01 2.192050000000000110e-01 1.324500000000000677e-02 1.324499999999999289e-02 -3.311249999999987814e-03 6.622499999999996445e-03 2.002001079237107817e+01
6.854299999999999837e-01 2.324499999999999900e-01 6.622500000000031140e-03 1.986749999999999627e-02 -6.622500000000003384e-03 3.311250000000008631e-03 1.671267921568793113e+01
6.920530000000000292e-01 2.589400000000000035e-01 0.000000000000000000e+00 1.986750000000001015e-02 -1.158950000000003033e-02 -1.655499999999997252e-03 2.936150119621140675e+01
6.854299999999999837e-01 2.721850000000000103e-01 -1.655650000000002953e-02 1.655650000000000177e-02 -9.933749999999991198e-03 -3.311250000000001692e-03 1.708322662419429605e+01
6.589399999999999702e-01 2.920530000000000070e-01 -1.986749999999998240e-02 1.324500000000000677e-02 1.655750000000039135e-03 -4.967249999999992505e-03 5.638113850456158538e+00
6.456950000000000189e-01 2.986750000000000238e-01 -1.324499999999995126e-02 6.622000000000016762e-03 6.622500000000031140e-03 -6.622999999999990006e-03 1.350955539592895605e+01
