3.211919999999999775e-01 3.384110000000000174e-01 6.623000000000045517e-03 6.621999999999961251e-03 3.310999999999952870e-03 -3.310999999999980625e-03 -5.338266428429531629e+01
3.278150000000000230e-01 3.450329999999999786e-01 9.933999999999998387e-03 3.310999999999980625e-03 3.310999999999966747e-03 -1.655249999999969246e-03 -2.386984843216390928e+01
3.410599999999999743e-01 3.450329999999999786e-01 1.324499999999997901e-02 3.311500000000022759e-03 1.655500000000004190e-03 2.500000000210667039e-07 -2.152962513687272317e+00
3.543049999999999811e-01 3.516560000000000241e-01 1.324500000000000677e-02 3.311500000000022759e-03 -1.655749999999983624e-03 -1.655750000000011379e-03 -6.463116395845924345e+00
3.675499999999999878e-01 3.516560000000000241e-01 9.933500000000011765e-03 0.000000000000000000e+00 -3.311250000000001692e-03 -6.622750000000010573e-03 -6.711719054428002096e+01
3.741720000000000046e-01 3.516560000000000241e-01 6.622500000000003384e-03 -9.933999999999998387e-03 -3.311000000000008381e-03 -9.933750000000005076e-03 -5.798364632181889533e+01
3.807949999999999946e-01 3.317880000000000273e-01 3.311499999999995003e-03 -1.986750000000001015e-02 -6.622500000000003384e-03 -6.622500000000003384e-03 -1.878605129115050687e+01
3.807949999999999946e-01 3.119210000000000038e-01 -6.622500000000003384e-03 -2.317900000000000515e-02 -6.622749999999996695e-03 -1.655749999999997502e-03 -1.017524236288325135e+01
3.675499999999999878e-01 2.854300000000000170e-01 -9.933999999999998387e-03 -2.317900000000000515e-02 -1.655749999999997502e-03 2.500000000002500222e-07 -2.393220407698980257e+00
3.609269999999999978e-01 2.655629999999999935e-01 -9.933999999999998387e-03 -2.317850000000000465e-02 1.655749999999997502e-03 -3.311249999999994753e-03 4.444330589610710369e+00
3.476819999999999911e-01 2.390730000000000077e-01 -6.622500000000003384e-03 -2.980149999999999466e-02 4.966999999999999194e-03 -2.500000000002500222e-07 5.202623802984570389e+00
3.476819999999999911e-01 2.059600000000000042e-01 0.000000000000000000e+00 -2.317900000000000515e-02 6.622500000000003384e-03 8.278249999999993947e-03 1.232629553074619011e+01
3.476819999999999911e-01 1.927149999999999974e-01 6.622500000000003384e-03 -1.324500000000000677e-02 6.622500000000003384e-03 8.278250000000000886e-03 4.389437905783556459e+01
3.609269999999999978e-01 1.794699999999999906e-01 1.324500000000000677e-02 -6.622500000000003384e-03 3.311250000000001692e-03 4.967000000000006132e-03 2.701227854602798928e+01
3.741720000000000046e-01 1.794699999999999906e-01 1.324500000000000677e-02 -3.310999999999994503e-03 0.000000000000000000e+00 1.655750000000004440e-03 8.617935047392673908e+00
3.874170000000000114e-01 1.728480000000000016e-01 1.324500000000000677e-02 -3.310999999999994503e-03 0.000000000000000000e+00 3.310999999999994503e-03 1.723326766837808677e+01
4.006620000000000181e-01 1.728480000000000016e-01 1.324500000000000677e-02 3.310999999999994503e-03 -1.387778780781445676e-17 4.966749999999998944e-03 2.585120271577077489e+01
4.139070000000000249e-01 1.794699999999999906e-01 1.324499999999997901e-02 6.622500000000003384e-03 -1.655500000000004190e-03 1.655750000000004440e-03 1.012966818581165107e+01
4.271519999999999762e-01 1.860930000000000084e-01 9.933999999999998387e-03 6.622500000000003384e-03 -3.311249999999987814e-03 1.655499999999997252e-03 2.254908769268356394e+01
4.337750000000000217e-01 1.927149999999999974e-01 6.622500000000003384e-03 9.933499999999997887e-03 -1.655750000000011379e-03 3.311250000000001692e-03 2.255241802592385980e+01
4.403969999999999829e-01 2.059600000000000042e-01 6.622499999999975628e-03 1.324500000000000677e-02 -1.655500000000004190e-03 2.500000000002500222e-07 6.752942174404828357e+00
4.470199999999999729e-01 2.192050000000000110e-01 3.311499999999995003e-03 9.933999999999998387e-03 -3.311249999999987814e-03 -6.622500000000003384e-03 9.548516247303101778e+00
4.470199999999999729e-01 2.258280000000000010e-01 0.000000000000000000e+00 0.000000000000000000e+00 -1.655749999999997502e-03 -8.278250000000000886e-03 0.000000000000000000e+00
4.470199999999999729e-01 2.192050000000000110e-01 0.000000000000000000e+00 -6.622500000000003384e-03 1.655500000000004190e-03 -4.966750000000005882e-03 3.774724423598531331e+01
4.470199999999999729e-01 2.125829999999999942e-01 3.311000000000008381e-03 -9.933500000000011765e-03 3.311250000000001692e-03 -1.655749999999997502e-03 2.387669817586358079e+01
4.536419999999999897e-01 1.993379999999999874e-01 6.622500000000003384e-03 -9.933999999999998387e-03 3.311499999999995003e-03 1.655500000000011129e-03 2.577240119286028630e+01
4.602649999999999797e-01 1.927149999999999974e-01 9.933999999999998387e-03 -6.622499999999989506e-03 3.311250000000001692e-03 1.655749999999997502e-03 2.255054701264078076e+01
4.735099999999999865e-01 1.860930000000000084e-01 1.324500000000000677e-02 -6.622500000000003384e-03 3.311250000000015570e-03 1.655499999999990313e-03 1.350537450040078902e+01
4.867549999999999932e-01 1.794699999999999906e-01 1.655650000000002953e-02 -3.311500000000008881e-03 1.655749999999997502e-03 3.311250000000001692e-03 1.252852429502566345e+01
5.066230000000000455e-01 1.794699999999999906e-01 1.655650000000000177e-02 0.000000000000000000e+00 1.655499999999976435e-03 3.311500000000008881e-03 1.208057740753144849e+01
5.198679999999999968e-01 1.794699999999999906e-01 1.986749999999998240e-02 3.311500000000008881e-03 -2.499999999933111283e-07 4.966999999999999194e-03 1.207702224958537585e+01
5.463580000000000103e-01 1.860930000000000084e-01 1.655600000000001515e-02 9.933999999999998387e-03 -8.278249999999987008e-03 4.966749999999992005e-03 2.285002599679539870e+01
5.529800000000000271e-01 1.993379999999999874e-01 3.311000000000008381e-03 1.324499999999999289e-02 -1.324475000000002733e-02 8.278000000000000635e-03 7.970760396648961432e+01
5.529800000000000271e-01 2.125829999999999942e-01 -9.933500000000039520e-03 2.648999999999999966e-02 -9.933500000000011765e-03 8.278000000000007574e-03 7.989208881526342232e+00
5.331129999999999480e-01 2.523179999999999867e-01 -1.655600000000001515e-02 2.980100000000000804e-02 -2.499999999794333405e-07 -3.311249999999994753e-03 1.383836197545490476e+00
5.198679999999999968e-01 2.721850000000000103e-01 -9.933999999999998387e-03 1.986750000000001015e-02 4.966750000000019760e-03 -6.622250000000003134e-03 -3.001111254998869882e+00
5.132449999999999513e-01 2.920530000000000070e-01 -6.622499999999975628e-03 1.655650000000000177e-02 1.655750000000011379e-03 -3.311250000000001692e-03 -9.672990697286184547e-01
5.066230000000000455e-01 3.052980000000000138e-01 -6.622499999999975628e-03 1.324500000000000677e-02 -2.500000000210667039e-07 -3.311250000000001692e-03 6.753961871222448288e+00
5.000000000000000000e-01 3.185430000000000206e-01 -6.623000000000017762e-03 9.933999999999998387e-03 1.655499999999990313e-03 -1.655500000000004190e-03 -3.220656865902351562e+00
4.933770000000000100e-01 3.251660000000000106e-01 -3.311499999999995003e-03 9.933999999999998387e-03 6.623000000000017762e-03 -2.500000000071889161e-07 -5.730047013801210909e+01
4.933770000000000100e-01 3.384110000000000174e-01 6.623000000000017762e-03 9.933499999999984009e-03 8.278499999999994197e-03 -1.655749999999997502e-03 -5.476710537862000905e+01
5.066230000000000455e-01 3.450329999999999786e-01 1.324549999999999339e-02 6.622500000000003384e-03 1.158899999999997432e-02 -1.655499999999990313e-03 -3.038446713562344925e+01
5.198679999999999968e-01 3.516560000000000241e-01 2.980099999999996641e-02 6.622500000000003384e-03 1.158900000000000208e-02 -1.387778780781445676e-17 -2.697578197084667284e+00
5.662249999999999783e-01 3.582779999999999854e-01 3.642349999999999755e-02 6.622499999999975628e-03 -3.310999999999980625e-03 -1.655500000000004190e-03 -7.562793376485538177e-01
5.927149999999999919e-01 3.649009999999999754e-01 2.317900000000000515e-02 3.311499999999995003e-03 -9.933499999999984009e-03 -3.311249999999987814e-03 -3.416560203776720428e+00
6.125829999999999886e-01 3.649009999999999754e-01 1.655650000000002953e-02 0.000000000000000000e+00 -4.966999999999999194e-03 -3.311499999999995003e-03 -1.208057740753135612e+01
6.258280000000000509e-01 3.649009999999999754e-01 1.324500000000000677e-02 -3.311499999999995003e-03 -1.655750000000039135e-03 -8.278249999999987008e-03 -4.524051369062983241e+01
6.390730000000000022e-01 3.582779999999999854e-01 1.324499999999995126e-02 -1.655649999999997402e-02 -1.655750000000011379e-03 -8.277999999999993697e-03 -1.437913906047841017e+01
6.523179999999999534e-01 3.317880000000000273e-01 9.933499999999984009e-03 -1.986749999999998240e-02 -4.966999999999971438e-03 1.655749999999983624e-03 -7.503533453646086926e+00
6.589399999999999702e-01 3.185430000000000206e-01 3.311000000000008381e-03 -1.324500000000000677e-02 -6.622249999999996195e-03 3.311249999999987814e-03 -3.015951963286525483e+01
6.589399999999999702e-01 3.052980000000000138e-01 -3.311000000000008381e-03 -1.324500000000000677e-02 -8.278000000000007574e-03 0.000000000000000000e+00 -4.308577159735248330e+01
6.523179999999999534e-01 2.920530000000000070e-01 -1.324500000000000677e-02 -1.324500000000000677e-02 -4.966999999999971438e-03 3.311250000000001692e-03 -1.668359424607478658e+01
6.324499999999999567e-01 2.788080000000000003e-01 -1.324499999999995126e-02 -6.622500000000003384e-03 3.311250000000015570e-03 6.622500000000003384e-03 -2.025882652321445221e+01
6.258280000000000509e-01 2.788080000000000003e-01 -6.622499999999975628e-03 0.000000000000000000e+00 3.311249999999960059e-03 6.622500000000003384e-03 -1.510003775009449498e+02
6.192050000000000054e-01 2.788080000000000003e-01 -6.622500000000031140e-03 6.622500000000003384e-03 3.311249999999987814e-03 9.933750000000005076e-03 -1.067733908926453950e+02
6.125829999999999886e-01 2.920530000000000070e-01 0.000000000000000000e+00 1.986750000000001015e-02 8.278000000000007574e-03 6.622500000000003384e-03 -2.097195797076988910e+01
6.192050000000000054e-01 3.185430000000000206e-01 9.933499999999984009e-03 1.986750000000001015e-02 8.278249999999987008e-03 -1.655500000000004190e-03 -1.650751677818998786e+01
6.324499999999999567e-01 3.317880000000000273e-01 1.655649999999997402e-02 1.655650000000000177e-02 3.311500000000022759e-03 -3.311250000000015570e-03 -8.541935758805884404e+00
6.523179999999999534e-01 3.516560000000000241e-01 1.655650000000002953e-02 1.324499999999997901e-02 -3.311499999999967248e-03 -6.622750000000010573e-03 -6.902205615238127479e+00
6.655630000000000157e-01 3.582779999999999854e-01 9.933500000000039520e-03 3.310999999999980625e-03 -4.967250000000006382e-03 -6.622499999999989506e-03 -4.297791252924744043e+01
6.721850000000000325e-01 3.582779999999999854e-01 6.622000000000016762e-03 0.000000000000000000e+00 -3.311500000000022759e-03 -3.310999999999980625e-03 -7.550588945937698782e+01
