4.271519999999999762e-01 2.986750000000000238e-01 -6.621999999999961251e-03 0.000000000000000000e+00 -5.000000000143778323e-07 0.000000000000000000e+00 0.000000000000000000e+00
4.205300000000000149e-01 2.986750000000000238e-01 -6.622499999999975628e-03 0.000000000000000000e+00 1.655249999999983124e-03 1.655749999999997502e-03 -3.775294451448684185e+01
4.139070000000000249e-01 2.986750000000000238e-01 -3.311499999999995003e-03 3.311499999999995003e-03 1.655749999999983624e-03 1.655749999999997502e-03 -1.067653300900718136e+02
4.139070000000000249e-01 3.052980000000000138e-01 -3.311000000000008381e-03 3.311499999999995003e-03 -1.655500000000004190e-03 1.655500000000004190e-03 8.060802458713448027e-03
4.072850000000000081e-01 3.052980000000000138e-01 -6.622500000000003384e-03 6.622500000000003384e-03 1.655500000000004190e-03 3.311250000000001692e-03 -4.003901390834648311e+01
4.006620000000000181e-01 3.185430000000000206e-01 0.000000000000000000e+00 9.933999999999998387e-03 8.278250000000000886e-03 0.000000000000000000e+00 -8.388614300730708351e+01
4.072850000000000081e-01 3.251660000000000106e-01 9.933999999999998387e-03 6.622500000000003384e-03 4.966749999999992005e-03 -1.655749999999997502e-03 -2.899279605312258923e+01
4.205300000000000149e-01 3.317880000000000273e-01 9.933499999999984009e-03 6.622500000000003384e-03 -1.655749999999997502e-03 -1.655500000000004190e-03 -3.220245091957767425e+00
4.271519999999999762e-01 3.384110000000000174e-01 6.622500000000003384e-03 3.311499999999995003e-03 -1.655499999999990313e-03 -1.655750000000011379e-03 -1.350731190895448464e+01
4.337750000000000217e-01 3.384110000000000174e-01 6.622500000000003384e-03 3.310999999999980625e-03 -1.387778780781445676e-17 -2.500000000071889161e-07 -4.078972039837762582e-03
4.403969999999999829e-01 3.450329999999999786e-01 6.622499999999975628e-03 3.310999999999980625e-03 0.000000000000000000e+00 -3.310999999999980625e-03 -5.402190569555719435e+01
4.470199999999999729e-01 3.450329999999999786e-01 6.622500000000003384e-03 -3.310999999999980625e-03 -1.655749999999983624e-03 -6.622249999999982317e-03 -1.215543864530621647e+02
4.536419999999999897e-01 3.384110000000000174e-01 3.311000000000008381e-03 -9.933499999999984009e-03 -3.311250000000001692e-03 -3.311500000000008881e-03 -3.820314964330269447e+01
4.536419999999999897e-01 3.251660000000000106e-01 0.000000000000000000e+00 -9.933999999999998387e-03 -1.655500000000004190e-03 -2.500000000071889161e-07 -1.677570860370213879e+01
4.536419999999999897e-01 3.185430000000000206e-01 0.000000000000000000e+00 -9.933999999999998387e-03 0.000000000000000000e+00 0.000000000000000000e+00 0.000000000000000000e+00
4.536419999999999897e-01 3.052980000000000138e-01 0.000000000000000000e+00 -9.933999999999998387e-03 0.000000000000000000e+00 0.000000000000000000e+00 0.000000000000000000e+00
4.536419999999999897e-01 2.986750000000000238e-01 0.000000000000000000e+00 -9.933999999999998387e-03 -3.311250000000001692e-03 -4.966750000000005882e-03 -3.355395053700308239e+01
4.536419999999999897e-01 2.854300000000000170e-01 -6.622500000000003384e-03 -1.986750000000001015e-02 -3.311250000000001692e-03 -4.966750000000005882e-03 -3.581378532678501703e+00
4.403969999999999829e-01 2.589400000000000035e-01 -6.622500000000003384e-03 -1.986750000000001015e-02 3.311250000000001692e-03 3.311250000000001692e-03 4.775051204482261724e+00
4.403969999999999829e-01 2.456949999999999967e-01 0.000000000000000000e+00 -1.324500000000000677e-02 1.655750000000011379e-03 4.967000000000006132e-03 9.438236128621708687e+00
4.403969999999999829e-01 2.324499999999999900e-01 -3.310999999999980625e-03 -9.933499999999997887e-03 -1.655499999999990313e-03 1.655750000000004440e-03 -1.910049319907671617e+01
4.337750000000000217e-01 2.258280000000000010e-01 -3.310999999999980625e-03 -9.933499999999997887e-03 1.655499999999990313e-03 -2.500000000002500222e-07 1.432573042201796554e+01
4.337750000000000217e-01 2.125829999999999942e-01 0.000000000000000000e+00 -9.933999999999998387e-03 1.655499999999990313e-03 -2.500000000002500222e-07 1.677570860370199668e+01
4.337750000000000217e-01 2.059600000000000042e-01 0.000000000000000000e+00 -9.933999999999998387e-03 0.000000000000000000e+00 2.500000000002500222e-07 0.000000000000000000e+00
4.337750000000000217e-01 1.927149999999999974e-01 0.000000000000000000e+00 -9.933499999999997887e-03 0.000000000000000000e+00 1.655749999999997502e-03 0.000000000000000000e+00
4.337750000000000217e-01 1.860930000000000084e-01 0.000000000000000000e+00 -6.622500000000003384e-03 0.000000000000000000e+00 1.655499999999997252e-03 0.000000000000000000e+00
4.337750000000000217e-01 1.794699999999999906e-01 0.000000000000000000e+00 -6.622500000000003384e-03 3.311249999999987814e-03 -1.655499999999997252e-03 7.550018875047150857e+01
4.337750000000000217e-01 1.728480000000000016e-01 6.622499999999975628e-03 -9.933499999999997887e-03 4.966749999999992005e-03 -1.655749999999997502e-03 2.254998566966750673e+01
4.470199999999999729e-01 1.596029999999999949e-01 9.933499999999984009e-03 -9.933999999999998387e-03 1.387778780781445676e-17 3.311000000000001442e-03 1.186251582731946108e+01
4.536419999999999897e-01 1.529800000000000049e-01 6.622500000000003384e-03 -3.311499999999995003e-03 -1.655499999999990313e-03 4.966999999999999194e-03 6.752840203183424705e+01
4.602649999999999797e-01 1.529800000000000049e-01 6.622500000000003384e-03 0.000000000000000000e+00 0.000000000000000000e+00 1.655749999999997502e-03 3.775294451448651500e+01
4.668869999999999965e-01 1.529800000000000049e-01 6.622500000000003384e-03 0.000000000000000000e+00 0.000000000000000000e+00 1.655749999999997502e-03 3.775294451448651500e+01
4.735099999999999865e-01 1.529800000000000049e-01 6.622500000000003384e-03 3.311499999999995003e-03 0.000000000000000000e+00 1.655749999999997502e-03 2.701258436269032259e+01
4.801320000000000032e-01 1.596029999999999949e-01 6.622500000000003384e-03 3.311499999999995003e-03 -1.655500000000004190e-03 -2.499999999933111283e-07 1.350119385123550408e+01
4.867549999999999932e-01 1.596029999999999949e-01 3.311499999999995003e-03 3.311000000000008381e-03 -1.655749999999997502e-03 3.311000000000001442e-03 1.601600840565758403e+02
4.867549999999999932e-01 1.662250000000000116e-01 3.311000000000008381e-03 9.933499999999997887e-03 -2.499999999933111283e-07 3.311499999999995003e-03 9.553130890108199935e+00
4.933770000000000100e-01 1.794699999999999906e-01 3.311000000000008381e-03 9.933999999999998387e-03 -1.655500000000004190e-03 -1.655499999999997252e-03 9.549669733808757499e+00
4.933770000000000100e-01 1.860930000000000084e-01 0.000000000000000000e+00 6.622500000000003384e-03 -1.655500000000004190e-03 -1.655750000000004440e-03 3.774724423598531331e+01
4.933770000000000100e-01 1.927149999999999974e-01 0.000000000000000000e+00 6.622499999999989506e-03 0.000000000000000000e+00 0.000000000000000000e+00 0.000000000000000000e+00
4.933770000000000100e-01 1.993379999999999874e-01 0.000000000000000000e+00 6.622500000000003384e-03 0.000000000000000000e+00 6.938893903907228378e-18 0.000000000000000000e+00
4.933770000000000100e-01 2.059600000000000042e-01 0.000000000000000000e+00 6.622500000000003384e-03 0.000000000000000000e+00 0.000000000000000000e+00 0.000000000000000000e+00
4.933770000000000100e-01 2.125829999999999942e-01 0.000000000000000000e+00 6.622500000000003384e-03 0.000000000000000000e+00 -3.311250000000001692e-03 -0.000000000000000000e+00
4.933770000000000100e-01 2.192050000000000110e-01 0.000000000000000000e+00 0.000000000000000000e+00 1.655749999999997502e-03 -6.622500000000003384e-03 0.000000000000000000e+00
4.933770000000000100e-01 2.125829999999999942e-01 3.311499999999995003e-03 -6.622500000000003384e-03 1.655749999999997502e-03 -3.311250000000001692e-03 0.000000000000000000e+00
5.000000000000000000e-01 2.059600000000000042e-01 3.311499999999995003e-03 -6.622500000000003384e-03 1.387778780781445676e-17 0.000000000000000000e+00 2.264079202331896690e-13
5.000000000000000000e-01 1.993379999999999874e-01 3.311500000000022759e-03 -6.622500000000003384e-03 1.655499999999990313e-03 6.938893903907228378e-18 2.700850576018934390e+01
5.066230000000000455e-01 1.927149999999999974e-01 6.622499999999975628e-03 -6.622499999999989506e-03 1.655499999999976435e-03 0.000000000000000000e+00 1.334566618518489456e+01
5.132449999999999513e-01 1.860930000000000084e-01 6.622499999999975628e-03 -6.622500000000003384e-03 1.655750000000011379e-03 -6.938893903907228378e-18 1.334768153797658563e+01
5.198679999999999968e-01 1.794699999999999906e-01 9.933999999999998387e-03 -6.622500000000003384e-03 3.311250000000015570e-03 6.938893903907228378e-18 1.288547093645166974e+01
5.331129999999999480e-01 1.728480000000000016e-01 1.324500000000000677e-02 -6.622499999999989506e-03 -2.499999999794333405e-07 1.655500000000004190e-03 6.751922477587283922e+00
5.463580000000000103e-01 1.662250000000000116e-01 9.933500000000039520e-03 -3.311499999999995003e-03 -1.655750000000011379e-03 1.655749999999990563e-03 9.550534975243690994e+00
5.529800000000000271e-01 1.662250000000000116e-01 9.933499999999984009e-03 -3.311000000000008381e-03 2.499999999794333405e-07 2.499999999933111283e-07 2.884290569749301848e-03
5.662249999999999783e-01 1.596029999999999949e-01 9.933999999999998387e-03 -3.311000000000008381e-03 2.500000000071889161e-07 1.655500000000004190e-03 1.432450460071314602e+01
5.728480000000000238e-01 1.596029999999999949e-01 9.933999999999998387e-03 0.000000000000000000e+00 -2.500000000071889161e-07 3.311000000000008381e-03 3.355141720740427758e+01
5.860929999999999751e-01 1.596029999999999949e-01 9.933499999999984009e-03 3.311000000000008381e-03 -2.499999999794333405e-07 4.966749999999998944e-03 4.297791242036130654e+01
5.927149999999999919e-01 1.662250000000000116e-01 9.933500000000039520e-03 9.933499999999997887e-03 -1.655499999999976435e-03 3.311499999999995003e-03 1.779690877365917245e+01
6.059600000000000541e-01 1.794699999999999906e-01 6.622500000000031140e-03 9.933999999999998387e-03 -3.311000000000036136e-03 2.500000000002500222e-07 1.932820636795209168e+01
6.059600000000000541e-01 1.860930000000000084e-01 3.311499999999967248e-03 9.933999999999998387e-03 -1.655500000000031946e-03 4.966749999999998944e-03 2.864771159511327880e+01
6.125829999999999886e-01 1.993379999999999874e-01 3.311499999999967248e-03 1.986749999999999627e-02 -1.655749999999983624e-03 4.966750000000005882e-03 6.038713736446670310e+00
6.125829999999999886e-01 2.258280000000000010e-01 0.000000000000000000e+00 1.986750000000001015e-02 -3.311499999999967248e-03 -3.311250000000001692e-03 8.389543225441379093e+00
6.125829999999999886e-01 2.390730000000000077e-01 -3.311499999999967248e-03 1.324499999999999289e-02 -3.311249999999987814e-03 1.655499999999997252e-03 1.507984594376394583e+01
6.059600000000000541e-01 2.523179999999999867e-01 -6.622499999999975628e-03 2.317850000000000465e-02 -1.655500000000031946e-03 4.966750000000012821e-03 3.911834230759484998e-01
5.993380000000000374e-01 2.854300000000000170e-01 -6.622500000000031140e-03 2.317850000000001853e-02 -1.655750000000011379e-03 -3.311000000000001442e-03 4.305026877960851373e+00
5.927149999999999919e-01 2.986750000000000238e-01 -9.933999999999998387e-03 1.655650000000000177e-02 -3.311249999999987814e-03 -4.966500000000012571e-03 1.447048907699945630e+01
5.794700000000000406e-01 3.185430000000000206e-01 -1.324500000000000677e-02 1.324549999999999339e-02 -1.655500000000004190e-03 -3.311250000000001692e-03 1.000931263233424495e+01
5.662249999999999783e-01 3.251660000000000106e-01 -1.324500000000000677e-02 9.933999999999998387e-03 0.000000000000000000e+00 -3.311499999999995003e-03 9.664491109688096770e+00
5.529800000000000271e-01 3.384110000000000174e-01 -1.324500000000000677e-02 6.622500000000003384e-03 0.000000000000000000e+00 -3.311500000000008881e-03 1.350690404562720026e+01
5.397349999999999648e-01 3.384110000000000174e-01 -1.324500000000000677e-02 3.310999999999980625e-03 3.311250000000015570e-03 0.000000000000000000e+00 -4.308316917094524356e+00
5.264900000000000135e-01 3.450329999999999786e-01 -6.622499999999975628e-03 6.622500000000003384e-03 4.966999999999999194e-03 2.500000000210667039e-07 -4.004304461392982262e+01
5.264900000000000135e-01 3.516560000000000241e-01 -3.311000000000008381e-03 3.311500000000022759e-03 3.311249999999987814e-03 -3.311250000000001692e-03 -1.612282219400258676e-02
5.198679999999999968e-01 3.516560000000000241e-01 0.000000000000000000e+00 0.000000000000000000e+00 6.622249999999996195e-03 -1.655750000000011379e-03 0.000000000000000000e+00
5.264900000000000135e-01 3.516560000000000241e-01 9.933499999999984009e-03 0.000000000000000000e+00 6.622500000000003384e-03 1.655499999999990313e-03 1.677739744759433549e+01
5.397349999999999648e-01 3.516560000000000241e-01 1.324500000000000677e-02 3.310999999999980625e-03 1.655750000000011379e-03 1.655499999999990313e-03 6.462312736271527136e+00
5.529800000000000271e-01 3.582779999999999854e-01 1.324500000000000677e-02 3.310999999999980625e-03 3.311249999999987814e-03 -1.655499999999990313e-03 -1.292495075128350202e+01
5.662249999999999783e-01 3.582779999999999854e-01 1.986749999999998240e-02 0.000000000000000000e+00 3.311250000000015570e-03 -1.655499999999990313e-03 -4.194138248442790484e+00
5.927149999999999919e-01 3.582779999999999854e-01 1.986750000000003791e-02 0.000000000000000000e+00 -1.655499999999976435e-03 0.000000000000000000e+00 0.000000000000000000e+00
6.059600000000000541e-01 3.582779999999999854e-01 1.655650000000002953e-02 0.000000000000000000e+00 -3.311250000000043325e-03 1.655749999999997502e-03 6.040288703765678058e+00
6.258280000000000509e-01 3.582779999999999854e-01 1.324499999999995126e-02 3.311499999999995003e-03 -1.655750000000039135e-03 1.655749999999997502e-03 1.077229441866647086e+01
6.324499999999999567e-01 3.649009999999999754e-01 1.324499999999995126e-02 3.311499999999995003e-03 2.775557561562891351e-17 -1.655749999999997502e-03 -8.617705407256197603e+00
6.523179999999999534e-01 3.649009999999999754e-01 1.324500000000000677e-02 0.000000000000000000e+00 -1.655749999999955868e-03 -1.655749999999997502e-03 -9.438236128621628751e+00
6.589399999999999702e-01 3.649009999999999754e-01 9.933500000000039520e-03 0.000000000000000000e+00 -1.655500000000004190e-03 -1.655749999999997502e-03 -1.677993103222840787e+01
6.721850000000000325e-01 3.649009999999999754e-01 9.933999999999998387e-03 -3.311499999999995003e-03 -1.655500000000031946e-03 -1.655749999999997502e-03 -1.909991637145552801e+01
6.788079999999999670e-01 3.582779999999999854e-01 6.622499999999975628e-03 -3.311499999999995003e-03 -2.499999999794333405e-07 2.500000000071889161e-07 2.039147283047589975e-03
6.854299999999999837e-01 3.582779999999999854e-01 9.933500000000039520e-03 -3.310999999999980625e-03 1.655750000000011379e-03 -3.310999999999994503e-03 -2.387453493071448563e+01
6.986750000000000460e-01 3.516560000000000241e-01 9.933999999999998387e-03 -9.933499999999984009e-03 -1.655250000000024757e-03 -3.311500000000008881e-03 -1.779526661743959792e+01
7.052979999999999805e-01 3.384110000000000174e-01 6.622999999999990006e-03 -9.933999999999998387e-03 -1.655749999999983624e-03 -1.655750000000011379e-03 -1.610766183739830026e+01
7.119210000000000260e-01 3.317880000000000273e-01 6.622500000000031140e-03 -1.324500000000000677e-02 -1.655999999999990813e-03 -1.655500000000004190e-03 -1.013068788262912001e+01
7.185430000000000428e-01 3.119210000000000038e-01 3.311000000000008381e-03 -1.324500000000000677e-02 -1.655500000000031946e-03 -2.499999999933111283e-07 -8.616959112929647446e+00
7.185430000000000428e-01 3.052980000000000138e-01 3.311499999999967248e-03 -1.324549999999999339e-02 2.499999999794333405e-07 -3.311250000000001692e-03 -4.307092376711731951e+00
7.251659999999999773e-01 2.854300000000000170e-01 3.311499999999967248e-03 -1.986750000000001015e-02 -1.655749999999983624e-03 2.499999999933111283e-07 -4.025741612764198507e+00
7.251659999999999773e-01 2.655629999999999935e-01 0.000000000000000000e+00 -1.324500000000000677e-02 -3.311499999999967248e-03 3.311250000000008631e-03 -1.887647225724310118e+01
7.251659999999999773e-01 2.589400000000000035e-01 -3.311499999999967248e-03 -1.324499999999999289e-02 -3.311249999999987814e-03 0.000000000000000000e+00 -1.723410963598174561e+01
7.185430000000000428e-01 2.390730000000000077e-01 -6.622499999999975628e-03 -1.324500000000000677e-02 -3.311250000000015570e-03 4.966749999999992005e-03 -2.363504268621245075e+01
7.119210000000000260e-01 2.324499999999999900e-01 -9.933999999999998387e-03 -3.311500000000008881e-03 -3.311500000000022759e-03 6.622500000000003384e-03 -6.684754444689065167e+01
6.986750000000000460e-01 2.324499999999999900e-01 -1.324550000000002115e-02 0.000000000000000000e+00 1.655749999999983624e-03 4.967000000000006132e-03 -2.831114577904415697e+01
6.854299999999999837e-01 2.324499999999999900e-01 -6.622500000000031140e-03 6.622500000000003384e-03 4.967250000000006382e-03 8.278250000000000886e-03 -1.067774215982284147e+02
6.854299999999999837e-01 2.456949999999999967e-01 -3.311000000000008381e-03 1.655650000000000177e-02 3.311250000000015570e-03 6.622500000000003384e-03 -1.594506261048904960e+01
6.788079999999999670e-01 2.655629999999999935e-01 0.000000000000000000e+00 1.986750000000001015e-02 4.966750000000019760e-03 -1.655749999999997502e-03 -1.258304810960638598e+01
6.854299999999999837e-01 2.854300000000000170e-01 6.622500000000031140e-03 1.324500000000000677e-02 6.622750000000010573e-03 -3.311000000000008381e-03 -3.376522072043275813e+01
6.920530000000000292e-01 2.920530000000000070e-01 1.324550000000002115e-02 1.324549999999999339e-02 4.966999999999971438e-03 -1.655500000000004190e-03 -1.334566624224187770e+01
7.119210000000000260e-01 3.119210000000000038e-01 1.655649999999997402e-02 9.933999999999998387e-03 -2.500000000071889161e-07 -6.622749999999996695e-03 -1.523279591124221888e+01
7.251659999999999773e-01 3.119210000000000038e-01 1.324500000000000677e-02 0.000000000000000000e+00 -3.311499999999995003e-03 -6.622749999999996695e-03 -3.775151944486121636e+01
7.384110000000000396e-01 3.119210000000000038e-01 9.933499999999984009e-03 -3.311499999999995003e-03 -3.311500000000050514e-03 -3.311499999999995003e-03 -3.820502438752805574e+01
7.450329999999999453e-01 3.052980000000000138e-01 6.621999999999905739e-03 -6.622999999999990006e-03 -3.311500000000078270e-03 -3.311499999999995003e-03 -5.339072569539432322e+01
