3.278150000000000230e-01 3.516560000000000241e-01 1.324499999999995126e-02 6.621999999999961251e-03 -3.311499999999967248e-03 -3.310999999999980625e-03 -6.752228378935106967e+00
3.410599999999999743e-01 3.582779999999999854e-01 9.933499999999984009e-03 3.310999999999980625e-03 -3.311249999999973936e-03 -3.310999999999980625e-03 -1.909977215365592684e+01
3.476819999999999911e-01 3.582779999999999854e-01 6.622500000000003384e-03 0.000000000000000000e+00 2.500000000071889161e-07 2.500000000071889161e-07 5.700278501520788903e-03
3.543049999999999811e-01 3.582779999999999854e-01 9.933999999999998387e-03 3.311499999999995003e-03 1.655500000000004190e-03 1.655749999999997502e-03 9.550679209373285516e+00
3.675499999999999878e-01 3.649009999999999754e-01 9.933500000000011765e-03 3.311499999999995003e-03 -1.655749999999997502e-03 -3.311499999999995003e-03 -2.387705855974765257e+01
3.741720000000000046e-01 3.649009999999999754e-01 6.622500000000003384e-03 -3.311499999999995003e-03 -3.311000000000008381e-03 -6.622749999999996695e-03 -1.350568037557329717e+02
3.807949999999999946e-01 3.582779999999999854e-01 3.311499999999995003e-03 -9.933999999999998387e-03 -4.966999999999999194e-03 -4.966749999999992005e-03 -5.729830717594180101e+01
3.807949999999999946e-01 3.450329999999999786e-01 -3.311499999999995003e-03 -1.324499999999997901e-02 -4.966999999999999194e-03 -1.655499999999990313e-03 -2.369755135102014165e+01
3.741720000000000046e-01 3.317880000000000273e-01 -6.622500000000003384e-03 -1.324499999999997901e-02 -3.311000000000008381e-03 -1.655750000000011379e-03 -1.012813864058525581e+01
3.675499999999999878e-01 3.185430000000000206e-01 -9.933500000000011765e-03 -1.655650000000000177e-02 -3.311250000000001692e-03 -3.311250000000015570e-03 -3.046818965869361850e+00
3.543049999999999811e-01 2.986750000000000238e-01 -1.324500000000000677e-02 -1.986750000000001015e-02 -4.966999999999985316e-03 -4.966750000000005882e-03 -2.416456120630776638e+00
3.410599999999999743e-01 2.788080000000000003e-01 -1.986749999999998240e-02 -2.649000000000001354e-02 -3.311249999999987814e-03 -1.655749999999997502e-03 -1.509935371667415316e+00
3.145700000000000163e-01 2.456949999999999967e-01 -1.986749999999998240e-02 -2.317900000000000515e-02 6.622499999999989506e-03 4.967000000000006132e-03 1.926792670810686836e+00
3.013250000000000095e-01 2.324499999999999900e-01 -6.622500000000003384e-03 -1.655600000000000127e-02 9.933749999999991198e-03 3.311500000000001942e-03 2.513962138885057840e+01
3.013250000000000095e-01 2.125829999999999942e-01 0.000000000000000000e+00 -1.655600000000000127e-02 4.966750000000005882e-03 1.655500000000004190e-03 1.812013650319203606e+01
3.013250000000000095e-01 1.993379999999999874e-01 3.311000000000008381e-03 -1.324499999999999289e-02 4.966749999999992005e-03 3.311000000000001442e-03 3.015919435412486038e+01
3.079470000000000263e-01 1.860930000000000084e-01 9.933499999999984009e-03 -9.933999999999998387e-03 4.966999999999985316e-03 3.311249999999994753e-03 2.965987237261785125e+01
3.211919999999999775e-01 1.794699999999999906e-01 1.324499999999997901e-02 -6.622500000000003384e-03 1.655750000000011379e-03 3.311500000000001942e-03 1.688363005703404340e+01
3.344369999999999843e-01 1.728480000000000016e-01 1.324500000000000677e-02 -3.310999999999994503e-03 -1.655499999999990313e-03 3.311250000000001692e-03 1.508057306240468876e+01
3.476819999999999911e-01 1.728480000000000016e-01 9.933999999999998387e-03 0.000000000000000000e+00 -1.655500000000004190e-03 1.655499999999997252e-03 1.677570860370207129e+01
3.543049999999999811e-01 1.728480000000000016e-01 9.933999999999998387e-03 0.000000000000000000e+00 1.655500000000004190e-03 4.966749999999998944e-03 5.032965914070513946e+01
3.675499999999999878e-01 1.728480000000000016e-01 1.324500000000000677e-02 9.933499999999997887e-03 -2.499999999933111283e-07 8.278000000000000635e-03 2.416089947894248624e+01
3.807949999999999946e-01 1.927149999999999974e-01 9.933500000000011765e-03 1.655600000000000127e-02 -3.311250000000001692e-03 2.500000000002500222e-07 7.617209810651224267e+00
3.874170000000000114e-01 2.059600000000000042e-01 6.622500000000003384e-03 9.933999999999998387e-03 -3.311000000000008381e-03 -4.966749999999998944e-03 -4.864644692663577970e-04
3.940400000000000014e-01 2.125829999999999942e-01 3.311499999999995003e-03 6.622500000000003384e-03 -1.655749999999997502e-03 -1.655749999999997502e-03 1.350527245373617724e+01
3.940400000000000014e-01 2.192050000000000110e-01 3.311000000000008381e-03 6.622500000000003384e-03 -2.499999999933111283e-07 -6.938893903907228378e-18 4.078972039667916674e-03
4.006620000000000181e-01 2.258280000000000010e-01 3.311000000000008381e-03 6.622499999999989506e-03 -1.655500000000004190e-03 -3.311250000000001692e-03 -5.425782796549535053e-14
4.006620000000000181e-01 2.324499999999999900e-01 0.000000000000000000e+00 0.000000000000000000e+00 2.499999999933111283e-07 -6.622499999999989506e-03 0.000000000000000000e+00
4.006620000000000181e-01 2.258280000000000010e-01 3.311499999999995003e-03 -6.622499999999989506e-03 1.655749999999997502e-03 -4.966999999999999194e-03 -1.350731190895426792e+01
4.072850000000000081e-01 2.192050000000000110e-01 3.311499999999995003e-03 -9.933999999999998387e-03 -2.499999999933111283e-07 -1.655500000000011129e-03 -4.776781543111164652e+00
4.072850000000000081e-01 2.059600000000000042e-01 3.311000000000008381e-03 -9.933500000000011765e-03 3.310999999999994503e-03 2.500000000002500222e-07 2.865073979861502806e+01
4.139070000000000249e-01 1.993379999999999874e-01 9.933499999999984009e-03 -9.933499999999997887e-03 4.966999999999985316e-03 -2.499999999933111283e-07 1.779601301622157905e+01
4.271519999999999762e-01 1.860930000000000084e-01 1.324499999999997901e-02 -9.933999999999998387e-03 1.655750000000011379e-03 1.655499999999997252e-03 8.455791314023180405e+00
4.403969999999999829e-01 1.794699999999999906e-01 1.324500000000000677e-02 -6.622500000000003384e-03 1.387778780781445676e-17 3.311500000000001942e-03 1.350690404562720204e+01
4.536419999999999897e-01 1.728480000000000016e-01 1.324500000000000677e-02 -3.310999999999994503e-03 4.966999999999999194e-03 1.655500000000004190e-03 1.507927184920107777e+01
4.668869999999999965e-01 1.728480000000000016e-01 2.317900000000000515e-02 -3.311499999999995003e-03 3.311500000000008881e-03 1.655499999999997252e-03 3.843638287324767422e+00
5.000000000000000000e-01 1.662250000000000116e-01 1.986800000000002453e-02 0.000000000000000000e+00 -8.278250000000014763e-03 4.966999999999992255e-03 1.258304811757594877e+01
5.066230000000000455e-01 1.728480000000000016e-01 6.622499999999975628e-03 6.622499999999989506e-03 -6.622750000000024451e-03 4.966749999999998944e-03 9.342772470746163549e+01
5.132449999999999513e-01 1.794699999999999906e-01 6.622499999999975628e-03 9.933499999999997887e-03 -1.655499999999976435e-03 3.311250000000008631e-03 2.255095862686160046e+01
5.198679999999999968e-01 1.927149999999999974e-01 3.311500000000022759e-03 1.324500000000000677e-02 -4.966999999999999194e-03 4.966999999999999194e-03 3.231525675827613497e+01
5.198679999999999968e-01 2.059600000000000042e-01 -3.311500000000022759e-03 1.986749999999999627e-02 -6.622750000000010573e-03 3.311249999999994753e-03 1.476081621899474783e+01
5.132449999999999513e-01 2.324499999999999900e-01 -9.933999999999998387e-03 1.986749999999999627e-02 -3.311249999999973936e-03 -3.311249999999994753e-03 9.003862471587744665e+00
5.000000000000000000e-01 2.456949999999999967e-01 -9.933999999999970631e-03 1.324500000000000677e-02 -1.655500000000004190e-03 6.938893903907228378e-18 4.831515939027240414e+00
4.933770000000000100e-01 2.589400000000000035e-01 -1.324500000000000677e-02 1.986750000000001015e-02 -1.655500000000018068e-03 3.311250000000001692e-03 -8.055664490718650317e-01
4.735099999999999865e-01 2.854300000000000170e-01 -1.324500000000000677e-02 1.986750000000001015e-02 1.655500000000004190e-03 -4.966750000000005882e-03 2.416212894045939308e+00
4.668869999999999965e-01 2.986750000000000238e-01 -9.933999999999998387e-03 9.933999999999998387e-03 0.000000000000000000e+00 -4.966750000000005882e-03 1.779422163660008138e+01
4.536419999999999897e-01 3.052980000000000138e-01 -1.324500000000000677e-02 9.933999999999998387e-03 2.500000000071889161e-07 0.000000000000000000e+00 -5.472256341688249088e-04
4.403969999999999829e-01 3.185430000000000206e-01 -9.933499999999984009e-03 9.933999999999998387e-03 6.622500000000003384e-03 -3.311250000000001692e-03 -1.186460580026277789e+01
4.337750000000000217e-01 3.251660000000000106e-01 0.000000000000000000e+00 3.311499999999995003e-03 8.277999999999979819e-03 -4.966999999999999194e-03 -7.548764960088462885e+02
4.403969999999999829e-01 3.251660000000000106e-01 6.622499999999975628e-03 0.000000000000000000e+00 9.933750000000005076e-03 -1.655749999999997502e-03 -3.775294451448684185e+01
4.470199999999999729e-01 3.251660000000000106e-01 1.986750000000001015e-02 0.000000000000000000e+00 9.933750000000018954e-03 0.000000000000000000e+00 0.000000000000000000e+00
4.801320000000000032e-01 3.251660000000000106e-01 2.649000000000001354e-02 0.000000000000000000e+00 4.966999999999985316e-03 1.655500000000004190e-03 2.359202764749082082e+00
5.000000000000000000e-01 3.251660000000000106e-01 2.980149999999998078e-02 3.311000000000008381e-03 0.000000000000000000e+00 1.655500000000004190e-03 1.830041842656475737e+00
5.397349999999999648e-01 3.317880000000000273e-01 2.649000000000001354e-02 3.311000000000008381e-03 -8.278249999999987008e-03 2.499999999933111283e-07 1.440980827314510382e+00
5.529800000000000271e-01 3.317880000000000273e-01 1.324500000000000677e-02 3.311499999999995003e-03 -8.278000000000007574e-03 2.499999999933111283e-07 1.077327027800433967e+01
5.662249999999999783e-01 3.384110000000000174e-01 9.933999999999998387e-03 3.311499999999995003e-03 -3.311249999999987814e-03 -1.655749999999997502e-03 -4.775339604686682726e+00
5.728480000000000238e-01 3.384110000000000174e-01 6.622500000000031140e-03 0.000000000000000000e+00 -4.966999999999999194e-03 -1.655749999999997502e-03 -3.775294451448620237e+01
5.794700000000000406e-01 3.384110000000000174e-01 0.000000000000000000e+00 0.000000000000000000e+00 -6.622500000000031140e-03 0.000000000000000000e+00 0.000000000000000000e+00
5.728480000000000238e-01 3.384110000000000174e-01 -6.622500000000031140e-03 0.000000000000000000e+00 -3.311250000000015570e-03 -1.655749999999997502e-03 3.775294451448620237e+01
5.662249999999999783e-01 3.384110000000000174e-01 -6.622500000000031140e-03 -3.311499999999995003e-03 2.775557561562891351e-17 -3.311250000000001692e-03 5.402109012287988321e+01
5.596029999999999616e-01 3.317880000000000273e-01 -6.622499999999975628e-03 -6.622500000000003384e-03 2.775557561562891351e-17 -4.966750000000005882e-03 4.003901390834678864e+01
5.529800000000000271e-01 3.251660000000000106e-01 -6.622499999999975628e-03 -1.324500000000000677e-02 1.655749999999983624e-03 -4.966999999999999194e-03 1.688312020862509755e+01
5.463580000000000103e-01 3.052980000000000138e-01 -3.311000000000008381e-03 -1.655650000000000177e-02 3.311249999999987814e-03 1.655500000000004190e-03 1.025085190764025356e+01
5.463580000000000103e-01 2.920530000000000070e-01 0.000000000000000000e+00 -9.933999999999998387e-03 6.622249999999996195e-03 1.655749999999997502e-03 6.710536774440721786e+01
5.463580000000000103e-01 2.854300000000000170e-01 9.933499999999984009e-03 -1.324500000000000677e-02 6.622500000000003384e-03 2.499999999933111283e-07 1.932912089091352215e+01
5.662249999999999783e-01 2.655629999999999935e-01 1.324500000000000677e-02 -9.933500000000011765e-03 3.311500000000022759e-03 6.622500000000003384e-03 2.657715360069698463e+01
5.728480000000000238e-01 2.655629999999999935e-01 1.655650000000002953e-02 0.000000000000000000e+00 1.655500000000004190e-03 6.622250000000010073e-03 2.415841876401170651e+01
5.993380000000000374e-01 2.655629999999999935e-01 1.655600000000001515e-02 3.311000000000008381e-03 -4.967000000000026949e-03 6.622500000000003384e-03 2.619750871903266187e+01
6.059600000000000541e-01 2.721850000000000103e-01 6.622499999999975628e-03 1.324500000000000677e-02 -6.622250000000023951e-03 4.966999999999999194e-03 3.714041718661332681e+01
6.125829999999999886e-01 2.920530000000000070e-01 3.311499999999967248e-03 1.324500000000000677e-02 -4.966999999999971438e-03 0.000000000000000000e+00 2.585181504323774249e+01
6.125829999999999886e-01 2.986750000000000238e-01 -3.311499999999967248e-03 1.324500000000000677e-02 -4.966999999999971438e-03 2.499999999933111283e-07 2.585148972404533296e+01
6.059600000000000541e-01 3.185430000000000206e-01 -6.622499999999975628e-03 1.324549999999999339e-02 -1.655500000000031946e-03 -4.966750000000005882e-03 1.688031615592862877e+01
5.993380000000000374e-01 3.251660000000000106e-01 -6.622500000000031140e-03 3.311499999999995003e-03 -2.500000000349444917e-07 -6.622749999999996695e-03 1.080482983034782904e+02
5.927149999999999919e-01 3.251660000000000106e-01 -6.623000000000045517e-03 0.000000000000000000e+00 -5.000000000143778323e-07 -3.311499999999995003e-03 7.549448890230897291e+01
