3.543049999999999811e-01 3.185430000000000206e-01 1.986700000000002353e-02 0.000000000000000000e+00 3.311499999999995003e-03 0.000000000000000000e+00 0.000000000000000000e+00
3.741720000000000046e-01 3.185430000000000206e-01 2.317850000000001853e-02 0.000000000000000000e+00 -1.655250000000010879e-03 0.000000000000000000e+00 0.000000000000000000e+00
4.006620000000000181e-01 3.185430000000000206e-01 1.655650000000000177e-02 0.000000000000000000e+00 -9.933500000000011765e-03 -6.622500000000003384e-03 -2.415933078102878895e+01
4.072850000000000081e-01 3.185430000000000206e-01 3.311499999999995003e-03 -1.324500000000000677e-02 -9.933999999999998387e-03 -9.933750000000005076e-03 -6.463018819735985687e+01
4.072850000000000081e-01 2.920530000000000070e-01 -3.311499999999995003e-03 -1.986750000000001015e-02 -1.158950000000000258e-02 -6.622499999999996445e-03 -2.549518165001603265e+01
4.006620000000000181e-01 2.788080000000000003e-01 -1.986750000000001015e-02 -2.648999999999999966e-02 -8.278000000000007574e-03 -9.933749999999998137e-03 -6.039103055477567095e-01
3.675499999999999878e-01 2.390730000000000077e-01 -1.986750000000001015e-02 -3.973500000000000643e-02 9.933750000000005076e-03 0.000000000000000000e+00 4.501961449603200549e+00
3.609269999999999978e-01 1.993379999999999874e-01 0.000000000000000000e+00 -2.648999999999999966e-02 1.490075000000000427e-02 1.490050000000000402e-02 2.123460621977339002e+01
3.675499999999999878e-01 1.860930000000000084e-01 9.933999999999998387e-03 -9.933999999999998387e-03 9.933750000000005076e-03 9.933749999999998137e-03 7.117867788093859360e+01
3.807949999999999946e-01 1.794699999999999906e-01 1.986750000000001015e-02 -6.622500000000003384e-03 6.622249999999996195e-03 4.966999999999999194e-03 1.551900654388414225e+01
4.072850000000000081e-01 1.728480000000000016e-01 2.317849999999999078e-02 0.000000000000000000e+00 -1.655750000000011379e-03 9.933749999999998137e-03 1.849024100273192062e+01
4.271519999999999762e-01 1.794699999999999906e-01 1.655599999999998739e-02 1.324499999999999289e-02 -6.622249999999996195e-03 6.622500000000003384e-03 2.070645795746231599e+01
4.403969999999999829e-01 1.993379999999999874e-01 9.933999999999998387e-03 1.324500000000000677e-02 -4.966749999999992005e-03 -3.311249999999994753e-03 7.247273908540836196e+00
4.470199999999999729e-01 2.059600000000000042e-01 6.622500000000003384e-03 6.622500000000003384e-03 -3.311499999999995003e-03 -6.622500000000003384e-03 -2.669133237037003781e+01
4.536419999999999897e-01 2.125829999999999942e-01 3.311000000000008381e-03 0.000000000000000000e+00 -3.311250000000001692e-03 -8.278250000000000886e-03 -7.551273082658910880e+02
4.536419999999999897e-01 2.059600000000000042e-01 0.000000000000000000e+00 -9.933999999999998387e-03 -1.655500000000004190e-03 -4.966749999999998944e-03 -1.677570860370213879e+01
4.536419999999999897e-01 1.927149999999999974e-01 0.000000000000000000e+00 -9.933499999999997887e-03 6.622500000000003384e-03 2.500000000002500222e-07 6.711465695964594147e+01
4.536419999999999897e-01 1.860930000000000084e-01 1.324500000000000677e-02 -9.933499999999997887e-03 1.490074999999999039e-02 -2.500000000002500222e-07 3.261569115246443573e+01
4.801320000000000032e-01 1.728480000000000016e-01 2.980149999999998078e-02 -9.933999999999998387e-03 8.278249999999987008e-03 3.311000000000001442e-03 5.835890627094539873e+00
5.132449999999999513e-01 1.662250000000000116e-01 2.980149999999998078e-02 -3.311499999999995003e-03 -4.966999999999971438e-03 8.278249999999993947e-03 8.540874801305809783e+00
5.397349999999999648e-01 1.662250000000000116e-01 1.986750000000003791e-02 6.622499999999989506e-03 -9.933749999999991198e-03 1.324524999999999314e-02 3.581342480951769147e+01
5.529800000000000271e-01 1.794699999999999906e-01 9.933999999999998387e-03 2.317899999999999128e-02 -9.933750000000018954e-03 1.490075000000000427e-02 2.358721834058011524e+01
5.596029999999999616e-01 2.125829999999999942e-01 0.000000000000000000e+00 3.642399999999999805e-02 -1.158950000000000258e-02 8.278000000000007574e-03 8.735533332699787934e+00
5.529800000000000271e-01 2.523179999999999867e-01 -1.324500000000000677e-02 3.973500000000000643e-02 -6.622500000000003384e-03 -3.311249999999994753e-03 4.178169803921980119e+00
5.331129999999999480e-01 2.920530000000000070e-01 -1.324500000000000677e-02 2.980150000000000854e-02 3.311250000000015570e-03 -9.933749999999998137e-03 9.483128276268842916e-01
5.264900000000000135e-01 3.119210000000000038e-01 -6.622499999999975628e-03 1.986750000000001015e-02 6.622500000000003384e-03 -6.622750000000010573e-03 -9.549922150330933945e+00
5.198679999999999968e-01 3.317880000000000273e-01 0.000000000000000000e+00 1.655599999999998739e-02 1.490049999999998320e-02 -6.622500000000017262e-03 -5.436132158168073403e+01
5.264900000000000135e-01 3.450329999999999786e-01 2.317849999999999078e-02 6.622499999999975628e-03 2.152324999999999378e-02 -8.277999999999993697e-03 -2.387270769317631647e+01
5.662249999999999783e-01 3.450329999999999786e-01 4.304649999999998755e-02 0.000000000000000000e+00 8.278250000000014763e-03 -4.966749999999978127e-03 -2.680381481234001217e+00
6.125829999999999886e-01 3.450329999999999786e-01 3.973500000000002030e-02 -3.310999999999980625e-03 -9.933999999999998387e-03 -3.311249999999987814e-03 -2.594439756191162516e+00
6.456950000000000189e-01 3.384110000000000174e-01 2.317849999999999078e-02 -6.622499999999975628e-03 -1.158925000000002314e-02 -6.622750000000010573e-03 -1.643738610092745134e+01
6.589399999999999702e-01 3.317880000000000273e-01 1.655649999999997402e-02 -1.655650000000000177e-02 -3.310999999999980625e-03 -9.933750000000018954e-03 -1.708290417748571599e+01
6.788079999999999670e-01 3.052980000000000138e-01 1.655650000000002953e-02 -2.649000000000001354e-02 -4.966999999999971438e-03 -1.655500000000004190e-03 -5.215428755962608243e+00
6.920530000000000292e-01 2.788080000000000003e-01 6.622500000000031140e-03 -1.986750000000001015e-02 -1.324525000000001396e-02 8.278000000000007574e-03 -2.268212412650835219e+01
6.920530000000000292e-01 2.655629999999999935e-01 -9.933999999999998387e-03 -9.933999999999998387e-03 -1.158950000000003033e-02 9.933750000000005076e-03 -7.711068220465151057e+01
6.721850000000000325e-01 2.589400000000000035e-01 -1.655650000000002953e-02 0.000000000000000000e+00 3.311499999999995003e-03 1.158950000000000258e-02 -4.227928487530873980e+01
6.589399999999999702e-01 2.655629999999999935e-01 -3.311000000000008381e-03 1.324500000000000677e-02 1.324525000000001396e-02 9.933750000000005076e-03 -8.186452749081404079e+01
6.655630000000000157e-01 2.854300000000000170e-01 9.933999999999998387e-03 1.986750000000001015e-02 1.324500000000000677e-02 1.655749999999997502e-03 -2.250931628231143833e+01
6.788079999999999670e-01 3.052980000000000138e-01 2.317900000000000515e-02 1.655650000000000177e-02 8.278000000000007574e-03 -4.966750000000005882e-03 -1.091112377205033646e+01
7.119210000000000260e-01 3.185430000000000206e-01 2.649000000000001354e-02 9.933999999999998387e-03 -4.966999999999999194e-03 -4.966999999999999194e-03 -3.631494000999516913e+00
7.317879999999999940e-01 3.251660000000000106e-01 1.324500000000000677e-02 6.622500000000003384e-03 -9.933750000000018954e-03 -3.311499999999995003e-03 6.751922477587273264e+00
7.384110000000000396e-01 3.317880000000000273e-01 6.622499999999975628e-03 3.311000000000008381e-03 -3.311500000000050514e-03 -3.311250000000001692e-03 -2.701299248777955953e+01
7.450329999999999453e-01 3.317880000000000273e-01 6.621999999999905739e-03 0.000000000000000000e+00 -5.000000000698889835e-07 -3.311000000000008381e-03 -7.550588945938015684e+01
