3.079470000000000263e-01 3.251660000000000106e-01 1.324499999999995126e-02 0.000000000000000000e+00 -3.310999999999952870e-03 3.311000000000008381e-03 1.887362211799282008e+01
3.211919999999999775e-01 3.251660000000000106e-01 9.933999999999998387e-03 3.311000000000008381e-03 -1.655499999999976435e-03 3.311250000000001692e-03 3.342384428607361002e+01
3.278150000000000230e-01 3.317880000000000273e-01 9.933999999999998387e-03 6.622500000000003384e-03 1.655499999999990313e-03 1.655749999999983624e-03 3.222827035707283017e+00
3.410599999999999743e-01 3.384110000000000174e-01 1.324499999999997901e-02 6.622499999999975628e-03 -2.499999999933111283e-07 -1.655750000000011379e-03 -6.752942174404893194e+00
3.543049999999999811e-01 3.450329999999999786e-01 9.933500000000011765e-03 3.310999999999980625e-03 -1.655749999999983624e-03 -3.311249999999987814e-03 -2.387669817586359855e+01
3.609269999999999978e-01 3.450329999999999786e-01 9.933500000000011765e-03 0.000000000000000000e+00 2.499999999933111283e-07 -1.655499999999990313e-03 -1.677739744759424312e+01
3.741720000000000046e-01 3.450329999999999786e-01 9.933999999999998387e-03 0.000000000000000000e+00 -1.655500000000004190e-03 -1.655499999999990313e-03 -1.677570860370199668e+01
3.807949999999999946e-01 3.450329999999999786e-01 6.622500000000003384e-03 -3.310999999999980625e-03 -1.655749999999997502e-03 -3.311249999999987814e-03 -6.753248075750516932e+01
3.874170000000000114e-01 3.384110000000000174e-01 6.622500000000003384e-03 -6.622499999999975628e-03 -1.655500000000004190e-03 -3.311500000000008881e-03 -4.004102926113822036e+01
3.940400000000000014e-01 3.317880000000000273e-01 3.311499999999995003e-03 -9.933999999999998387e-03 -3.311250000000001692e-03 -1.655500000000018068e-03 -3.342305119979979366e+01
3.940400000000000014e-01 3.185430000000000206e-01 0.000000000000000000e+00 -9.933500000000011765e-03 -1.655749999999997502e-03 0.000000000000000000e+00 -1.677993103222850024e+01
3.940400000000000014e-01 3.119210000000000038e-01 0.000000000000000000e+00 -9.933999999999998387e-03 -1.655749999999997502e-03 -2.499999999933111283e-07 -1.677824193330093649e+01
3.940400000000000014e-01 2.986750000000000238e-01 -3.311499999999995003e-03 -9.933999999999998387e-03 -6.622500000000003384e-03 -3.311000000000008381e-03 -4.774762807543518051e+01
3.874170000000000114e-01 2.920530000000000070e-01 -1.324500000000000677e-02 -1.655600000000001515e-02 -6.622250000000010073e-03 -4.966750000000005882e-03 -4.601116641750587988e+00
3.675499999999999878e-01 2.655629999999999935e-01 -1.655600000000001515e-02 -1.986750000000001015e-02 0.000000000000000000e+00 1.655500000000011129e-03 -1.584608566128786977e+00
3.543049999999999811e-01 2.523179999999999867e-01 -1.324500000000000677e-02 -1.324499999999999289e-02 1.655500000000018068e-03 1.655500000000011129e-03 1.082626636745220781e-14
3.410599999999999743e-01 2.390730000000000077e-01 -1.324499999999997901e-02 -1.655649999999998789e-02 1.655500000000004190e-03 -1.655750000000004440e-03 5.176458791424066952e+00
3.278150000000000230e-01 2.192050000000000110e-01 -9.933999999999998387e-03 -1.655650000000000177e-02 3.311249999999987814e-03 1.655749999999990563e-03 5.331202553976910785e+00
3.211919999999999775e-01 2.059600000000000042e-01 -6.622500000000003384e-03 -1.324500000000000677e-02 1.655750000000011379e-03 1.655749999999997502e-03 3.376726011406842254e+00
3.145700000000000163e-01 1.927149999999999974e-01 -6.622499999999975628e-03 -1.324500000000000677e-02 1.655500000000004190e-03 -1.655499999999997252e-03 1.012864848899403114e+01
3.079470000000000263e-01 1.794699999999999906e-01 -3.311499999999995003e-03 -1.655600000000000127e-02 4.966999999999985316e-03 6.938893903907228378e-18 1.708554258669747483e+01
3.079470000000000263e-01 1.596029999999999949e-01 3.311499999999995003e-03 -1.324499999999999289e-02 4.966999999999985316e-03 4.966749999999998944e-03 3.231493143908370769e+01
3.145700000000000163e-01 1.529800000000000049e-01 6.622499999999975628e-03 -6.622500000000003384e-03 3.310999999999994503e-03 3.311249999999994753e-03 5.338468009353156418e+01
3.211919999999999775e-01 1.463579999999999881e-01 9.933499999999984009e-03 -6.622500000000003384e-03 1.655750000000011379e-03 1.655500000000004190e-03 1.610803608668994968e+01
3.344369999999999843e-01 1.397349999999999981e-01 9.933999999999998387e-03 -3.311499999999995003e-03 2.500000000071889161e-07 3.311250000000001692e-03 2.864915364240427564e+01
3.410599999999999743e-01 1.397349999999999981e-01 9.933999999999998387e-03 0.000000000000000000e+00 3.311000000000008381e-03 1.655749999999997502e-03 1.677824193330093649e+01
3.543049999999999811e-01 1.397349999999999981e-01 1.655600000000001515e-02 0.000000000000000000e+00 1.655500000000004190e-03 0.000000000000000000e+00 0.000000000000000000e+00
3.741720000000000046e-01 1.397349999999999981e-01 1.324500000000000677e-02 0.000000000000000000e+00 -3.311000000000008381e-03 4.966999999999999194e-03 2.831328331623959116e+01
3.807949999999999946e-01 1.397349999999999981e-01 9.933999999999998387e-03 9.933999999999998387e-03 -1.655749999999997502e-03 6.622500000000003384e-03 2.965823028402566663e+01
3.940400000000000014e-01 1.596029999999999949e-01 9.933500000000011765e-03 1.324500000000000677e-02 -1.655749999999997502e-03 -2.500000000002500222e-07 4.831961015671246251e+00
4.006620000000000181e-01 1.662250000000000116e-01 6.622500000000003384e-03 9.933499999999997887e-03 -3.311000000000008381e-03 -6.938893903907228378e-18 1.932828117864759676e+01
4.072850000000000081e-01 1.794699999999999906e-01 3.311499999999995003e-03 1.324499999999999289e-02 -3.311250000000001692e-03 2.500000000002500222e-07 1.723443495517421553e+01
4.072850000000000081e-01 1.927149999999999974e-01 0.000000000000000000e+00 9.933999999999998387e-03 -1.655749999999997502e-03 -3.311249999999994753e-03 1.677824193330093649e+01
4.072850000000000081e-01 1.993379999999999874e-01 0.000000000000000000e+00 6.622500000000003384e-03 1.655500000000004190e-03 -1.655749999999997502e-03 -3.774724423598531331e+01
4.072850000000000081e-01 2.059600000000000042e-01 3.311000000000008381e-03 6.622500000000003384e-03 1.655500000000004190e-03 0.000000000000000000e+00 -2.701095284777852612e+01
4.139070000000000249e-01 2.125829999999999942e-01 3.311000000000008381e-03 6.622500000000003384e-03 -1.655500000000004190e-03 -3.311250000000001692e-03 0.000000000000000000e+00
4.139070000000000249e-01 2.192050000000000110e-01 0.000000000000000000e+00 0.000000000000000000e+00 2.499999999933111283e-07 -6.622500000000003384e-03 0.000000000000000000e+00
4.139070000000000249e-01 2.125829999999999942e-01 3.311499999999995003e-03 -6.622500000000003384e-03 1.655749999999997502e-03 -3.311250000000001692e-03 0.000000000000000000e+00
4.205300000000000149e-01 2.059600000000000042e-01 3.311499999999995003e-03 -6.622500000000003384e-03 -2.500000000071889161e-07 -1.655499999999997252e-03 -1.350935105623702093e+01
4.205300000000000149e-01 1.993379999999999874e-01 3.310999999999980625e-03 -9.933499999999997887e-03 1.655500000000004190e-03 -1.655749999999997502e-03 9.549525554117598958e+00
4.271519999999999762e-01 1.860930000000000084e-01 6.622500000000003384e-03 -9.933999999999998387e-03 3.311500000000008881e-03 1.655499999999997252e-03 2.577240119286031472e+01
4.337750000000000217e-01 1.794699999999999906e-01 9.933999999999998387e-03 -6.622500000000003384e-03 4.966749999999992005e-03 1.655750000000004440e-03 2.899279605312263186e+01
4.470199999999999729e-01 1.728480000000000016e-01 1.655599999999998739e-02 -6.622499999999989506e-03 1.655500000000004190e-03 0.000000000000000000e+00 1.933727178963519977e+00
4.668869999999999965e-01 1.662250000000000116e-01 1.324500000000000677e-02 -6.622500000000003384e-03 -4.966749999999992005e-03 1.655749999999990563e-03 -3.375706314589235202e+00
4.735099999999999865e-01 1.596029999999999949e-01 6.622500000000003384e-03 -3.311000000000008381e-03 0.000000000000000000e+00 3.311250000000001692e-03 5.402598466759678075e+01
4.801320000000000032e-01 1.596029999999999949e-01 1.324500000000000677e-02 0.000000000000000000e+00 1.655749999999997502e-03 3.311000000000008381e-03 1.887362211799265665e+01
5.000000000000000000e-01 1.596029999999999949e-01 9.933999999999998387e-03 3.311000000000008381e-03 -4.966749999999992005e-03 3.311250000000001692e-03 4.297279307244667024e+01
5.000000000000000000e-01 1.662250000000000116e-01 3.311500000000022759e-03 6.622500000000003384e-03 -1.655750000000011379e-03 3.311499999999995003e-03 5.402720818059879093e+01
5.066230000000000455e-01 1.728480000000000016e-01 6.622499999999975628e-03 9.933999999999998387e-03 -2.500000000349444917e-07 3.311249999999994753e-03 1.288693025640889722e+01
5.132449999999999513e-01 1.860930000000000084e-01 3.310999999999952870e-03 1.324499999999999289e-02 -3.311249999999987814e-03 1.655499999999997252e-03 1.938856470075874228e+01
5.132449999999999513e-01 1.993379999999999874e-01 0.000000000000000000e+00 1.324499999999999289e-02 -3.310999999999952870e-03 3.311250000000008631e-03 1.887362211799238310e+01
5.132449999999999513e-01 2.125829999999999942e-01 -3.310999999999952870e-03 1.986750000000001015e-02 -3.311249999999987814e-03 3.311250000000001692e-03 6.709415122872310455e+00
5.066230000000000455e-01 2.390730000000000077e-01 -6.622499999999975628e-03 1.986749999999999627e-02 -3.311500000000036636e-03 -6.938893903907228378e-18 7.163117582624337842e+00
5.000000000000000000e-01 2.523179999999999867e-01 -9.934000000000026143e-03 1.986749999999999627e-02 -1.655750000000011379e-03 -1.655749999999990563e-03 4.502271132451951985e+00
4.867549999999999932e-01 2.788080000000000003e-01 -9.933999999999998387e-03 1.655600000000001515e-02 -1.655499999999990313e-03 -3.311249999999994753e-03 8.378112842479414013e+00
4.801320000000000032e-01 2.854300000000000170e-01 -1.324500000000000677e-02 1.324500000000000677e-02 -1.655500000000004190e-03 -1.655250000000010879e-03 6.672329254394651521e+00
4.602649999999999797e-01 3.052980000000000138e-01 -1.324500000000000677e-02 1.324549999999999339e-02 4.966750000000005882e-03 -3.311250000000001692e-03 -3.336605474328044885e+00
4.536419999999999897e-01 3.119210000000000038e-01 -3.311499999999995003e-03 6.622500000000003384e-03 4.966999999999999194e-03 -3.311499999999995003e-03 -5.401905066766200747e+01
4.536419999999999897e-01 3.185430000000000206e-01 -3.311000000000008381e-03 6.622500000000003384e-03 -1.655500000000004190e-03 -1.655500000000004190e-03 4.051540960564864946e+01
4.470199999999999729e-01 3.251660000000000106e-01 -6.622500000000003384e-03 3.311499999999995003e-03 1.655500000000004190e-03 -1.655749999999997502e-03 1.350731190895414535e+01
4.403969999999999829e-01 3.251660000000000106e-01 0.000000000000000000e+00 3.311000000000008381e-03 6.622500000000003384e-03 -2.499999999933111283e-07 -6.040927247897642474e+02
4.470199999999999729e-01 3.317880000000000273e-01 6.622500000000003384e-03 3.311000000000008381e-03 4.966750000000005882e-03 -1.655500000000004190e-03 -6.752636245342716848e+01
4.536419999999999897e-01 3.317880000000000273e-01 9.933500000000011765e-03 0.000000000000000000e+00 6.622500000000003384e-03 -1.655500000000004190e-03 -1.677739744759438167e+01
4.668869999999999965e-01 3.317880000000000273e-01 1.986750000000001015e-02 0.000000000000000000e+00 8.278499999999994197e-03 1.655749999999997502e-03 4.194771612720724185e+00
4.933770000000000100e-01 3.317880000000000273e-01 2.649050000000000016e-02 3.311499999999995003e-03 2.499999999794333405e-07 1.655749999999997502e-03 2.305181079722607329e+00
5.198679999999999968e-01 3.384110000000000174e-01 1.986799999999996902e-02 3.311499999999995003e-03 -4.967249999999992505e-03 -1.655749999999997502e-03 -2.012722949405282513e+00
5.331129999999999480e-01 3.384110000000000174e-01 1.655600000000001515e-02 0.000000000000000000e+00 -1.655999999999976935e-03 -1.655749999999997502e-03 -6.040653549133756961e+00
5.529800000000000271e-01 3.384110000000000174e-01 1.655600000000001515e-02 0.000000000000000000e+00 -1.655500000000004190e-03 -3.311250000000001692e-03 -1.208039502616288274e+01
5.662249999999999783e-01 3.384110000000000174e-01 1.324500000000000677e-02 -6.622500000000003384e-03 -3.311000000000008381e-03 -4.966999999999999194e-03 -2.701176869761918908e+01
5.794700000000000406e-01 3.251660000000000106e-01 9.933999999999998387e-03 -9.933999999999998387e-03 -3.311250000000015570e-03 -3.311499999999995003e-03 -2.372712162758206844e+01
5.860929999999999751e-01 3.185430000000000206e-01 6.622499999999975628e-03 -1.324549999999999339e-02 -3.311499999999995003e-03 -3.311250000000001692e-03 -2.025852061801834481e+01
5.927149999999999919e-01 2.986750000000000238e-01 3.311000000000008381e-03 -1.655650000000000177e-02 -3.311249999999987814e-03 -1.655250000000010879e-03 -1.252822664603798231e+01
5.927149999999999919e-01 2.854300000000000170e-01 0.000000000000000000e+00 -1.655600000000001515e-02 -3.311000000000008381e-03 2.499999999933111283e-07 -1.207948295405825156e+01
5.927149999999999919e-01 2.655629999999999935e-01 -3.311000000000008381e-03 -1.655600000000001515e-02 -3.311249999999987814e-03 4.966750000000005882e-03 -1.480706320419317024e+01
5.860929999999999751e-01 2.523179999999999867e-01 -6.622499999999975628e-03 -6.622500000000003384e-03 -1.655749999999983624e-03 8.278000000000007574e-03 -8.008004316948451162e+01
5.794700000000000406e-01 2.523179999999999867e-01 -6.622499999999975628e-03 0.000000000000000000e+00 -2.775557561562891351e-17 3.311250000000001692e-03 -7.550018875047247491e+01
5.728480000000000238e-01 2.523179999999999867e-01 -6.622500000000031140e-03 0.000000000000000000e+00 -2.775557561562891351e-17 1.655500000000004190e-03 -3.774724423598499357e+01
5.662249999999999783e-01 2.523179999999999867e-01 -6.622500000000031140e-03 3.311000000000008381e-03 1.655750000000011379e-03 4.966750000000005882e-03 -9.454343360528321227e+01
5.596029999999999616e-01 2.589400000000000035e-01 -3.311000000000008381e-03 9.933500000000011765e-03 3.311250000000015570e-03 3.311499999999995003e-03 -3.820314964330255236e+01
5.596029999999999616e-01 2.721850000000000103e-01 0.000000000000000000e+00 9.933999999999998387e-03 4.966750000000019760e-03 2.499999999933111283e-07 -5.032965914070535973e+01
5.596029999999999616e-01 2.788080000000000003e-01 6.622500000000031140e-03 9.933999999999998387e-03 4.966750000000019760e-03 1.655500000000004190e-03 -2.255006054817143735e+01
5.728480000000000238e-01 2.920530000000000070e-01 9.933500000000039520e-03 1.324500000000000677e-02 1.655499999999976435e-03 1.655500000000004190e-03 -1.208035847056003753e+00
5.794700000000000406e-01 3.052980000000000138e-01 9.933499999999984009e-03 1.324500000000000677e-02 2.499999999794333405e-07 -1.655500000000004190e-03 -3.624472396452768308e+00
5.927149999999999919e-01 3.185430000000000206e-01 9.933999999999998387e-03 9.933999999999998387e-03 -3.310999999999980625e-03 -3.311250000000001692e-03 -8.956672692470589491e-04
5.993380000000000374e-01 3.251660000000000106e-01 3.311500000000022759e-03 6.622500000000003384e-03 -3.311499999999995003e-03 -3.311499999999995003e-03 2.701054490747199210e+01
5.993380000000000374e-01 3.317880000000000273e-01 3.311000000000008381e-03 3.311000000000008381e-03 1.655249999999997002e-03 -3.311250000000001692e-03 -1.601721793687429169e+02
6.059600000000000541e-01 3.317880000000000273e-01 6.622000000000016762e-03 0.000000000000000000e+00 3.311000000000008381e-03 -3.311000000000008381e-03 -7.550588945937762730e+01
