3.278150000000000230e-01 3.384110000000000174e-01 0.000000000000000000e+00 6.621999999999961251e-03 6.622499999999975628e-03 5.000000000421334079e-07 -1.510231811974429945e+02
3.278150000000000230e-01 3.450329999999999786e-01 6.622499999999975628e-03 6.622500000000003384e-03 4.966749999999992005e-03 2.500000000210667039e-07 -4.003699855555497322e+01
3.410599999999999743e-01 3.516560000000000241e-01 9.933499999999984009e-03 6.622500000000003384e-03 3.311250000000015570e-03 1.655499999999990313e-03 -3.222677448214232854e+00
3.476819999999999911e-01 3.582779999999999854e-01 1.324500000000000677e-02 9.933499999999984009e-03 1.655750000000011379e-03 0.000000000000000000e+00 -3.624289968810582074e+00
3.675499999999999878e-01 3.715229999999999921e-01 1.324500000000000677e-02 6.622500000000003384e-03 -3.311250000000001692e-03 -4.966749999999992005e-03 -1.350537450040076060e+01
3.741720000000000046e-01 3.715229999999999921e-01 6.622500000000003384e-03 0.000000000000000000e+00 -1.655500000000004190e-03 -3.311250000000001692e-03 -7.550018875047183542e+01
3.807949999999999946e-01 3.715229999999999921e-01 9.933999999999998387e-03 0.000000000000000000e+00 0.000000000000000000e+00 -3.311250000000001692e-03 -3.355395053700308239e+01
3.940400000000000014e-01 3.715229999999999921e-01 6.622500000000003384e-03 -6.622500000000003384e-03 -4.966999999999999194e-03 -8.277999999999993697e-03 -1.067733908926457360e+02
3.940400000000000014e-01 3.582779999999999854e-01 0.000000000000000000e+00 -1.655599999999998739e-02 -3.311250000000001692e-03 -6.622499999999989506e-03 -1.208039502616292360e+01
3.940400000000000014e-01 3.384110000000000174e-01 0.000000000000000000e+00 -1.986749999999998240e-02 -1.655749999999997502e-03 -1.656000000000004690e-03 -4.194771612720737508e+00
3.940400000000000014e-01 3.185430000000000206e-01 -3.311499999999995003e-03 -1.986799999999999677e-02 -3.311250000000001692e-03 -1.655750000000011379e-03 -7.379714018791304397e+00
3.874170000000000114e-01 2.986750000000000238e-01 -6.622500000000003384e-03 -2.317900000000000515e-02 -3.311000000000008381e-03 -1.655250000000010879e-03 -4.695870237050711715e+00
3.807949999999999946e-01 2.721850000000000103e-01 -9.933500000000011765e-03 -2.317850000000001853e-02 -3.311250000000001692e-03 1.655749999999997502e-03 -5.811683086363186312e+00
3.675499999999999878e-01 2.523179999999999867e-01 -1.324500000000000677e-02 -1.986750000000001015e-02 -2.499999999933111283e-07 1.655500000000011129e-03 -1.611011284851347813e+00
3.543049999999999811e-01 2.324499999999999900e-01 -9.933999999999998387e-03 -1.986749999999999627e-02 3.311250000000001692e-03 6.938893903907228378e-18 6.002524626420497000e+00
3.476819999999999911e-01 2.125829999999999942e-01 -6.622500000000003384e-03 -1.986749999999999627e-02 3.311499999999995003e-03 1.655499999999997252e-03 5.969444910820477013e+00
3.410599999999999743e-01 1.927149999999999974e-01 -3.311000000000008381e-03 -1.655650000000000177e-02 3.311250000000001692e-03 3.311250000000001692e-03 9.111906586156644394e+00
3.410599999999999743e-01 1.794699999999999906e-01 0.000000000000000000e+00 -1.324499999999999289e-02 4.966750000000005882e-03 -1.655499999999997252e-03 2.831185824661434935e+01
3.410599999999999743e-01 1.662250000000000116e-01 6.622500000000003384e-03 -1.986749999999999627e-02 4.966750000000005882e-03 -1.655500000000004190e-03 9.549922150330923287e+00
3.543049999999999811e-01 1.397349999999999981e-01 9.933500000000011765e-03 -1.655600000000000127e-02 1.655500000000004190e-03 8.278250000000000886e-03 1.523349950521154739e+01
3.609269999999999978e-01 1.331130000000000091e-01 9.933500000000011765e-03 -3.310999999999994503e-03 2.499999999933111283e-07 8.278000000000000635e-03 7.163009441870441663e+01
3.741720000000000046e-01 1.331130000000000091e-01 9.933999999999998387e-03 0.000000000000000000e+00 2.499999999933111283e-07 1.655499999999997252e-03 1.677570860370207129e+01
3.807949999999999946e-01 1.331130000000000091e-01 9.933999999999998387e-03 0.000000000000000000e+00 -2.499999999933111283e-07 1.655499999999997252e-03 1.677570860370207129e+01
3.940400000000000014e-01 1.331130000000000091e-01 9.933500000000011765e-03 3.310999999999994503e-03 -1.655749999999997502e-03 4.966749999999998944e-03 4.775267519741993993e+01
4.006620000000000181e-01 1.397349999999999981e-01 6.622500000000003384e-03 9.933499999999997887e-03 -1.655500000000004190e-03 4.967000000000006132e-03 2.899485412422777131e+01
4.072850000000000081e-01 1.529800000000000049e-01 6.622500000000003384e-03 1.324500000000000677e-02 -1.655749999999997502e-03 3.311500000000001942e-03 1.350690404562715763e+01
4.139070000000000249e-01 1.662250000000000116e-01 3.311000000000008381e-03 1.655650000000000177e-02 -3.311250000000001692e-03 -6.938893903907228378e-18 1.138962526093409267e+01
4.139070000000000249e-01 1.860930000000000084e-01 0.000000000000000000e+00 1.324499999999999289e-02 2.499999999933111283e-07 -4.967000000000006132e-03 -1.425069625301093185e-03
4.139070000000000249e-01 1.927149999999999974e-01 3.311499999999995003e-03 6.622499999999989506e-03 1.655749999999997502e-03 -3.311249999999994753e-03 -5.402516872538082282e+01
4.205300000000000149e-01 1.993379999999999874e-01 3.311499999999995003e-03 6.622500000000003384e-03 -1.655749999999997502e-03 -3.311249999999994753e-03 5.425291241667448291e-14
4.205300000000000149e-01 2.059600000000000042e-01 0.000000000000000000e+00 0.000000000000000000e+00 -1.655749999999997502e-03 -6.622500000000003384e-03 0.000000000000000000e+00
4.205300000000000149e-01 1.993379999999999874e-01 0.000000000000000000e+00 -6.622500000000003384e-03 0.000000000000000000e+00 -3.311249999999994753e-03 0.000000000000000000e+00
4.205300000000000149e-01 1.927149999999999974e-01 0.000000000000000000e+00 -6.622499999999989506e-03 1.655499999999990313e-03 -1.655499999999997252e-03 3.774724423598516410e+01
4.205300000000000149e-01 1.860930000000000084e-01 3.310999999999980625e-03 -9.933499999999997887e-03 3.311250000000001692e-03 -1.655750000000004440e-03 2.387669817586371579e+01
4.271519999999999762e-01 1.728480000000000016e-01 6.622500000000003384e-03 -9.933999999999998387e-03 3.311500000000008881e-03 1.655499999999997252e-03 2.577240119286031472e+01
4.337750000000000217e-01 1.662250000000000116e-01 9.933999999999998387e-03 -6.622500000000003384e-03 3.311249999999987814e-03 3.311499999999995003e-03 3.221562308882990067e+01
4.470199999999999729e-01 1.596029999999999949e-01 1.324499999999997901e-02 -3.311000000000008381e-03 3.311000000000008381e-03 3.311250000000001692e-03 2.154256051993590759e+01
4.602649999999999797e-01 1.596029999999999949e-01 1.655600000000001515e-02 0.000000000000000000e+00 1.655500000000018068e-03 1.655500000000004190e-03 6.039741477029125782e+00
4.801320000000000032e-01 1.596029999999999949e-01 1.655600000000001515e-02 0.000000000000000000e+00 2.499999999794333405e-07 1.655500000000004190e-03 6.039741477029125782e+00
4.933770000000000100e-01 1.596029999999999949e-01 1.655649999999997402e-02 3.311000000000008381e-03 -1.655250000000010879e-03 4.966749999999998944e-03 1.822260931707663190e+01
5.132449999999999513e-01 1.662250000000000116e-01 1.324549999999999339e-02 9.933499999999997887e-03 -6.622499999999975628e-03 3.311499999999995003e-03 2.415969557681852109e+01
5.198679999999999968e-01 1.794699999999999906e-01 3.311500000000022759e-03 9.933999999999998387e-03 -8.278500000000008074e-03 1.655750000000004440e-03 7.639966559468838625e+01
5.198679999999999968e-01 1.860930000000000084e-01 -3.311500000000022759e-03 1.324500000000000677e-02 -4.966999999999999194e-03 4.966749999999998944e-03 1.938869864739191584e+01
5.132449999999999513e-01 2.059600000000000042e-01 -6.622499999999975628e-03 1.986749999999999627e-02 -3.311249999999973936e-03 6.622499999999996445e-03 2.387525602241098888e+00
5.066230000000000455e-01 2.258280000000000010e-01 -9.933999999999970631e-03 2.648999999999999966e-02 -1.655750000000025257e-03 3.311250000000001692e-03 4.843039963712708063e-01
4.933770000000000100e-01 2.589400000000000035e-01 -9.934000000000026143e-03 2.648999999999999966e-02 2.499999999794333405e-07 -4.966749999999998944e-03 2.178582011885834557e+00
4.867549999999999932e-01 2.788080000000000003e-01 -9.933500000000011765e-03 1.655650000000000177e-02 1.387778780781445676e-17 -6.622499999999996445e-03 9.139536825445702561e+00
4.735099999999999865e-01 2.920530000000000070e-01 -9.933999999999998387e-03 1.324500000000000677e-02 1.655500000000004190e-03 -3.311250000000001692e-03 2.416487585330428622e+00
4.668869999999999965e-01 3.052980000000000138e-01 -6.622500000000003384e-03 9.933999999999998387e-03 3.311499999999995003e-03 -3.311250000000001692e-03 -6.444681215926801876e+00
4.602649999999999797e-01 3.119210000000000038e-01 -3.311000000000008381e-03 6.622500000000003384e-03 3.311250000000001692e-03 -1.655749999999997502e-03 -4.051948857768837797e+01
4.602649999999999797e-01 3.185430000000000206e-01 0.000000000000000000e+00 6.622500000000003384e-03 3.311000000000008381e-03 -1.655500000000004190e-03 -7.549448847197062662e+01
4.602649999999999797e-01 3.251660000000000106e-01 3.311000000000008381e-03 3.311499999999995003e-03 4.966750000000005882e-03 -3.311250000000001692e-03 -2.669334746449028444e+02
4.668869999999999965e-01 3.251660000000000106e-01 9.933500000000011765e-03 0.000000000000000000e+00 4.966999999999999194e-03 -1.655749999999997502e-03 -1.677993103222850024e+01
4.801320000000000032e-01 3.251660000000000106e-01 1.324500000000000677e-02 0.000000000000000000e+00 6.622749999999996695e-03 4.966749999999992005e-03 2.831185824661420369e+01
4.933770000000000100e-01 3.251660000000000106e-01 2.317900000000000515e-02 9.933499999999984009e-03 4.966999999999985316e-03 6.622500000000003384e-03 6.495158636144340747e+00
5.264900000000000135e-01 3.450329999999999786e-01 2.317899999999997740e-02 1.324500000000000677e-02 -1.655750000000011379e-03 -1.655499999999990313e-03 -8.641902198651910672e-01
5.397349999999999648e-01 3.516560000000000241e-01 1.986749999999998240e-02 6.622500000000003384e-03 -3.311249999999973936e-03 -3.311250000000015570e-03 -4.775051204482319456e+00
5.662249999999999783e-01 3.582779999999999854e-01 1.655650000000002953e-02 6.622499999999975628e-03 -6.622499999999975628e-03 -1.655500000000004190e-03 2.900875223451599538e+00
5.728480000000000238e-01 3.649009999999999754e-01 6.622500000000031140e-03 3.311499999999995003e-03 -3.311500000000022759e-03 -8.278249999999987008e-03 -1.080401407905410167e+02
5.794700000000000406e-01 3.649009999999999754e-01 9.933499999999984009e-03 -9.933999999999998387e-03 3.311249999999987814e-03 -9.933999999999984509e-03 -2.372712158249781211e+01
5.927149999999999919e-01 3.450329999999999786e-01 1.324500000000000677e-02 -1.655649999999997402e-02 2.500000000071889161e-07 -6.622499999999989506e-03 -9.202159157785214205e+00
6.059600000000000541e-01 3.317880000000000273e-01 9.933999999999998387e-03 -2.317899999999997740e-02 -4.966750000000019760e-03 -3.311250000000015570e-03 -9.229547686131367001e+00
6.125829999999999886e-01 2.986750000000000238e-01 3.311499999999967248e-03 -2.317900000000000515e-02 -4.966999999999999194e-03 4.966999999999985316e-03 -7.687599014541661724e+00
6.125829999999999886e-01 2.854300000000000170e-01 0.000000000000000000e+00 -1.324500000000000677e-02 -4.966999999999971438e-03 6.622749999999996695e-03 -2.831328331623942773e+01
6.125829999999999886e-01 2.721850000000000103e-01 -6.622499999999975628e-03 -9.933500000000011765e-03 -4.966999999999999194e-03 4.966999999999999194e-03 -4.832605410099954213e+01
5.993380000000000374e-01 2.655629999999999935e-01 -9.933999999999998387e-03 -3.311000000000008381e-03 -2.775557561562891351e-17 4.966750000000005882e-03 -4.297351401988251496e+01
5.927149999999999919e-01 2.655629999999999935e-01 -6.622500000000031140e-03 0.000000000000000000e+00 1.655750000000011379e-03 6.622250000000010073e-03 -1.509946772224411973e+02
5.860929999999999751e-01 2.655629999999999935e-01 -6.622499999999975628e-03 9.933500000000011765e-03 4.966750000000019760e-03 1.158950000000000258e-02 -7.409823077701324223e+01
5.794700000000000406e-01 2.854300000000000170e-01 3.311000000000008381e-03 2.317900000000000515e-02 8.278249999999987008e-03 4.967249999999992505e-03 -1.366700951512837037e+01
5.927149999999999919e-01 3.119210000000000038e-01 9.933999999999998387e-03 1.986799999999999677e-02 4.966999999999999194e-03 -1.655749999999997502e-03 -1.050438788584816052e+01
5.993380000000000374e-01 3.251660000000000106e-01 1.324500000000000677e-02 1.986750000000001015e-02 1.655500000000004190e-03 -1.656000000000004690e-03 -4.027102565604864459e+00
6.192050000000000054e-01 3.516560000000000241e-01 1.324500000000000677e-02 1.655599999999998739e-02 -3.310999999999980625e-03 -6.622750000000024451e-03 -3.452031719081960937e+00
6.258280000000000509e-01 3.582779999999999854e-01 6.623000000000045517e-03 6.621999999999961251e-03 -6.621999999999961251e-03 -9.934000000000026143e-03 -2.670947016495801662e+01
