2.947020000000000195e-01 3.251660000000000106e-01 0.000000000000000000e+00 6.622000000000016762e-03 0.000000000000000000e+00 4.999999999866222566e-07 0.000000000000000000e+00
2.947020000000000195e-01 3.317880000000000273e-01 0.000000000000000000e+00 6.622500000000003384e-03 0.000000000000000000e+00 2.499999999794333405e-07 0.000000000000000000e+00
2.947020000000000195e-01 3.384110000000000174e-01 0.000000000000000000e+00 6.622499999999975628e-03 3.311250000000001692e-03 1.655499999999990313e-03 -7.550018875047247491e+01
2.947020000000000195e-01 3.450329999999999786e-01 6.622500000000003384e-03 9.933499999999984009e-03 4.966999999999999194e-03 1.655750000000011379e-03 -2.255144506872952803e+01
3.079470000000000263e-01 3.582779999999999854e-01 9.933999999999998387e-03 9.933999999999998387e-03 1.655749999999997502e-03 -1.655499999999990313e-03 -1.186311298015638549e+01
3.145700000000000163e-01 3.649009999999999754e-01 9.933999999999998387e-03 6.622500000000003384e-03 1.655499999999990313e-03 -3.311499999999995003e-03 -2.577240119286020459e+01
3.278150000000000230e-01 3.715229999999999921e-01 1.324499999999997901e-02 3.311000000000008381e-03 -2.500000000071889161e-07 -3.311250000000001692e-03 -1.723424360284132462e+01
3.410599999999999743e-01 3.715229999999999921e-01 9.933499999999984009e-03 0.000000000000000000e+00 -1.655749999999983624e-03 -1.655500000000004190e-03 -1.677739744759447760e+01
3.476819999999999911e-01 3.715229999999999921e-01 9.933500000000011765e-03 0.000000000000000000e+00 2.500000000071889161e-07 -1.655500000000004190e-03 -1.677739744759438167e+01
3.609269999999999978e-01 3.715229999999999921e-01 9.933999999999998387e-03 -3.311000000000008381e-03 -1.655500000000004190e-03 -3.311250000000001692e-03 -3.342384428607369529e+01
3.675499999999999878e-01 3.649009999999999754e-01 6.622500000000003384e-03 -6.622500000000003384e-03 -3.311499999999995003e-03 -3.311499999999995003e-03 -5.339072615190577409e+01
3.741720000000000046e-01 3.582779999999999854e-01 3.311000000000008381e-03 -9.933999999999998387e-03 -3.311250000000001692e-03 -1.655499999999990313e-03 -3.342384428607365265e+01
3.741720000000000046e-01 3.450329999999999786e-01 0.000000000000000000e+00 -9.933499999999984009e-03 -1.655500000000004190e-03 2.500000000071889161e-07 -1.677739744759447760e+01
3.741720000000000046e-01 3.384110000000000174e-01 0.000000000000000000e+00 -9.933499999999984009e-03 0.000000000000000000e+00 -1.655750000000011379e-03 0.000000000000000000e+00
3.741720000000000046e-01 3.251660000000000106e-01 0.000000000000000000e+00 -1.324500000000000677e-02 -1.655500000000004190e-03 -3.311500000000008881e-03 -9.436811058996328327e+00
3.741720000000000046e-01 3.119210000000000038e-01 -3.311000000000008381e-03 -1.655650000000000177e-02 -4.966750000000005882e-03 -1.655749999999997502e-03 -1.594506261048900164e+01
3.675499999999999878e-01 2.920530000000000070e-01 -9.933500000000011765e-03 -1.655650000000000177e-02 -3.311499999999995003e-03 1.655749999999997502e-03 -9.902219147927240783e+00
3.543049999999999811e-01 2.788080000000000003e-01 -9.933999999999998387e-03 -1.324500000000000677e-02 -2.499999999933111283e-07 1.655749999999997502e-03 -3.625004990812711103e+00
3.476819999999999911e-01 2.655629999999999935e-01 -9.933999999999998387e-03 -1.324500000000000677e-02 2.500000000071889161e-07 6.938893903907228378e-18 7.296158168326160589e-04
3.344369999999999843e-01 2.523179999999999867e-01 -9.933499999999984009e-03 -1.324499999999999289e-02 1.655749999999997502e-03 6.938893903907228378e-18 4.832508243508911505e+00
3.278150000000000230e-01 2.390730000000000077e-01 -6.622500000000003384e-03 -1.324499999999999289e-02 3.310999999999980625e-03 -4.967000000000006132e-03 2.363453283780357239e+01
3.211919999999999775e-01 2.258280000000000010e-01 -3.311500000000022759e-03 -2.317900000000000515e-02 3.311250000000001692e-03 -3.311250000000001692e-03 6.833378353624439683e+00
3.211919999999999775e-01 1.927149999999999974e-01 0.000000000000000000e+00 -1.986749999999999627e-02 1.655750000000011379e-03 6.622750000000003634e-03 4.194771612720765930e+00
3.211919999999999775e-01 1.860930000000000084e-01 0.000000000000000000e+00 -9.933499999999997887e-03 1.655750000000011379e-03 4.966749999999998944e-03 1.677993103222868854e+01
3.211919999999999775e-01 1.728480000000000016e-01 3.311500000000022759e-03 -9.933999999999998387e-03 4.966999999999999194e-03 1.655499999999997252e-03 4.774834899021401213e+01
3.278150000000000230e-01 1.662250000000000116e-01 9.933999999999998387e-03 -6.622500000000003384e-03 3.310999999999980625e-03 1.655749999999997502e-03 2.254957415715283986e+01
3.410599999999999743e-01 1.596029999999999949e-01 9.933499999999984009e-03 -6.622500000000003384e-03 -1.655749999999997502e-03 1.655500000000004190e-03 3.220245091957767425e+00
3.476819999999999911e-01 1.529800000000000049e-01 6.622500000000003384e-03 -3.311499999999995003e-03 1.655750000000011379e-03 4.966999999999999194e-03 9.454098639452456609e+01
3.543049999999999811e-01 1.529800000000000049e-01 1.324500000000000677e-02 3.311499999999995003e-03 3.311250000000001692e-03 4.966999999999999194e-03 2.154296233960980800e+01
3.741720000000000046e-01 1.596029999999999949e-01 1.324500000000000677e-02 6.622500000000003384e-03 -4.966750000000005882e-03 1.655500000000004190e-03 1.688159066339882841e+01
3.807949999999999946e-01 1.662250000000000116e-01 3.311499999999995003e-03 6.622500000000003384e-03 -4.966999999999999194e-03 -6.938893903907228378e-18 8.103367448557025909e+01
3.807949999999999946e-01 1.728480000000000016e-01 3.311000000000008381e-03 6.622499999999989506e-03 -2.499999999933111283e-07 1.655499999999997252e-03 1.350853572990986073e+01
3.874170000000000114e-01 1.794699999999999906e-01 3.311000000000008381e-03 9.933499999999997887e-03 2.499999999933111283e-07 3.311250000000008631e-03 9.548083354389502730e+00
3.874170000000000114e-01 1.927149999999999974e-01 3.311499999999995003e-03 1.324500000000000677e-02 2.499999999933111283e-07 2.500000000002500222e-07 -9.758593380059109486e-04
3.940400000000000014e-01 2.059600000000000042e-01 3.311499999999995003e-03 9.933999999999998387e-03 -1.655749999999997502e-03 -3.311250000000001692e-03 4.775339604686642758e+00
3.940400000000000014e-01 2.125829999999999942e-01 0.000000000000000000e+00 6.622500000000003384e-03 -1.655749999999997502e-03 -1.655749999999997502e-03 3.775294451448651500e+01
3.940400000000000014e-01 2.192050000000000110e-01 0.000000000000000000e+00 6.622500000000003384e-03 0.000000000000000000e+00 -3.311250000000001692e-03 -0.000000000000000000e+00
3.940400000000000014e-01 2.258280000000000010e-01 0.000000000000000000e+00 0.000000000000000000e+00 1.655500000000004190e-03 -6.622500000000003384e-03 0.000000000000000000e+00
3.940400000000000014e-01 2.192050000000000110e-01 3.311000000000008381e-03 -6.622500000000003384e-03 1.655500000000004190e-03 -3.311250000000001692e-03 0.000000000000000000e+00
4.006620000000000181e-01 2.125829999999999942e-01 3.311000000000008381e-03 -6.622500000000003384e-03 2.499999999933111283e-07 -1.655749999999997502e-03 -1.350241711786867960e+01
4.006620000000000181e-01 2.059600000000000042e-01 3.311499999999995003e-03 -9.933999999999998387e-03 1.655749999999997502e-03 -1.655499999999997252e-03 9.550679209373305056e+00
4.072850000000000081e-01 1.927149999999999974e-01 6.622500000000003384e-03 -9.933499999999997887e-03 1.655500000000004190e-03 1.655749999999997502e-03 1.610803608668985376e+01
4.139070000000000249e-01 1.860930000000000084e-01 6.622500000000003384e-03 -6.622500000000003384e-03 -1.387778780781445676e-17 3.310999999999994503e-03 2.669133237036981043e+01
4.205300000000000149e-01 1.794699999999999906e-01 6.622499999999975628e-03 -3.311500000000008881e-03 3.311249999999987814e-03 1.655750000000004440e-03 5.402516872538107151e+01
4.271519999999999762e-01 1.794699999999999906e-01 1.324499999999997901e-02 -3.310999999999994503e-03 3.311250000000015570e-03 2.500000000071889161e-07 4.309618130298195737e+00
4.470199999999999729e-01 1.728480000000000016e-01 1.324500000000000677e-02 -3.310999999999994503e-03 -3.311249999999987814e-03 1.655499999999997252e-03 4.308316917094539455e+00
4.536419999999999897e-01 1.728480000000000016e-01 6.622500000000003384e-03 0.000000000000000000e+00 -3.311250000000001692e-03 1.655499999999997252e-03 3.774724423598515699e+01
4.602649999999999797e-01 1.728480000000000016e-01 6.622500000000003384e-03 0.000000000000000000e+00 1.655500000000004190e-03 3.311250000000001692e-03 7.550018875047183542e+01
4.668869999999999965e-01 1.728480000000000016e-01 9.933500000000011765e-03 6.622500000000003384e-03 0.000000000000000000e+00 4.966749999999998944e-03 2.899388116703343599e+01
4.801320000000000032e-01 1.860930000000000084e-01 6.622500000000003384e-03 9.933499999999997887e-03 -4.966750000000005882e-03 -6.938893903907228378e-18 2.899388116703348928e+01
4.801320000000000032e-01 1.927149999999999974e-01 0.000000000000000000e+00 6.622499999999989506e-03 -3.311250000000001692e-03 2.500000000002500222e-07 7.550018875047216227e+01
4.801320000000000032e-01 1.993379999999999874e-01 0.000000000000000000e+00 9.933999999999998387e-03 0.000000000000000000e+00 4.966750000000005882e-03 0.000000000000000000e+00
4.801320000000000032e-01 2.125829999999999942e-01 0.000000000000000000e+00 1.655600000000000127e-02 0.000000000000000000e+00 1.655500000000004190e-03 0.000000000000000000e+00
4.801320000000000032e-01 2.324499999999999900e-01 0.000000000000000000e+00 1.324500000000000677e-02 -1.655500000000004190e-03 -4.966749999999998944e-03 9.436811058996328327e+00
4.801320000000000032e-01 2.390730000000000077e-01 -3.311000000000008381e-03 6.622500000000003384e-03 -3.311250000000001692e-03 -6.938893903907228378e-18 5.402598466759684470e+01
4.735099999999999865e-01 2.456949999999999967e-01 -6.622500000000003384e-03 1.324499999999999289e-02 -2.499999999933111283e-07 3.311250000000001692e-03 -6.751922477587265270e+00
4.668869999999999965e-01 2.655629999999999935e-01 -3.311499999999995003e-03 1.324500000000000677e-02 1.655749999999997502e-03 -3.311249999999994753e-03 -4.308852703628056169e+00
4.668869999999999965e-01 2.721850000000000103e-01 -3.311000000000008381e-03 6.622500000000003384e-03 -1.655500000000004190e-03 0.000000000000000000e+00 2.701095284777852612e+01
4.602649999999999797e-01 2.788080000000000003e-01 -6.622500000000003384e-03 1.324500000000000677e-02 -1.655749999999997502e-03 3.311250000000001692e-03 5.098484087744291566e-04
4.536419999999999897e-01 2.986750000000000238e-01 -6.622500000000003384e-03 1.324500000000000677e-02 0.000000000000000000e+00 -1.655500000000004190e-03 3.376216162998010972e+00
4.470199999999999729e-01 3.052980000000000138e-01 -6.622500000000003384e-03 9.933999999999998387e-03 1.655500000000004190e-03 -1.655500000000004190e-03 -3.221367715750200755e+00
4.403969999999999829e-01 3.185430000000000206e-01 -3.311499999999995003e-03 9.933999999999998387e-03 1.655750000000011379e-03 -1.655749999999997502e-03 -9.549958185727843940e+00
4.403969999999999829e-01 3.251660000000000106e-01 -3.310999999999980625e-03 6.622500000000003384e-03 2.500000000071889161e-07 -1.655749999999997502e-03 1.350241711786840781e+01
4.337750000000000217e-01 3.317880000000000273e-01 -3.310999999999980625e-03 6.622500000000003384e-03 4.966749999999978127e-03 -1.387778780781445676e-17 -8.103693751537514345e+01
4.337750000000000217e-01 3.384110000000000174e-01 6.622499999999975628e-03 6.622499999999975628e-03 6.622249999999982317e-03 -1.655750000000011379e-03 -6.673236163150841094e+01
4.470199999999999729e-01 3.450329999999999786e-01 9.933499999999984009e-03 3.310999999999980625e-03 1.655500000000018068e-03 -3.311249999999987814e-03 -3.342694477540209874e+01
4.536419999999999897e-01 3.450329999999999786e-01 9.933500000000011765e-03 0.000000000000000000e+00 1.655750000000011379e-03 -1.655499999999990313e-03 -1.677739744759424312e+01
4.668869999999999965e-01 3.450329999999999786e-01 1.324500000000000677e-02 0.000000000000000000e+00 3.311499999999995003e-03 1.655750000000011379e-03 9.438236128621708687e+00
4.801320000000000032e-01 3.450329999999999786e-01 1.655650000000000177e-02 3.311500000000022759e-03 1.655749999999983624e-03 1.655750000000011379e-03 4.556045895329859263e+00
5.000000000000000000e-01 3.516560000000000241e-01 1.655649999999997402e-02 3.311500000000022759e-03 -3.311250000000001692e-03 -1.655750000000011379e-03 -3.417120417078654881e+00
5.132449999999999513e-01 3.516560000000000241e-01 9.933999999999998387e-03 0.000000000000000000e+00 -1.655749999999983624e-03 -1.655750000000011379e-03 -1.677824193330107860e+01
5.198679999999999968e-01 3.516560000000000241e-01 1.324500000000000677e-02 0.000000000000000000e+00 1.655500000000004190e-03 -1.655750000000011379e-03 -9.438236128621708687e+00
5.397349999999999648e-01 3.516560000000000241e-01 1.324500000000000677e-02 -3.311500000000022759e-03 -1.655500000000004190e-03 -6.622500000000003384e-03 -3.662248296418129456e+01
5.463580000000000103e-01 3.450329999999999786e-01 9.933999999999998387e-03 -1.324500000000000677e-02 -3.311250000000015570e-03 -6.622249999999982317e-03 -2.415922131695246833e+01
5.596029999999999616e-01 3.251660000000000106e-01 6.622499999999975628e-03 -1.655599999999998739e-02 -6.622749999999982817e-03 -1.655749999999997502e-03 -2.127318907443431684e+01
5.596029999999999616e-01 3.119210000000000038e-01 -3.311499999999967248e-03 -1.655650000000000177e-02 -6.622499999999975628e-03 -2.500000000071889161e-07 -2.277868166006137685e+01
5.529800000000000271e-01 2.920530000000000070e-01 -6.622499999999975628e-03 -1.655650000000000177e-02 -1.655500000000031946e-03 1.655749999999997502e-03 -6.767881523487933038e+00
5.463580000000000103e-01 2.788080000000000003e-01 -6.622500000000031140e-03 -1.324500000000000677e-02 -1.655750000000011379e-03 6.622500000000003384e-03 -2.025933637162322754e+01
5.397349999999999648e-01 2.655629999999999935e-01 -9.933999999999998387e-03 -3.311499999999995003e-03 2.775557561562891351e-17 9.933750000000005076e-03 -8.594529785627592844e+01
5.264900000000000135e-01 2.721850000000000103e-01 -6.622499999999975628e-03 6.622500000000003384e-03 4.966999999999999194e-03 9.933999999999998387e-03 -1.201230877834141495e+02
5.264900000000000135e-01 2.788080000000000003e-01 0.000000000000000000e+00 1.655650000000000177e-02 3.311249999999987814e-03 4.966999999999999194e-03 -1.207966539051434296e+01
5.264900000000000135e-01 3.052980000000000138e-01 0.000000000000000000e+00 1.655650000000000177e-02 1.655749999999983624e-03 0.000000000000000000e+00 -6.040288703765647860e+00
5.264900000000000135e-01 3.119210000000000038e-01 3.311499999999967248e-03 1.655650000000000177e-02 1.655749999999983624e-03 -2.500000000071889161e-07 -5.695315355906020116e+00
5.331129999999999480e-01 3.384110000000000174e-01 3.311499999999967248e-03 1.655599999999998739e-02 -2.499999999794333405e-07 -3.311500000000008881e-03 -2.277533459826305062e+00
5.331129999999999480e-01 3.450329999999999786e-01 3.311000000000008381e-03 9.933499999999984009e-03 1.655250000000024757e-03 -1.655499999999990313e-03 -1.909760890850714787e+01
5.397349999999999648e-01 3.582779999999999854e-01 6.622000000000016762e-03 1.324500000000000677e-02 3.311000000000008381e-03 3.311500000000022759e-03 -6.752228378935003938e+00
