3.211919999999999775e-01 3.119210000000000038e-01 0.000000000000000000e+00 6.622000000000016762e-03 0.000000000000000000e+00 3.311499999999995003e-03 0.000000000000000000e+00
3.211919999999999775e-01 3.185430000000000206e-01 0.000000000000000000e+00 9.933500000000011765e-03 3.311250000000001692e-03 1.655999999999990813e-03 -3.355732847982288547e+01
3.211919999999999775e-01 3.317880000000000273e-01 6.622500000000003384e-03 9.933999999999998387e-03 8.278250000000000886e-03 2.499999999933111283e-07 -4.832148888554391419e+01
3.344369999999999843e-01 3.384110000000000174e-01 1.655650000000000177e-02 9.933999999999998387e-03 4.966999999999999194e-03 -2.500000000071889161e-07 -6.855471200509034801e+00
3.543049999999999811e-01 3.516560000000000241e-01 1.655650000000000177e-02 9.933499999999984009e-03 -1.655749999999997502e-03 -3.311500000000008881e-03 -5.332105716826721853e+00
3.675499999999999878e-01 3.582779999999999854e-01 1.324500000000000677e-02 3.310999999999980625e-03 -3.311499999999995003e-03 -6.622249999999982317e-03 -3.015919435412482130e+01
3.807949999999999946e-01 3.582779999999999854e-01 9.933500000000011765e-03 -3.310999999999980625e-03 -4.966999999999999194e-03 -6.622249999999982317e-03 -7.162793117355528238e+01
3.874170000000000114e-01 3.516560000000000241e-01 3.311000000000008381e-03 -9.933499999999984009e-03 -4.966750000000005882e-03 -1.158975000000000977e-02 -7.640413604145645365e+01
3.874170000000000114e-01 3.384110000000000174e-01 0.000000000000000000e+00 -2.649050000000000016e-02 -3.311000000000008381e-03 -9.934000000000012265e-03 -4.718227414287045285e+00
3.874170000000000114e-01 2.986750000000000238e-01 -3.311000000000008381e-03 -2.980150000000000854e-02 -4.966750000000005882e-03 -1.655250000000003940e-03 -5.287111664877698125e+00
3.807949999999999946e-01 2.788080000000000003e-01 -9.933500000000011765e-03 -2.980100000000000804e-02 -3.311499999999995003e-03 1.655750000000004440e-03 -3.714281226720919982e+00
3.675499999999999878e-01 2.390730000000000077e-01 -9.933999999999998387e-03 -2.648999999999999966e-02 3.311000000000008381e-03 6.622250000000003134e-03 9.681327575833816868e-01
3.609269999999999978e-01 2.258280000000000010e-01 -3.311499999999995003e-03 -1.655650000000000177e-02 4.966999999999999194e-03 4.966749999999998944e-03 1.366762176443942067e+01
3.609269999999999978e-01 2.059600000000000042e-01 0.000000000000000000e+00 -1.655650000000000177e-02 3.311499999999995003e-03 1.655749999999997502e-03 1.208057740753139697e+01
3.609269999999999978e-01 1.927149999999999974e-01 3.311499999999995003e-03 -1.324500000000000677e-02 3.311250000000001692e-03 3.311500000000001942e-03 2.154328765880223173e+01
3.675499999999999878e-01 1.794699999999999906e-01 6.622500000000003384e-03 -9.933499999999997887e-03 3.311000000000008381e-03 3.311250000000008631e-03 3.221509921618554273e+01
3.741720000000000046e-01 1.728480000000000016e-01 9.933500000000011765e-03 -6.622499999999989506e-03 3.311250000000001692e-03 3.311000000000001442e-03 3.221509921618545746e+01
3.874170000000000114e-01 1.662250000000000116e-01 1.324500000000000677e-02 -3.311499999999995003e-03 2.499999999933111283e-07 4.966999999999992255e-03 2.585214036243023017e+01
4.006620000000000181e-01 1.662250000000000116e-01 9.933999999999998387e-03 3.311499999999995003e-03 -1.655500000000004190e-03 4.966999999999992255e-03 4.774834899021406187e+01
4.072850000000000081e-01 1.728480000000000016e-01 9.933999999999998387e-03 6.622499999999989506e-03 -2.500000000071889161e-07 3.311000000000001442e-03 1.932820636795202773e+01
4.205300000000000149e-01 1.794699999999999906e-01 9.933499999999984009e-03 9.933499999999997887e-03 -3.311500000000008881e-03 1.655750000000004440e-03 1.779780453109719218e+01
4.271519999999999762e-01 1.927149999999999974e-01 3.310999999999980625e-03 9.933999999999998387e-03 -3.310999999999980625e-03 2.500000000002500222e-07 2.864828825399033718e+01
4.271519999999999762e-01 1.993379999999999874e-01 3.311500000000022759e-03 9.933999999999998387e-03 2.500000000210667039e-07 -2.499999999933111283e-07 -2.883985715865983613e-03
4.337750000000000217e-01 2.125829999999999942e-01 3.311500000000022759e-03 9.933500000000011765e-03 -2.500000000210667039e-07 -2.500000000002500222e-07 1.442025513580891998e-03
4.337750000000000217e-01 2.192050000000000110e-01 3.310999999999980625e-03 9.933499999999997887e-03 -2.500000000210667039e-07 -3.311000000000008381e-03 -9.547362308968327937e+00
4.403969999999999829e-01 2.324499999999999900e-01 3.310999999999980625e-03 3.311499999999995003e-03 -1.655499999999990313e-03 -9.933499999999997887e-03 -2.669012302177925449e+02
4.403969999999999829e-01 2.258280000000000010e-01 0.000000000000000000e+00 -9.933499999999997887e-03 2.500000000071889161e-07 -6.622749999999996695e-03 2.533584634261073967e-03
4.403969999999999829e-01 2.125829999999999942e-01 3.311499999999995003e-03 -9.933999999999998387e-03 4.966999999999999194e-03 -2.500000000002500222e-07 4.297300938552745464e+01
4.470199999999999729e-01 2.059600000000000042e-01 9.933999999999998387e-03 -9.933999999999998387e-03 4.966750000000005882e-03 2.500000000002500222e-07 1.779511730386925450e+01
4.602649999999999797e-01 1.927149999999999974e-01 1.324500000000000677e-02 -9.933499999999997887e-03 3.311000000000008381e-03 1.655749999999997502e-03 1.207999372545472561e+01
4.735099999999999865e-01 1.860930000000000084e-01 1.655600000000001515e-02 -6.622500000000003384e-03 1.655750000000011379e-03 3.310999999999994503e-03 1.160250909259528740e+01
4.933770000000000100e-01 1.794699999999999906e-01 1.655650000000002953e-02 -3.311500000000008881e-03 2.499999999933111283e-07 3.311250000000001692e-03 1.138959881677447150e+01
5.066230000000000455e-01 1.794699999999999906e-01 1.655650000000000177e-02 0.000000000000000000e+00 -2.500000000349444917e-07 1.655750000000004440e-03 6.040288703765724243e+00
5.264900000000000135e-01 1.794699999999999906e-01 1.655599999999995964e-02 0.000000000000000000e+00 -1.655749999999997502e-03 0.000000000000000000e+00 0.000000000000000000e+00
5.397349999999999648e-01 1.794699999999999906e-01 1.324500000000000677e-02 0.000000000000000000e+00 -4.966749999999964249e-03 6.622500000000003384e-03 3.775009437523591771e+01
5.529800000000000271e-01 1.794699999999999906e-01 6.622500000000031140e-03 1.324500000000000677e-02 -6.622500000000003384e-03 9.933750000000005076e-03 4.727059522083354182e+01
5.529800000000000271e-01 2.059600000000000042e-01 0.000000000000000000e+00 1.986750000000001015e-02 -6.622500000000031140e-03 3.311249999999994753e-03 1.677781972232714480e+01
5.529800000000000271e-01 2.192050000000000110e-01 -6.622500000000031140e-03 1.986749999999999627e-02 -8.278000000000007574e-03 4.966999999999992255e-03 1.432479309617955288e+01
5.397349999999999648e-01 2.456949999999999967e-01 -1.655600000000001515e-02 2.980149999999999466e-02 -3.311249999999987814e-03 1.655750000000004440e-03 1.798679690973006506e+00
5.198679999999999968e-01 2.788080000000000003e-01 -1.324500000000000677e-02 2.317900000000000515e-02 3.311000000000008381e-03 -8.278249999999993947e-03 1.729163601692911278e+00
5.132449999999999513e-01 2.920530000000000070e-01 -9.933999999999998387e-03 1.324500000000000677e-02 1.655500000000018068e-03 -3.311250000000001692e-03 2.416487585330388210e+00
5.000000000000000000e-01 3.052980000000000138e-01 -9.933999999999970631e-03 1.655650000000000177e-02 3.311250000000001692e-03 0.000000000000000000e+00 -7.616282951197615780e+00
4.933770000000000100e-01 3.251660000000000106e-01 -3.311499999999995003e-03 1.324500000000000677e-02 6.622749999999982817e-03 -6.622749999999996695e-03 -2.585148972404537204e+01
4.933770000000000100e-01 3.317880000000000273e-01 3.311499999999995003e-03 3.311000000000008381e-03 4.967250000000006382e-03 -6.622500000000003384e-03 -3.737229868381475626e+02
5.000000000000000000e-01 3.317880000000000273e-01 6.623000000000017762e-03 0.000000000000000000e+00 4.966750000000005882e-03 2.499999999933111283e-07 5.699417854468506392e-03
5.066230000000000455e-01 3.317880000000000273e-01 1.324500000000000677e-02 3.311499999999995003e-03 6.622249999999982317e-03 3.311249999999987814e-03 8.616729547918042798e+00
5.264900000000000135e-01 3.384110000000000174e-01 1.986749999999998240e-02 6.622499999999975628e-03 6.622500000000003384e-03 1.655500000000004190e-03 -1.194033189070972778e+00
5.463580000000000103e-01 3.450329999999999786e-01 2.649000000000001354e-02 6.622500000000003384e-03 1.655500000000004190e-03 1.387778780781445676e-17 -5.385324396572651606e-01
5.794700000000000406e-01 3.516560000000000241e-01 2.317849999999999078e-02 6.622500000000003384e-03 -6.622500000000003384e-03 -1.655750000000011379e-03 3.911834230758782227e-01
5.927149999999999919e-01 3.582779999999999854e-01 1.324500000000000677e-02 3.310999999999980625e-03 -4.966749999999992005e-03 -3.311250000000001692e-03 -1.077225614531020170e+01
6.059600000000000541e-01 3.582779999999999854e-01 1.324500000000000677e-02 0.000000000000000000e+00 -1.655500000000004190e-03 -1.655499999999990313e-03 -9.436811058996250168e+00
6.192050000000000054e-01 3.582779999999999854e-01 9.933999999999998387e-03 0.000000000000000000e+00 -3.311250000000015570e-03 -3.311250000000001692e-03 -3.355395053700308239e+01
6.258280000000000509e-01 3.582779999999999854e-01 6.622499999999975628e-03 -6.622500000000003384e-03 -1.655750000000011379e-03 -6.622499999999989506e-03 -6.673437698429957265e+01
6.324499999999999567e-01 3.450329999999999786e-01 6.622499999999975628e-03 -1.324499999999997901e-02 -1.655499999999976435e-03 -4.966749999999992005e-03 -1.688159066339876446e+01
6.390730000000000022e-01 3.317880000000000273e-01 3.311500000000022759e-03 -1.655599999999998739e-02 -1.655749999999983624e-03 -4.967000000000013071e-03 -9.112885625991866689e+00
6.390730000000000022e-01 3.119210000000000038e-01 3.311000000000008381e-03 -2.317900000000000515e-02 -2.500000000071889161e-07 -1.656000000000004690e-03 -4.275978691126323117e-01
6.456950000000000189e-01 2.854300000000000170e-01 3.311000000000008381e-03 -1.986799999999999677e-02 -3.311000000000008381e-03 6.622749999999996695e-03 -5.366752858113624569e+00
6.456950000000000189e-01 2.721850000000000103e-01 -3.311000000000008381e-03 -9.933500000000011765e-03 -8.278000000000007574e-03 6.622749999999996695e-03 -9.073058761778113990e+01
6.390730000000000022e-01 2.655629999999999935e-01 -1.324500000000000677e-02 -6.622500000000003384e-03 -4.966999999999999194e-03 3.311000000000008381e-03 -2.363453283780362568e+01
6.192050000000000054e-01 2.589400000000000035e-01 -1.324500000000000677e-02 -3.311499999999995003e-03 3.311250000000015570e-03 4.966999999999999194e-03 -2.154296233960979023e+01
6.125829999999999886e-01 2.589400000000000035e-01 -6.622499999999975628e-03 3.311499999999995003e-03 3.311250000000015570e-03 8.278250000000000886e-03 -1.620673489711417972e+02
6.059600000000000541e-01 2.655629999999999935e-01 -6.622499999999975628e-03 1.324500000000000677e-02 1.655749999999983624e-03 4.966750000000005882e-03 -1.688261036021632222e+01
5.993380000000000374e-01 2.854300000000000170e-01 -3.311000000000008381e-03 1.324500000000000677e-02 8.277999999999979819e-03 2.499999999933111283e-07 -4.308609687609276051e+01
5.993380000000000374e-01 2.920530000000000070e-01 9.933499999999984009e-03 1.324549999999999339e-02 8.278000000000007574e-03 1.655749999999997502e-03 -2.053548584909057695e+01
6.192050000000000054e-01 3.119210000000000038e-01 1.324500000000000677e-02 1.655650000000000177e-02 2.500000000071889161e-07 -1.655999999999990813e-03 -2.301603706375368485e+00
6.258280000000000509e-01 3.251660000000000106e-01 9.933999999999998387e-03 9.933500000000011765e-03 -3.311250000000015570e-03 -4.966999999999999194e-03 -5.933049338361449543e+00
6.390730000000000022e-01 3.317880000000000273e-01 6.622499999999975628e-03 6.622500000000003384e-03 -4.966999999999999194e-03 -1.655250000000010879e-03 2.669737842874454614e+01
6.390730000000000022e-01 3.384110000000000174e-01 0.000000000000000000e+00 6.622999999999990006e-03 -6.622499999999975628e-03 4.999999999866222566e-07 1.509775789689109331e+02
