3.211919999999999775e-01 3.582779999999999854e-01 0.000000000000000000e+00 6.622999999999990006e-03 3.311500000000022759e-03 3.311000000000008381e-03 -7.549448890231087717e+01
3.211919999999999775e-01 3.649009999999999754e-01 3.311500000000022759e-03 9.933999999999998387e-03 1.655750000000011379e-03 1.655250000000010879e-03 -9.551400233018904729e+00
3.278150000000000230e-01 3.781459999999999821e-01 3.311500000000022759e-03 9.933500000000011765e-03 -2.500000000210667039e-07 -2.499999999933111283e-07 1.442025513600907237e-03
3.278150000000000230e-01 3.847679999999999989e-01 3.310999999999980625e-03 9.933500000000011765e-03 1.655499999999976435e-03 1.655749999999997502e-03 -9.549525554117343162e+00
3.344369999999999843e-01 3.980130000000000057e-01 6.622499999999975628e-03 1.324500000000000677e-02 1.655750000000011379e-03 2.499999999933111283e-07 -6.752942174404870990e+00
3.410599999999999743e-01 4.112580000000000124e-01 6.622500000000003384e-03 9.933999999999998387e-03 1.387778780781445676e-17 -1.655500000000004190e-03 -6.442249040481961231e+00
3.476819999999999911e-01 4.178810000000000024e-01 6.622500000000003384e-03 9.933999999999998387e-03 1.655749999999997502e-03 -2.499999999933111283e-07 -9.666048931677003964e+00
3.543049999999999811e-01 4.311260000000000092e-01 9.933999999999998387e-03 9.933500000000011765e-03 1.655500000000004190e-03 -1.655749999999997502e-03 -1.186371011045394752e+01
3.675499999999999878e-01 4.377480000000000260e-01 9.933500000000011765e-03 6.622500000000003384e-03 -1.655749999999997502e-03 -1.655500000000018068e-03 -3.220245091957854910e+00
3.741720000000000046e-01 4.443710000000000160e-01 6.622500000000003384e-03 6.622499999999975628e-03 -1.655500000000004190e-03 0.000000000000000000e+00 1.334566618518504733e+01
3.807949999999999946e-01 4.509929999999999772e-01 6.622500000000003384e-03 6.622500000000003384e-03 0.000000000000000000e+00 -1.655499999999976435e-03 -1.334566618518479508e+01
3.874170000000000114e-01 4.576160000000000228e-01 6.622500000000003384e-03 3.311500000000022759e-03 0.000000000000000000e+00 -1.655750000000011379e-03 -2.701258436269041141e+01
3.940400000000000014e-01 4.576160000000000228e-01 6.622500000000003384e-03 3.310999999999980625e-03 0.000000000000000000e+00 -2.500000000210667039e-07 -4.078972040177396285e-03
4.006620000000000181e-01 4.642379999999999840e-01 6.622500000000003384e-03 3.310999999999980625e-03 -1.655500000000004190e-03 -3.310999999999980625e-03 -4.051744893768680100e+01
4.072850000000000081e-01 4.642379999999999840e-01 3.311499999999995003e-03 -3.310999999999980625e-03 0.000000000000000000e+00 -4.966749999999992005e-03 -1.601681460763124392e+02
4.072850000000000081e-01 4.576160000000000228e-01 6.622500000000003384e-03 -6.622500000000003384e-03 1.655500000000004190e-03 -1.655750000000011379e-03 -2.015352791538134718e-03
4.205300000000000149e-01 4.509929999999999772e-01 6.622500000000003384e-03 -6.622500000000003384e-03 -1.655750000000011379e-03 1.387778780781445676e-17 -1.334768153797644352e+01
4.205300000000000149e-01 4.443710000000000160e-01 3.310999999999980625e-03 -6.622499999999975628e-03 0.000000000000000000e+00 -1.655749999999997502e-03 -1.350649608990849515e+01
4.271519999999999762e-01 4.377480000000000260e-01 6.622500000000003384e-03 -9.933999999999998387e-03 2.500000000210667039e-07 -1.655500000000018068e-03 -6.440789720524663586e+00
4.337750000000000217e-01 4.245030000000000192e-01 3.311500000000022759e-03 -9.933500000000011765e-03 -1.655750000000011379e-03 1.655749999999997502e-03 -9.550534975243879288e+00
4.337750000000000217e-01 4.178810000000000024e-01 3.310999999999980625e-03 -6.622500000000003384e-03 -1.655750000000011379e-03 4.966750000000005882e-03 1.350037778582990455e+01
4.403969999999999829e-01 4.112580000000000124e-01 0.000000000000000000e+00 0.000000000000000000e+00 -3.310999999999980625e-03 6.622500000000003384e-03 0.000000000000000000e+00
4.337750000000000217e-01 4.178810000000000024e-01 -3.310999999999980625e-03 6.622500000000003384e-03 0.000000000000000000e+00 4.966750000000005882e-03 -4.051540960564851446e+01
4.337750000000000217e-01 4.245030000000000192e-01 0.000000000000000000e+00 9.933500000000011765e-03 3.310999999999980625e-03 1.655749999999997502e-03 -3.355479489518848624e+01
4.337750000000000217e-01 4.377480000000000260e-01 3.310999999999980625e-03 9.933999999999998387e-03 1.655499999999990313e-03 -1.655500000000018068e-03 -1.909789757274595701e+01
4.403969999999999829e-01 4.443710000000000160e-01 3.310999999999980625e-03 6.622499999999975628e-03 2.500000000071889161e-07 -1.655749999999997502e-03 -1.351057506194844571e+01
4.403969999999999829e-01 4.509929999999999772e-01 3.311499999999995003e-03 6.622500000000003384e-03 1.655750000000011379e-03 1.387778780781445676e-17 -2.701258436269043628e+01
4.470199999999999729e-01 4.576160000000000228e-01 6.622500000000003384e-03 6.622500000000003384e-03 1.655500000000004190e-03 -1.387778780781445676e-17 -1.334566618518512904e+01
4.536419999999999897e-01 4.642379999999999840e-01 6.622500000000003384e-03 6.622499999999975628e-03 1.655749999999997502e-03 0.000000000000000000e+00 -1.334768153797647372e+01
4.602649999999999797e-01 4.708609999999999740e-01 9.933999999999998387e-03 6.622500000000003384e-03 3.311250000000001692e-03 1.387778780781445676e-17 -1.288547093645149566e+01
4.735099999999999865e-01 4.774829999999999908e-01 1.324500000000000677e-02 6.622500000000003384e-03 1.655500000000004190e-03 -1.655500000000004190e-03 -1.012864848899403292e+01
4.867549999999999932e-01 4.841059999999999808e-01 1.324500000000000677e-02 3.311499999999995003e-03 -1.655499999999990313e-03 -1.655749999999997502e-03 -6.463441715038295676e+00
5.000000000000000000e-01 4.841059999999999808e-01 9.934000000000026143e-03 3.311000000000008381e-03 -3.311250000000015570e-03 -2.499999999933111283e-07 9.546785726322713828e+00
5.066230000000000455e-01 4.907279999999999975e-01 6.622499999999975628e-03 3.311000000000008381e-03 -2.500000000210667039e-07 -1.655500000000004190e-03 -2.700891351574017918e+01
5.132449999999999513e-01 4.907279999999999975e-01 9.933499999999984009e-03 0.000000000000000000e+00 1.655750000000011379e-03 -3.311000000000008381e-03 -3.355479489518895519e+01
5.264900000000000135e-01 4.907279999999999975e-01 9.933999999999998387e-03 -3.311000000000008381e-03 2.500000000071889161e-07 -4.966750000000005882e-03 -4.297279307244667024e+01
5.331129999999999480e-01 4.841059999999999808e-01 9.933999999999998387e-03 -9.933500000000011765e-03 -2.499999999794333405e-07 -3.311499999999995003e-03 -1.186580008339716485e+01
5.463580000000000103e-01 4.708609999999999740e-01 9.933500000000039520e-03 -9.933999999999998387e-03 -3.311499999999995003e-03 -2.499999999933111283e-07 -1.186580008339716841e+01
5.529800000000000271e-01 4.642379999999999840e-01 3.311000000000008381e-03 -9.933999999999998387e-03 -4.966750000000019760e-03 -3.310999999999994503e-03 -5.252174185881980861e+01
5.529800000000000271e-01 4.509929999999999772e-01 0.000000000000000000e+00 -1.655599999999998739e-02 -4.966750000000019760e-03 -8.277999999999993697e-03 -1.812013650319212132e+01
5.529800000000000271e-01 4.311260000000000092e-01 -6.622500000000031140e-03 -2.648999999999998578e-02 -4.966750000000019760e-03 -4.967000000000013071e-03 -4.846954606398991672e+00
5.397349999999999648e-01 3.980130000000000057e-01 -9.933500000000039520e-03 -2.649000000000001354e-02 2.775557561562891351e-17 3.311249999999987814e-03 -1.452573463043789204e+00
5.331129999999999480e-01 3.781459999999999821e-01 -6.622499999999975628e-03 -1.986750000000001015e-02 -2.499999999794333405e-07 3.311250000000015570e-03 -2.388066378141936674e+00
5.264900000000000135e-01 3.582779999999999854e-01 -9.933999999999998387e-03 -1.986749999999998240e-02 -3.311250000000015570e-03 1.655750000000011379e-03 -7.503306849791101740e+00
5.132449999999999513e-01 3.384110000000000174e-01 -1.324500000000000677e-02 -1.655599999999998739e-02 -3.311249999999987814e-03 1.655499999999990313e-03 -8.052453524908290916e+00
5.000000000000000000e-01 3.251660000000000106e-01 -1.655649999999997402e-02 -1.655650000000000177e-02 -1.655749999999997502e-03 1.655249999999997002e-03 -4.270484209339937109e+00
4.801320000000000032e-01 3.052980000000000138e-01 -1.655650000000000177e-02 -1.324549999999999339e-02 3.311499999999981125e-03 6.622500000000003384e-03 -6.901292641099987968e+00
4.668869999999999965e-01 2.986750000000000238e-01 -9.933500000000011765e-03 -3.311499999999995003e-03 4.966999999999999194e-03 8.278499999999994197e-03 -5.730321006922576288e+01
4.602649999999999797e-01 2.986750000000000238e-01 -6.622500000000003384e-03 3.311499999999995003e-03 -1.655749999999983624e-03 8.278499999999994197e-03 -1.215515313019969170e+02
4.536419999999999897e-01 3.052980000000000138e-01 -1.324499999999997901e-02 1.324549999999999339e-02 -3.311250000000001692e-03 4.966750000000005882e-03 -3.335975721751523793e+00
4.337750000000000217e-01 3.251660000000000106e-01 -1.324500000000000677e-02 1.324500000000000677e-02 1.655499999999990313e-03 -1.656000000000004690e-03 1.007676395769067359e-03
4.271519999999999762e-01 3.317880000000000273e-01 -9.933999999999998387e-03 9.933499999999984009e-03 1.387778780781445676e-17 -1.387778780781445676e-17 2.502681453275783565e-18
4.139070000000000249e-01 3.450329999999999786e-01 -1.324499999999997901e-02 1.324499999999997901e-02 -1.655500000000004190e-03 2.500000000071889161e-07 3.335912708098384805e+00
4.006620000000000181e-01 3.582779999999999854e-01 -1.324500000000000677e-02 9.933999999999998387e-03 1.655749999999983624e-03 -3.311249999999987814e-03 6.039486118875374565e+00
3.874170000000000114e-01 3.649009999999999754e-01 -9.933500000000011765e-03 6.622500000000003384e-03 1.655749999999997502e-03 -3.311499999999995003e-03 1.288730447940572255e+01
3.807949999999999946e-01 3.715229999999999921e-01 -9.933500000000011765e-03 3.311000000000008381e-03 -1.655749999999997502e-03 -4.966750000000005882e-03 4.775267519741995415e+01
3.675499999999999878e-01 3.715229999999999921e-01 -1.324500000000000677e-02 -3.311000000000008381e-03 -1.655749999999997502e-03 -4.966750000000005882e-03 2.369688161785329328e+01
3.543049999999999811e-01 3.649009999999999754e-01 -1.324500000000000677e-02 -6.622500000000003384e-03 1.387778780781445676e-17 -8.278249999999987008e-03 3.376522072043272971e+01
3.410599999999999743e-01 3.582779999999999854e-01 -1.324499999999997901e-02 -1.986749999999998240e-02 1.655500000000004190e-03 -9.933749999999991198e-03 1.208057801706000411e+01
3.278150000000000230e-01 3.251660000000000106e-01 -9.933999999999998387e-03 -2.648999999999998578e-02 6.622499999999989506e-03 -3.311500000000008881e-03 9.199838425373959794e+00
3.211919999999999775e-01 3.052980000000000138e-01 0.000000000000000000e+00 -2.649050000000000016e-02 8.278250000000000886e-03 1.655499999999990313e-03 1.179663729759034574e+01
3.278150000000000230e-01 2.721850000000000103e-01 6.622500000000003384e-03 -2.317900000000000515e-02 4.966749999999992005e-03 6.622749999999996695e-03 1.134878149899637201e+01
3.344369999999999843e-01 2.589400000000000035e-01 9.933499999999984009e-03 -1.324500000000000677e-02 1.655749999999997502e-03 6.622750000000003634e-03 1.932912089091350083e+01
3.476819999999999911e-01 2.456949999999999967e-01 9.933999999999998387e-03 -9.933499999999997887e-03 3.311500000000008881e-03 4.967000000000006132e-03 2.966076806242668695e+01
3.543049999999999811e-01 2.390730000000000077e-01 1.655650000000000177e-02 -3.310999999999994503e-03 4.966750000000005882e-03 6.622249999999996195e-03 2.619488263108241455e+01
3.807949999999999946e-01 2.390730000000000077e-01 1.986750000000001015e-02 3.310999999999994503e-03 -4.966999999999999194e-03 4.966749999999992005e-03 1.408915375776712864e+01
3.940400000000000014e-01 2.456949999999999967e-01 6.622500000000003384e-03 6.622499999999989506e-03 -8.278250000000000886e-03 3.311500000000001942e-03 9.342974006025247036e+01
3.940400000000000014e-01 2.523179999999999867e-01 3.311000000000008381e-03 9.933999999999998387e-03 0.000000000000000000e+00 4.966750000000012821e-03 1.432306270584168573e+01
4.006620000000000181e-01 2.655629999999999935e-01 6.622500000000003384e-03 1.655600000000001515e-02 2.499999999933111283e-07 1.655500000000004190e-03 1.932997151034051786e+00
4.072850000000000081e-01 2.854300000000000170e-01 3.311499999999995003e-03 1.324500000000000677e-02 -1.655749999999997502e-03 -3.311000000000008381e-03 4.309178022820460363e+00
4.072850000000000081e-01 2.920530000000000070e-01 3.311000000000008381e-03 9.933999999999998387e-03 -2.499999999933111283e-07 -1.655500000000004190e-03 -4.771950859418377711e+00
4.139070000000000249e-01 3.052980000000000138e-01 3.311000000000008381e-03 9.933999999999998387e-03 -1.655500000000004190e-03 -1.655749999999997502e-03 9.548948786373017583e+00
4.139070000000000249e-01 3.119210000000000038e-01 0.000000000000000000e+00 6.622500000000003384e-03 -1.655500000000004190e-03 -1.655999999999990813e-03 3.774724423598531331e+01
4.139070000000000249e-01 3.185430000000000206e-01 0.000000000000000000e+00 6.622000000000016762e-03 0.000000000000000000e+00 -4.999999999866222566e-07 -0.000000000000000000e+00
