3.543049999999999811e-01 2.258280000000000010e-01 -6.622999999999990006e-03 0.000000000000000000e+00 4.999999999866222566e-07 3.310999999999994503e-03 -7.548309006660099385e+01
3.476819999999999911e-01 2.258280000000000010e-01 -6.622500000000003384e-03 3.310999999999994503e-03 2.499999999933111283e-07 4.966749999999998944e-03 -8.103897684741367868e+01
3.410599999999999743e-01 2.324499999999999900e-01 -6.622500000000003384e-03 9.933499999999997887e-03 1.655500000000004190e-03 4.967000000000006132e-03 -2.899485412422777131e+01
3.344369999999999843e-01 2.456949999999999967e-01 -3.311499999999995003e-03 1.324500000000000677e-02 3.311250000000001692e-03 3.311500000000001942e-03 -2.154328765880223173e+01
3.344369999999999843e-01 2.589400000000000035e-01 0.000000000000000000e+00 1.655650000000000177e-02 3.311499999999995003e-03 3.311250000000001692e-03 -1.208057740753139697e+01
3.344369999999999843e-01 2.788080000000000003e-01 3.311499999999995003e-03 1.986750000000001015e-02 4.966999999999999194e-03 0.000000000000000000e+00 -1.207692093228498109e+01
3.410599999999999743e-01 2.986750000000000238e-01 9.933999999999998387e-03 1.655650000000000177e-02 4.966750000000005882e-03 -3.311000000000008381e-03 -1.599360766193080252e+01
3.543049999999999811e-01 3.119210000000000038e-01 1.324500000000000677e-02 1.324549999999999339e-02 1.655500000000004190e-03 -3.311499999999995003e-03 -1.000981644200300025e+01
3.675499999999999878e-01 3.251660000000000106e-01 1.324500000000000677e-02 9.933500000000011765e-03 1.655500000000004190e-03 -4.967249999999992505e-03 -1.812126747149962114e+01
3.807949999999999946e-01 3.317880000000000273e-01 1.655600000000001515e-02 3.311000000000008381e-03 1.655500000000004190e-03 -6.622250000000010073e-03 -2.391855965865181588e+01
4.006620000000000181e-01 3.317880000000000273e-01 1.655600000000001515e-02 -3.311000000000008381e-03 2.499999999933111283e-07 -6.622250000000010073e-03 -2.277951511236216930e+01
4.139070000000000249e-01 3.251660000000000106e-01 1.655650000000000177e-02 -9.933500000000011765e-03 1.655749999999983624e-03 -6.622749999999996695e-03 -1.294869309541894431e+01
4.337750000000000217e-01 3.119210000000000038e-01 1.986749999999998240e-02 -1.655650000000000177e-02 -1.655750000000011379e-03 -3.311499999999995003e-03 -5.388387944239190652e+00
4.536419999999999897e-01 2.920530000000000070e-01 1.324499999999997901e-02 -1.655650000000000177e-02 -6.622499999999989506e-03 3.311250000000001692e-03 -6.902118758988417646e+00
4.602649999999999797e-01 2.788080000000000003e-01 6.622500000000003384e-03 -9.933999999999998387e-03 -3.311249999999987814e-03 6.622500000000003384e-03 6.442249040481963895e+00
4.668869999999999965e-01 2.721850000000000103e-01 6.622500000000003384e-03 -3.311499999999995003e-03 -1.655500000000004190e-03 6.622749999999996695e-03 9.454098639452443820e+01
4.735099999999999865e-01 2.721850000000000103e-01 3.311499999999995003e-03 3.311499999999995003e-03 -1.655749999999997502e-03 4.966999999999999194e-03 2.135225999861170862e+02
4.735099999999999865e-01 2.788080000000000003e-01 3.311000000000008381e-03 6.622500000000003384e-03 3.311000000000008381e-03 6.622500000000003384e-03 0.000000000000000000e+00
4.801320000000000032e-01 2.854300000000000170e-01 9.933500000000011765e-03 1.655650000000000177e-02 4.967250000000006382e-03 6.622749999999996695e-03 -2.285861804742025605e+00
4.933770000000000100e-01 3.119210000000000038e-01 1.324550000000002115e-02 1.986799999999999677e-02 1.655999999999990813e-03 -3.311499999999995003e-03 -5.638169946107050912e+00
5.066230000000000455e-01 3.251660000000000106e-01 1.324549999999999339e-02 9.933500000000011765e-03 1.655249999999969246e-03 -6.622749999999996695e-03 -2.295156489949248524e+01
5.198679999999999968e-01 3.317880000000000273e-01 1.655599999999995964e-02 6.622500000000003384e-03 3.310999999999994503e-03 -3.311000000000008381e-03 -1.353594425597766637e+01
5.397349999999999648e-01 3.384110000000000174e-01 1.986749999999998240e-02 3.311499999999995003e-03 1.655750000000039135e-03 -3.311250000000001692e-03 -8.722102482548045543e+00
5.596029999999999616e-01 3.384110000000000174e-01 1.986750000000003791e-02 0.000000000000000000e+00 2.775557561562891351e-17 -4.966999999999999194e-03 -1.258368147388422464e+01
5.794700000000000406e-01 3.384110000000000174e-01 1.986750000000003791e-02 -6.622500000000003384e-03 -2.775557561562891351e-17 -8.278250000000000886e-03 -1.790671240475887771e+01
5.993380000000000374e-01 3.251660000000000106e-01 1.986749999999998240e-02 -1.655650000000000177e-02 1.655499999999976435e-03 -1.158950000000000258e-02 -1.172696971482953465e+01
6.192050000000000054e-01 3.052980000000000138e-01 2.317849999999999078e-02 -2.980150000000000854e-02 0.000000000000000000e+00 -6.622500000000003384e-03 -2.852428967943047677e+00
6.456950000000000189e-01 2.655629999999999935e-01 1.986749999999998240e-02 -2.980150000000000854e-02 -9.933500000000011765e-03 6.938893903907228378e-18 -6.442851875619997948e+00
6.589399999999999702e-01 2.456949999999999967e-01 3.311499999999967248e-03 -2.980149999999999466e-02 -1.490049999999998320e-02 2.500000000071889161e-07 -1.647136031372065545e+01
6.523179999999999534e-01 2.059600000000000042e-01 -9.933499999999984009e-03 -2.980099999999999416e-02 -8.278249999999959252e-03 6.622749999999996695e-03 -1.008104821080010893e+01
6.390730000000000022e-01 1.860930000000000084e-01 -1.324499999999995126e-02 -1.655600000000000127e-02 -3.311499999999995003e-03 8.277999999999993697e-03 -1.725598960609467980e+01
6.258280000000000509e-01 1.728480000000000016e-01 -1.655649999999997402e-02 -1.324500000000000677e-02 -8.278250000000042519e-03 3.311000000000001442e-03 -1.725468894306677115e+01
6.059600000000000541e-01 1.596029999999999949e-01 -2.980150000000003629e-02 -9.933999999999998387e-03 -6.622250000000023951e-03 3.311250000000001692e-03 -5.305452220536318819e+00
5.662249999999999783e-01 1.529800000000000049e-01 -2.980100000000002192e-02 -6.622500000000003384e-03 6.622750000000010573e-03 3.311499999999995003e-03 -1.927078494342094883e+00
5.463580000000000103e-01 1.463579999999999881e-01 -1.655600000000001515e-02 -3.311000000000008381e-03 8.278000000000007574e-03 4.966750000000005882e-03 -1.139027353166771128e+01
5.331129999999999480e-01 1.463579999999999881e-01 -1.324500000000000677e-02 3.311000000000008381e-03 1.655500000000031946e-03 4.966750000000005882e-03 -2.800519853494786560e+01
5.198679999999999968e-01 1.529800000000000049e-01 -1.324499999999995126e-02 6.622500000000003384e-03 -1.655749999999997502e-03 3.311499999999995003e-03 -1.013017803422040330e+01
5.066230000000000455e-01 1.596029999999999949e-01 -1.655650000000000177e-02 9.933999999999998387e-03 -1.655750000000039135e-03 4.966749999999998944e-03 -9.139056514175473822e+00
4.867549999999999932e-01 1.728480000000000016e-01 -1.655650000000002953e-02 1.655600000000000127e-02 -1.655500000000004190e-03 4.966749999999998944e-03 -4.271064611954604295e+00
4.735099999999999865e-01 1.927149999999999974e-01 -1.986750000000001015e-02 1.986749999999999627e-02 -1.655499999999976435e-03 -1.655499999999997252e-03 2.965703596707752965e+00
4.470199999999999729e-01 2.125829999999999942e-01 -1.986749999999998240e-02 1.324500000000000677e-02 3.311250000000015570e-03 -6.622499999999996445e-03 6.443072233065913146e+00
4.337750000000000217e-01 2.192050000000000110e-01 -1.324499999999997901e-02 6.622500000000003384e-03 1.655499999999990313e-03 -4.966750000000005882e-03 1.688210051180767834e+01
4.205300000000000149e-01 2.258280000000000010e-01 -1.655650000000000177e-02 3.311499999999995003e-03 -1.655750000000011379e-03 -3.311250000000001692e-03 1.252852429502571319e+01
4.006620000000000181e-01 2.258280000000000010e-01 -1.655650000000000177e-02 0.000000000000000000e+00 -4.966750000000005882e-03 -6.622749999999996695e-03 2.416024279804579322e+01
3.874170000000000114e-01 2.258280000000000010e-01 -2.649000000000001354e-02 -9.933999999999998387e-03 -3.311000000000008381e-03 -8.278250000000000886e-03 8.231522886735564981e+00
3.476819999999999911e-01 2.059600000000000042e-01 -2.317850000000001853e-02 -1.655650000000000177e-02 8.278250000000014763e-03 2.500000000002500222e-07 5.930179983387820819e+00
3.410599999999999743e-01 1.927149999999999974e-01 -9.933499999999984009e-03 -9.933499999999997887e-03 8.278000000000021452e-03 2.500000000002500222e-07 2.965942452207757896e+01
3.278150000000000230e-01 1.860930000000000084e-01 -6.622499999999975628e-03 -1.655600000000000127e-02 4.966749999999992005e-03 -4.967000000000006132e-03 2.030523044305832414e+01
3.278150000000000230e-01 1.596029999999999949e-01 0.000000000000000000e+00 -1.986750000000001015e-02 6.622499999999975628e-03 3.311000000000001442e-03 1.677781972232700269e+01
3.278150000000000230e-01 1.463579999999999881e-01 6.622499999999975628e-03 -9.933999999999998387e-03 9.933749999999991198e-03 4.966750000000005882e-03 7.731379847419741225e+01
3.410599999999999743e-01 1.397349999999999981e-01 1.986749999999998240e-02 -9.933999999999998387e-03 6.622500000000017262e-03 2.500000000002500222e-07 6.003128882076892658e+00
3.675499999999999878e-01 1.264899999999999913e-01 1.986750000000001015e-02 -9.933499999999997887e-03 -3.311249999999987814e-03 3.311500000000001942e-03 3.001881692594422280e+00
3.807949999999999946e-01 1.198680000000000023e-01 1.324500000000000677e-02 -3.310999999999994503e-03 0.000000000000000000e+00 6.622249999999996195e-03 3.446783654995980584e+01
3.940400000000000014e-01 1.198680000000000023e-01 1.986750000000001015e-02 3.310999999999994503e-03 1.655499999999990313e-03 4.966749999999998944e-03 1.140563085475864114e+01
4.205300000000000149e-01 1.264899999999999913e-01 1.655599999999998739e-02 6.622500000000003384e-03 -4.967000000000013071e-03 1.655750000000004440e-03 1.063674054500782518e+01
4.271519999999999762e-01 1.331130000000000091e-01 9.933499999999984009e-03 6.622500000000003384e-03 -3.310999999999994503e-03 -6.938893903907228378e-18 1.288584508034363374e+01
4.403969999999999829e-01 1.397349999999999981e-01 9.933999999999998387e-03 6.622499999999989506e-03 -1.655499999999990313e-03 1.655749999999997502e-03 1.610732511667103495e+01
4.470199999999999729e-01 1.463579999999999881e-01 6.622500000000003384e-03 9.933999999999998387e-03 -1.655749999999997502e-03 1.655500000000011129e-03 1.610732511667109534e+01
4.536419999999999897e-01 1.596029999999999949e-01 6.622500000000003384e-03 9.933500000000011765e-03 1.655749999999997502e-03 -1.655749999999997502e-03 -1.610949548575189993e+01
4.602649999999999797e-01 1.662250000000000116e-01 9.933999999999998387e-03 6.622500000000003384e-03 1.655500000000004190e-03 -3.311000000000008381e-03 -2.576948255294604451e+01
4.735099999999999865e-01 1.728480000000000016e-01 9.933500000000011765e-03 3.311499999999995003e-03 -1.655749999999997502e-03 -3.311250000000001692e-03 -2.387489541259619585e+01
4.801320000000000032e-01 1.728480000000000016e-01 6.622500000000003384e-03 0.000000000000000000e+00 -1.655250000000010879e-03 -1.655749999999997502e-03 -3.775294451448651500e+01
4.867549999999999932e-01 1.728480000000000016e-01 6.622999999999990006e-03 0.000000000000000000e+00 4.999999999866222566e-07 0.000000000000000000e+00 0.000000000000000000e+00
