3.211919999999999775e-01 2.192050000000000110e-01 -6.621999999999961251e-03 0.000000000000000000e+00 -5.000000000143778323e-07 3.311499999999995003e-03 -7.551729173806469930e+01
3.145700000000000163e-01 2.192050000000000110e-01 -6.622499999999975628e-03 3.311499999999995003e-03 1.655249999999983124e-03 4.966999999999999194e-03 -9.453690748408891409e+01
3.079470000000000263e-01 2.258280000000000010e-01 -3.311499999999995003e-03 9.933999999999998387e-03 -1.387778780781445676e-17 4.966749999999998944e-03 -1.432457676676866498e+01
3.079470000000000263e-01 2.390730000000000077e-01 -6.622500000000003384e-03 1.324499999999999289e-02 -1.655500000000004190e-03 3.311000000000001442e-03 6.260235022048259440e-15
2.947020000000000195e-01 2.523179999999999867e-01 -6.622500000000003384e-03 1.655600000000000127e-02 3.311250000000001692e-03 1.655500000000011129e-03 -1.160294710494356707e+01
2.947020000000000195e-01 2.721850000000000103e-01 0.000000000000000000e+00 1.655600000000001515e-02 4.966999999999999194e-03 2.500000000002500222e-07 -1.812104857529664059e+01
2.947020000000000195e-01 2.854300000000000170e-01 3.311499999999995003e-03 1.655650000000000177e-02 3.311250000000001692e-03 2.499999999933111283e-07 -1.138925483444946529e+01
3.013250000000000095e-01 3.052980000000000138e-01 6.622500000000003384e-03 1.655650000000000177e-02 3.310999999999994503e-03 -1.655749999999997502e-03 -1.160189490047789285e+01
3.079470000000000263e-01 3.185430000000000206e-01 9.933499999999984009e-03 1.324500000000000677e-02 3.311249999999987814e-03 -1.655750000000011379e-03 -1.328857680034847988e+01
3.211919999999999775e-01 3.317880000000000273e-01 1.324499999999997901e-02 1.324499999999997901e-02 1.655750000000011379e-03 -1.655500000000004190e-03 -6.673336930790423338e+00
3.344369999999999843e-01 3.450329999999999786e-01 1.324500000000000677e-02 9.933999999999998387e-03 1.387778780781445676e-17 -4.966749999999978127e-03 -1.449527743289848125e+01
3.476819999999999911e-01 3.516560000000000241e-01 1.324500000000000677e-02 3.311500000000022759e-03 3.311250000000001692e-03 -8.278250000000000886e-03 -4.739477738284761443e+01
3.609269999999999978e-01 3.516560000000000241e-01 1.986750000000001015e-02 -6.622500000000003384e-03 3.311250000000001692e-03 -6.622750000000010573e-03 -1.193816878710651430e+01
3.874170000000000114e-01 3.384110000000000174e-01 1.986750000000001015e-02 -9.933999999999998387e-03 -4.966750000000005882e-03 -1.655749999999997502e-03 -7.503382376045412805e+00
4.006620000000000181e-01 3.317880000000000273e-01 9.933999999999998387e-03 -9.933999999999998387e-03 -4.966750000000005882e-03 -1.655500000000004190e-03 -2.372533029304372931e+01
4.072850000000000081e-01 3.185430000000000206e-01 9.933999999999998387e-03 -1.324500000000000677e-02 -1.655749999999997502e-03 0.000000000000000000e+00 -4.832245554844048385e+00
4.205300000000000149e-01 3.052980000000000138e-01 6.622500000000003384e-03 -9.933999999999998387e-03 -3.311500000000008881e-03 3.311250000000001692e-03 -6.444681215926886253e+00
4.205300000000000149e-01 2.986750000000000238e-01 3.310999999999980625e-03 -6.622500000000003384e-03 -1.655750000000011379e-03 1.655749999999997502e-03 -1.350853572991025331e+01
4.271519999999999762e-01 2.920530000000000070e-01 3.310999999999980625e-03 -6.622500000000003384e-03 2.500000000210667039e-07 1.655500000000004190e-03 1.350853572991025331e+01
4.271519999999999762e-01 2.854300000000000170e-01 3.311500000000022759e-03 -3.311499999999995003e-03 1.655750000000011379e-03 6.622500000000003384e-03 2.668972048371246615e+02
4.337750000000000217e-01 2.854300000000000170e-01 6.622500000000003384e-03 6.622500000000003384e-03 1.655499999999976435e-03 6.622749999999996695e-03 4.004304461392955261e+01
4.403969999999999829e-01 2.986750000000000238e-01 6.622499999999975628e-03 9.933999999999998387e-03 0.000000000000000000e+00 1.655749999999997502e-03 6.443221895969694302e+00
4.470199999999999729e-01 3.052980000000000138e-01 6.622500000000003384e-03 9.933999999999998387e-03 1.387778780781445676e-17 1.655500000000004190e-03 6.442249040481799582e+00
4.536419999999999897e-01 3.185430000000000206e-01 6.622500000000003384e-03 1.324500000000000677e-02 0.000000000000000000e+00 0.000000000000000000e+00 0.000000000000000000e+00
4.602649999999999797e-01 3.317880000000000273e-01 6.622500000000003384e-03 9.933999999999998387e-03 1.655500000000004190e-03 -3.311250000000015570e-03 -2.254908769268370961e+01
4.668869999999999965e-01 3.384110000000000174e-01 9.933500000000011765e-03 6.622499999999975628e-03 6.622750000000010573e-03 -2.500000000071889161e-07 -2.577606843133211001e+01
4.801320000000000032e-01 3.450329999999999786e-01 1.986800000000002453e-02 9.933499999999984009e-03 4.967249999999992505e-03 1.387778780781445676e-17 -4.501984094135583092e+00
5.066230000000000455e-01 3.582779999999999854e-01 1.986799999999999677e-02 6.622500000000003384e-03 -3.311500000000036636e-03 -4.966749999999992005e-03 -8.355591564964838014e+00
5.198679999999999968e-01 3.582779999999999854e-01 1.324499999999995126e-02 0.000000000000000000e+00 -1.655999999999990813e-03 -3.311250000000001692e-03 -1.887504718761811873e+01
5.331129999999999480e-01 3.582779999999999854e-01 1.655600000000001515e-02 0.000000000000000000e+00 6.622500000000031140e-03 -6.622499999999989506e-03 -2.416079005232571575e+01
5.529800000000000271e-01 3.582779999999999854e-01 2.649000000000001354e-02 -1.324499999999997901e-02 3.311499999999995003e-03 -9.933749999999991198e-03 -8.441050255903801869e+00
5.860929999999999751e-01 3.317880000000000273e-01 2.317900000000000515e-02 -1.986749999999998240e-02 -8.278249999999987008e-03 -1.387778780781445676e-17 -5.780552582920501337e+00
5.993380000000000374e-01 3.185430000000000206e-01 9.933500000000039520e-03 -1.324500000000000677e-02 -6.622750000000010573e-03 1.655499999999990313e-03 -1.570556057758283330e+01
6.059600000000000541e-01 3.052980000000000138e-01 9.933499999999984009e-03 -1.655650000000000177e-02 -1.655500000000031946e-03 -1.655749999999997502e-03 -6.093062877954131373e+00
6.192050000000000054e-01 2.854300000000000170e-01 6.622499999999975628e-03 -1.655650000000000177e-02 -4.966749999999992005e-03 1.655749999999997502e-03 -1.256890197743184245e+01
6.192050000000000054e-01 2.721850000000000103e-01 0.000000000000000000e+00 -1.324500000000000677e-02 -3.311249999999987814e-03 -1.655500000000004190e-03 -1.887504718761787714e+01
6.192050000000000054e-01 2.589400000000000035e-01 0.000000000000000000e+00 -1.986750000000001015e-02 -1.655500000000004190e-03 -3.311249999999994753e-03 -4.194138248442812689e+00
6.192050000000000054e-01 2.324499999999999900e-01 -3.311000000000008381e-03 -1.986749999999999627e-02 -4.966749999999992005e-03 4.967000000000006132e-03 -1.408915375776715884e+01
6.125829999999999886e-01 2.192050000000000110e-01 -9.933499999999984009e-03 -9.933499999999997887e-03 -4.966999999999999194e-03 6.622499999999996445e-03 -4.152552330024666105e+01
5.993380000000000374e-01 2.125829999999999942e-01 -1.324500000000000677e-02 -6.622500000000003384e-03 -3.311500000000022759e-03 1.655499999999997252e-03 -1.350588434880962119e+01
5.860929999999999751e-01 2.059600000000000042e-01 -1.655650000000002953e-02 -6.622500000000003384e-03 -1.655749999999983624e-03 0.000000000000000000e+00 -1.933868146497737417e+00
5.662249999999999783e-01 1.993379999999999874e-01 -1.655649999999997402e-02 -6.622500000000003384e-03 1.655750000000011379e-03 1.655500000000004190e-03 -2.900145230492312098e+00
5.529800000000000271e-01 1.927149999999999974e-01 -1.324500000000000677e-02 -3.311499999999995003e-03 3.311499999999967248e-03 3.311250000000001692e-03 -1.292493161316133765e+01
5.397349999999999648e-01 1.927149999999999974e-01 -9.933500000000039520e-03 0.000000000000000000e+00 -1.655499999999976435e-03 3.311499999999995003e-03 -3.355986206445681574e+01
5.331129999999999480e-01 1.927149999999999974e-01 -1.655599999999995964e-02 3.311499999999995003e-03 -3.311499999999967248e-03 3.311250000000001692e-03 -9.111681660881602696e+00
5.066230000000000455e-01 1.993379999999999874e-01 -1.655649999999997402e-02 6.622500000000003384e-03 3.310999999999966747e-03 1.655500000000004190e-03 -8.701165684436308112e+00
5.000000000000000000e-01 2.059600000000000042e-01 -9.934000000000026143e-03 6.622500000000003384e-03 -1.387778780781445676e-17 1.655749999999997502e-03 -9.665076076189107468e+00
4.867549999999999932e-01 2.125829999999999942e-01 -1.655650000000000177e-02 9.933999999999998387e-03 -3.311249999999987814e-03 3.311250000000001692e-03 -3.046467178709657109e+00
4.668869999999999965e-01 2.258280000000000010e-01 -1.655650000000000177e-02 1.324500000000000677e-02 1.655749999999997502e-03 -2.500000000002500222e-07 -2.300387797566622261e+00
4.536419999999999897e-01 2.390730000000000077e-01 -1.324500000000000677e-02 9.933499999999997887e-03 1.655749999999997502e-03 -4.967000000000006132e-03 1.087250510623630539e+01
4.403969999999999829e-01 2.456949999999999967e-01 -1.324500000000000677e-02 3.310999999999994503e-03 1.387778780781445676e-17 -3.311000000000001442e-03 1.723326766837810453e+01
4.271519999999999762e-01 2.456949999999999967e-01 -1.324499999999997901e-02 3.311499999999995003e-03 -3.311249999999987814e-03 -1.655499999999997252e-03 1.292525693235371875e+01
4.139070000000000249e-01 2.523179999999999867e-01 -1.986749999999998240e-02 0.000000000000000000e+00 -3.311250000000015570e-03 -4.966999999999992255e-03 1.258368147388427971e+01
3.874170000000000114e-01 2.456949999999999967e-01 -1.986750000000001015e-02 -6.622499999999989506e-03 3.311249999999987814e-03 -3.311250000000001692e-03 9.550102408964514566e+00
3.741720000000000046e-01 2.390730000000000077e-01 -1.324500000000000677e-02 -6.622500000000003384e-03 3.311250000000001692e-03 -3.311250000000008631e-03 2.025882652321441668e+01
3.609269999999999978e-01 2.324499999999999900e-01 -1.324500000000000677e-02 -1.324500000000000677e-02 3.311250000000001692e-03 -3.311249999999994753e-03 1.334667386158071700e+01
3.476819999999999911e-01 2.125829999999999942e-01 -6.622500000000003384e-03 -1.324499999999999289e-02 4.966999999999999194e-03 6.938893903907228378e-18 2.025933637162318135e+01
3.476819999999999911e-01 2.059600000000000042e-01 -3.311000000000008381e-03 -1.324499999999999289e-02 3.311250000000001692e-03 -6.938893903907228378e-18 1.723456888158174394e+01
3.410599999999999743e-01 1.860930000000000084e-01 0.000000000000000000e+00 -1.324500000000000677e-02 6.622250000000010073e-03 1.655499999999997252e-03 3.774866930561061196e+01
3.476819999999999911e-01 1.794699999999999906e-01 9.933500000000011765e-03 -9.933999999999998387e-03 4.966999999999999194e-03 1.655750000000004440e-03 2.372861445895814114e+01
3.609269999999999978e-01 1.662250000000000116e-01 9.933999999999998387e-03 -9.933499999999997887e-03 1.655749999999997502e-03 1.655749999999997502e-03 1.186460580026270684e+01
3.675499999999999878e-01 1.596029999999999949e-01 1.324500000000000677e-02 -6.622500000000003384e-03 3.311000000000008381e-03 1.655499999999997252e-03 1.350486465199201369e+01
3.874170000000000114e-01 1.529800000000000049e-01 1.655600000000001515e-02 -6.622500000000003384e-03 0.000000000000000000e+00 1.655749999999997502e-03 4.834974976954745429e+00
4.006620000000000181e-01 1.463579999999999881e-01 1.324500000000000677e-02 -3.311000000000008381e-03 2.499999999933111283e-07 3.311250000000001692e-03 1.723489416032213128e+01
4.139070000000000249e-01 1.463579999999999881e-01 1.655650000000000177e-02 0.000000000000000000e+00 1.655749999999983624e-03 1.655500000000004190e-03 6.039376686748696876e+00
4.337750000000000217e-01 1.463579999999999881e-01 1.655649999999997402e-02 0.000000000000000000e+00 -3.311500000000008881e-03 1.655500000000004190e-03 6.039376686748716416e+00
4.470199999999999729e-01 1.463579999999999881e-01 9.933499999999984009e-03 3.311000000000008381e-03 -3.311499999999981125e-03 3.311250000000001692e-03 3.820314964330260921e+01
4.536419999999999897e-01 1.529800000000000049e-01 9.933500000000011765e-03 6.622500000000003384e-03 -1.655499999999990313e-03 1.655749999999997502e-03 1.610852252855764632e+01
4.668869999999999965e-01 1.596029999999999949e-01 6.622500000000003384e-03 6.622500000000003384e-03 -3.311000000000008381e-03 -1.655749999999997502e-03 1.334365083239359073e+01
4.668869999999999965e-01 1.662250000000000116e-01 3.311499999999995003e-03 3.311000000000008381e-03 -1.655500000000004190e-03 -1.655500000000004190e-03 -8.060802458713448027e-03
4.735099999999999865e-01 1.662250000000000116e-01 3.311499999999995003e-03 3.311499999999995003e-03 -1.655749999999997502e-03 1.655749999999990563e-03 1.067653300900720410e+02
4.735099999999999865e-01 1.728480000000000016e-01 0.000000000000000000e+00 6.622499999999989506e-03 -2.499999999933111283e-07 1.655500000000004190e-03 5.700278501204385749e-03
4.735099999999999865e-01 1.794699999999999906e-01 3.311000000000008381e-03 6.622500000000003384e-03 3.311250000000001692e-03 -1.655499999999990313e-03 -6.753044142546679041e+01
4.801320000000000032e-01 1.860930000000000084e-01 6.622500000000003384e-03 3.311500000000008881e-03 2.499999999933111283e-07 -1.655750000000004440e-03 -2.701462381790833689e+01
4.867549999999999932e-01 1.860930000000000084e-01 3.311499999999995003e-03 3.310999999999994503e-03 -1.655749999999997502e-03 -2.500000000071889161e-07 5.337863266579017818e+01
4.867549999999999932e-01 1.927149999999999974e-01 3.311000000000008381e-03 3.310999999999994503e-03 -2.499999999933111283e-07 2.500000000002500222e-07 1.612525715963767162e-02
4.933770000000000100e-01 1.927149999999999974e-01 3.311000000000008381e-03 3.311499999999995003e-03 2.499999999933111283e-07 2.500000000002500222e-07 -1.217275895038583717e-06
4.933770000000000100e-01 1.993379999999999874e-01 3.311499999999995003e-03 3.311499999999995003e-03 1.655999999999990813e-03 -1.655749999999997502e-03 -1.067733902840996620e+02
5.000000000000000000e-01 1.993379999999999874e-01 6.622999999999990006e-03 0.000000000000000000e+00 3.311499999999995003e-03 -3.311499999999995003e-03 -7.549448890231025189e+01
