3.543049999999999811e-01 2.258280000000000010e-01 -1.324500000000000677e-02 6.621999999999989006e-03 3.311000000000008381e-03 5.000000000143778323e-07 -6.754267864955025402e+00
3.410599999999999743e-01 2.324499999999999900e-01 -9.933999999999998387e-03 6.622500000000003384e-03 4.966750000000005882e-03 1.656000000000004690e-03 -2.899425537307983802e+01
3.344369999999999843e-01 2.390730000000000077e-01 -3.311499999999995003e-03 9.933999999999998387e-03 3.311500000000008881e-03 1.655499999999997252e-03 -3.342521416186991701e+01
3.344369999999999843e-01 2.523179999999999867e-01 -3.310999999999980625e-03 9.933499999999997887e-03 2.500000000071889161e-07 -2.499999999933111283e-07 -1.442199728190593673e-03
3.278150000000000230e-01 2.589400000000000035e-01 -3.310999999999980625e-03 9.933500000000011765e-03 1.655499999999990313e-03 1.655750000000004440e-03 -1.910049319907666288e+01
3.278150000000000230e-01 2.721850000000000103e-01 0.000000000000000000e+00 1.324500000000000677e-02 3.310999999999980625e-03 1.655749999999997502e-03 -1.887362211799250034e+01
3.278150000000000230e-01 2.854300000000000170e-01 3.310999999999980625e-03 1.324500000000000677e-02 3.311249999999987814e-03 2.499999999933111283e-07 -1.723424360284122514e+01
3.344369999999999843e-01 2.986750000000000238e-01 6.622499999999975628e-03 1.324549999999999339e-02 1.655750000000011379e-03 2.499999999933111283e-07 -6.752585311311703364e+00
3.410599999999999743e-01 3.119210000000000038e-01 6.622500000000003384e-03 1.324549999999999339e-02 1.387778780781445676e-17 -2.499999999933111283e-07 -5.098022190657654825e-04
3.476819999999999911e-01 3.251660000000000106e-01 6.622500000000003384e-03 1.324500000000000677e-02 1.655749999999997502e-03 -1.656000000000004690e-03 -1.013068788262916087e+01
3.543049999999999811e-01 3.384110000000000174e-01 9.933999999999998387e-03 9.933499999999984009e-03 3.311250000000001692e-03 -1.655750000000011379e-03 -1.779586371392249333e+01
3.675499999999999878e-01 3.450329999999999786e-01 1.324500000000000677e-02 9.933499999999984009e-03 1.655500000000004190e-03 -1.655499999999990313e-03 -8.455521329001886244e+00
3.807949999999999946e-01 3.582779999999999854e-01 1.324500000000000677e-02 6.622500000000003384e-03 0.000000000000000000e+00 -4.966749999999992005e-03 -2.025831667480555609e+01
3.940400000000000014e-01 3.582779999999999854e-01 1.324500000000000677e-02 0.000000000000000000e+00 -1.655749999999997502e-03 -3.311250000000001692e-03 -1.887504718761795885e+01
4.072850000000000081e-01 3.582779999999999854e-01 9.933500000000011765e-03 0.000000000000000000e+00 -3.311250000000001692e-03 -1.655499999999990313e-03 -1.677739744759424312e+01
4.139070000000000249e-01 3.582779999999999854e-01 6.622500000000003384e-03 -3.310999999999980625e-03 -1.655500000000018068e-03 -4.966749999999992005e-03 -9.454139427324567180e+01
4.205300000000000149e-01 3.516560000000000241e-01 6.622499999999975628e-03 -9.933499999999984009e-03 0.000000000000000000e+00 -4.967000000000013071e-03 -1.933071353490404576e+01
4.271519999999999762e-01 3.384110000000000174e-01 6.622500000000003384e-03 -1.324500000000000677e-02 -1.655499999999976435e-03 -1.655750000000011379e-03 -1.012915833740272298e+01
4.337750000000000217e-01 3.251660000000000106e-01 3.311500000000022759e-03 -1.324500000000000677e-02 -3.311250000000001692e-03 -2.499999999933111283e-07 -1.723443495517414803e+01
4.337750000000000217e-01 3.119210000000000038e-01 0.000000000000000000e+00 -1.324549999999999339e-02 -1.655750000000011379e-03 -2.499999999933111283e-07 -9.437523580360945630e+00
4.337750000000000217e-01 2.986750000000000238e-01 0.000000000000000000e+00 -1.324549999999999339e-02 0.000000000000000000e+00 1.655999999999990813e-03 0.000000000000000000e+00
4.337750000000000217e-01 2.854300000000000170e-01 0.000000000000000000e+00 -9.933500000000011765e-03 0.000000000000000000e+00 3.311499999999995003e-03 0.000000000000000000e+00
4.337750000000000217e-01 2.788080000000000003e-01 0.000000000000000000e+00 -6.622500000000003384e-03 0.000000000000000000e+00 1.655500000000004190e-03 0.000000000000000000e+00
4.337750000000000217e-01 2.721850000000000103e-01 0.000000000000000000e+00 -6.622500000000003384e-03 0.000000000000000000e+00 3.311250000000001692e-03 0.000000000000000000e+00
4.337750000000000217e-01 2.655629999999999935e-01 0.000000000000000000e+00 0.000000000000000000e+00 0.000000000000000000e+00 8.278000000000007574e-03 0.000000000000000000e+00
4.337750000000000217e-01 2.721850000000000103e-01 0.000000000000000000e+00 9.933500000000011765e-03 1.655499999999990313e-03 4.966999999999999194e-03 -1.677739744759424312e+01
4.337750000000000217e-01 2.854300000000000170e-01 3.310999999999980625e-03 9.933999999999998387e-03 3.311249999999987814e-03 2.499999999933111283e-07 -2.864900941916926769e+01
4.403969999999999829e-01 2.920530000000000070e-01 6.622499999999975628e-03 9.933999999999998387e-03 1.655750000000011379e-03 0.000000000000000000e+00 -9.665076076189309973e+00
4.470199999999999729e-01 3.052980000000000138e-01 6.622500000000003384e-03 9.933999999999998387e-03 1.387778780781445676e-17 0.000000000000000000e+00 -8.100853083601855550e-14
4.536419999999999897e-01 3.119210000000000038e-01 6.622500000000003384e-03 9.933999999999998387e-03 0.000000000000000000e+00 -2.499999999933111283e-07 -9.728554878147838017e-04
4.602649999999999797e-01 3.251660000000000106e-01 6.622500000000003384e-03 9.933500000000011765e-03 1.655500000000004190e-03 -2.500000000071889161e-07 -9.665113546518055543e+00
4.668869999999999965e-01 3.317880000000000273e-01 9.933500000000011765e-03 9.933499999999984009e-03 3.311250000000001692e-03 -1.655500000000018068e-03 -1.779601301622163234e+01
4.801320000000000032e-01 3.450329999999999786e-01 1.324500000000000677e-02 6.622499999999975628e-03 2.499999999933111283e-07 -3.310999999999980625e-03 -1.350537450040074106e+01
4.933770000000000100e-01 3.450329999999999786e-01 9.933999999999998387e-03 3.311500000000022759e-03 -1.655500000000018068e-03 -1.655499999999976435e-03 -9.548516247302879734e+00
5.000000000000000000e-01 3.516560000000000241e-01 9.933999999999970631e-03 3.311500000000022759e-03 3.311249999999987814e-03 -1.655750000000011379e-03 -2.387525597614233419e+01
5.132449999999999513e-01 3.516560000000000241e-01 1.655649999999997402e-02 0.000000000000000000e+00 1.655500000000018068e-03 -1.655750000000011379e-03 -6.040288703765769540e+00
5.331129999999999480e-01 3.516560000000000241e-01 1.324500000000000677e-02 0.000000000000000000e+00 -4.966999999999971438e-03 -1.655750000000011379e-03 -9.438236128621708687e+00
5.397349999999999648e-01 3.516560000000000241e-01 6.622500000000031140e-03 -3.311500000000022759e-03 -3.311249999999987814e-03 -3.311250000000001692e-03 -8.103367448556942065e+01
5.463580000000000103e-01 3.450329999999999786e-01 6.622500000000031140e-03 -6.622500000000003384e-03 -2.775557561562891351e-17 -1.655499999999976435e-03 -1.334566618518499048e+01
5.529800000000000271e-01 3.384110000000000174e-01 6.622499999999975628e-03 -6.622499999999975628e-03 -2.775557561562891351e-17 -1.655749999999997502e-03 -1.334768153797678281e+01
5.596029999999999616e-01 3.317880000000000273e-01 6.622499999999975628e-03 -9.933999999999998387e-03 -1.655749999999983624e-03 -3.311250000000015570e-03 -2.255054701264077721e+01
5.662249999999999783e-01 3.185430000000000206e-01 3.311000000000008381e-03 -1.324500000000000677e-02 -3.311249999999987814e-03 -3.311250000000001692e-03 -2.154288579867616704e+01
5.662249999999999783e-01 3.052980000000000138e-01 0.000000000000000000e+00 -1.655650000000000177e-02 -3.311000000000008381e-03 -8.278250000000000886e-03 -1.207875337349739375e+01
5.662249999999999783e-01 2.854300000000000170e-01 -3.311000000000008381e-03 -2.980150000000000854e-02 -1.655500000000004190e-03 -4.966750000000005882e-03 -1.220048364340680092e+00
5.596029999999999616e-01 2.456949999999999967e-01 -3.311000000000008381e-03 -2.649000000000001354e-02 -2.499999999794333405e-07 6.622750000000003634e-03 -1.152880381541403709e+00
5.596029999999999616e-01 2.324499999999999900e-01 -3.311499999999967248e-03 -1.655600000000000127e-02 -1.655749999999983624e-03 4.967000000000006132e-03 -9.112885625991802740e+00
5.529800000000000271e-01 2.125829999999999942e-01 -6.622499999999975628e-03 -1.655600000000000127e-02 -1.655500000000031946e-03 1.655500000000004190e-03 -6.767972127988892694e+00
5.463580000000000103e-01 1.993379999999999874e-01 -6.622500000000031140e-03 -1.324499999999999289e-02 -2.775557561562891351e-17 1.655500000000004190e-03 -3.376216162998137982e+00
5.397349999999999648e-01 1.860930000000000084e-01 -6.622500000000031140e-03 -1.324499999999999289e-02 -4.966749999999964249e-03 -1.655750000000004440e-03 -1.688159066339861170e+01
5.331129999999999480e-01 1.728480000000000016e-01 -1.655599999999995964e-02 -1.655650000000000177e-02 -6.622749999999968940e-03 1.655499999999997252e-03 -1.067759705807363169e+01
5.066230000000000455e-01 1.529800000000000049e-01 -1.986799999999996902e-02 -9.933999999999998387e-03 -2.500000000349444917e-07 6.622749999999996695e-03 -1.200530605396785155e+01
4.933770000000000100e-01 1.529800000000000049e-01 -1.655650000000002953e-02 -3.311000000000008381e-03 1.655999999999976935e-03 3.311499999999995003e-03 -1.025136789011753358e+01
4.735099999999999865e-01 1.463579999999999881e-01 -1.655600000000001515e-02 -3.311000000000008381e-03 -3.311249999999987814e-03 3.311000000000008381e-03 -1.366733067327374052e+01
4.602649999999999797e-01 1.463579999999999881e-01 -2.317900000000000515e-02 3.311000000000008381e-03 -1.655749999999983624e-03 3.311000000000008381e-03 -5.551678478666459249e+00
4.271519999999999762e-01 1.529800000000000049e-01 -1.986749999999998240e-02 3.311000000000008381e-03 6.622750000000010573e-03 2.499999999933111283e-07 -2.684232071602393965e+00
4.205300000000000149e-01 1.529800000000000049e-01 -9.933499999999984009e-03 3.311499999999995003e-03 4.966749999999992005e-03 1.655749999999997502e-03 -2.865304716900780235e+01
4.072850000000000081e-01 1.596029999999999949e-01 -9.933999999999998387e-03 6.622500000000003384e-03 3.310999999999994503e-03 1.655500000000004190e-03 -2.254811483719579002e+01
4.006620000000000181e-01 1.662250000000000116e-01 -3.311499999999995003e-03 6.622500000000003384e-03 6.622749999999996695e-03 1.655749999999997502e-03 -1.215535707572147714e+02
4.006620000000000181e-01 1.728480000000000016e-01 3.311499999999995003e-03 9.933999999999998387e-03 4.966999999999999194e-03 0.000000000000000000e+00 -4.297373040917303655e+01
4.072850000000000081e-01 1.860930000000000084e-01 6.622500000000003384e-03 6.622500000000003384e-03 3.310999999999994503e-03 -1.655750000000004440e-03 -4.003901390834642626e+01
4.139070000000000249e-01 1.860930000000000084e-01 9.933499999999984009e-03 6.622499999999989506e-03 3.311249999999987814e-03 -6.938893903907228378e-18 -1.288681803753791399e+01
4.271519999999999762e-01 1.993379999999999874e-01 1.324499999999997901e-02 6.622499999999989506e-03 2.500000000071889161e-07 -3.311249999999994753e-03 -1.350639419721842671e+01
4.403969999999999829e-01 1.993379999999999874e-01 9.933999999999998387e-03 0.000000000000000000e+00 1.387778780781445676e-17 -3.311249999999994753e-03 -3.355395053700300423e+01
4.470199999999999729e-01 1.993379999999999874e-01 1.324500000000000677e-02 0.000000000000000000e+00 3.311000000000008381e-03 0.000000000000000000e+00 0.000000000000000000e+00
4.668869999999999965e-01 1.993379999999999874e-01 1.655600000000001515e-02 0.000000000000000000e+00 -1.655500000000004190e-03 -1.655749999999997502e-03 -6.040653549133756961e+00
4.801320000000000032e-01 1.993379999999999874e-01 9.933999999999998387e-03 -3.311499999999995003e-03 -3.311000000000008381e-03 -4.966999999999999194e-03 -5.252296757125520088e+01
4.867549999999999932e-01 1.927149999999999974e-01 9.933999999999998387e-03 -9.933999999999998387e-03 1.387778780781445676e-17 -3.311000000000001442e-03 -1.186221731288721770e+01
5.000000000000000000e-01 1.794699999999999906e-01 9.934000000000026143e-03 -9.933499999999997887e-03 0.000000000000000000e+00 1.655750000000004440e-03 5.932452196794264943e+00
5.066230000000000455e-01 1.728480000000000016e-01 9.933999999999998387e-03 -6.622499999999989506e-03 -1.655750000000025257e-03 1.655499999999997252e-03 3.220394860262258074e+00
5.198679999999999968e-01 1.662250000000000116e-01 6.622499999999975628e-03 -6.622500000000003384e-03 -4.966999999999999194e-03 2.499999999863722344e-07 -4.003901390834679574e+01
5.198679999999999968e-01 1.596029999999999949e-01 0.000000000000000000e+00 -6.622000000000016762e-03 -6.622499999999975628e-03 4.999999999866222566e-07 -1.510231811974404366e+02
