5.794700000000000406e-01 8.675499999999999878e-02 0.000000000000000000e+00 6.622000000000002884e-03 -3.311000000000008381e-03 5.000000000005000445e-07 7.550588945937795415e+01
5.794700000000000406e-01 9.337700000000000167e-02 -3.311000000000008381e-03 6.622500000000003384e-03 -4.966750000000019760e-03 -1.655250000000000471e-03 9.453935494120727867e+01
5.728480000000000238e-01 1.000000000000000056e-01 -9.933500000000039520e-03 3.311500000000001942e-03 -4.966999999999999194e-03 -1.655500000000004190e-03 2.865160514349414456e+01
5.596029999999999616e-01 1.000000000000000056e-01 -1.324500000000000677e-02 3.311499999999995003e-03 -1.655749999999983624e-03 -3.469446951953614189e-18 2.154589011410229737e+00
5.463580000000000103e-01 1.066229999999999956e-01 -1.324500000000000677e-02 3.311499999999995003e-03 1.655500000000004190e-03 -1.655749999999997502e-03 6.463441715038277025e+00
5.331129999999999480e-01 1.066229999999999956e-01 -9.933999999999998387e-03 0.000000000000000000e+00 1.655500000000004190e-03 -3.311499999999995003e-03 3.355648386660187299e+01
5.264900000000000135e-01 1.066229999999999956e-01 -9.933999999999998387e-03 -3.311499999999995003e-03 2.500000000071889161e-07 -1.655749999999997502e-03 1.432601881405996735e+01
5.132449999999999513e-01 1.000000000000000056e-01 -9.933499999999984009e-03 -3.311499999999995003e-03 1.387778780781445676e-17 -1.655500000000004190e-03 1.432436043735248354e+01
5.066230000000000455e-01 1.000000000000000056e-01 -9.933999999999970631e-03 -6.622500000000003384e-03 -2.500000000210667039e-07 -3.311250000000005161e-03 1.932771997693342314e+01
4.933770000000000100e-01 8.675499999999999878e-02 -9.934000000000026143e-03 -9.934000000000005326e-03 3.311499999999981125e-03 -1.655749999999997502e-03 1.779601297113824998e+01
4.867549999999999932e-01 8.013199999999999490e-02 -3.311000000000008381e-03 -9.933999999999998387e-03 3.311250000000015570e-03 -1.655499999999995517e-03 3.342384428607378766e+01
4.867549999999999932e-01 6.688700000000000201e-02 -3.311499999999995003e-03 -1.324499999999999636e-02 -2.499999999933111283e-07 -1.655500000000000721e-03 2.152962513687389556e+00
4.801320000000000032e-01 5.364200000000000218e-02 -3.311499999999995003e-03 -1.324499999999999983e-02 1.655749999999997502e-03 -2.602085213965210642e-18 8.617705407256107009e+00
4.801320000000000032e-01 4.039700000000000235e-02 0.000000000000000000e+00 -1.324500000000000156e-02 1.655749999999997502e-03 1.655749999999999236e-03 9.438236128621639409e+00
4.801320000000000032e-01 2.715199999999999905e-02 0.000000000000000000e+00 -9.933500000000001356e-03 0.000000000000000000e+00 1.655750000000000971e-03 0.000000000000000000e+00
4.801320000000000032e-01 2.052999999999999964e-02 0.000000000000000000e+00 -9.933499999999999622e-03 0.000000000000000000e+00 -2.499999999993826605e-07 0.000000000000000000e+00
4.801320000000000032e-01 7.284999999999999809e-03 0.000000000000000000e+00 -9.934000000000000122e-03 1.655749999999997502e-03 1.655499999999999854e-03 1.677824193330092939e+01
4.801320000000000032e-01 6.620000000000000450e-04 3.311499999999995003e-03 -6.622499999999999915e-03 3.311250000000001692e-03 3.311500000000000207e-03 8.103571394078838352e+01
4.867549999999999932e-01 -5.960000000000000020e-03 6.622500000000003384e-03 -3.311000000000000141e-03 1.655500000000004190e-03 3.311249999999999957e-03 6.753044142546693251e+01
4.933770000000000100e-01 -5.960000000000000020e-03 6.622500000000003384e-03 0.000000000000000000e+00 2.500000000071889161e-07 1.655500000000000070e-03 3.774724423598522094e+01
5.000000000000000000e-01 -5.960000000000000020e-03 6.623000000000017762e-03 0.000000000000000000e+00 1.655749999999997502e-03 1.655500000000000070e-03 3.774154503330024113e+01
5.066230000000000455e-01 -5.960000000000000020e-03 9.933999999999998387e-03 3.311000000000000141e-03 1.655249999999983124e-03 3.311249999999999957e-03 2.387633739457221083e+01
5.198679999999999968e-01 6.620000000000000450e-04 9.933499999999984009e-03 6.622499999999999915e-03 -2.500000000071889161e-07 4.967000000000000061e-03 2.899631352328991696e+01
5.264900000000000135e-01 7.284999999999999809e-03 9.933499999999984009e-03 1.324499999999999983e-02 2.500000000071889161e-07 3.311249999999999957e-03 7.247303054303523950e+00
5.397349999999999648e-01 2.715199999999999905e-02 9.933999999999998387e-03 1.324499999999999983e-02 -3.310999999999980625e-03 -3.311249999999999090e-03 2.415028353696734076e+00
5.463580000000000103e-01 3.377499999999999947e-02 3.311500000000022759e-03 6.622500000000001649e-03 -3.311499999999995003e-03 -1.655749999999999236e-03 4.051785681642618187e+01
5.463580000000000103e-01 4.039700000000000235e-02 3.311000000000008381e-03 9.933500000000001356e-03 1.655499999999976435e-03 1.655749999999998369e-03 -9.549525554117286319e+00
5.529800000000000271e-01 5.364200000000000218e-02 6.622499999999975628e-03 9.933999999999998387e-03 2.499999999794333405e-07 -1.655500000000000721e-03 -6.443708360438892946e+00
5.596029999999999616e-01 6.026499999999999913e-02 3.311499999999967248e-03 6.622499999999999915e-03 -3.311249999999987814e-03 -1.655749999999997502e-03 4.051377821392593859e+01
5.596029999999999616e-01 6.688700000000000201e-02 0.000000000000000000e+00 6.622500000000003384e-03 -1.655749999999983624e-03 -1.734723475976807094e-18 3.775294451448620237e+01
5.596029999999999616e-01 7.351000000000000589e-02 0.000000000000000000e+00 6.622499999999996445e-03 1.655500000000004190e-03 -1.655750000000004440e-03 -3.774724423598539857e+01
5.596029999999999616e-01 8.013199999999999490e-02 3.311000000000008381e-03 3.310999999999994503e-03 1.655500000000004190e-03 -1.655499999999997252e-03 -1.067814529124957943e+02
5.662249999999999783e-01 8.013199999999999490e-02 3.311000000000008381e-03 3.311500000000001942e-03 -1.655500000000004190e-03 1.655750000000004440e-03 1.067733893710506976e+02
5.662249999999999783e-01 8.675499999999999878e-02 0.000000000000000000e+00 6.622500000000003384e-03 2.500000000071889161e-07 -2.500000000002500222e-07 -5.700278501520788903e-03
5.662249999999999783e-01 9.337700000000000167e-02 3.311500000000022759e-03 3.311000000000001442e-03 3.311250000000015570e-03 -1.655500000000000721e-03 -1.601520232541164148e+02
5.728480000000000238e-01 9.337700000000000167e-02 6.622500000000031140e-03 3.311500000000001942e-03 -2.500000000071889161e-07 1.655999999999997752e-03 2.701870242040900649e+01
5.794700000000000406e-01 1.000000000000000056e-01 3.311000000000008381e-03 6.622999999999996945e-03 -3.311250000000015570e-03 -1.655750000000000971e-03 4.051622527074737690e+01
5.794700000000000406e-01 1.066229999999999956e-01 0.000000000000000000e+00 0.000000000000000000e+00 -1.655500000000004190e-03 -6.622999999999996945e-03 0.000000000000000000e+00
5.794700000000000406e-01 1.000000000000000056e-01 0.000000000000000000e+00 -6.622999999999996945e-03 0.000000000000000000e+00 -3.311250000000001692e-03 0.000000000000000000e+00
5.794700000000000406e-01 9.337700000000000167e-02 0.000000000000000000e+00 -6.622500000000003384e-03 0.000000000000000000e+00 -1.655250000000000471e-03 0.000000000000000000e+00
5.794700000000000406e-01 8.675499999999999878e-02 0.000000000000000000e+00 -9.933499999999997887e-03 0.000000000000000000e+00 -1.655749999999997502e-03 0.000000000000000000e+00
5.794700000000000406e-01 7.351000000000000589e-02 0.000000000000000000e+00 -9.933999999999998387e-03 1.655749999999983624e-03 -2.500000000019847457e-07 1.677824193330079794e+01
5.794700000000000406e-01 6.688700000000000201e-02 3.311499999999967248e-03 -9.934000000000001857e-03 3.311249999999987814e-03 -1.655500000000000721e-03 2.387381403771756894e+01
5.860929999999999751e-01 5.364200000000000218e-02 6.622499999999975628e-03 -1.324499999999999983e-02 1.655500000000031946e-03 2.500000000002500222e-07 6.752942174404946485e+00
5.927149999999999919e-01 4.039700000000000235e-02 6.622500000000031140e-03 -9.933500000000001356e-03 2.775557561562891351e-17 1.655749999999999236e-03 6.443895497366210812e+00
5.993380000000000374e-01 3.377499999999999947e-02 6.622500000000031140e-03 -9.933500000000001356e-03 1.655499999999976435e-03 -3.311499999999998473e-03 -3.223650405408485575e+00
6.059600000000000541e-01 2.052999999999999964e-02 9.933499999999984009e-03 -1.655649999999999830e-02 3.311249999999960059e-03 -1.655749999999999236e-03 5.331530663041889717e+00
6.192050000000000054e-01 6.620000000000000450e-04 1.324499999999995126e-02 -1.324499999999999983e-02 1.655750000000011379e-03 3.311499999999999340e-03 1.001076115348241125e+01
6.324499999999999567e-01 -5.960000000000000020e-03 1.324500000000000677e-02 -9.933499999999999622e-03 -1.655499999999976435e-03 1.655499999999999854e-03 1.208035847056152301e+00
6.456950000000000189e-01 -1.920499999999999985e-02 9.933999999999998387e-03 -9.934000000000000122e-03 -1.655500000000004190e-03 1.655499999999999854e-03 -1.710688240740835564e-14
6.523179999999999534e-01 -2.582800000000000026e-02 9.933999999999998387e-03 -6.622499999999999915e-03 -2.499999999794333405e-07 3.311500000000000207e-03 1.932917929689066128e+01
6.655630000000000157e-01 -3.244999999999999968e-02 9.933500000000039520e-03 -3.310999999999999707e-03 1.655500000000004190e-03 3.311249999999999957e-03 3.342694477540178610e+01
6.721850000000000325e-01 -3.244999999999999968e-02 1.324500000000000677e-02 0.000000000000000000e+00 1.655749999999983624e-03 1.655499999999999854e-03 9.436811058996303458e+00
6.920530000000000292e-01 -3.244999999999999968e-02 1.324500000000000677e-02 0.000000000000000000e+00 -1.655500000000004190e-03 0.000000000000000000e+00 0.000000000000000000e+00
6.986750000000000460e-01 -3.244999999999999968e-02 9.933999999999998387e-03 0.000000000000000000e+00 -1.655500000000004190e-03 1.655499999999999854e-03 1.677570860370209260e+01
7.119210000000000260e-01 -3.244999999999999968e-02 9.933999999999998387e-03 3.310999999999999707e-03 1.655500000000004190e-03 4.966749999999999811e-03 3.819940010041376866e+01
7.185430000000000428e-01 -2.582800000000000026e-02 1.324500000000000677e-02 9.933499999999999622e-03 1.655499999999976435e-03 3.311500000000000207e-03 6.041273746044993231e+00
7.384110000000000396e-01 -1.258300000000000043e-02 1.324499999999995126e-02 9.934000000000000122e-03 -1.655750000000011379e-03 2.500000000002500222e-07 3.625004990812791483e+00
7.450329999999999453e-01 -5.960000000000000020e-03 9.933499999999984009e-03 9.934000000000000122e-03 -1.655499999999948679e-03 3.311000000000000575e-03 1.779407228922042705e+01
7.582780000000000076e-01 7.284999999999999809e-03 9.934000000000053898e-03 1.655600000000000127e-02 -1.655500000000004190e-03 4.966749999999999811e-03 1.066300042486393806e+01
7.649010000000000531e-01 2.715199999999999905e-02 6.622499999999975628e-03 1.986749999999999974e-02 -1.655750000000039135e-03 3.311500000000001942e-03 5.969264652186954123e+00
7.715229999999999588e-01 4.701999999999999930e-02 6.622499999999975628e-03 2.317900000000000515e-02 -1.655499999999976435e-03 0.000000000000000000e+00 2.739183773552585244e+00
7.781460000000000043e-01 7.351000000000000589e-02 3.311500000000022759e-03 1.986749999999999974e-02 -3.311249999999987814e-03 -1.655750000000004440e-03 7.380053521892736335e+00
7.781460000000000043e-01 8.675499999999999878e-02 0.000000000000000000e+00 1.986749999999999627e-02 -1.655750000000011379e-03 1.655750000000002706e-03 4.194771612720765930e+00
7.781460000000000043e-01 1.132449999999999984e-01 0.000000000000000000e+00 2.317900000000000515e-02 0.000000000000000000e+00 -1.655500000000000721e-03 -0.000000000000000000e+00
7.781460000000000043e-01 1.331130000000000091e-01 0.000000000000000000e+00 1.655649999999999483e-02 -1.655750000000011379e-03 -2.500000000071889161e-07 6.040288703765754441e+00
7.781460000000000043e-01 1.463579999999999881e-01 -3.311500000000022759e-03 2.317849999999999078e-02 -3.311249999999987814e-03 3.311000000000004911e-03 5.125197577261227266e+00
7.715229999999999588e-01 1.794699999999999906e-01 -6.622499999999975628e-03 2.317850000000000465e-02 -1.655499999999976435e-03 -4.966749999999992005e-03 5.087393724112569515e+00
7.649010000000000531e-01 1.927149999999999974e-01 -6.622499999999975628e-03 1.324500000000000677e-02 -1.655750000000039135e-03 -1.655500000000004190e-03 1.012966818581176476e+01
7.582780000000000076e-01 2.059600000000000042e-01 -9.934000000000053898e-03 1.986749999999999627e-02 -1.655500000000004190e-03 3.311249999999994753e-03 -3.021278281873310137e-04
7.450329999999999453e-01 2.324499999999999900e-01 -9.933499999999984009e-03 1.986749999999999627e-02 -1.655499999999948679e-03 -1.655499999999997252e-03 4.501651761051605583e+00
7.384110000000000396e-01 2.456949999999999967e-01 -1.324499999999995126e-02 1.655650000000000177e-02 -3.311500000000022759e-03 -3.311249999999994753e-03 1.035343869411722650e+01
7.185430000000000428e-01 2.655629999999999935e-01 -1.655650000000002953e-02 1.324500000000000677e-02 -1.655750000000039135e-03 -4.966999999999999194e-03 1.092860077913890393e+01
7.052979999999999805e-01 2.721850000000000103e-01 -1.655650000000002953e-02 6.622500000000003384e-03 1.655750000000011379e-03 -3.311250000000001692e-03 7.734888600441733431e+00
6.854299999999999837e-01 2.788080000000000003e-01 -1.324500000000000677e-02 6.622500000000003384e-03 3.311500000000022759e-03 -1.655749999999997502e-03 -5.634211519843419375e-14
6.788079999999999670e-01 2.854300000000000170e-01 -9.933499999999984009e-03 3.311000000000008381e-03 0.000000000000000000e+00 -4.966750000000005882e-03 4.297719137494055275e+01
6.655630000000000157e-01 2.854300000000000170e-01 -1.324500000000000677e-02 -3.311000000000008381e-03 -2.500000000071889161e-07 -4.966750000000005882e-03 2.585087743703032714e+01
6.523179999999999534e-01 2.788080000000000003e-01 -9.933999999999998387e-03 -6.622500000000003384e-03 3.311250000000015570e-03 -3.311499999999995003e-03 3.221562308883000725e+01
6.456950000000000189e-01 2.721850000000000103e-01 -6.622499999999975628e-03 -9.933999999999998387e-03 3.311499999999995003e-03 -4.966749999999998944e-03 3.865787212931188321e+01
6.390730000000000022e-01 2.589400000000000035e-01 -3.311000000000008381e-03 -1.655600000000000127e-02 3.311249999999987814e-03 -1.655500000000004190e-03 1.252914609478561303e+01
6.390730000000000022e-01 2.390730000000000077e-01 0.000000000000000000e+00 -1.324500000000000677e-02 1.655500000000004190e-03 3.311000000000001442e-03 9.436811058996328327e+00
6.390730000000000022e-01 2.324499999999999900e-01 0.000000000000000000e+00 -9.933999999999998387e-03 0.000000000000000000e+00 1.655750000000004440e-03 0.000000000000000000e+00
6.390730000000000022e-01 2.192050000000000110e-01 0.000000000000000000e+00 -9.933499999999997887e-03 0.000000000000000000e+00 1.655749999999997502e-03 0.000000000000000000e+00
6.390730000000000022e-01 2.125829999999999942e-01 0.000000000000000000e+00 -6.622500000000003384e-03 1.655500000000004190e-03 1.655499999999997252e-03 3.774724423598531331e+01
6.390730000000000022e-01 2.059600000000000042e-01 3.311000000000008381e-03 -6.622500000000003384e-03 1.655500000000004190e-03 0.000000000000000000e+00 2.701095284777852612e+01
6.456950000000000189e-01 1.993379999999999874e-01 3.311000000000008381e-03 -6.622500000000003384e-03 -1.655500000000004190e-03 3.311250000000001692e-03 0.000000000000000000e+00
6.456950000000000189e-01 1.927149999999999974e-01 0.000000000000000000e+00 0.000000000000000000e+00 -3.311000000000008381e-03 9.933750000000005076e-03 0.000000000000000000e+00
6.456950000000000189e-01 1.993379999999999874e-01 -3.311000000000008381e-03 1.324500000000000677e-02 -3.311250000000015570e-03 6.622500000000003384e-03 8.617935047392704107e+00
6.390730000000000022e-01 2.192050000000000110e-01 -6.622500000000031140e-03 1.324500000000000677e-02 -1.655749999999983624e-03 -3.311250000000008631e-03 1.350639419721831835e+01
6.324499999999999567e-01 2.258280000000000010e-01 -6.622499999999975628e-03 6.622499999999989506e-03 2.775557561562891351e-17 -1.655750000000004440e-03 1.334768153797634760e+01
6.258280000000000509e-01 2.324499999999999900e-01 -6.622499999999975628e-03 9.933499999999997887e-03 -3.311250000000015570e-03 1.655750000000004440e-03 1.288584508034378828e+01
6.192050000000000054e-01 2.456949999999999967e-01 -1.324500000000000677e-02 9.933999999999998387e-03 -4.966750000000019760e-03 -1.655499999999997252e-03 1.570324761274668468e+01
5.993380000000000374e-01 2.523179999999999867e-01 -1.655600000000001515e-02 6.622500000000003384e-03 -3.311250000000015570e-03 -3.311499999999995003e-03 1.353769632741776618e+01
5.860929999999999751e-01 2.589400000000000035e-01 -1.986750000000003791e-02 3.311000000000008381e-03 -3.311499999999995003e-03 -3.311250000000001692e-03 9.393039329123650916e+00
5.596029999999999616e-01 2.589400000000000035e-01 -2.317900000000000515e-02 0.000000000000000000e+00 3.311250000000015570e-03 -1.655500000000004190e-03 3.081341223276762520e+00
5.397349999999999648e-01 2.589400000000000035e-01 -1.324500000000000677e-02 0.000000000000000000e+00 4.966999999999999194e-03 -1.655500000000004190e-03 9.436811058996328327e+00
5.331129999999999480e-01 2.589400000000000035e-01 -1.324500000000000677e-02 -3.311000000000008381e-03 -3.311499999999981125e-03 -3.311250000000001692e-03 1.292592668574675763e+01
5.132449999999999513e-01 2.523179999999999867e-01 -1.986799999999996902e-02 -6.622500000000003384e-03 1.387778780781445676e-17 -1.655749999999990563e-03 3.581405564498882033e+00
4.933770000000000100e-01 2.456949999999999967e-01 -1.324499999999997901e-02 -6.622499999999989506e-03 6.622749999999982817e-03 0.000000000000000000e+00 1.350639419721840007e+01
4.867549999999999932e-01 2.390730000000000077e-01 -6.622500000000003384e-03 -6.622500000000003384e-03 4.966749999999992005e-03 -3.311250000000008631e-03 6.673236163150788514e+01
4.801320000000000032e-01 2.324499999999999900e-01 -3.311499999999995003e-03 -1.324500000000000677e-02 1.655749999999997502e-03 -4.966749999999998944e-03 1.508082180310194964e+01
4.801320000000000032e-01 2.125829999999999942e-01 -3.311000000000008381e-03 -1.655600000000000127e-02 2.499999999933111283e-07 1.655500000000004190e-03 -1.138012595316397091e+00
4.735099999999999865e-01 1.993379999999999874e-01 -3.311000000000008381e-03 -9.933999999999998387e-03 3.311000000000008381e-03 1.655500000000004190e-03 2.387345338708612275e+01
4.735099999999999865e-01 1.927149999999999974e-01 3.311000000000008381e-03 -1.324499999999999289e-02 3.311000000000008381e-03 -1.655499999999997252e-03 1.507927184920112573e+01
4.801320000000000032e-01 1.728480000000000016e-01 3.311000000000008381e-03 -1.324499999999999289e-02 -1.655500000000004190e-03 1.655499999999997252e-03 -6.462638015012037940e+00
4.801320000000000032e-01 1.662250000000000116e-01 0.000000000000000000e+00 -9.933999999999998387e-03 2.499999999933111283e-07 3.311249999999994753e-03 2.533329598799947957e-03
4.801320000000000032e-01 1.529800000000000049e-01 3.311499999999995003e-03 -6.622500000000003384e-03 3.311499999999995003e-03 4.966999999999999194e-03 9.454506499702512201e+01
4.867549999999999932e-01 1.529800000000000049e-01 6.622999999999990006e-03 0.000000000000000000e+00 3.311499999999995003e-03 6.622500000000003384e-03 1.509775789689115584e+02
