3.211919999999999775e-01 3.450329999999999786e-01 -6.621999999999961251e-03 0.000000000000000000e+00 -5.000000000143778323e-07 3.311500000000022759e-03 -7.551729173806533879e+01
3.145700000000000163e-01 3.450329999999999786e-01 -6.622499999999975628e-03 3.311500000000022759e-03 1.655249999999983124e-03 3.311250000000001692e-03 -6.752432312139819715e+01
3.079470000000000263e-01 3.516560000000000241e-01 -3.311499999999995003e-03 6.622500000000003384e-03 3.311249999999987814e-03 3.310999999999980625e-03 -8.103163503035186466e+01
3.079470000000000263e-01 3.582779999999999854e-01 0.000000000000000000e+00 9.933499999999984009e-03 3.311499999999995003e-03 3.311250000000001692e-03 -3.355986206445719233e+01
3.079470000000000263e-01 3.715229999999999921e-01 3.311499999999995003e-03 1.324500000000000677e-02 8.278249999999987008e-03 1.655750000000011379e-03 -4.093133566780929300e+01
3.145700000000000163e-01 3.847679999999999989e-01 1.655649999999997402e-02 1.324500000000000677e-02 1.158924999999999539e-02 -1.655500000000004190e-03 -1.898000151186126416e+01
3.410599999999999743e-01 3.980130000000000057e-01 2.648999999999998578e-02 9.933999999999998387e-03 1.655500000000018068e-03 -3.311250000000001692e-03 -4.599809539637918832e+00
3.675499999999999878e-01 4.046359999999999957e-01 1.986750000000001015e-02 6.622500000000003384e-03 -4.966999999999985316e-03 -4.966999999999999194e-03 -7.162757065357014064e+00
3.807949999999999946e-01 4.112580000000000124e-01 1.655600000000001515e-02 0.000000000000000000e+00 -3.311250000000001692e-03 -8.278000000000007574e-03 -3.020053152935489038e+01
4.006620000000000181e-01 4.046359999999999957e-01 1.324500000000000677e-02 -9.933500000000011765e-03 -6.622250000000010073e-03 -6.622500000000003384e-03 -3.382409185480509706e+01
4.072850000000000081e-01 3.913909999999999889e-01 3.311499999999995003e-03 -1.324500000000000677e-02 -6.622500000000003384e-03 -1.655749999999997502e-03 -3.662280828337375027e+01
4.072850000000000081e-01 3.781459999999999821e-01 0.000000000000000000e+00 -1.324500000000000677e-02 -1.655749999999997502e-03 1.387778780781445676e-17 -9.438236128621628751e+00
4.072850000000000081e-01 3.649009999999999754e-01 0.000000000000000000e+00 -1.324499999999997901e-02 0.000000000000000000e+00 1.655500000000004190e-03 0.000000000000000000e+00
4.072850000000000081e-01 3.516560000000000241e-01 0.000000000000000000e+00 -9.933999999999998387e-03 1.655500000000004190e-03 4.966749999999978127e-03 1.677570860370213879e+01
4.072850000000000081e-01 3.450329999999999786e-01 3.311000000000008381e-03 -3.311500000000022759e-03 3.311250000000001692e-03 6.622750000000010573e-03 3.203201693304255286e+02
4.139070000000000249e-01 3.450329999999999786e-01 6.622500000000003384e-03 3.311500000000022759e-03 3.311499999999995003e-03 6.622750000000010573e-03 8.103163503035192150e+01
4.205300000000000149e-01 3.516560000000000241e-01 9.933999999999998387e-03 9.933999999999998387e-03 1.655499999999990313e-03 4.966749999999978127e-03 1.186311298015638549e+01
4.337750000000000217e-01 3.649009999999999754e-01 9.933499999999984009e-03 1.324499999999997901e-02 -2.500000000071889161e-07 1.655500000000004190e-03 3.624472396452864231e+00
4.403969999999999829e-01 3.781459999999999821e-01 9.933499999999984009e-03 1.324500000000000677e-02 1.655750000000011379e-03 -3.311249999999987814e-03 -1.208054095329238997e+01
4.536419999999999897e-01 3.913909999999999889e-01 1.324500000000000677e-02 6.622500000000003384e-03 3.311500000000008881e-03 -3.311250000000001692e-03 -2.025933637162319556e+01
4.668869999999999965e-01 3.913909999999999889e-01 1.655650000000000177e-02 6.622500000000003384e-03 4.966999999999985316e-03 0.000000000000000000e+00 -5.801312446718629445e+00
4.867549999999999932e-01 4.046359999999999957e-01 2.317899999999997740e-02 6.622500000000003384e-03 3.311249999999987814e-03 -3.311250000000001692e-03 -7.044130368702738565e+00
5.132449999999999513e-01 4.046359999999999957e-01 2.317899999999997740e-02 0.000000000000000000e+00 -3.311249999999973936e-03 -4.966999999999999194e-03 -9.244954307469450683e+00
5.331129999999999480e-01 4.046359999999999957e-01 1.655650000000002953e-02 -3.311499999999995003e-03 -3.311499999999981125e-03 -4.966999999999999194e-03 -1.936276512918287551e+01
5.463580000000000103e-01 3.980130000000000057e-01 1.655600000000001515e-02 -9.933999999999998387e-03 -2.500000000071889161e-07 -8.278000000000007574e-03 -1.904145831228185060e+01
5.662249999999999783e-01 3.847679999999999989e-01 1.655600000000001515e-02 -1.986750000000001015e-02 -3.311000000000008381e-03 -4.966750000000005882e-03 -8.557182978879023239e+00
5.794700000000000406e-01 3.582779999999999854e-01 9.933999999999998387e-03 -1.986750000000001015e-02 -4.966750000000019760e-03 1.387778780781445676e-17 -9.003560343759627216e+00
5.860929999999999751e-01 3.450329999999999786e-01 6.622499999999975628e-03 -1.986749999999998240e-02 -1.655749999999983624e-03 -3.311249999999987814e-03 -5.969084393553218959e+00
5.927149999999999919e-01 3.185430000000000206e-01 6.622500000000031140e-03 -2.648999999999998578e-02 2.775557561562891351e-17 -1.387778780781445676e-17 3.160101025449643012e-14
5.993380000000000374e-01 2.920530000000000070e-01 6.622500000000031140e-03 -1.986750000000001015e-02 -1.655750000000011379e-03 3.311249999999987814e-03 -1.194033189071010082e+00
6.059600000000000541e-01 2.788080000000000003e-01 3.311000000000008381e-03 -1.986750000000001015e-02 -4.966750000000019760e-03 -1.655749999999997502e-03 -1.274739230626294173e+01
6.059600000000000541e-01 2.523179999999999867e-01 -3.311000000000008381e-03 -2.317900000000000515e-02 -4.966750000000019760e-03 3.311250000000008631e-03 -9.822691499829524275e+00
5.993380000000000374e-01 2.324499999999999900e-01 -6.622500000000031140e-03 -1.324499999999999289e-02 -1.655750000000011379e-03 4.967000000000006132e-03 -1.688312020862526097e+01
5.927149999999999919e-01 2.258280000000000010e-01 -6.622500000000031140e-03 -1.324499999999999289e-02 -3.311249999999987814e-03 -1.655750000000004440e-03 -1.012915833740271054e+01
5.860929999999999751e-01 2.059600000000000042e-01 -1.324500000000000677e-02 -1.655650000000000177e-02 -3.311249999999987814e-03 1.655749999999997502e-03 -8.052529785281430819e+00
5.662249999999999783e-01 1.927149999999999974e-01 -1.324500000000000677e-02 -9.933499999999997887e-03 0.000000000000000000e+00 3.311500000000001942e-03 -9.665016487017846103e+00
5.596029999999999616e-01 1.860930000000000084e-01 -1.324500000000000677e-02 -9.933499999999997887e-03 -3.311249999999987814e-03 1.655499999999997252e-03 -1.207981129781241947e+01
5.397349999999999648e-01 1.728480000000000016e-01 -1.986749999999998240e-02 -6.622500000000003384e-03 -3.311249999999987814e-03 3.311000000000001442e-03 -9.549561633063690991e+00
5.198679999999999968e-01 1.728480000000000016e-01 -1.986749999999998240e-02 -3.311499999999995003e-03 1.655499999999990313e-03 1.655500000000004190e-03 -3.354311909128560032e+00
5.000000000000000000e-01 1.662250000000000116e-01 -1.655650000000000177e-02 -3.311499999999995003e-03 3.311249999999987814e-03 1.655749999999997502e-03 -3.417120417078631789e+00
4.867549999999999932e-01 1.662250000000000116e-01 -1.324500000000000677e-02 0.000000000000000000e+00 1.655749999999997502e-03 3.311499999999995003e-03 -1.887647225724325750e+01
4.735099999999999865e-01 1.662250000000000116e-01 -1.324500000000000677e-02 3.311499999999995003e-03 0.000000000000000000e+00 3.311249999999994753e-03 -1.723410963598172430e+01
4.602649999999999797e-01 1.728480000000000016e-01 -1.324500000000000677e-02 6.622499999999989506e-03 1.655500000000004190e-03 3.311000000000001442e-03 -1.688108081499004243e+01
4.470199999999999729e-01 1.794699999999999906e-01 -9.933999999999998387e-03 9.933499999999997887e-03 4.966750000000005882e-03 1.655750000000004440e-03 -2.372712162758216436e+01
4.403969999999999829e-01 1.927149999999999974e-01 -3.311499999999995003e-03 9.933999999999998387e-03 3.311500000000008881e-03 2.500000000002500222e-07 -2.865131660447443807e+01
4.403969999999999829e-01 1.993379999999999874e-01 -3.310999999999980625e-03 9.933999999999998387e-03 2.500000000071889161e-07 -2.499999999933111283e-07 -1.442112614670552689e-03
4.337750000000000217e-01 2.125829999999999942e-01 -3.310999999999980625e-03 9.933500000000011765e-03 1.655499999999990313e-03 -2.500000000002500222e-07 -1.432428833117617550e+01
4.337750000000000217e-01 2.192050000000000110e-01 0.000000000000000000e+00 9.933499999999997887e-03 1.655499999999990313e-03 3.311499999999988064e-03 -1.677739744759428575e+01
4.337750000000000217e-01 2.324499999999999900e-01 0.000000000000000000e+00 1.655649999999998789e-02 -1.655750000000011379e-03 3.311500000000001942e-03 6.040288703765758882e+00
4.337750000000000217e-01 2.523179999999999867e-01 -3.311500000000022759e-03 1.655650000000000177e-02 -3.311250000000001692e-03 -3.311499999999988064e-03 1.366762176443942245e+01
4.271519999999999762e-01 2.655629999999999935e-01 -6.622500000000003384e-03 9.933500000000011765e-03 -4.966749999999978127e-03 -3.311499999999995003e-03 4.188167216176536556e+01
4.205300000000000149e-01 2.721850000000000103e-01 -1.324499999999997901e-02 9.933500000000011765e-03 -4.966999999999999194e-03 -1.655500000000004190e-03 1.570410126662307349e+01
4.006620000000000181e-01 2.854300000000000170e-01 -1.655650000000000177e-02 6.622500000000003384e-03 -1.655500000000018068e-03 -4.966750000000005882e-03 1.643634627765274914e+01
3.874170000000000114e-01 2.854300000000000170e-01 -1.655600000000001515e-02 0.000000000000000000e+00 2.499999999933111283e-07 -4.966750000000005882e-03 1.812013650319200764e+01
3.675499999999999878e-01 2.854300000000000170e-01 -1.655600000000001515e-02 -3.311000000000008381e-03 3.311000000000008381e-03 -4.966750000000005882e-03 1.936272543983666239e+01
3.543049999999999811e-01 2.788080000000000003e-01 -9.933999999999998387e-03 -9.933500000000011765e-03 4.966750000000005882e-03 -4.966999999999999194e-03 3.559113028627754005e+01
3.476819999999999911e-01 2.655629999999999935e-01 -6.622500000000003384e-03 -1.324500000000000677e-02 3.311499999999995003e-03 -3.311499999999995003e-03 2.026035606844071424e+01
3.410599999999999743e-01 2.523179999999999867e-01 -3.311000000000008381e-03 -1.655650000000000177e-02 3.311250000000001692e-03 -1.655749999999990563e-03 1.252857058241774801e+01
3.410599999999999743e-01 2.324499999999999900e-01 0.000000000000000000e+00 -1.655649999999998789e-02 3.311000000000008381e-03 1.655750000000004440e-03 1.207875337349741152e+01
3.410599999999999743e-01 2.192050000000000110e-01 3.311000000000008381e-03 -1.324499999999999289e-02 3.311250000000001692e-03 2.499999999933111283e-07 1.723489416032216681e+01
3.476819999999999911e-01 2.059600000000000042e-01 6.622500000000003384e-03 -1.655600000000000127e-02 3.311499999999995003e-03 -6.938893903907228378e-18 9.669949953909494411e+00
3.543049999999999811e-01 1.860930000000000084e-01 9.933999999999998387e-03 -1.324500000000000677e-02 3.311250000000001692e-03 3.311000000000001442e-03 1.691121779259480817e+01
3.675499999999999878e-01 1.794699999999999906e-01 1.324500000000000677e-02 -9.933999999999998387e-03 1.655500000000004190e-03 1.655750000000004440e-03 8.455973704205833386e+00
3.807949999999999946e-01 1.662250000000000116e-01 1.324500000000000677e-02 -9.933499999999997887e-03 0.000000000000000000e+00 3.311499999999995003e-03 9.665016487017824787e+00
3.940400000000000014e-01 1.596029999999999949e-01 1.324500000000000677e-02 -3.311000000000008381e-03 -1.655749999999997502e-03 4.966749999999998944e-03 2.369688161785325775e+01
4.072850000000000081e-01 1.596029999999999949e-01 9.933500000000011765e-03 0.000000000000000000e+00 -3.311250000000001692e-03 1.655500000000004190e-03 1.677739744759438167e+01
4.139070000000000249e-01 1.596029999999999949e-01 6.622500000000003384e-03 0.000000000000000000e+00 -3.311000000000008381e-03 1.655500000000004190e-03 3.774724423598531331e+01
4.205300000000000149e-01 1.596029999999999949e-01 3.311499999999995003e-03 3.311000000000008381e-03 -1.655750000000011379e-03 3.311250000000001692e-03 1.601681460763113307e+02
4.205300000000000149e-01 1.662250000000000116e-01 3.310999999999980625e-03 6.622500000000003384e-03 -2.500000000071889161e-07 1.655749999999990563e-03 1.351057506194825208e+01
4.271519999999999762e-01 1.728480000000000016e-01 3.310999999999980625e-03 6.622499999999989506e-03 2.500000000210667039e-07 0.000000000000000000e+00 -4.078972040177409296e-03
4.271519999999999762e-01 1.794699999999999906e-01 3.311500000000022759e-03 6.622500000000003384e-03 2.500000000210667039e-07 6.938893903907228378e-18 -4.078602501070751479e-03
4.337750000000000217e-01 1.860930000000000084e-01 3.311500000000022759e-03 6.622500000000003384e-03 -1.655750000000011379e-03 -6.938893903907228378e-18 2.701258436269035457e+01
4.337750000000000217e-01 1.927149999999999974e-01 0.000000000000000000e+00 6.622499999999989506e-03 -1.655750000000011379e-03 0.000000000000000000e+00 3.775294451448700528e+01
4.337750000000000217e-01 1.993379999999999874e-01 0.000000000000000000e+00 6.622500000000003384e-03 0.000000000000000000e+00 -2.499999999863722344e-07 -0.000000000000000000e+00
4.337750000000000217e-01 2.059600000000000042e-01 0.000000000000000000e+00 6.622000000000016762e-03 0.000000000000000000e+00 -4.999999999866222566e-07 -0.000000000000000000e+00
