4.602649999999999797e-01 2.390730000000000077e-01 0.000000000000000000e+00 6.621999999999989006e-03 0.000000000000000000e+00 5.000000000005000445e-07 0.000000000000000000e+00
4.602649999999999797e-01 2.456949999999999967e-01 0.000000000000000000e+00 6.622499999999989506e-03 -1.655749999999997502e-03 -1.655249999999997002e-03 3.775294451448668553e+01
4.602649999999999797e-01 2.523179999999999867e-01 -3.311499999999995003e-03 3.311499999999995003e-03 -3.311250000000001692e-03 -1.655749999999990563e-03 1.601399349410807247e+02
4.536419999999999897e-01 2.523179999999999867e-01 -6.622500000000003384e-03 3.311000000000008381e-03 -1.655500000000004190e-03 -2.499999999933111283e-07 1.350853572990984830e+01
4.470199999999999729e-01 2.589400000000000035e-01 -6.622500000000003384e-03 3.311000000000008381e-03 1.387778780781445676e-17 2.499999999933111283e-07 -4.078972039837724418e-03
4.403969999999999829e-01 2.589400000000000035e-01 -6.622499999999975628e-03 3.311499999999995003e-03 0.000000000000000000e+00 2.499999999933111283e-07 -4.078602500674587475e-03
4.337750000000000217e-01 2.655629999999999935e-01 -6.622500000000003384e-03 3.311499999999995003e-03 -1.387778780781445676e-17 -1.655749999999997502e-03 2.701258436269043628e+01
4.271519999999999762e-01 2.655629999999999935e-01 -6.622500000000003384e-03 0.000000000000000000e+00 -1.655499999999990313e-03 -1.655749999999997502e-03 3.775294451448651500e+01
4.205300000000000149e-01 2.655629999999999935e-01 -9.933499999999984009e-03 0.000000000000000000e+00 -1.655749999999997502e-03 0.000000000000000000e+00 0.000000000000000000e+00
4.072850000000000081e-01 2.655629999999999935e-01 -9.933999999999998387e-03 0.000000000000000000e+00 1.655499999999990313e-03 -1.655749999999997502e-03 1.677824193330093649e+01
4.006620000000000181e-01 2.655629999999999935e-01 -6.622500000000003384e-03 -3.311499999999995003e-03 1.655749999999997502e-03 -1.655749999999997502e-03 4.051989627164446972e+01
3.940400000000000014e-01 2.589400000000000035e-01 -6.622500000000003384e-03 -3.311499999999995003e-03 0.000000000000000000e+00 2.499999999933111283e-07 -4.078602500674562321e-03
3.874170000000000114e-01 2.589400000000000035e-01 -6.622500000000003384e-03 -3.311000000000008381e-03 0.000000000000000000e+00 2.499999999933111283e-07 -4.078972039724518966e-03
3.807949999999999946e-01 2.523179999999999867e-01 -6.622500000000003384e-03 -3.311000000000008381e-03 1.655500000000004190e-03 -2.499999999933111283e-07 1.350853572990984830e+01
3.741720000000000046e-01 2.523179999999999867e-01 -3.311499999999995003e-03 -3.311499999999995003e-03 1.655749999999997502e-03 -1.655749999999990563e-03 1.067653300900720410e+02
3.741720000000000046e-01 2.456949999999999967e-01 -3.311000000000008381e-03 -6.622499999999989506e-03 2.499999999933111283e-07 -1.655500000000004190e-03 1.350853572990991580e+01
3.675499999999999878e-01 2.390730000000000077e-01 -3.311000000000008381e-03 -6.622500000000003384e-03 1.655500000000004190e-03 -1.655750000000004440e-03 4.051744893768699285e+01
3.675499999999999878e-01 2.324499999999999900e-01 0.000000000000000000e+00 -9.933999999999998387e-03 3.311000000000008381e-03 -1.655499999999997252e-03 3.355141720740427758e+01
3.675499999999999878e-01 2.192050000000000110e-01 3.311000000000008381e-03 -9.933499999999997887e-03 3.311250000000001692e-03 3.311499999999995003e-03 3.820314964330253815e+01
3.741720000000000046e-01 2.125829999999999942e-01 6.622500000000003384e-03 -3.311000000000008381e-03 3.311499999999995003e-03 4.966749999999998944e-03 1.080499296951920059e+02
3.807949999999999946e-01 2.125829999999999942e-01 9.933999999999998387e-03 0.000000000000000000e+00 3.311250000000001692e-03 3.311000000000008381e-03 3.355141720740427758e+01
3.940400000000000014e-01 2.125829999999999942e-01 1.324500000000000677e-02 3.311000000000008381e-03 -2.499999999933111283e-07 1.655500000000004190e-03 8.616959112929501785e+00
4.072850000000000081e-01 2.192050000000000110e-01 9.933500000000011765e-03 3.311000000000008381e-03 -3.311250000000001692e-03 2.499999999933111283e-07 9.552409844687305807e+00
4.139070000000000249e-01 2.192050000000000110e-01 6.622500000000003384e-03 3.311499999999995003e-03 -1.655500000000018068e-03 2.499999999933111283e-07 1.350935105623696764e+01
4.205300000000000149e-01 2.258280000000000010e-01 6.622499999999975628e-03 3.311499999999995003e-03 -1.655750000000011379e-03 -2.500000000002500222e-07 1.350323330645360898e+01
4.271519999999999762e-01 2.258280000000000010e-01 3.310999999999980625e-03 3.310999999999994503e-03 -1.655499999999976435e-03 1.655500000000004190e-03 1.067814529124960359e+02
4.271519999999999762e-01 2.324499999999999900e-01 3.311500000000022759e-03 6.622500000000003384e-03 1.655750000000011379e-03 1.655750000000004440e-03 -1.350527245373616481e+01
4.337750000000000217e-01 2.390730000000000077e-01 6.622500000000003384e-03 6.622500000000003384e-03 -2.500000000210667039e-07 -6.938893903907228378e-18 2.015352791594557900e-03
4.403969999999999829e-01 2.456949999999999967e-01 3.310999999999980625e-03 6.622499999999989506e-03 -3.311250000000001692e-03 0.000000000000000000e+00 5.402598466759721418e+01
4.403969999999999829e-01 2.523179999999999867e-01 0.000000000000000000e+00 6.622500000000003384e-03 -1.655499999999990313e-03 6.938893903907228378e-18 3.774724423598500067e+01
4.403969999999999829e-01 2.589400000000000035e-01 0.000000000000000000e+00 6.622500000000003384e-03 1.655749999999997502e-03 -1.655500000000004190e-03 -3.775294451448651500e+01
4.403969999999999829e-01 2.655629999999999935e-01 3.311499999999995003e-03 3.311499999999995003e-03 1.655749999999997502e-03 -4.966999999999999194e-03 -2.135225999861170862e+02
4.470199999999999729e-01 2.655629999999999935e-01 3.311499999999995003e-03 -3.311499999999995003e-03 -2.499999999933111283e-07 -4.966999999999999194e-03 -1.601479951351083741e+02
4.470199999999999729e-01 2.589400000000000035e-01 3.311000000000008381e-03 -6.622500000000003384e-03 1.655500000000004190e-03 -1.655500000000004190e-03 1.350649608990840456e+01
4.536419999999999897e-01 2.523179999999999867e-01 6.622500000000003384e-03 -6.622500000000003384e-03 1.655749999999997502e-03 6.938893903907228378e-18 1.334768153797650037e+01
4.602649999999999797e-01 2.456949999999999967e-01 6.622500000000003384e-03 -6.622499999999989506e-03 0.000000000000000000e+00 -1.655499999999997252e-03 -1.334566618518500469e+01
4.668869999999999965e-01 2.390730000000000077e-01 6.622500000000003384e-03 -9.933499999999997887e-03 0.000000000000000000e+00 -6.938893903907228378e-18 -2.700498697514029811e-14
4.735099999999999865e-01 2.258280000000000010e-01 6.622500000000003384e-03 -6.622500000000003384e-03 0.000000000000000000e+00 3.311000000000001442e-03 2.669133237036998096e+01
4.801320000000000032e-01 2.258280000000000010e-01 6.622500000000003384e-03 -3.311499999999995003e-03 0.000000000000000000e+00 0.000000000000000000e+00 0.000000000000000000e+00
4.867549999999999932e-01 2.192050000000000110e-01 6.622500000000003384e-03 -6.622500000000003384e-03 0.000000000000000000e+00 2.499999999933111283e-07 2.015352791426746389e-03
4.933770000000000100e-01 2.125829999999999942e-01 6.622500000000003384e-03 -3.311000000000008381e-03 2.500000000071889161e-07 1.655500000000004190e-03 2.701299217981692280e+01
5.000000000000000000e-01 2.125829999999999942e-01 6.623000000000017762e-03 -3.311499999999995003e-03 1.655749999999997502e-03 -2.499999999933111283e-07 1.350078655753187284e+01
5.066230000000000455e-01 2.059600000000000042e-01 9.933999999999998387e-03 -3.311499999999995003e-03 3.310999999999966747e-03 1.655749999999997502e-03 2.387453495249640767e+01
5.198679999999999968e-01 2.059600000000000042e-01 1.324499999999995126e-02 0.000000000000000000e+00 1.655500000000004190e-03 1.655749999999997502e-03 9.438236128621710463e+00
5.331129999999999480e-01 2.059600000000000042e-01 1.324500000000000677e-02 0.000000000000000000e+00 2.775557561562891351e-17 0.000000000000000000e+00 0.000000000000000000e+00
5.463580000000000103e-01 2.059600000000000042e-01 1.324500000000000677e-02 0.000000000000000000e+00 0.000000000000000000e+00 0.000000000000000000e+00 0.000000000000000000e+00
5.596029999999999616e-01 2.059600000000000042e-01 1.324500000000000677e-02 0.000000000000000000e+00 -1.655749999999983624e-03 1.655749999999997502e-03 9.438236128621628751e+00
5.728480000000000238e-01 2.059600000000000042e-01 9.933500000000039520e-03 3.311499999999995003e-03 -3.311250000000015570e-03 3.311250000000001692e-03 3.820214011873795812e+01
5.794700000000000406e-01 2.125829999999999942e-01 6.622499999999975628e-03 6.622500000000003384e-03 -1.655500000000031946e-03 1.655500000000004190e-03 2.669133237037037532e+01
5.860929999999999751e-01 2.192050000000000110e-01 6.622499999999975628e-03 6.622500000000003384e-03 2.775557561562891351e-17 -6.938893903907228378e-18 -2.796863839805540233e-13
5.927149999999999919e-01 2.258280000000000010e-01 6.622500000000031140e-03 6.622499999999989506e-03 2.775557561562891351e-17 1.655499999999997252e-03 1.334566618518475067e+01
5.993380000000000374e-01 2.324499999999999900e-01 6.622500000000031140e-03 9.933499999999997887e-03 -1.655750000000011379e-03 1.655750000000004440e-03 1.610949548575201007e+01
6.059600000000000541e-01 2.456949999999999967e-01 3.311000000000008381e-03 9.933999999999998387e-03 -3.311250000000015570e-03 2.500000000002500222e-07 2.865045131404090384e+01
6.059600000000000541e-01 2.523179999999999867e-01 0.000000000000000000e+00 9.933999999999998387e-03 -1.655500000000004190e-03 1.655500000000004190e-03 1.677570860370213879e+01
6.059600000000000541e-01 2.655629999999999935e-01 0.000000000000000000e+00 1.324500000000000677e-02 0.000000000000000000e+00 1.655500000000004190e-03 0.000000000000000000e+00
6.059600000000000541e-01 2.788080000000000003e-01 0.000000000000000000e+00 1.324500000000000677e-02 0.000000000000000000e+00 0.000000000000000000e+00 0.000000000000000000e+00
6.059600000000000541e-01 2.920530000000000070e-01 0.000000000000000000e+00 1.324500000000000677e-02 -1.655500000000004190e-03 -1.655500000000004190e-03 9.436811058996328327e+00
6.059600000000000541e-01 3.052980000000000138e-01 -3.311000000000008381e-03 9.933999999999998387e-03 -3.311250000000015570e-03 -1.655500000000004190e-03 3.342384428607380897e+01
5.993380000000000374e-01 3.119210000000000038e-01 -6.622500000000031140e-03 9.933999999999998387e-03 -1.655750000000011379e-03 1.655500000000004190e-03 3.222827035707350962e+00
5.927149999999999919e-01 3.251660000000000106e-01 -6.622500000000031140e-03 1.324500000000000677e-02 2.775557561562891351e-17 -2.500000000071889161e-07 5.098484086900365942e-04
5.860929999999999751e-01 3.384110000000000174e-01 -6.622499999999975628e-03 9.933499999999984009e-03 1.655500000000031946e-03 -1.655750000000011379e-03 -3.220245091957914418e+00
5.794700000000000406e-01 3.450329999999999786e-01 -3.311499999999967248e-03 9.933499999999984009e-03 -2.775557561562891351e-17 2.500000000071889161e-07 -7.211216378992599133e-04
5.794700000000000406e-01 3.582779999999999854e-01 -6.622500000000031140e-03 9.933999999999998387e-03 -3.311000000000036136e-03 -1.655499999999990313e-03 2.576948255294607648e+01
5.662249999999999783e-01 3.649009999999999754e-01 -9.933500000000039520e-03 6.622500000000003384e-03 1.655750000000011379e-03 -1.655749999999997502e-03 3.221704491019804717e+00
5.596029999999999616e-01 3.715229999999999921e-01 -3.311000000000008381e-03 6.622500000000003384e-03 1.655500000000031946e-03 1.655749999999997502e-03 -4.051744893768738365e+01
5.596029999999999616e-01 3.781459999999999821e-01 -6.622499999999975628e-03 9.933999999999998387e-03 -3.311499999999995003e-03 0.000000000000000000e+00 1.933015215237845652e+01
5.463580000000000103e-01 3.913909999999999889e-01 -9.933999999999998387e-03 6.622500000000003384e-03 -2.775557561562891351e-17 -3.311499999999995003e-03 1.933015215237848494e+01
5.397349999999999648e-01 3.913909999999999889e-01 -6.622500000000031140e-03 3.311000000000008381e-03 1.655750000000011379e-03 0.000000000000000000e+00 -1.350649608990838324e+01
5.331129999999999480e-01 3.980130000000000057e-01 -6.622499999999975628e-03 6.622500000000003384e-03 -1.655749999999983624e-03 2.499999999933111283e-07 1.334566618518499226e+01
5.264900000000000135e-01 4.046359999999999957e-01 -9.933999999999998387e-03 3.311499999999995003e-03 -1.655500000000004190e-03 -1.655749999999997502e-03 1.909991637145544630e+01
5.132449999999999513e-01 4.046359999999999957e-01 -9.933499999999984009e-03 3.311000000000008381e-03 1.655750000000011379e-03 -2.499999999933111283e-07 -4.773320577330764536e+00
5.066230000000000455e-01 4.112580000000000124e-01 -6.622499999999975628e-03 3.311000000000008381e-03 1.655249999999983124e-03 -1.655500000000004190e-03 1.350853542194693802e+01
5.000000000000000000e-01 4.112580000000000124e-01 -6.623000000000017762e-03 0.000000000000000000e+00 -1.387778780781445676e-17 -1.655500000000004190e-03 3.774154503330034061e+01
4.933770000000000100e-01 4.112580000000000124e-01 -6.622500000000003384e-03 0.000000000000000000e+00 2.500000000071889161e-07 -1.655500000000004190e-03 3.774724423598531331e+01
4.867549999999999932e-01 4.112580000000000124e-01 -6.622500000000003384e-03 -3.311000000000008381e-03 0.000000000000000000e+00 -3.311250000000001692e-03 5.402598466759678075e+01
4.801320000000000032e-01 4.046359999999999957e-01 -6.622500000000003384e-03 -6.622500000000003384e-03 1.655749999999997502e-03 -1.655749999999997502e-03 2.669536307595288704e+01
4.735099999999999865e-01 3.980130000000000057e-01 -3.311000000000008381e-03 -6.622500000000003384e-03 3.311250000000001692e-03 0.000000000000000000e+00 5.402598466759678075e+01
4.735099999999999865e-01 3.913909999999999889e-01 0.000000000000000000e+00 -6.622500000000003384e-03 1.655500000000004190e-03 0.000000000000000000e+00 3.774724423598531331e+01
4.735099999999999865e-01 3.847679999999999989e-01 0.000000000000000000e+00 -6.622500000000003384e-03 0.000000000000000000e+00 0.000000000000000000e+00 0.000000000000000000e+00
4.735099999999999865e-01 3.781459999999999821e-01 0.000000000000000000e+00 -6.622500000000003384e-03 0.000000000000000000e+00 0.000000000000000000e+00 0.000000000000000000e+00
4.735099999999999865e-01 3.715229999999999921e-01 0.000000000000000000e+00 -6.622500000000003384e-03 0.000000000000000000e+00 3.311250000000001692e-03 0.000000000000000000e+00
4.735099999999999865e-01 3.649009999999999754e-01 0.000000000000000000e+00 0.000000000000000000e+00 0.000000000000000000e+00 6.622500000000003384e-03 0.000000000000000000e+00
4.735099999999999865e-01 3.715229999999999921e-01 0.000000000000000000e+00 6.622500000000003384e-03 0.000000000000000000e+00 3.311250000000001692e-03 0.000000000000000000e+00
4.735099999999999865e-01 3.781459999999999821e-01 0.000000000000000000e+00 6.622500000000003384e-03 -1.655749999999997502e-03 -1.655749999999997502e-03 3.775294451448651500e+01
4.735099999999999865e-01 3.847679999999999989e-01 -3.311499999999995003e-03 3.311000000000008381e-03 -1.655749999999997502e-03 -1.655500000000004190e-03 1.067733893710506976e+02
4.668869999999999965e-01 3.847679999999999989e-01 -3.311499999999995003e-03 3.311499999999995003e-03 2.499999999933111283e-07 1.655749999999997502e-03 -5.339072523906354917e+01
4.668869999999999965e-01 3.913909999999999889e-01 -3.311000000000008381e-03 6.622500000000003384e-03 -1.655500000000004190e-03 -2.499999999933111283e-07 2.701299217981680911e+01
4.602649999999999797e-01 3.980130000000000057e-01 -6.622500000000003384e-03 3.311000000000008381e-03 -2.499999999933111283e-07 -1.655500000000004190e-03 2.701299217981680911e+01
4.536419999999999897e-01 3.980130000000000057e-01 -3.311499999999995003e-03 3.311499999999995003e-03 1.655749999999997502e-03 2.499999999933111283e-07 -5.339072523906354917e+01
4.536419999999999897e-01 4.046359999999999957e-01 -3.311000000000008381e-03 3.311499999999995003e-03 -1.655500000000004190e-03 -2.499999999933111283e-07 5.339475548798407090e+01
4.470199999999999729e-01 4.046359999999999957e-01 -6.622500000000003384e-03 3.311000000000008381e-03 -4.966999999999985316e-03 -2.499999999933111283e-07 4.052152790972653662e+01
4.403969999999999829e-01 4.112580000000000124e-01 -1.324499999999997901e-02 3.311000000000008381e-03 -3.311249999999987814e-03 -1.655500000000004190e-03 1.292495075128365301e+01
4.205300000000000149e-01 4.112580000000000124e-01 -1.324499999999997901e-02 0.000000000000000000e+00 3.311249999999987814e-03 -1.655500000000004190e-03 9.436811058996370960e+00
4.139070000000000249e-01 4.112580000000000124e-01 -6.622500000000003384e-03 0.000000000000000000e+00 3.311249999999987814e-03 0.000000000000000000e+00 -0.000000000000000000e+00
4.072850000000000081e-01 4.112580000000000124e-01 -6.622500000000003384e-03 0.000000000000000000e+00 0.000000000000000000e+00 0.000000000000000000e+00 -0.000000000000000000e+00
4.006620000000000181e-01 4.112580000000000124e-01 -6.622500000000003384e-03 0.000000000000000000e+00 0.000000000000000000e+00 -1.655500000000004190e-03 3.774724423598531331e+01
3.940400000000000014e-01 4.112580000000000124e-01 -6.622500000000003384e-03 -3.311000000000008381e-03 1.655500000000004190e-03 -4.966750000000005882e-03 9.454139427324543021e+01
3.874170000000000114e-01 4.046359999999999957e-01 -3.311499999999995003e-03 -9.933500000000011765e-03 3.311250000000001692e-03 -3.311499999999995003e-03 3.820286124037622955e+01
3.874170000000000114e-01 3.913909999999999889e-01 0.000000000000000000e+00 -9.933999999999998387e-03 2.499999999933111283e-07 1.655500000000004190e-03 2.533329598799947957e-03
3.874170000000000114e-01 3.847679999999999989e-01 -3.311000000000008381e-03 -6.622500000000003384e-03 -1.655500000000004190e-03 1.655749999999997502e-03 -4.051744893768693601e+01
3.807949999999999946e-01 3.781459999999999821e-01 -3.311000000000008381e-03 -6.622500000000003384e-03 1.655500000000004190e-03 0.000000000000000000e+00 2.701095284777852612e+01
3.807949999999999946e-01 3.715229999999999921e-01 0.000000000000000000e+00 -6.622500000000003384e-03 1.655500000000004190e-03 0.000000000000000000e+00 3.774724423598531331e+01
3.807949999999999946e-01 3.649009999999999754e-01 0.000000000000000000e+00 -6.622500000000003384e-03 0.000000000000000000e+00 1.387778780781445676e-17 0.000000000000000000e+00
3.807949999999999946e-01 3.582779999999999854e-01 0.000000000000000000e+00 -6.622499999999975628e-03 0.000000000000000000e+00 0.000000000000000000e+00 0.000000000000000000e+00
3.807949999999999946e-01 3.516560000000000241e-01 0.000000000000000000e+00 -6.622500000000003384e-03 0.000000000000000000e+00 -2.500000000349444917e-07 0.000000000000000000e+00
3.807949999999999946e-01 3.450329999999999786e-01 0.000000000000000000e+00 -6.623000000000045517e-03 0.000000000000000000e+00 -5.000000000421334079e-07 0.000000000000000000e+00
