3.476819999999999911e-01 2.456949999999999967e-01 -6.622000000000016762e-03 0.000000000000000000e+00 -4.999999999866222566e-07 0.000000000000000000e+00 0.000000000000000000e+00
3.410599999999999743e-01 2.456949999999999967e-01 -6.622500000000003384e-03 0.000000000000000000e+00 1.655250000000010879e-03 3.311250000000001692e-03 -7.550018875047183542e+01
3.344369999999999843e-01 2.456949999999999967e-01 -3.311499999999995003e-03 6.622500000000003384e-03 3.311250000000001692e-03 6.622500000000003384e-03 -1.080462588482606350e+02
3.344369999999999843e-01 2.589400000000000035e-01 0.000000000000000000e+00 1.324500000000000677e-02 1.655749999999997502e-03 3.311250000000001692e-03 -9.438236128621628751e+00
3.344369999999999843e-01 2.721850000000000103e-01 0.000000000000000000e+00 1.324500000000000677e-02 0.000000000000000000e+00 0.000000000000000000e+00 0.000000000000000000e+00
3.344369999999999843e-01 2.854300000000000170e-01 0.000000000000000000e+00 1.324500000000000677e-02 3.311250000000001692e-03 1.655749999999997502e-03 -1.887504718761795885e+01
3.344369999999999843e-01 2.986750000000000238e-01 6.622500000000003384e-03 1.655650000000000177e-02 6.622500000000003384e-03 1.655749999999997502e-03 -1.740364534738129620e+01
3.476819999999999911e-01 3.185430000000000206e-01 1.324500000000000677e-02 1.655650000000000177e-02 1.655749999999997502e-03 -1.655750000000011379e-03 -5.176893046443508339e+00
3.609269999999999978e-01 3.317880000000000273e-01 9.933999999999998387e-03 1.324499999999997901e-02 -1.655500000000004190e-03 -3.311250000000001692e-03 -2.416487585330448162e+00
3.675499999999999878e-01 3.450329999999999786e-01 9.933999999999998387e-03 9.933999999999998387e-03 -2.499999999933111283e-07 -3.311249999999987814e-03 -1.186221731288723902e+01
3.807949999999999946e-01 3.516560000000000241e-01 9.933500000000011765e-03 6.622500000000003384e-03 -2.499999999933111283e-07 -3.311500000000008881e-03 -1.933022701957763090e+01
3.874170000000000114e-01 3.582779999999999854e-01 9.933500000000011765e-03 3.310999999999980625e-03 2.499999999933111283e-07 -4.966749999999992005e-03 -4.297791242036118575e+01
4.006620000000000181e-01 3.582779999999999854e-01 9.933999999999998387e-03 -3.310999999999980625e-03 -1.655500000000004190e-03 -4.966749999999992005e-03 -4.774762793935102678e+01
4.072850000000000081e-01 3.516560000000000241e-01 6.622500000000003384e-03 -6.622500000000003384e-03 -1.655749999999997502e-03 -3.311500000000008881e-03 -4.004304461392944603e+01
4.139070000000000249e-01 3.450329999999999786e-01 6.622500000000003384e-03 -9.933999999999998387e-03 -1.387778780781445676e-17 -4.966749999999992005e-03 -1.932771997693347998e+01
4.205300000000000149e-01 3.317880000000000273e-01 6.622499999999975628e-03 -1.655599999999998739e-02 -1.655750000000011379e-03 -3.311250000000001692e-03 -8.702721350463074046e+00
4.271519999999999762e-01 3.119210000000000038e-01 3.310999999999980625e-03 -1.655650000000000177e-02 -3.311249999999987814e-03 1.655249999999997002e-03 -1.025102387583014263e+01
4.271519999999999762e-01 2.986750000000000238e-01 0.000000000000000000e+00 -1.324549999999999339e-02 -1.655499999999990313e-03 3.311499999999995003e-03 -9.436098618322420251e+00
4.271519999999999762e-01 2.854300000000000170e-01 0.000000000000000000e+00 -9.933500000000011765e-03 0.000000000000000000e+00 1.655999999999990813e-03 0.000000000000000000e+00
4.271519999999999762e-01 2.788080000000000003e-01 0.000000000000000000e+00 -9.933500000000011765e-03 -1.655499999999990313e-03 -2.499999999933111283e-07 -1.677739744759424312e+01
4.271519999999999762e-01 2.655629999999999935e-01 -3.310999999999980625e-03 -9.933999999999998387e-03 -3.311249999999987814e-03 4.966750000000005882e-03 -4.297279307244657076e+01
4.205300000000000149e-01 2.589400000000000035e-01 -6.622499999999975628e-03 0.000000000000000000e+00 -2.500000000071889161e-07 9.933999999999998387e-03 -2.265062665299186335e+02
4.139070000000000249e-01 2.655629999999999935e-01 -3.311499999999995003e-03 9.933999999999998387e-03 3.311249999999987814e-03 4.966750000000005882e-03 -4.297300938552734806e+01
4.139070000000000249e-01 2.788080000000000003e-01 0.000000000000000000e+00 9.933500000000011765e-03 1.655749999999997502e-03 -2.499999999933111283e-07 -1.677993103222850024e+01
4.139070000000000249e-01 2.854300000000000170e-01 0.000000000000000000e+00 9.933500000000011765e-03 0.000000000000000000e+00 1.655999999999990813e-03 0.000000000000000000e+00
4.139070000000000249e-01 2.986750000000000238e-01 0.000000000000000000e+00 1.324549999999999339e-02 1.655749999999997502e-03 1.655999999999990813e-03 -9.437523580360867470e+00
4.139070000000000249e-01 3.119210000000000038e-01 3.311499999999995003e-03 1.324549999999999339e-02 1.655749999999997502e-03 -2.499999999933111283e-07 -8.617437500393238636e+00
4.205300000000000149e-01 3.251660000000000106e-01 3.311499999999995003e-03 1.324500000000000677e-02 -2.500000000071889161e-07 -1.656000000000004690e-03 -2.153613152072161085e+00
4.205300000000000149e-01 3.384110000000000174e-01 3.310999999999980625e-03 9.933499999999984009e-03 1.655500000000004190e-03 -3.311250000000001692e-03 -2.387525597613563377e+01
4.271519999999999762e-01 3.450329999999999786e-01 6.622500000000003384e-03 6.622500000000003384e-03 3.311500000000008881e-03 -1.655499999999990313e-03 -4.004102926113790062e+01
4.337750000000000217e-01 3.516560000000000241e-01 9.933999999999998387e-03 6.622500000000003384e-03 1.655499999999990313e-03 -1.387778780781445676e-17 -6.442249040481907052e+00
4.470199999999999729e-01 3.582779999999999854e-01 9.933499999999984009e-03 6.622499999999975628e-03 -1.655749999999997502e-03 0.000000000000000000e+00 6.443895497366063374e+00
4.536419999999999897e-01 3.649009999999999754e-01 6.622500000000003384e-03 6.622500000000003384e-03 1.655750000000011379e-03 -1.655749999999983624e-03 -2.669536307595288704e+01
4.602649999999999797e-01 3.715229999999999921e-01 1.324500000000000677e-02 3.311000000000008381e-03 3.311250000000001692e-03 -3.311250000000001692e-03 -2.154288579867624165e+01
4.801320000000000032e-01 3.715229999999999921e-01 1.324500000000000677e-02 0.000000000000000000e+00 -1.655500000000004190e-03 -1.655500000000004190e-03 -9.436811058996328327e+00
4.867549999999999932e-01 3.715229999999999921e-01 9.933999999999998387e-03 0.000000000000000000e+00 -1.655499999999990313e-03 -1.655500000000004190e-03 -1.677570860370213879e+01
5.000000000000000000e-01 3.715229999999999921e-01 9.934000000000026143e-03 -3.311000000000008381e-03 -1.655750000000011379e-03 -3.311250000000001692e-03 -3.342456523350927711e+01
5.066230000000000455e-01 3.649009999999999754e-01 6.622499999999975628e-03 -6.622500000000003384e-03 -1.655750000000025257e-03 -3.311499999999995003e-03 -4.004304461392970182e+01
5.132449999999999513e-01 3.582779999999999854e-01 6.622499999999975628e-03 -9.933999999999998387e-03 2.775557561562891351e-17 -3.311249999999987814e-03 -1.288547093645135710e+01
5.198679999999999968e-01 3.450329999999999786e-01 6.622500000000031140e-03 -1.324499999999997901e-02 -1.655749999999983624e-03 -1.655499999999990313e-03 -1.012966818581152495e+01
5.264900000000000135e-01 3.317880000000000273e-01 3.311000000000008381e-03 -1.324499999999997901e-02 -1.655500000000031946e-03 -4.967000000000013071e-03 -1.507927184920132824e+01
5.264900000000000135e-01 3.185430000000000206e-01 3.311499999999967248e-03 -2.317900000000000515e-02 2.499999999794333405e-07 -4.967000000000013071e-03 -1.280911810752039637e+00
5.331129999999999480e-01 2.854300000000000170e-01 3.311499999999967248e-03 -2.317900000000000515e-02 -1.655749999999983624e-03 3.311499999999995003e-03 -2.135519405382436009e+00
5.331129999999999480e-01 2.721850000000000103e-01 0.000000000000000000e+00 -1.655600000000001515e-02 -1.655749999999983624e-03 3.311500000000001942e-03 -6.040653549133706335e+00
5.331129999999999480e-01 2.523179999999999867e-01 0.000000000000000000e+00 -1.655600000000000127e-02 -1.655749999999983624e-03 1.655500000000011129e-03 -6.040653549133715217e+00
5.331129999999999480e-01 2.390730000000000077e-01 -3.311499999999967248e-03 -1.324499999999999289e-02 -3.311249999999987814e-03 1.655499999999997252e-03 -1.938837332819954540e+01
5.264900000000000135e-01 2.258280000000000010e-01 -6.622499999999975628e-03 -1.324500000000000677e-02 -4.966750000000019760e-03 -1.655750000000004440e-03 -1.688159066339892789e+01
5.198679999999999968e-01 2.125829999999999942e-01 -1.324500000000000677e-02 -1.655650000000000177e-02 -4.967000000000013071e-03 6.938893903907228378e-18 -8.627778726552820743e+00
5.000000000000000000e-01 1.927149999999999974e-01 -1.655650000000000177e-02 -1.324499999999999289e-02 0.000000000000000000e+00 4.966999999999999194e-03 -8.627778726552795874e+00
4.867549999999999932e-01 1.860930000000000084e-01 -1.324500000000000677e-02 -6.622500000000003384e-03 1.655749999999997502e-03 4.966749999999992005e-03 -1.688159066339877157e+01
4.735099999999999865e-01 1.794699999999999906e-01 -1.324500000000000677e-02 -3.311500000000008881e-03 -3.311249999999987814e-03 3.311250000000001692e-03 -2.154296233960978668e+01
4.602649999999999797e-01 1.794699999999999906e-01 -1.986749999999998240e-02 0.000000000000000000e+00 -3.311249999999987814e-03 1.655750000000004440e-03 -4.194771612720754383e+00
4.337750000000000217e-01 1.794699999999999906e-01 -1.986749999999998240e-02 0.000000000000000000e+00 4.966749999999992005e-03 0.000000000000000000e+00 -0.000000000000000000e+00
4.205300000000000149e-01 1.794699999999999906e-01 -9.933999999999998387e-03 0.000000000000000000e+00 6.622499999999989506e-03 1.655750000000004440e-03 -1.677824193330101110e+01
4.139070000000000249e-01 1.794699999999999906e-01 -6.622500000000003384e-03 3.311500000000008881e-03 3.311499999999995003e-03 3.311250000000001692e-03 -8.103571394078817036e+01
4.072850000000000081e-01 1.860930000000000084e-01 -3.311000000000008381e-03 6.622500000000003384e-03 3.311250000000001692e-03 1.655499999999990313e-03 -6.753044142546679041e+01
4.072850000000000081e-01 1.927149999999999974e-01 0.000000000000000000e+00 6.622499999999989506e-03 4.966750000000005882e-03 1.655749999999997502e-03 -1.132474329864576532e+02
4.072850000000000081e-01 1.993379999999999874e-01 6.622500000000003384e-03 9.933999999999998387e-03 4.966749999999992005e-03 1.655500000000011129e-03 -2.255006054817136274e+01
4.205300000000000149e-01 2.125829999999999942e-01 9.933499999999984009e-03 9.933500000000011765e-03 1.655499999999990313e-03 -1.655749999999997502e-03 -1.186430726329359508e+01
4.271519999999999762e-01 2.192050000000000110e-01 9.933499999999984009e-03 6.622500000000003384e-03 3.311500000000008881e-03 -3.311000000000008381e-03 -3.221607217337984963e+01
4.403969999999999829e-01 2.258280000000000010e-01 1.655650000000000177e-02 3.311499999999995003e-03 1.655750000000011379e-03 -3.311250000000001692e-03 -1.252852429502571319e+01
4.602649999999999797e-01 2.258280000000000010e-01 1.324500000000000677e-02 0.000000000000000000e+00 -4.966999999999999194e-03 -3.311499999999995003e-03 -1.887647225724325750e+01
4.668869999999999965e-01 2.258280000000000010e-01 6.622500000000003384e-03 -3.311499999999995003e-03 -1.655500000000004190e-03 -3.311250000000001692e-03 -6.752636257661615105e+01
4.735099999999999865e-01 2.192050000000000110e-01 9.933999999999998387e-03 -6.622500000000003384e-03 3.311250000000001692e-03 -1.655250000000010879e-03 3.223313500176603341e+00
4.867549999999999932e-01 2.125829999999999942e-01 1.324500000000000677e-02 -6.622000000000016762e-03 3.311000000000008381e-03 4.999999999866222566e-07 6.754267864954924150e+00
