3.874170000000000114e-01 1.198680000000000023e-01 -1.324500000000000677e-02 0.000000000000000000e+00 0.000000000000000000e+00 0.000000000000000000e+00 -0.000000000000000000e+00
3.741720000000000046e-01 1.198680000000000023e-01 -1.324500000000000677e-02 0.000000000000000000e+00 1.655749999999997502e-03 0.000000000000000000e+00 -0.000000000000000000e+00
3.609269999999999978e-01 1.198680000000000023e-01 -9.933500000000011765e-03 0.000000000000000000e+00 3.311250000000001692e-03 0.000000000000000000e+00 -0.000000000000000000e+00
3.543049999999999811e-01 1.198680000000000023e-01 -6.622500000000003384e-03 0.000000000000000000e+00 1.655500000000004190e-03 0.000000000000000000e+00 -0.000000000000000000e+00
3.476819999999999911e-01 1.198680000000000023e-01 -6.622500000000003384e-03 0.000000000000000000e+00 0.000000000000000000e+00 0.000000000000000000e+00 -0.000000000000000000e+00
3.410599999999999743e-01 1.198680000000000023e-01 -6.622500000000003384e-03 0.000000000000000000e+00 1.387778780781445676e-17 0.000000000000000000e+00 -0.000000000000000000e+00
3.344369999999999843e-01 1.198680000000000023e-01 -6.622499999999975628e-03 0.000000000000000000e+00 1.655750000000011379e-03 -1.655750000000000971e-03 3.775294451448692001e+01
3.278150000000000230e-01 1.198680000000000023e-01 -3.310999999999980625e-03 -3.311500000000001942e-03 3.311249999999987814e-03 -3.311250000000001692e-03 2.135467799593784548e+02
3.278150000000000230e-01 1.132449999999999984e-01 0.000000000000000000e+00 -6.622500000000003384e-03 -2.500000000210667039e-07 -1.655499999999997252e-03 -5.700278501837218077e-03
3.278150000000000230e-01 1.066229999999999956e-01 -3.311500000000022759e-03 -6.622499999999996445e-03 -1.655750000000011379e-03 -2.499999999967805753e-07 -2.701054490747246462e+01
3.211919999999999775e-01 1.000000000000000056e-01 -3.311500000000022759e-03 -6.622999999999996945e-03 1.655750000000011379e-03 -3.469446951953614189e-18 2.700972945794715230e+01
3.211919999999999775e-01 9.337700000000000167e-02 0.000000000000000000e+00 -6.622500000000003384e-03 1.655750000000011379e-03 2.499999999967805753e-07 3.775294451448683475e+01
3.211919999999999775e-01 8.675499999999999878e-02 0.000000000000000000e+00 -6.622500000000003384e-03 0.000000000000000000e+00 3.469446951953614189e-18 0.000000000000000000e+00
3.211919999999999775e-01 8.013199999999999490e-02 0.000000000000000000e+00 -6.622499999999996445e-03 0.000000000000000000e+00 -1.655499999999997252e-03 0.000000000000000000e+00
3.211919999999999775e-01 7.351000000000000589e-02 0.000000000000000000e+00 -9.933499999999997887e-03 -1.655499999999990313e-03 -1.655750000000002706e-03 -1.677739744759428575e+01
3.211919999999999775e-01 6.026499999999999913e-02 -3.310999999999980625e-03 -9.934000000000001857e-03 -1.655499999999990313e-03 1.655499999999998986e-03 -1.909789757274589306e+01
3.145700000000000163e-01 5.364200000000000218e-02 -3.310999999999980625e-03 -6.622499999999999915e-03 1.655499999999990313e-03 1.655750000000000971e-03 1.350445675787004873e+01
3.145700000000000163e-01 4.701999999999999930e-02 0.000000000000000000e+00 -6.622499999999999915e-03 3.310999999999980625e-03 0.000000000000000000e+00 7.549448847197007240e+01
3.145700000000000163e-01 4.039700000000000235e-02 3.310999999999980625e-03 -6.622499999999999915e-03 3.311250000000001692e-03 1.655749999999999236e-03 6.753248075750548196e+01
3.211919999999999775e-01 3.377499999999999947e-02 6.622500000000003384e-03 -3.311000000000001442e-03 1.655750000000011379e-03 1.655499999999999854e-03 4.051744893768699285e+01
3.278150000000000230e-01 3.377499999999999947e-02 6.622500000000003384e-03 -3.311500000000000207e-03 1.655499999999990313e-03 -2.499999999993826605e-07 1.350119385123530158e+01
3.344369999999999843e-01 2.715199999999999905e-02 9.933499999999984009e-03 -3.311500000000000207e-03 1.655749999999997502e-03 1.655750000000000104e-03 1.910251219376396747e+01
3.476819999999999911e-01 2.715199999999999905e-02 9.933999999999998387e-03 0.000000000000000000e+00 2.500000000071889161e-07 1.655750000000000104e-03 1.677824193330096492e+01
3.543049999999999811e-01 2.715199999999999905e-02 9.933999999999998387e-03 0.000000000000000000e+00 -2.499999999933111283e-07 0.000000000000000000e+00 0.000000000000000000e+00
3.675499999999999878e-01 2.715199999999999905e-02 9.933500000000011765e-03 0.000000000000000000e+00 -3.311499999999995003e-03 1.655750000000000104e-03 1.677993103222852866e+01
3.741720000000000046e-01 2.715199999999999905e-02 3.311000000000008381e-03 3.311500000000000207e-03 -3.311000000000008381e-03 1.655750000000000104e-03 1.601600840565759540e+02
3.741720000000000046e-01 3.377499999999999947e-02 3.311499999999995003e-03 3.311500000000000207e-03 2.499999999933111283e-07 -2.499999999993826605e-07 -1.612038805503731784e-02
3.807949999999999946e-01 3.377499999999999947e-02 3.311499999999995003e-03 3.311000000000001442e-03 1.655500000000004190e-03 1.655499999999999854e-03 8.060802458688728217e-03
3.807949999999999946e-01 4.039700000000000235e-02 6.622500000000003384e-03 6.622499999999999915e-03 3.311000000000008381e-03 1.655749999999999236e-03 -1.334365083239357652e+01
3.940400000000000014e-01 4.701999999999999930e-02 9.933500000000011765e-03 6.622499999999999915e-03 -1.655749999999997502e-03 0.000000000000000000e+00 6.443895497366026071e+00
4.006620000000000181e-01 5.364200000000000218e-02 3.311000000000008381e-03 6.622499999999999915e-03 -4.966750000000005882e-03 1.655750000000000971e-03 9.454343360528382334e+01
4.006620000000000181e-01 6.026499999999999913e-02 0.000000000000000000e+00 9.934000000000001857e-03 -1.655500000000004190e-03 3.311249999999999957e-03 1.677570860370212813e+01
4.006620000000000181e-01 7.351000000000000589e-02 0.000000000000000000e+00 1.324499999999999983e-02 0.000000000000000000e+00 1.655499999999998986e-03 0.000000000000000000e+00
4.006620000000000181e-01 8.675499999999999878e-02 0.000000000000000000e+00 1.324499999999999983e-02 -1.655500000000004190e-03 0.000000000000000000e+00 9.436811058996338986e+00
4.006620000000000181e-01 1.000000000000000056e-01 -3.311000000000008381e-03 1.324499999999999983e-02 -1.655500000000004190e-03 -1.655500000000000721e-03 1.077062965336613409e+01
3.940400000000000014e-01 1.132449999999999984e-01 -3.311000000000008381e-03 9.933999999999998387e-03 -2.499999999933111283e-07 -4.966749999999998944e-03 1.432522576589191488e+01
3.940400000000000014e-01 1.198680000000000023e-01 -3.311499999999995003e-03 3.311500000000001942e-03 -2.499999999933111283e-07 -3.311500000000001942e-03 1.067733902840995768e+02
3.874170000000000114e-01 1.198680000000000023e-01 -3.311499999999995003e-03 3.310999999999994503e-03 2.499999999933111283e-07 -2.500000000037194692e-07 1.217276454454083040e-06
3.874170000000000114e-01 1.264899999999999913e-01 -3.311000000000008381e-03 3.310999999999994503e-03 2.499999999933111283e-07 -4.966749999999995474e-03 1.601721793687439970e+02
3.807949999999999946e-01 1.264899999999999913e-01 -3.311000000000008381e-03 -6.622499999999996445e-03 3.311000000000008381e-03 -6.622249999999996195e-03 1.080417720590759245e+02
3.807949999999999946e-01 1.132449999999999984e-01 3.311000000000008381e-03 -9.933499999999997887e-03 3.311000000000008381e-03 0.000000000000000000e+00 2.865001875319433111e+01
3.874170000000000114e-01 1.066229999999999956e-01 3.311000000000008381e-03 -6.622499999999996445e-03 -1.655500000000004190e-03 -1.656000000000001221e-03 -4.051948826972537177e+01
3.874170000000000114e-01 1.000000000000000056e-01 0.000000000000000000e+00 -1.324550000000000033e-02 -1.655500000000004190e-03 -3.311250000000001692e-03 -9.436098618322487752e+00
3.874170000000000114e-01 8.013199999999999490e-02 0.000000000000000000e+00 -1.324499999999999983e-02 0.000000000000000000e+00 1.656000000000001221e-03 0.000000000000000000e+00
3.874170000000000114e-01 7.351000000000000589e-02 0.000000000000000000e+00 -9.933499999999997887e-03 1.655749999999997502e-03 1.655499999999998986e-03 1.677993103222854998e+01
3.874170000000000114e-01 6.026499999999999913e-02 3.311499999999995003e-03 -9.934000000000001857e-03 3.311250000000001692e-03 1.655499999999998986e-03 3.342305119979970840e+01
3.940400000000000014e-01 5.364200000000000218e-02 6.622500000000003384e-03 -6.622499999999999915e-03 -2.499999999933111283e-07 1.655750000000000971e-03 1.334566618518505798e+01
4.006620000000000181e-01 4.701999999999999930e-02 3.311000000000008381e-03 -6.622499999999999915e-03 0.000000000000000000e+00 1.655500000000000721e-03 1.350445675787011091e+01
4.006620000000000181e-01 4.039700000000000235e-02 6.622500000000003384e-03 -3.311499999999998473e-03 4.966999999999985316e-03 3.311249999999999957e-03 9.454098639452431030e+01
4.139070000000000249e-01 4.039700000000000235e-02 1.324499999999997901e-02 0.000000000000000000e+00 1.655749999999997502e-03 1.655749999999999236e-03 9.438236128621680265e+00
4.271519999999999762e-01 4.039700000000000235e-02 9.933999999999998387e-03 0.000000000000000000e+00 -1.655499999999990313e-03 0.000000000000000000e+00 0.000000000000000000e+00
4.337750000000000217e-01 4.039700000000000235e-02 9.933999999999998387e-03 0.000000000000000000e+00 1.655499999999990313e-03 0.000000000000000000e+00 0.000000000000000000e+00
4.470199999999999729e-01 4.039700000000000235e-02 1.324499999999997901e-02 0.000000000000000000e+00 3.311000000000008381e-03 0.000000000000000000e+00 0.000000000000000000e+00
4.602649999999999797e-01 4.039700000000000235e-02 1.655600000000001515e-02 0.000000000000000000e+00 3.311250000000015570e-03 0.000000000000000000e+00 0.000000000000000000e+00
4.801320000000000032e-01 4.039700000000000235e-02 1.986750000000001015e-02 0.000000000000000000e+00 2.499999999794333405e-07 1.655749999999999236e-03 4.194771612720728626e+00
5.000000000000000000e-01 4.039700000000000235e-02 1.655649999999997402e-02 3.311499999999998473e-03 -3.311250000000001692e-03 1.655749999999999236e-03 7.973166312408475065e+00
5.132449999999999513e-01 4.701999999999999930e-02 1.324500000000000677e-02 3.311499999999998473e-03 -1.655749999999983624e-03 1.655500000000000721e-03 1.077099324013586035e+01
5.264900000000000135e-01 4.701999999999999930e-02 1.324500000000000677e-02 6.622499999999999915e-03 0.000000000000000000e+00 3.311000000000001442e-03 1.350486465199202080e+01
5.397349999999999648e-01 6.026499999999999913e-02 1.324500000000000677e-02 9.933500000000001356e-03 -3.311249999999987814e-03 1.734723475976807094e-18 7.248032709783433170e+00
5.529800000000000271e-01 6.688700000000000201e-02 6.622500000000031140e-03 6.622500000000003384e-03 -3.311250000000015570e-03 2.499999999985152987e-07 2.669536307595287639e+01
5.529800000000000271e-01 7.351000000000000589e-02 6.622499999999975628e-03 9.933999999999998387e-03 -2.775557561562891351e-17 1.655499999999997252e-03 6.442249040482014522e+00
5.662249999999999783e-01 8.675499999999999878e-02 6.622499999999975628e-03 9.933499999999997887e-03 -1.655499999999976435e-03 -1.655749999999997502e-03 3.220245091957647077e+00
5.662249999999999783e-01 9.337700000000000167e-02 3.311500000000022759e-03 6.622500000000003384e-03 2.775557561562891351e-17 -1.655250000000000471e-03 -1.350323299851862480e+01
5.728480000000000238e-01 1.000000000000000056e-01 6.622500000000031140e-03 6.622999999999996945e-03 -2.500000000071889161e-07 1.655749999999997502e-03 1.334818527156505752e+01
5.794700000000000406e-01 1.066229999999999956e-01 3.311000000000008381e-03 9.933999999999998387e-03 -3.311250000000015570e-03 3.311000000000004911e-03 3.819795820554245580e+01
5.794700000000000406e-01 1.198680000000000023e-01 0.000000000000000000e+00 1.324500000000000677e-02 2.499999999794333405e-07 1.655499999999997252e-03 -1.425069625221982638e-03
5.794700000000000406e-01 1.331130000000000091e-01 3.311499999999967248e-03 1.324499999999999289e-02 1.655749999999983624e-03 -6.938893903907228378e-18 -8.617705407256059047e+00
5.860929999999999751e-01 1.463579999999999881e-01 3.311499999999967248e-03 1.324499999999999289e-02 -3.311499999999967248e-03 1.655500000000004190e-03 1.938967450672990722e+01
5.860929999999999751e-01 1.596029999999999949e-01 -3.311499999999967248e-03 1.655600000000000127e-02 -4.966999999999971438e-03 1.655500000000004190e-03 1.594651788652157620e+01
5.794700000000000406e-01 1.794699999999999906e-01 -6.622499999999975628e-03 1.655600000000000127e-02 -3.311000000000036136e-03 -3.311000000000001442e-03 1.353594425597769479e+01
5.728480000000000238e-01 1.927149999999999974e-01 -9.933500000000039520e-03 9.933999999999998387e-03 -4.967000000000026949e-03 -1.655499999999997252e-03 2.372771876914936939e+01
5.596029999999999616e-01 1.993379999999999874e-01 -1.655650000000002953e-02 1.324500000000000677e-02 -3.311499999999967248e-03 1.655500000000004190e-03 1.726007366334143089e+00
5.397349999999999648e-01 2.192050000000000110e-01 -1.655649999999997402e-02 1.324500000000000677e-02 3.311500000000022759e-03 -4.966750000000005882e-03 4.025700366361143701e+00
5.264900000000000135e-01 2.258280000000000010e-01 -9.933499999999984009e-03 3.311499999999995003e-03 1.655749999999983624e-03 -4.967000000000006132e-03 3.820141899710029065e+01
5.198679999999999968e-01 2.258280000000000010e-01 -1.324500000000000677e-02 3.310999999999994503e-03 -4.967250000000006382e-03 -2.500000000002500222e-07 6.464264506956038048e+00
5.000000000000000000e-01 2.324499999999999900e-01 -1.986799999999999677e-02 3.310999999999994503e-03 -3.311250000000001692e-03 -1.655499999999997252e-03 5.366752858113601476e+00
4.801320000000000032e-01 2.324499999999999900e-01 -1.986750000000001015e-02 0.000000000000000000e+00 2.499999999933111283e-07 -1.655499999999997252e-03 4.194138248442795813e+00
4.602649999999999797e-01 2.324499999999999900e-01 -1.986750000000001015e-02 0.000000000000000000e+00 4.966750000000005882e-03 -1.655499999999997252e-03 4.194138248442795813e+00
4.403969999999999829e-01 2.324499999999999900e-01 -9.933999999999998387e-03 -3.310999999999994503e-03 6.622500000000003384e-03 -3.311249999999994753e-03 4.774762793935099126e+01
4.403969999999999829e-01 2.258280000000000010e-01 -6.622500000000003384e-03 -6.622499999999989506e-03 1.655749999999997502e-03 -4.967000000000006132e-03 5.338871079911454132e+01
4.271519999999999762e-01 2.192050000000000110e-01 -6.622500000000003384e-03 -1.324500000000000677e-02 3.311250000000001692e-03 -3.311250000000008631e-03 2.025882652321440247e+01
4.271519999999999762e-01 1.993379999999999874e-01 0.000000000000000000e+00 -1.324500000000000677e-02 3.311250000000001692e-03 1.655500000000004190e-03 1.887504718761795885e+01
4.271519999999999762e-01 1.927149999999999974e-01 0.000000000000000000e+00 -9.933999999999998387e-03 0.000000000000000000e+00 1.655750000000004440e-03 0.000000000000000000e+00
4.271519999999999762e-01 1.794699999999999906e-01 0.000000000000000000e+00 -9.933499999999997887e-03 0.000000000000000000e+00 4.966999999999999194e-03 0.000000000000000000e+00
4.271519999999999762e-01 1.728480000000000016e-01 0.000000000000000000e+00 0.000000000000000000e+00 0.000000000000000000e+00 9.933499999999997887e-03 0.000000000000000000e+00
4.271519999999999762e-01 1.794699999999999906e-01 0.000000000000000000e+00 9.933499999999997887e-03 0.000000000000000000e+00 4.966999999999999194e-03 0.000000000000000000e+00
4.271519999999999762e-01 1.927149999999999974e-01 0.000000000000000000e+00 9.933999999999998387e-03 -1.655499999999990313e-03 2.500000000002500222e-07 1.677570860370199668e+01
4.271519999999999762e-01 1.993379999999999874e-01 -3.310999999999980625e-03 9.933999999999998387e-03 -3.311249999999987814e-03 -2.499999999933111283e-07 2.865045131404071199e+01
4.205300000000000149e-01 2.125829999999999942e-01 -6.622499999999975628e-03 9.933500000000011765e-03 -2.500000000071889161e-07 -1.655749999999997502e-03 6.445354896428182379e+00
4.139070000000000249e-01 2.192050000000000110e-01 -3.311499999999995003e-03 6.622500000000003384e-03 -1.387778780781445676e-17 2.499999999933111283e-07 -2.039455217740188640e-03
4.139070000000000249e-01 2.258280000000000010e-01 -6.622500000000003384e-03 9.933999999999998387e-03 -4.966750000000005882e-03 3.311249999999994753e-03 1.610683865220180522e+01
4.006620000000000181e-01 2.390730000000000077e-01 -1.324500000000000677e-02 1.324499999999999289e-02 -3.311250000000001692e-03 -2.500000000002500222e-07 6.673840768988239525e+00
3.874170000000000114e-01 2.523179999999999867e-01 -1.324500000000000677e-02 9.933499999999997887e-03 -1.655500000000004190e-03 -3.311249999999994753e-03 1.328802957251081196e+01
3.741720000000000046e-01 2.589400000000000035e-01 -1.655600000000001515e-02 6.622500000000003384e-03 -1.655500000000004190e-03 -3.311000000000001442e-03 1.160221707701406046e+01
3.543049999999999811e-01 2.655629999999999935e-01 -1.655600000000001515e-02 3.311499999999995003e-03 1.655500000000018068e-03 -3.311250000000001692e-03 1.025105037334980906e+01
3.410599999999999743e-01 2.655629999999999935e-01 -1.324499999999997901e-02 0.000000000000000000e+00 1.655500000000018068e-03 -6.622749999999996695e-03 3.775151944486138689e+01
3.278150000000000230e-01 2.655629999999999935e-01 -1.324499999999997901e-02 -9.933999999999998387e-03 1.655499999999990313e-03 -1.158949999999999564e-02 3.744725818581971311e+01
3.145700000000000163e-01 2.456949999999999967e-01 -9.933999999999998387e-03 -2.317899999999999128e-02 4.966749999999992005e-03 -6.622250000000003134e-03 1.128046651510925713e+01
3.079470000000000263e-01 2.192050000000000110e-01 -3.311499999999995003e-03 -2.317850000000000465e-02 4.966999999999999194e-03 3.311499999999995003e-03 8.114998262967024090e+00
3.079470000000000263e-01 1.993379999999999874e-01 0.000000000000000000e+00 -1.655600000000000127e-02 3.311499999999995003e-03 6.622250000000003134e-03 1.208130709826753169e+01
3.079470000000000263e-01 1.860930000000000084e-01 3.311499999999995003e-03 -9.933999999999998387e-03 1.655749999999997502e-03 4.966749999999998944e-03 2.864987455718315346e+01
3.145700000000000163e-01 1.794699999999999906e-01 3.311499999999995003e-03 -6.622500000000003384e-03 -2.500000000071889161e-07 3.311500000000001942e-03 2.701054521540744702e+01
3.145700000000000163e-01 1.728480000000000016e-01 3.310999999999980625e-03 -3.310999999999994503e-03 1.655500000000004190e-03 3.311250000000001692e-03 1.601802419973249698e+02
3.211919999999999775e-01 1.728480000000000016e-01 6.622500000000003384e-03 0.000000000000000000e+00 1.656000000000032446e-03 1.655499999999997252e-03 3.774724423598515699e+01
3.278150000000000230e-01 1.728480000000000016e-01 6.623000000000045517e-03 0.000000000000000000e+00 5.000000000421334079e-07 0.000000000000000000e+00 0.000000000000000000e+00
