3.543049999999999811e-01 1.993379999999999874e-01 -6.622999999999990006e-03 0.000000000000000000e+00 -3.311000000000008381e-03 0.000000000000000000e+00 0.000000000000000000e+00
3.476819999999999911e-01 1.993379999999999874e-01 -9.933999999999998387e-03 0.000000000000000000e+00 -1.655249999999997002e-03 0.000000000000000000e+00 0.000000000000000000e+00
3.344369999999999843e-01 1.993379999999999874e-01 -9.933499999999984009e-03 0.000000000000000000e+00 1.655749999999997502e-03 3.311250000000001692e-03 -3.355732847982307021e+01
3.278150000000000230e-01 1.993379999999999874e-01 -6.622500000000003384e-03 6.622500000000003384e-03 6.622249999999982317e-03 1.490050000000000402e-02 -1.735037371713621042e+02
3.211919999999999775e-01 2.125829999999999942e-01 3.310999999999980625e-03 2.980100000000000804e-02 9.933750000000005076e-03 1.158925000000000233e-02 -9.558032518181237336e+00
3.344369999999999843e-01 2.589400000000000035e-01 1.324500000000000677e-02 2.980100000000000804e-02 6.622750000000010573e-03 -6.622250000000003134e-03 -8.219335073734054475e+00
3.476819999999999911e-01 2.721850000000000103e-01 1.655650000000000177e-02 1.655650000000000177e-02 3.311250000000001692e-03 -6.622250000000003134e-03 -1.281209752143711356e+01
3.675499999999999878e-01 2.920530000000000070e-01 1.986750000000001015e-02 1.655650000000000177e-02 4.966750000000005882e-03 -3.311250000000001692e-03 -8.557295963062507838e+00
3.874170000000000114e-01 3.052980000000000138e-01 2.649000000000001354e-02 9.933999999999998387e-03 4.966999999999985316e-03 -1.158950000000000258e-02 -1.573657149639270436e+01
4.205300000000000149e-01 3.119210000000000038e-01 2.980149999999998078e-02 -6.622500000000003384e-03 -3.311250000000015570e-03 -1.324525000000000008e-02 -1.464414561505903123e+01
4.470199999999999729e-01 2.920530000000000070e-01 1.986749999999998240e-02 -1.655650000000000177e-02 -9.933999999999984509e-03 -4.966999999999999194e-03 -1.521358212489084849e+01
4.602649999999999797e-01 2.788080000000000003e-01 9.933500000000011765e-03 -1.655650000000000177e-02 -8.278249999999987008e-03 1.655749999999997502e-03 -1.675669925782266745e+01
4.668869999999999965e-01 2.589400000000000035e-01 3.311000000000008381e-03 -1.324500000000000677e-02 -4.966750000000005882e-03 4.966999999999999194e-03 -1.938856470075875649e+01
4.668869999999999965e-01 2.523179999999999867e-01 0.000000000000000000e+00 -6.622500000000003384e-03 -1.655500000000004190e-03 6.622500000000003384e-03 -3.774724423598531331e+01
4.668869999999999965e-01 2.456949999999999967e-01 0.000000000000000000e+00 0.000000000000000000e+00 6.622500000000003384e-03 1.158950000000000258e-02 0.000000000000000000e+00
4.668869999999999965e-01 2.523179999999999867e-01 1.324500000000000677e-02 1.655650000000000177e-02 1.158949999999998870e-02 8.278000000000007574e-03 -8.628126125322582496e+00
4.933770000000000100e-01 2.788080000000000003e-01 2.317899999999997740e-02 1.655600000000001515e-02 1.655749999999997502e-03 -3.311499999999995003e-03 -4.507294233951815166e+00
5.132449999999999513e-01 2.854300000000000170e-01 1.655650000000000177e-02 9.933500000000011765e-03 1.655500000000018068e-03 -3.311000000000008381e-03 -9.900724021980156664e+00
5.264900000000000135e-01 2.986750000000000238e-01 2.649000000000001354e-02 9.933999999999998387e-03 9.933750000000005076e-03 -4.966750000000005882e-03 -1.016804429096326778e+01
5.662249999999999783e-01 3.052980000000000138e-01 3.642400000000001192e-02 0.000000000000000000e+00 -1.655500000000004190e-03 -9.933999999999998387e-03 -7.487707677383803606e+00
5.993380000000000374e-01 2.986750000000000238e-01 2.317900000000000515e-02 -9.933999999999998387e-03 -8.278250000000014763e-03 -1.158925000000000927e-02 -2.187777519445059582e+01
6.125829999999999886e-01 2.854300000000000170e-01 1.986749999999998240e-02 -2.317850000000001853e-02 -3.311499999999995003e-03 -6.622250000000003134e-03 -7.322195864758457517e+00
6.390730000000000022e-01 2.523179999999999867e-01 1.655600000000001515e-02 -2.317850000000000465e-02 -8.278249999999987008e-03 -2.499999999863722344e-07 -8.302821306557451209e+00
6.456950000000000189e-01 2.390730000000000077e-01 3.311000000000008381e-03 -2.317899999999999128e-02 -1.158925000000002314e-02 -4.966999999999999194e-03 -2.220819717887355793e+01
6.456950000000000189e-01 2.059600000000000042e-01 -6.622500000000031140e-03 -3.311250000000000304e-02 -1.324474999999999958e-02 2.499999999933111283e-07 -1.138967818202165638e+01
6.324499999999999567e-01 1.728480000000000016e-01 -2.317849999999999078e-02 -2.317850000000000465e-02 -8.277999999999979819e-03 1.158925000000000233e-02 -1.307441027666108013e+01
5.993380000000000374e-01 1.596029999999999949e-01 -2.317849999999999078e-02 -9.933999999999998387e-03 -2.500000000071889161e-07 9.933500000000004826e-03 -1.435757809836919563e+01
5.860929999999999751e-01 1.529800000000000049e-01 -2.317900000000000515e-02 -3.311499999999995003e-03 -4.966999999999999194e-03 4.966999999999999194e-03 -1.025032549111439906e+01
5.529800000000000271e-01 1.529800000000000049e-01 -3.311249999999998916e-02 0.000000000000000000e+00 2.500000000071889161e-07 3.311499999999995003e-03 -3.020235561158926885e+00
5.198679999999999968e-01 1.529800000000000049e-01 -2.317849999999999078e-02 3.311499999999995003e-03 6.622249999999996195e-03 6.622499999999996445e-03 -1.366730100991318508e+01
5.066230000000000455e-01 1.596029999999999949e-01 -1.986799999999999677e-02 1.324499999999999289e-02 -2.500000000210667039e-07 6.622250000000003134e-03 -9.663738372349378380e+00
4.801320000000000032e-01 1.794699999999999906e-01 -2.317900000000003291e-02 1.655600000000000127e-02 3.311499999999995003e-03 -1.655499999999997252e-03 -7.118722086472693000e-01
4.602649999999999797e-01 1.927149999999999974e-01 -1.324500000000000677e-02 9.933999999999998387e-03 3.311250000000015570e-03 -3.311000000000001442e-03 2.415028353696763386e+00
4.536419999999999897e-01 1.993379999999999874e-01 -1.655650000000000177e-02 9.933999999999998387e-03 -1.655499999999990313e-03 -1.655749999999997502e-03 6.093164366266265120e+00
4.271519999999999762e-01 2.125829999999999942e-01 -1.655599999999998739e-02 6.622500000000003384e-03 -1.655499999999990313e-03 -4.966999999999999194e-03 1.643792208189832138e+01
4.205300000000000149e-01 2.125829999999999942e-01 -1.986749999999998240e-02 0.000000000000000000e+00 -6.622750000000010573e-03 -4.966999999999999194e-03 1.258368147388429925e+01
3.874170000000000114e-01 2.125829999999999942e-01 -2.980150000000000854e-02 -3.311499999999995003e-03 -1.655500000000018068e-03 -6.622499999999996445e-03 7.117329139240290203e+00
3.609269999999999978e-01 2.059600000000000042e-01 -2.317850000000001853e-02 -1.324499999999999289e-02 8.278250000000000886e-03 -4.966750000000005882e-03 1.181401858933416804e+01
3.410599999999999743e-01 1.860930000000000084e-01 -1.324500000000000677e-02 -1.324500000000000677e-02 8.278000000000021452e-03 -6.938893903907228378e-18 1.668309040787702813e+01
3.344369999999999843e-01 1.794699999999999906e-01 -6.622499999999975628e-03 -1.324500000000000677e-02 6.622500000000003384e-03 -3.311249999999994753e-03 3.376471087202403254e+01
3.278150000000000230e-01 1.596029999999999949e-01 0.000000000000000000e+00 -1.986749999999999627e-02 8.277999999999979819e-03 6.938893903907228378e-18 2.097195797076984647e+01
3.344369999999999843e-01 1.397349999999999981e-01 9.933499999999984009e-03 -1.324499999999999289e-02 1.158950000000000258e-02 4.966999999999999194e-03 4.469769141671682178e+01
3.476819999999999911e-01 1.331130000000000091e-01 2.317900000000000515e-02 -9.933499999999997887e-03 9.934000000000012265e-03 1.655499999999993782e-03 8.545970660000596908e+00
3.807949999999999946e-01 1.198680000000000023e-01 2.980150000000000854e-02 -9.934000000000005326e-03 -3.311499999999995003e-03 3.310999999999997973e-03 2.121860434873287460e+00
4.072850000000000081e-01 1.132449999999999984e-01 1.655600000000001515e-02 -3.311500000000001942e-03 -8.278250000000000886e-03 6.622750000000003634e-03 1.708537058055130586e+01
4.139070000000000249e-01 1.132449999999999984e-01 1.324500000000000677e-02 3.311500000000001942e-03 2.499999999794333405e-07 4.966999999999999194e-03 2.585148972404545020e+01
4.337750000000000217e-01 1.198680000000000023e-01 1.655649999999997402e-02 6.622499999999996445e-03 -1.655750000000011379e-03 3.310999999999997973e-03 1.160189490047795857e+01
4.470199999999999729e-01 1.264899999999999913e-01 9.933499999999984009e-03 9.933499999999997887e-03 -4.966999999999985316e-03 1.655750000000000971e-03 2.372951028402503937e+01
4.536419999999999897e-01 1.397349999999999981e-01 6.622500000000003384e-03 9.933999999999998387e-03 -1.655499999999990313e-03 -1.655499999999997252e-03 3.221367715750146132e+00
4.602649999999999797e-01 1.463579999999999881e-01 6.622500000000003384e-03 6.622500000000003384e-03 0.000000000000000000e+00 -1.655749999999997502e-03 -1.334768153797644352e+01
4.668869999999999965e-01 1.529800000000000049e-01 6.622500000000003384e-03 6.622500000000003384e-03 0.000000000000000000e+00 0.000000000000000000e+00 0.000000000000000000e+00
4.735099999999999865e-01 1.596029999999999949e-01 6.622500000000003384e-03 6.622500000000003384e-03 0.000000000000000000e+00 -1.655749999999997502e-03 -1.334768153797644352e+01
4.801320000000000032e-01 1.662250000000000116e-01 6.622500000000003384e-03 3.311000000000008381e-03 0.000000000000000000e+00 -3.311250000000001692e-03 -5.402598466759678075e+01
4.867549999999999932e-01 1.662250000000000116e-01 6.622500000000003384e-03 0.000000000000000000e+00 0.000000000000000000e+00 -1.655500000000004190e-03 -3.774724423598531331e+01
4.933770000000000100e-01 1.662250000000000116e-01 6.622500000000003384e-03 0.000000000000000000e+00 2.499999999933111283e-07 0.000000000000000000e+00 0.000000000000000000e+00
5.000000000000000000e-01 1.662250000000000116e-01 6.622999999999990006e-03 0.000000000000000000e+00 4.999999999866222566e-07 0.000000000000000000e+00 0.000000000000000000e+00
