4.006620000000000181e-01 2.721850000000000103e-01 0.000000000000000000e+00 1.324500000000000677e-02 0.000000000000000000e+00 -3.311000000000008381e-03 -0.000000000000000000e+00
4.006620000000000181e-01 2.854300000000000170e-01 0.000000000000000000e+00 9.933999999999998387e-03 0.000000000000000000e+00 -1.655500000000004190e-03 -0.000000000000000000e+00
4.006620000000000181e-01 2.920530000000000070e-01 0.000000000000000000e+00 9.933999999999998387e-03 0.000000000000000000e+00 1.655500000000004190e-03 0.000000000000000000e+00
4.006620000000000181e-01 3.052980000000000138e-01 0.000000000000000000e+00 1.324500000000000677e-02 0.000000000000000000e+00 1.655500000000004190e-03 0.000000000000000000e+00
4.006620000000000181e-01 3.185430000000000206e-01 0.000000000000000000e+00 1.324500000000000677e-02 1.655749999999997502e-03 -1.655500000000004190e-03 -9.438236128621628751e+00
4.006620000000000181e-01 3.317880000000000273e-01 3.311499999999995003e-03 9.933999999999998387e-03 3.311250000000001692e-03 -1.387778780781445676e-17 -2.864843261875871505e+01
4.072850000000000081e-01 3.384110000000000174e-01 6.622500000000003384e-03 1.324499999999997901e-02 1.655500000000004190e-03 1.655499999999990313e-03 -3.376216162998042947e+00
4.139070000000000249e-01 3.582779999999999854e-01 6.622500000000003384e-03 1.324499999999997901e-02 -1.387778780781445676e-17 -3.311249999999987814e-03 -6.752942174404746645e+00
4.205300000000000149e-01 3.649009999999999754e-01 6.622499999999975628e-03 6.622500000000003384e-03 0.000000000000000000e+00 -3.311249999999987814e-03 -2.669334772316140914e+01
4.271519999999999762e-01 3.715229999999999921e-01 6.622500000000003384e-03 6.622500000000003384e-03 1.387778780781445676e-17 -1.655500000000004190e-03 -1.334566618518512904e+01
4.337750000000000217e-01 3.781459999999999821e-01 6.622500000000003384e-03 3.311499999999995003e-03 -1.387778780781445676e-17 -1.655749999999997502e-03 -2.701258436269021246e+01
4.403969999999999829e-01 3.781459999999999821e-01 6.622499999999975628e-03 3.311000000000008381e-03 0.000000000000000000e+00 -2.499999999933111283e-07 -4.078972039724544120e-03
4.470199999999999729e-01 3.847679999999999989e-01 6.622500000000003384e-03 3.311000000000008381e-03 1.655500000000018068e-03 -1.655500000000004190e-03 -4.051540960564876315e+01
4.536419999999999897e-01 3.847679999999999989e-01 9.933500000000011765e-03 0.000000000000000000e+00 1.655749999999997502e-03 -1.655500000000004190e-03 -1.677739744759438167e+01
4.668869999999999965e-01 3.847679999999999989e-01 9.933999999999998387e-03 0.000000000000000000e+00 -1.655500000000004190e-03 0.000000000000000000e+00 0.000000000000000000e+00
4.735099999999999865e-01 3.847679999999999989e-01 6.622500000000003384e-03 0.000000000000000000e+00 -1.655749999999997502e-03 0.000000000000000000e+00 0.000000000000000000e+00
4.801320000000000032e-01 3.847679999999999989e-01 6.622500000000003384e-03 0.000000000000000000e+00 0.000000000000000000e+00 -1.655500000000004190e-03 -3.774724423598531331e+01
4.867549999999999932e-01 3.847679999999999989e-01 6.622500000000003384e-03 -3.311000000000008381e-03 0.000000000000000000e+00 -3.311250000000001692e-03 -5.402598466759678075e+01
4.933770000000000100e-01 3.781459999999999821e-01 6.622500000000003384e-03 -6.622500000000003384e-03 -1.655500000000004190e-03 -3.311499999999995003e-03 -4.004102926113790062e+01
5.000000000000000000e-01 3.715229999999999921e-01 3.311499999999995003e-03 -9.933999999999998387e-03 -1.655499999999990313e-03 -1.655499999999990313e-03 -1.909775340938522348e+01
5.000000000000000000e-01 3.582779999999999854e-01 3.311500000000022759e-03 -9.933499999999984009e-03 1.387778780781445676e-17 2.500000000071889161e-07 7.211216382595048418e-04
5.066230000000000455e-01 3.516560000000000241e-01 3.311500000000022759e-03 -9.933499999999984009e-03 -2.500000000349444917e-07 -2.500000000071889161e-07 -2.884268789959812569e-03
5.066230000000000455e-01 3.384110000000000174e-01 3.310999999999952870e-03 -9.933999999999998387e-03 -2.500000000349444917e-07 -2.500000000071889161e-07 -2.884007486391638835e-03
5.132449999999999513e-01 3.317880000000000273e-01 3.310999999999952870e-03 -9.933999999999998387e-03 -1.655499999999976435e-03 2.499999999933111283e-07 -1.432306270584149743e+01
5.132449999999999513e-01 3.185430000000000206e-01 0.000000000000000000e+00 -9.933500000000011765e-03 -1.655499999999976435e-03 1.655749999999997502e-03 -1.677739744759410101e+01
5.132449999999999513e-01 3.119210000000000038e-01 0.000000000000000000e+00 -6.622500000000003384e-03 1.655750000000011379e-03 3.311000000000008381e-03 3.775294451448683475e+01
5.132449999999999513e-01 3.052980000000000138e-01 3.311500000000022759e-03 -3.311499999999995003e-03 1.655750000000011379e-03 1.655500000000004190e-03 1.067572698960444058e+02
5.198679999999999968e-01 3.052980000000000138e-01 3.311500000000022759e-03 -3.311499999999995003e-03 -1.655750000000011379e-03 1.655749999999997502e-03 0.000000000000000000e+00
5.198679999999999968e-01 2.986750000000000238e-01 0.000000000000000000e+00 0.000000000000000000e+00 -1.655750000000011379e-03 4.967249999999992505e-03 0.000000000000000000e+00
5.198679999999999968e-01 3.052980000000000138e-01 0.000000000000000000e+00 6.622999999999990006e-03 0.000000000000000000e+00 4.966999999999999194e-03 0.000000000000000000e+00
5.198679999999999968e-01 3.119210000000000038e-01 0.000000000000000000e+00 9.933999999999998387e-03 -1.655750000000011379e-03 3.311000000000008381e-03 1.677824193330107860e+01
5.198679999999999968e-01 3.251660000000000106e-01 -3.311500000000022759e-03 1.324500000000000677e-02 -1.655750000000011379e-03 -2.500000000071889161e-07 8.618030726448582257e+00
5.132449999999999513e-01 3.384110000000000174e-01 -3.311500000000022759e-03 9.933499999999984009e-03 3.311500000000022759e-03 -1.655750000000011379e-03 -2.387705855974785862e+01
5.132449999999999513e-01 3.450329999999999786e-01 3.311500000000022759e-03 9.933499999999984009e-03 3.311500000000022759e-03 2.500000000071889161e-07 -2.865232604736983291e+01
5.198679999999999968e-01 3.582779999999999854e-01 3.311500000000022759e-03 9.933999999999998387e-03 -2.500000000071889161e-07 -1.655499999999990313e-03 -4.772455618970884217e+00
5.198679999999999968e-01 3.649009999999999754e-01 3.311000000000008381e-03 6.622500000000003384e-03 1.655499999999976435e-03 -1.655749999999997502e-03 -4.051744893768648126e+01
5.264900000000000135e-01 3.715229999999999921e-01 6.622499999999975628e-03 6.622500000000003384e-03 1.655749999999983624e-03 1.655749999999997502e-03 5.567794131832591155e-14
5.331129999999999480e-01 3.781459999999999821e-01 6.622499999999975628e-03 9.933999999999998387e-03 2.775557561562891351e-17 1.655500000000004190e-03 6.442249040481716982e+00
5.397349999999999648e-01 3.913909999999999889e-01 6.622500000000031140e-03 9.933500000000011765e-03 1.655750000000011379e-03 -1.655749999999997502e-03 -1.610949548575194967e+01
5.463580000000000103e-01 3.980130000000000057e-01 9.933999999999998387e-03 6.622500000000003384e-03 3.311249999999987814e-03 -3.311000000000008381e-03 -3.221270444891568019e+01
5.596029999999999616e-01 4.046359999999999957e-01 1.324500000000000677e-02 3.311499999999995003e-03 -2.499999999794333405e-07 -3.311250000000001692e-03 -1.723378431678936806e+01
5.728480000000000238e-01 4.046359999999999957e-01 9.933500000000039520e-03 0.000000000000000000e+00 -3.311250000000015570e-03 -1.655749999999997502e-03 -1.677993103222840787e+01
5.794700000000000406e-01 4.046359999999999957e-01 6.622499999999975628e-03 0.000000000000000000e+00 1.655749999999983624e-03 0.000000000000000000e+00 0.000000000000000000e+00
5.860929999999999751e-01 4.046359999999999957e-01 1.324500000000000677e-02 0.000000000000000000e+00 4.966750000000019760e-03 -1.655749999999997502e-03 -9.438236128621628751e+00
6.059600000000000541e-01 4.046359999999999957e-01 1.655600000000001515e-02 -3.311499999999995003e-03 -1.655500000000004190e-03 -1.655749999999997502e-03 -6.834492213347683531e+00
6.192050000000000054e-01 3.980130000000000057e-01 9.933999999999998387e-03 -3.311499999999995003e-03 -4.966750000000019760e-03 2.499999999933111283e-07 -1.432241380469878145e+01
6.258280000000000509e-01 3.980130000000000057e-01 6.622499999999975628e-03 -3.311000000000008381e-03 -2.500000000071889161e-07 -3.311000000000008381e-03 -5.402394502759577222e+01
6.324499999999999567e-01 3.913909999999999889e-01 9.933499999999984009e-03 -9.933500000000011765e-03 1.655750000000011379e-03 -3.311499999999995003e-03 -5.932601510365621778e+00
6.456950000000000189e-01 3.781459999999999821e-01 9.933999999999998387e-03 -9.933999999999998387e-03 -1.655500000000004190e-03 -3.311499999999995003e-03 -1.779511730386922608e+01
6.523179999999999534e-01 3.715229999999999921e-01 6.622499999999975628e-03 -1.655650000000000177e-02 -1.655749999999983624e-03 -6.622249999999996195e-03 -1.256933997761650268e+01
6.589399999999999702e-01 3.450329999999999786e-01 6.622500000000031140e-03 -2.317849999999999078e-02 -1.655499999999976435e-03 2.500000000071889161e-07 -2.739170382365012646e+00
6.655630000000000157e-01 3.251660000000000106e-01 3.311500000000022759e-03 -1.655599999999998739e-02 -3.311250000000015570e-03 3.310999999999994503e-03 -9.112025673173992146e+00
6.655630000000000157e-01 3.119210000000000038e-01 0.000000000000000000e+00 -1.655650000000000177e-02 -1.655750000000011379e-03 -4.967250000000006382e-03 -6.040288703765749112e+00
6.655630000000000157e-01 2.920530000000000070e-01 0.000000000000000000e+00 -2.649050000000000016e-02 -1.655750000000011379e-03 -4.966749999999998944e-03 -2.359469961101120283e+00
6.655630000000000157e-01 2.589400000000000035e-01 -3.311500000000022759e-03 -2.648999999999999966e-02 -3.311250000000015570e-03 4.967249999999999444e-03 -5.474827504452230542e+00
6.589399999999999702e-01 2.390730000000000077e-01 -6.622500000000031140e-03 -1.655600000000000127e-02 -1.655499999999976435e-03 6.622499999999996445e-03 -1.256973769604174329e+01
6.523179999999999534e-01 2.258280000000000010e-01 -6.622499999999975628e-03 -1.324500000000000677e-02 -1.655749999999983624e-03 -1.655749999999997502e-03 -3.376726011406752548e+00
6.456950000000000189e-01 2.125829999999999942e-01 -9.933999999999998387e-03 -1.986749999999999627e-02 -3.311250000000015570e-03 -3.311249999999994753e-03 -3.001186781253238234e+00
6.324499999999999567e-01 1.860930000000000084e-01 -1.324500000000000677e-02 -1.986749999999999627e-02 -4.966749999999992005e-03 3.311249999999994753e-03 -1.046980995879348342e+01
6.192050000000000054e-01 1.728480000000000016e-01 -1.986749999999998240e-02 -1.324500000000000677e-02 -3.311249999999987814e-03 4.966749999999998944e-03 -1.046980995879349230e+01
5.927149999999999919e-01 1.596029999999999949e-01 -1.986749999999998240e-02 -9.933999999999998387e-03 3.311249999999987814e-03 1.655500000000004190e-03 3.021278281663108273e-04
5.794700000000000406e-01 1.529800000000000049e-01 -1.324500000000000677e-02 -9.933999999999998387e-03 -2.775557561562891351e-17 2.500000000002500222e-07 -7.296158168883080551e-04
5.662249999999999783e-01 1.397349999999999981e-01 -1.986750000000003791e-02 -9.933499999999997887e-03 -3.311249999999987814e-03 1.655749999999997502e-03 -6.002856974330968320e+00
5.397349999999999648e-01 1.331130000000000091e-01 -1.986749999999998240e-02 -6.622500000000003384e-03 3.311250000000015570e-03 3.310999999999994503e-03 -4.774510428581396404e+00
5.264900000000000135e-01 1.264899999999999913e-01 -1.324500000000000677e-02 -3.311500000000008881e-03 -1.387778780781445676e-17 1.655750000000004440e-03 -8.617705407256140759e+00
5.132449999999999513e-01 1.264899999999999913e-01 -1.986750000000001015e-02 -3.310999999999994503e-03 -3.311249999999987814e-03 2.500000000071889161e-07 -1.342369316855295702e+00
4.867549999999999932e-01 1.198680000000000023e-01 -1.986749999999998240e-02 -3.310999999999994503e-03 3.311250000000001692e-03 1.655499999999997252e-03 -2.683522903008515925e+00
4.735099999999999865e-01 1.198680000000000023e-01 -1.324500000000000677e-02 0.000000000000000000e+00 3.311249999999987814e-03 3.310999999999994503e-03 -1.887362211799257850e+01
4.602649999999999797e-01 1.198680000000000023e-01 -1.324500000000000677e-02 3.310999999999994503e-03 1.655500000000004190e-03 1.655499999999997252e-03 -1.077062965336608968e+01
4.470199999999999729e-01 1.264899999999999913e-01 -9.933999999999998387e-03 3.310999999999994503e-03 1.655500000000004190e-03 1.655750000000004440e-03 -1.910006063279637445e+01
4.403969999999999829e-01 1.264899999999999913e-01 -9.933999999999998387e-03 6.622500000000003384e-03 1.655749999999997502e-03 3.311500000000001942e-03 -2.577337404834811352e+01
4.271519999999999762e-01 1.397349999999999981e-01 -6.622500000000003384e-03 9.933999999999998387e-03 4.966999999999999194e-03 0.000000000000000000e+00 -2.899376890861045908e+01
4.271519999999999762e-01 1.463579999999999881e-01 0.000000000000000000e+00 6.622500000000003384e-03 3.311250000000001692e-03 -1.655749999999997502e-03 -7.550018875047183542e+01
4.271519999999999762e-01 1.529800000000000049e-01 0.000000000000000000e+00 6.622500000000003384e-03 0.000000000000000000e+00 0.000000000000000000e+00 0.000000000000000000e+00
4.271519999999999762e-01 1.596029999999999949e-01 0.000000000000000000e+00 6.622500000000003384e-03 1.655750000000011379e-03 1.655499999999997252e-03 -3.775294451448683475e+01
4.271519999999999762e-01 1.662250000000000116e-01 3.311500000000022759e-03 9.933499999999997887e-03 4.966999999999999194e-03 3.311249999999994753e-03 -3.342615150947803926e+01
4.337750000000000217e-01 1.794699999999999906e-01 9.933999999999998387e-03 1.324499999999999289e-02 3.310999999999980625e-03 2.500000000002500222e-07 -9.662484652420257447e+00
4.470199999999999729e-01 1.927149999999999974e-01 9.933499999999984009e-03 9.933999999999998387e-03 -1.655749999999997502e-03 -3.311249999999994753e-03 -5.930959320333895946e+00
4.536419999999999897e-01 1.993379999999999874e-01 6.622500000000003384e-03 6.622500000000003384e-03 1.655750000000011379e-03 -1.655749999999997502e-03 -2.669536307595300073e+01
4.602649999999999797e-01 2.059600000000000042e-01 1.324500000000000677e-02 6.622500000000003384e-03 6.622500000000003384e-03 -1.655500000000004190e-03 -2.025831667480561649e+01
4.801320000000000032e-01 2.125829999999999942e-01 1.986750000000001015e-02 3.311499999999995003e-03 2.500000000071889161e-07 -3.311250000000001692e-03 -8.051179319520759492e+00
5.000000000000000000e-01 2.125829999999999942e-01 1.324550000000002115e-02 0.000000000000000000e+00 -6.622500000000017262e-03 -1.655749999999997502e-03 -9.437523580360826614e+00
5.066230000000000455e-01 2.125829999999999942e-01 6.622499999999975628e-03 0.000000000000000000e+00 -2.500000000349444917e-07 -1.655749999999997502e-03 -3.775294451448684185e+01
5.132449999999999513e-01 2.125829999999999942e-01 1.324499999999995126e-02 -3.311499999999995003e-03 3.311250000000015570e-03 -3.311250000000001692e-03 -1.292525693235377560e+01
5.331129999999999480e-01 2.059600000000000042e-01 1.324500000000000677e-02 -6.622500000000003384e-03 -3.311249999999960059e-03 -1.655500000000004190e-03 -1.350537450040073395e+01
5.397349999999999648e-01 1.993379999999999874e-01 6.622500000000031140e-03 -6.622500000000003384e-03 -3.311249999999987814e-03 -1.655749999999997502e-03 -4.004102926113760219e+01
5.463580000000000103e-01 1.927149999999999974e-01 6.622500000000031140e-03 -9.933999999999998387e-03 -2.775557561562891351e-17 -1.655499999999997252e-03 -6.442249040482017186e+00
5.529800000000000271e-01 1.794699999999999906e-01 6.622499999999975628e-03 -9.933499999999997887e-03 -1.655500000000031946e-03 1.655750000000004440e-03 -3.220245091957945061e+00
5.596029999999999616e-01 1.728480000000000016e-01 3.311499999999967248e-03 -6.622499999999989506e-03 -3.311249999999987814e-03 1.655499999999997252e-03 -4.051581766914404881e+01
5.596029999999999616e-01 1.662250000000000116e-01 0.000000000000000000e+00 -6.622500000000003384e-03 -2.499999999794333405e-07 -6.938893903907228378e-18 -5.700278500887930554e-03
5.596029999999999616e-01 1.596029999999999949e-01 3.311000000000008381e-03 -6.622500000000003384e-03 3.311000000000008381e-03 -2.499999999933111283e-07 5.401986636351876570e+01
5.662249999999999783e-01 1.529800000000000049e-01 6.622000000000016762e-03 -6.622999999999990006e-03 3.311000000000008381e-03 -4.999999999866222566e-07 2.668931694153331335e+01
