4.139070000000000249e-01 3.516560000000000241e-01 -1.324500000000000677e-02 1.324499999999995126e-02 9.933999999999998387e-03 3.311000000000036136e-03 -2.669334772316160098e+01
4.006620000000000181e-01 3.649009999999999754e-01 -3.311000000000008381e-03 1.655599999999998739e-02 1.158950000000000258e-02 1.655500000000031946e-03 -4.100525990785584440e+01
4.072850000000000081e-01 3.847679999999999989e-01 9.933999999999998387e-03 1.655600000000001515e-02 9.933499999999997887e-03 -3.310999999999994503e-03 -2.741888106488436350e+01
4.205300000000000149e-01 3.980130000000000057e-01 1.655599999999998739e-02 9.933999999999998387e-03 6.622249999999996195e-03 -8.278000000000007574e-03 -2.818100864181982246e+01
4.403969999999999829e-01 4.046359999999999957e-01 2.317849999999999078e-02 0.000000000000000000e+00 2.500000000071889161e-07 -1.821199999999999208e-02 -3.389900784112280263e+01
4.668869999999999965e-01 3.980130000000000057e-01 1.655650000000000177e-02 -2.648999999999998578e-02 -8.277999999999993697e-03 -1.158924999999999539e-02 -1.348795588883996821e+01
4.735099999999999865e-01 3.516560000000000241e-01 6.622500000000003384e-03 -2.317849999999999078e-02 -4.966999999999999194e-03 1.324499999999999289e-02 -1.956921727442468839e+00
4.801320000000000032e-01 3.516560000000000241e-01 6.622500000000003384e-03 0.000000000000000000e+00 -1.655500000000004190e-03 9.933499999999984009e-03 2.264948659729136295e+02
4.867549999999999932e-01 3.516560000000000241e-01 3.311499999999995003e-03 -3.311500000000022759e-03 -3.311250000000001692e-03 0.000000000000000000e+00 -1.067572698960443915e+02
4.867549999999999932e-01 3.450329999999999786e-01 0.000000000000000000e+00 0.000000000000000000e+00 -2.499999999933111283e-07 6.622750000000010573e-03 0.000000000000000000e+00
4.867549999999999932e-01 3.516560000000000241e-01 3.311000000000008381e-03 9.933999999999998387e-03 6.622499999999989506e-03 8.277999999999993697e-03 -3.342744924099532255e+01
4.933770000000000100e-01 3.649009999999999754e-01 1.324499999999997901e-02 1.655599999999998739e-02 9.933999999999984509e-03 3.311000000000008381e-03 -1.265478611641109197e+01
5.132449999999999513e-01 3.847679999999999989e-01 2.317899999999997740e-02 1.655600000000001515e-02 3.311250000000029448e-03 -6.622249999999996195e-03 -9.013657184854881876e+00
5.397349999999999648e-01 3.980130000000000057e-01 1.986750000000003791e-02 3.311499999999995003e-03 -4.966999999999985316e-03 -1.655600000000001515e-02 -3.824181002951057451e+01
5.529800000000000271e-01 3.913909999999999889e-01 1.324500000000000677e-02 -1.655600000000001515e-02 -4.966750000000019760e-03 -1.490074999999999039e-02 -2.933471333053866914e+01
5.662249999999999783e-01 3.649009999999999754e-01 9.933999999999998387e-03 -2.648999999999998578e-02 -6.622500000000003384e-03 -6.622749999999982817e-03 -1.065245796038358961e+01
5.728480000000000238e-01 3.384110000000000174e-01 0.000000000000000000e+00 -2.980149999999998078e-02 -8.278250000000014763e-03 -1.655750000000011379e-03 -9.320995317830696791e+00
5.662249999999999783e-01 3.052980000000000138e-01 -6.622500000000031140e-03 -2.980150000000000854e-02 -6.622500000000003384e-03 -1.387778780781445676e-17 -6.936579579819978747e+00
5.596029999999999616e-01 2.788080000000000003e-01 -1.324500000000000677e-02 -2.980150000000000854e-02 -4.966999999999971438e-03 1.655750000000004440e-03 -4.899930519659537076e+00
5.397349999999999648e-01 2.456949999999999967e-01 -1.655649999999997402e-02 -2.648999999999999966e-02 -1.655499999999976435e-03 8.278250000000007824e-03 -5.934763594446572199e+00
5.264900000000000135e-01 2.258280000000000010e-01 -1.655599999999995964e-02 -1.324499999999999289e-02 -1.387778780781445676e-17 1.324499999999999983e-02 -2.300740712026622248e+01
5.066230000000000455e-01 2.192050000000000110e-01 -1.655650000000000177e-02 0.000000000000000000e+00 3.310999999999966747e-03 1.490074999999999039e-02 -5.435895026582322487e+01
4.933770000000000100e-01 2.258280000000000010e-01 -9.934000000000026143e-03 1.655649999999998789e-02 4.966999999999999194e-03 1.324499999999999983e-02 -2.970397503214844903e+01
4.867549999999999932e-01 2.523179999999999867e-01 -6.622500000000003384e-03 2.648999999999999966e-02 3.311250000000015570e-03 -2.499999999863722344e-07 -4.308503491483437919e+00
4.801320000000000032e-01 2.788080000000000003e-01 -3.311499999999995003e-03 1.655600000000001515e-02 1.655749999999997502e-03 -1.158949999999999564e-02 2.278393412644158733e+00
4.801320000000000032e-01 2.854300000000000170e-01 -3.311000000000008381e-03 3.311000000000008381e-03 -1.655500000000004190e-03 -1.490050000000001096e-02 5.339395150767967380e+02
4.735099999999999865e-01 2.854300000000000170e-01 -6.622500000000003384e-03 -1.324500000000000677e-02 -4.966999999999999194e-03 -1.655600000000000821e-02 1.350486465199202613e+01
4.668869999999999965e-01 2.589400000000000035e-01 -1.324500000000000677e-02 -2.980100000000000804e-02 -8.277999999999993697e-03 -1.655499999999997252e-03 -6.480453786104420466e+00
4.470199999999999729e-01 2.258280000000000010e-01 -2.317849999999999078e-02 -1.655600000000000127e-02 -3.311249999999987814e-03 1.821175000000000571e-02 -2.063754911751394161e+01
4.205300000000000149e-01 2.258280000000000010e-01 -1.986749999999998240e-02 6.622500000000003384e-03 6.622249999999996195e-03 1.655600000000000127e-02 -4.058721420356484089e+01
4.072850000000000081e-01 2.390730000000000077e-01 -9.933999999999998387e-03 1.655600000000000127e-02 9.933749999999991198e-03 8.278000000000000635e-03 -3.427480895365630431e+01
4.006620000000000181e-01 2.589400000000000035e-01 0.000000000000000000e+00 2.317850000000000465e-02 9.933999999999998387e-03 1.655750000000004440e-03 -1.849070634162714555e+01
4.072850000000000081e-01 2.854300000000000170e-01 9.933999999999998387e-03 1.986750000000001015e-02 8.277999999999993697e-03 -6.622250000000003134e-03 -2.100853405894085313e+01
4.205300000000000149e-01 2.986750000000000238e-01 1.655599999999998739e-02 9.933999999999998387e-03 3.310999999999994503e-03 -9.933750000000005076e-03 -2.741945611662603000e+01
4.403969999999999829e-01 3.052980000000000138e-01 1.655599999999998739e-02 0.000000000000000000e+00 -1.655499999999990313e-03 -1.158950000000000258e-02 -4.228183862762254819e+01
4.536419999999999897e-01 2.986750000000000238e-01 1.324500000000000677e-02 -1.324500000000000677e-02 -4.966749999999992005e-03 -9.933750000000005076e-03 -3.002976426945768651e+01
4.668869999999999965e-01 2.788080000000000003e-01 6.622500000000003384e-03 -1.986750000000001015e-02 -6.622500000000003384e-03 -3.311249999999994753e-03 -1.671267921568790982e+01
4.668869999999999965e-01 2.589400000000000035e-01 0.000000000000000000e+00 -1.986749999999999627e-02 -3.311250000000001692e-03 6.622500000000003384e-03 -8.388909861163549309e+00
4.668869999999999965e-01 2.390730000000000077e-01 0.000000000000000000e+00 -6.622500000000003384e-03 0.000000000000000000e+00 1.324499999999999289e-02 0.000000000000000000e+00
4.668869999999999965e-01 2.456949999999999967e-01 0.000000000000000000e+00 6.622499999999989506e-03 0.000000000000000000e+00 6.622749999999996695e-03 0.000000000000000000e+00
4.668869999999999965e-01 2.523179999999999867e-01 0.000000000000000000e+00 6.622999999999990006e-03 0.000000000000000000e+00 5.000000000005000445e-07 0.000000000000000000e+00
