3.741720000000000046e-01 3.317880000000000273e-01 6.622999999999990006e-03 -6.622000000000016762e-03 -3.311499999999995003e-03 6.622000000000016762e-03 2.669334734276267440e+01
3.807949999999999946e-01 3.251660000000000106e-01 3.311499999999995003e-03 0.000000000000000000e+00 -3.311499999999995003e-03 8.277750000000000385e-03 7.548536983374297051e+02
3.807949999999999946e-01 3.317880000000000273e-01 0.000000000000000000e+00 9.933499999999984009e-03 -1.655749999999997502e-03 4.966999999999999194e-03 1.677993103222859617e+01
3.807949999999999946e-01 3.450329999999999786e-01 0.000000000000000000e+00 9.933999999999998387e-03 0.000000000000000000e+00 -1.655499999999990313e-03 -0.000000000000000000e+00
3.807949999999999946e-01 3.516560000000000241e-01 0.000000000000000000e+00 6.622500000000003384e-03 1.655500000000004190e-03 -2.500000000071889161e-07 -3.774724423598531331e+01
3.807949999999999946e-01 3.582779999999999854e-01 3.311000000000008381e-03 9.933499999999984009e-03 1.655500000000004190e-03 1.655749999999997502e-03 -9.549525554117550996e+00
3.874170000000000114e-01 3.715229999999999921e-01 3.311000000000008381e-03 9.933999999999998387e-03 -1.655500000000004190e-03 -1.655499999999990313e-03 9.549669733808778815e+00
3.874170000000000114e-01 3.781459999999999821e-01 0.000000000000000000e+00 6.622500000000003384e-03 2.499999999933111283e-07 -1.655749999999997502e-03 -5.700278501204359728e-03
3.874170000000000114e-01 3.847679999999999989e-01 3.311499999999995003e-03 6.622500000000003384e-03 3.311250000000001692e-03 0.000000000000000000e+00 -5.402109012287997558e+01
3.940400000000000014e-01 3.913909999999999889e-01 6.622500000000003384e-03 6.622500000000003384e-03 1.655500000000004190e-03 0.000000000000000000e+00 -1.334566618518501713e+01
4.006620000000000181e-01 3.980130000000000057e-01 6.622500000000003384e-03 6.622500000000003384e-03 0.000000000000000000e+00 0.000000000000000000e+00 0.000000000000000000e+00
4.072850000000000081e-01 4.046359999999999957e-01 6.622500000000003384e-03 6.622500000000003384e-03 0.000000000000000000e+00 0.000000000000000000e+00 0.000000000000000000e+00
4.139070000000000249e-01 4.112580000000000124e-01 6.622500000000003384e-03 6.622500000000003384e-03 -1.387778780781445676e-17 -1.655500000000004190e-03 -1.334566618518490522e+01
4.205300000000000149e-01 4.178810000000000024e-01 6.622499999999975628e-03 3.311499999999995003e-03 0.000000000000000000e+00 -3.311250000000001692e-03 -5.402109012288029533e+01
4.271519999999999762e-01 4.178810000000000024e-01 6.622500000000003384e-03 0.000000000000000000e+00 1.387778780781445676e-17 -1.655749999999997502e-03 -3.775294451448651500e+01
4.337750000000000217e-01 4.178810000000000024e-01 6.622500000000003384e-03 0.000000000000000000e+00 -1.387778780781445676e-17 0.000000000000000000e+00 0.000000000000000000e+00
4.403969999999999829e-01 4.178810000000000024e-01 6.622499999999975628e-03 0.000000000000000000e+00 0.000000000000000000e+00 0.000000000000000000e+00 0.000000000000000000e+00
4.470199999999999729e-01 4.178810000000000024e-01 6.622500000000003384e-03 0.000000000000000000e+00 1.387778780781445676e-17 -1.655749999999997502e-03 -3.775294451448651500e+01
4.536419999999999897e-01 4.178810000000000024e-01 6.622500000000003384e-03 -3.311499999999995003e-03 0.000000000000000000e+00 -3.311250000000001692e-03 -5.402109012287997558e+01
4.602649999999999797e-01 4.112580000000000124e-01 6.622500000000003384e-03 -6.622500000000003384e-03 0.000000000000000000e+00 -1.655500000000004190e-03 -1.334566618518501713e+01
4.668869999999999965e-01 4.046359999999999957e-01 6.622500000000003384e-03 -6.622500000000003384e-03 0.000000000000000000e+00 -1.655749999999997502e-03 -1.334768153797644352e+01
4.735099999999999865e-01 3.980130000000000057e-01 6.622500000000003384e-03 -9.933999999999998387e-03 -1.655749999999997502e-03 -1.655500000000004190e-03 -1.610732511667107048e+01
4.801320000000000032e-01 3.847679999999999989e-01 3.311000000000008381e-03 -9.933500000000011765e-03 -1.655500000000004190e-03 2.499999999933111283e-07 -1.432428833117627320e+01
4.801320000000000032e-01 3.781459999999999821e-01 3.311499999999995003e-03 -9.933500000000011765e-03 2.499999999933111283e-07 -2.499999999933111283e-07 1.442025513360759058e-03
4.867549999999999932e-01 3.649009999999999754e-01 3.311499999999995003e-03 -9.933999999999998387e-03 -1.655749999999997502e-03 -2.499999999933111283e-07 -1.432601881405993005e+01
4.867549999999999932e-01 3.582779999999999854e-01 0.000000000000000000e+00 -9.933999999999998387e-03 -2.499999999933111283e-07 2.500000000071889161e-07 -2.533329598799947957e-03
4.867549999999999932e-01 3.450329999999999786e-01 3.311000000000008381e-03 -9.933499999999984009e-03 1.655500000000004190e-03 1.655750000000011379e-03 1.910049319907690091e+01
4.933770000000000100e-01 3.384110000000000174e-01 3.311000000000008381e-03 -6.622499999999975628e-03 -1.655500000000004190e-03 1.655499999999990313e-03 -1.350649608990854311e+01
4.933770000000000100e-01 3.317880000000000273e-01 0.000000000000000000e+00 -6.622500000000003384e-03 -1.655500000000004190e-03 -1.387778780781445676e-17 -3.774724423598531331e+01
4.933770000000000100e-01 3.251660000000000106e-01 0.000000000000000000e+00 -6.622500000000003384e-03 0.000000000000000000e+00 3.311250000000001692e-03 0.000000000000000000e+00
4.933770000000000100e-01 3.185430000000000206e-01 0.000000000000000000e+00 0.000000000000000000e+00 0.000000000000000000e+00 6.622500000000003384e-03 0.000000000000000000e+00
4.933770000000000100e-01 3.251660000000000106e-01 0.000000000000000000e+00 6.622500000000003384e-03 0.000000000000000000e+00 3.311250000000001692e-03 0.000000000000000000e+00
4.933770000000000100e-01 3.317880000000000273e-01 0.000000000000000000e+00 6.622500000000003384e-03 0.000000000000000000e+00 -1.387778780781445676e-17 -0.000000000000000000e+00
4.933770000000000100e-01 3.384110000000000174e-01 0.000000000000000000e+00 6.622499999999975628e-03 1.655749999999997502e-03 0.000000000000000000e+00 -3.775294451448684185e+01
4.933770000000000100e-01 3.450329999999999786e-01 3.311499999999995003e-03 6.622500000000003384e-03 1.655749999999997502e-03 1.655750000000011379e-03 -1.350527245373606533e+01
5.000000000000000000e-01 3.516560000000000241e-01 3.311499999999995003e-03 9.933999999999998387e-03 -1.655749999999997502e-03 1.655499999999990313e-03 1.909991637145540722e+01
5.000000000000000000e-01 3.649009999999999754e-01 0.000000000000000000e+00 9.933499999999984009e-03 1.387778780781445676e-17 -1.655749999999997502e-03 -1.406421997856136596e-13
5.000000000000000000e-01 3.715229999999999921e-01 3.311500000000022759e-03 6.622500000000003384e-03 1.655750000000011379e-03 -1.655499999999990313e-03 -4.051785681642651582e+01
5.066230000000000455e-01 3.781459999999999821e-01 3.311500000000022759e-03 6.622500000000003384e-03 -2.500000000349444917e-07 0.000000000000000000e+00 4.078602501353766410e-03
5.066230000000000455e-01 3.847679999999999989e-01 3.310999999999952870e-03 6.622500000000003384e-03 1.655499999999976435e-03 0.000000000000000000e+00 -2.701095284777834493e+01
5.132449999999999513e-01 3.913909999999999889e-01 6.622499999999975628e-03 6.622500000000003384e-03 1.655750000000039135e-03 0.000000000000000000e+00 -1.334768153797686630e+01
5.198679999999999968e-01 3.980130000000000057e-01 6.622500000000031140e-03 6.622500000000003384e-03 0.000000000000000000e+00 -1.655500000000004190e-03 -1.334566618518498871e+01
5.264900000000000135e-01 4.046359999999999957e-01 6.622499999999975628e-03 3.311499999999995003e-03 -2.775557561562891351e-17 -3.311250000000001692e-03 -5.402109012288006795e+01
5.331129999999999480e-01 4.046359999999999957e-01 6.622499999999975628e-03 0.000000000000000000e+00 1.655500000000031946e-03 -1.655749999999997502e-03 -3.775294451448684185e+01
5.397349999999999648e-01 4.046359999999999957e-01 9.933500000000039520e-03 0.000000000000000000e+00 1.655750000000011379e-03 0.000000000000000000e+00 0.000000000000000000e+00
5.529800000000000271e-01 4.046359999999999957e-01 9.933999999999998387e-03 0.000000000000000000e+00 1.655749999999983624e-03 0.000000000000000000e+00 0.000000000000000000e+00
5.596029999999999616e-01 4.046359999999999957e-01 1.324500000000000677e-02 0.000000000000000000e+00 1.655500000000004190e-03 -1.655749999999997502e-03 -9.438236128621628751e+00
5.794700000000000406e-01 4.046359999999999957e-01 1.324500000000000677e-02 -3.311499999999995003e-03 -3.311250000000015570e-03 -1.655749999999997502e-03 -1.292655811088415874e+01
5.860929999999999751e-01 3.980130000000000057e-01 6.622499999999975628e-03 -3.311499999999995003e-03 -3.311249999999987814e-03 -1.655500000000004190e-03 -5.402109012288029533e+01
5.927149999999999919e-01 3.980130000000000057e-01 6.622500000000031140e-03 -6.622500000000003384e-03 2.775557561562891351e-17 -3.311000000000008381e-03 -2.669133237036975359e+01
5.993380000000000374e-01 3.847679999999999989e-01 6.622500000000031140e-03 -9.933500000000011765e-03 -2.775557561562891351e-17 -1.655500000000004190e-03 -6.442922540171990065e+00
6.059600000000000541e-01 3.781459999999999821e-01 6.622499999999975628e-03 -9.933500000000011765e-03 -2.775557561562891351e-17 -4.966999999999985316e-03 -1.933071353490398536e+01
6.125829999999999886e-01 3.649009999999999754e-01 6.622499999999975628e-03 -1.986749999999998240e-02 -1.655749999999983624e-03 -4.966999999999985316e-03 -7.162937323990591132e+00
6.192050000000000054e-01 3.384110000000000174e-01 3.311000000000008381e-03 -1.986749999999998240e-02 -1.655499999999976435e-03 1.655499999999990313e-03 -3.354454280382019871e+00
6.192050000000000054e-01 3.251660000000000106e-01 3.311500000000022759e-03 -1.655650000000000177e-02 2.500000000071889161e-07 1.655499999999990313e-03 1.139785382126309754e+00
6.258280000000000509e-01 3.052980000000000138e-01 3.311500000000022759e-03 -1.655650000000000177e-02 -1.655750000000011379e-03 -3.311250000000001692e-03 -7.973166312408499046e+00
6.258280000000000509e-01 2.920530000000000070e-01 0.000000000000000000e+00 -2.317900000000000515e-02 -1.655750000000011379e-03 -3.311250000000001692e-03 -3.081806542096358736e+00
6.258280000000000509e-01 2.589400000000000035e-01 0.000000000000000000e+00 -2.317900000000000515e-02 0.000000000000000000e+00 4.966999999999999194e-03 0.000000000000000000e+00
6.258280000000000509e-01 2.456949999999999967e-01 0.000000000000000000e+00 -1.324500000000000677e-02 0.000000000000000000e+00 1.655750000000004440e-03 0.000000000000000000e+00
6.258280000000000509e-01 2.324499999999999900e-01 0.000000000000000000e+00 -1.986749999999999627e-02 -1.655750000000011379e-03 -3.311249999999994753e-03 -4.194771612720765930e+00
6.258280000000000509e-01 2.059600000000000042e-01 -3.311500000000022759e-03 -1.986749999999999627e-02 -1.655750000000011379e-03 4.966999999999999194e-03 -6.038815053747129014e+00
6.192050000000000054e-01 1.927149999999999974e-01 -3.311500000000022759e-03 -9.933499999999997887e-03 2.500000000071889161e-07 3.311250000000001692e-03 -9.549092949730432878e+00
6.192050000000000054e-01 1.860930000000000084e-01 -3.311000000000008381e-03 -1.324499999999999289e-02 2.500000000071889161e-07 -1.655750000000004440e-03 2.155622311121128121e+00
6.125829999999999886e-01 1.662250000000000116e-01 -3.311000000000008381e-03 -1.324500000000000677e-02 -1.655749999999983624e-03 1.655749999999990563e-03 -1.077225614531003117e+01
6.125829999999999886e-01 1.596029999999999949e-01 -6.622499999999975628e-03 -9.933500000000011765e-03 -1.655749999999983624e-03 1.655500000000004190e-03 -1.610852252855766054e+01
5.993380000000000374e-01 1.463579999999999881e-01 -6.622499999999975628e-03 -9.933999999999998387e-03 1.655499999999976435e-03 1.655500000000011129e-03 3.221367715750052430e+00
5.993380000000000374e-01 1.397349999999999981e-01 -3.311500000000022759e-03 -6.622499999999989506e-03 -1.655750000000011379e-03 2.500000000002500222e-07 -2.701462381790852163e+01
5.927149999999999919e-01 1.331130000000000091e-01 -9.933999999999998387e-03 -9.933499999999997887e-03 -4.966749999999992005e-03 -6.938893903907228378e-18 -1.779466943078780972e+01
5.794700000000000406e-01 1.198680000000000023e-01 -1.324500000000000677e-02 -6.622500000000003384e-03 2.499999999794333405e-07 3.310999999999997973e-03 -1.350435480358325613e+01
5.662249999999999783e-01 1.198680000000000023e-01 -9.933500000000039520e-03 -3.311500000000001942e-03 1.655750000000011379e-03 1.655500000000000721e-03 -9.548371828092244940e+00
5.596029999999999616e-01 1.132449999999999984e-01 -9.933499999999984009e-03 -3.311500000000001942e-03 -1.655749999999983624e-03 1.655750000000000971e-03 -1.910251219376393905e+01
5.463580000000000103e-01 1.132449999999999984e-01 -1.324500000000000677e-02 0.000000000000000000e+00 -3.311500000000022759e-03 1.655750000000000971e-03 -9.438236128621650067e+00
5.331129999999999480e-01 1.132449999999999984e-01 -1.655650000000002953e-02 0.000000000000000000e+00 2.775557561562891351e-17 0.000000000000000000e+00 -0.000000000000000000e+00
5.132449999999999513e-01 1.132449999999999984e-01 -1.324499999999995126e-02 0.000000000000000000e+00 3.311250000000029448e-03 0.000000000000000000e+00 -0.000000000000000000e+00
5.066230000000000455e-01 1.132449999999999984e-01 -9.933999999999970631e-03 0.000000000000000000e+00 1.655499999999962557e-03 0.000000000000000000e+00 -0.000000000000000000e+00
4.933770000000000100e-01 1.132449999999999984e-01 -9.934000000000026143e-03 0.000000000000000000e+00 2.499999999794333405e-07 1.655750000000000971e-03 -1.677824193330087965e+01
4.867549999999999932e-01 1.132449999999999984e-01 -9.933500000000011765e-03 3.311500000000001942e-03 1.387778780781445676e-17 3.311249999999998223e-03 -2.865088402185620353e+01
4.735099999999999865e-01 1.198680000000000023e-01 -9.933999999999998387e-03 6.622499999999996445e-03 1.655500000000004190e-03 -2.500000000037194692e-07 -6.440789720524710660e+00
4.668869999999999965e-01 1.264899999999999913e-01 -6.622500000000003384e-03 3.310999999999994503e-03 2.499999999933111283e-07 -1.655499999999993782e-03 2.700891351574014010e+01
4.602649999999999797e-01 1.264899999999999913e-01 -9.933500000000011765e-03 3.311500000000008881e-03 -3.311249999999987814e-03 1.655750000000004440e-03 -4.775267487621965401e+00
4.470199999999999729e-01 1.331130000000000091e-01 -1.324499999999997901e-02 6.622500000000003384e-03 1.655500000000018068e-03 1.655499999999990313e-03 -1.012864848899404180e+01
4.337750000000000217e-01 1.397349999999999981e-01 -6.622499999999975628e-03 6.622499999999989506e-03 4.966749999999978127e-03 0.000000000000000000e+00 -4.003901390834656127e+01
4.337750000000000217e-01 1.463579999999999881e-01 -3.311500000000022759e-03 6.622500000000003384e-03 -1.387778780781445676e-17 -1.655749999999990563e-03 1.350731190895436029e+01
4.271519999999999762e-01 1.529800000000000049e-01 -6.622500000000003384e-03 3.311000000000008381e-03 2.500000000210667039e-07 0.000000000000000000e+00 -2.039332038509221456e-03
4.205300000000000149e-01 1.529800000000000049e-01 -3.310999999999980625e-03 6.622500000000003384e-03 1.655500000000004190e-03 3.311499999999995003e-03 -5.402394502759537431e+01
4.205300000000000149e-01 1.662250000000000116e-01 -3.311499999999995003e-03 9.933999999999998387e-03 -2.500000000071889161e-07 -6.938893903907228378e-18 2.162962070203663673e-03
4.139070000000000249e-01 1.728480000000000016e-01 -3.311499999999995003e-03 6.622499999999989506e-03 1.655749999999997502e-03 -1.655749999999997502e-03 -1.350527245373619323e+01
4.139070000000000249e-01 1.794699999999999906e-01 0.000000000000000000e+00 6.622500000000003384e-03 1.655749999999997502e-03 6.938893903907228378e-18 -3.775294451448651500e+01
4.139070000000000249e-01 1.860930000000000084e-01 0.000000000000000000e+00 6.622500000000003384e-03 0.000000000000000000e+00 1.655499999999997252e-03 0.000000000000000000e+00
4.139070000000000249e-01 1.927149999999999974e-01 0.000000000000000000e+00 9.933499999999997887e-03 1.655749999999997502e-03 1.655749999999997502e-03 -1.677993103222854998e+01
4.139070000000000249e-01 2.059600000000000042e-01 3.311499999999995003e-03 9.933999999999998387e-03 1.655749999999997502e-03 -1.655499999999997252e-03 -1.909991637145542853e+01
4.205300000000000149e-01 2.125829999999999942e-01 3.311499999999995003e-03 6.622500000000003384e-03 -2.500000000071889161e-07 -1.655749999999997502e-03 -1.350323330645324660e+01
4.205300000000000149e-01 2.192050000000000110e-01 3.310999999999980625e-03 6.622500000000003384e-03 3.310999999999994503e-03 1.655749999999997502e-03 -4.051540960564874183e+01
4.271519999999999762e-01 2.258280000000000010e-01 9.933499999999984009e-03 9.933999999999998387e-03 4.967000000000013071e-03 1.655499999999997252e-03 -1.186520294183009661e+01
4.403969999999999829e-01 2.390730000000000077e-01 1.324500000000000677e-02 9.933499999999997887e-03 2.500000000071889161e-07 -3.311500000000001942e-03 -9.665563714855521127e+00
4.536419999999999897e-01 2.456949999999999967e-01 9.933999999999998387e-03 3.310999999999994503e-03 -1.655500000000004190e-03 -4.966749999999998944e-03 -3.819940010041378287e+01
4.602649999999999797e-01 2.456949999999999967e-01 9.933999999999998387e-03 0.000000000000000000e+00 1.655500000000004190e-03 -1.655499999999997252e-03 -1.677570860370207129e+01
4.735099999999999865e-01 2.456949999999999967e-01 1.324500000000000677e-02 0.000000000000000000e+00 1.655500000000004190e-03 -3.311250000000001692e-03 -1.887504718761795885e+01
4.867549999999999932e-01 2.456949999999999967e-01 1.324500000000000677e-02 -6.622500000000003384e-03 -1.655499999999990313e-03 -3.311250000000001692e-03 -1.688210051180757887e+01
5.000000000000000000e-01 2.324499999999999900e-01 9.934000000000026143e-03 -6.622500000000003384e-03 -1.655500000000004190e-03 6.938893903907228378e-18 -6.442249040481802247e+00
5.066230000000000455e-01 2.324499999999999900e-01 9.933999999999998387e-03 -6.622499999999989506e-03 -1.655750000000025257e-03 -3.311249999999994753e-03 -2.577191472839106723e+01
5.198679999999999968e-01 2.192050000000000110e-01 6.622499999999975628e-03 -1.324499999999999289e-02 -3.311499999999995003e-03 -1.655500000000011129e-03 -1.688312020862522900e+01
5.198679999999999968e-01 2.059600000000000042e-01 3.311000000000008381e-03 -9.933500000000011765e-03 -1.655749999999983624e-03 1.655749999999997502e-03 -9.551688799266326413e+00
5.264900000000000135e-01 1.993379999999999874e-01 3.311000000000008381e-03 -9.933499999999997887e-03 -1.655500000000004190e-03 -1.655749999999990563e-03 -1.910049319907678012e+01
5.264900000000000135e-01 1.860930000000000084e-01 0.000000000000000000e+00 -1.324499999999999289e-02 -1.655500000000004190e-03 -1.655750000000004440e-03 -9.436811058996349644e+00
5.264900000000000135e-01 1.728480000000000016e-01 0.000000000000000000e+00 -1.324500000000000677e-02 0.000000000000000000e+00 1.655499999999997252e-03 0.000000000000000000e+00
5.264900000000000135e-01 1.596029999999999949e-01 0.000000000000000000e+00 -9.933999999999998387e-03 0.000000000000000000e+00 3.311250000000001692e-03 0.000000000000000000e+00
5.264900000000000135e-01 1.529800000000000049e-01 0.000000000000000000e+00 -6.622500000000003384e-03 -1.655500000000004190e-03 2.500000000002500222e-07 -3.774724423598531331e+01
5.264900000000000135e-01 1.463579999999999881e-01 -3.311000000000008381e-03 -9.933499999999997887e-03 -3.311250000000015570e-03 -1.655749999999997502e-03 -2.387669817586374776e+01
5.198679999999999968e-01 1.331130000000000091e-01 -6.622500000000031140e-03 -9.933999999999998387e-03 -2.500000000071889161e-07 1.655499999999997252e-03 -6.443708360439043936e+00
5.132449999999999513e-01 1.264899999999999913e-01 -3.311500000000022759e-03 -6.622500000000003384e-03 1.655750000000039135e-03 3.311500000000001942e-03 -2.039455217571635535e-03
5.132449999999999513e-01 1.198680000000000023e-01 -3.310999999999952870e-03 -3.310999999999994503e-03 -1.655249999999941490e-03 3.311250000000001692e-03 -1.601721793687441675e+02
5.066230000000000455e-01 1.198680000000000023e-01 -6.621999999999905739e-03 0.000000000000000000e+00 -3.310999999999952870e-03 3.310999999999994503e-03 -7.550588945937984420e+01
