3.344369999999999843e-01 4.509929999999999772e-01 0.000000000000000000e+00 6.623000000000045517e-03 0.000000000000000000e+00 -5.000000000421334079e-07 -0.000000000000000000e+00
3.344369999999999843e-01 4.576160000000000228e-01 0.000000000000000000e+00 6.622500000000003384e-03 0.000000000000000000e+00 -2.500000000349444917e-07 -0.000000000000000000e+00
3.344369999999999843e-01 4.642379999999999840e-01 0.000000000000000000e+00 6.622499999999975628e-03 1.655749999999997502e-03 0.000000000000000000e+00 -3.775294451448684185e+01
3.344369999999999843e-01 4.708609999999999740e-01 3.311499999999995003e-03 6.622500000000003384e-03 1.655749999999997502e-03 1.387778780781445676e-17 -2.701258436269021246e+01
3.410599999999999743e-01 4.774829999999999908e-01 3.311499999999995003e-03 6.622500000000003384e-03 -2.499999999933111283e-07 0.000000000000000000e+00 4.078602500674562321e-03
3.410599999999999743e-01 4.841059999999999808e-01 3.311000000000008381e-03 6.622500000000003384e-03 1.655500000000004190e-03 0.000000000000000000e+00 -2.701095284777852612e+01
3.476819999999999911e-01 4.907279999999999975e-01 6.622500000000003384e-03 6.622500000000003384e-03 1.655749999999997502e-03 2.500000000071889161e-07 -1.334566618518490522e+01
3.543049999999999811e-01 4.973509999999999875e-01 6.622500000000003384e-03 6.623000000000017762e-03 0.000000000000000000e+00 1.387778780781445676e-17 1.118618844847673366e-13
3.609269999999999978e-01 5.039740000000000331e-01 6.622500000000003384e-03 6.622500000000031140e-03 0.000000000000000000e+00 -2.500000000210667039e-07 -2.015352791650482783e-03
3.675499999999999878e-01 5.105960000000000498e-01 6.622500000000003384e-03 6.622499999999975628e-03 0.000000000000000000e+00 -2.775557561562891351e-17 -2.237491071844434004e-13
3.741720000000000046e-01 5.172189999999999843e-01 6.622500000000003384e-03 6.622499999999975628e-03 0.000000000000000000e+00 -1.655749999999983624e-03 -1.334768153797641865e+01
3.807949999999999946e-01 5.238410000000000011e-01 6.622500000000003384e-03 3.311000000000008381e-03 0.000000000000000000e+00 -3.311249999999987814e-03 -5.402598466759654627e+01
3.874170000000000114e-01 5.238410000000000011e-01 6.622500000000003384e-03 0.000000000000000000e+00 0.000000000000000000e+00 -1.655500000000004190e-03 -3.774724423598531331e+01
3.940400000000000014e-01 5.238410000000000011e-01 6.622500000000003384e-03 0.000000000000000000e+00 -1.655749999999997502e-03 -1.655500000000004190e-03 -3.774724423598531331e+01
4.006620000000000181e-01 5.238410000000000011e-01 3.311000000000008381e-03 -3.311000000000008381e-03 -3.311250000000001692e-03 -3.311249999999987814e-03 -2.135790310821500952e+02
4.006620000000000181e-01 5.172189999999999843e-01 0.000000000000000000e+00 -6.622499999999975628e-03 2.499999999933111283e-07 -1.655749999999983624e-03 5.700278501204409168e-03
4.006620000000000181e-01 5.105960000000000498e-01 3.311499999999995003e-03 -6.622499999999975628e-03 1.655749999999997502e-03 -1.655750000000025257e-03 1.350527245373597651e+01
4.072850000000000081e-01 5.039740000000000331e-01 3.311499999999995003e-03 -9.934000000000026143e-03 -1.655749999999997502e-03 -1.655750000000025257e-03 -1.910063739510098202e+01
4.072850000000000081e-01 4.907279999999999975e-01 0.000000000000000000e+00 -9.934000000000026143e-03 -1.655749999999997502e-03 1.655750000000011379e-03 -1.677824193330084412e+01
4.072850000000000081e-01 4.841059999999999808e-01 0.000000000000000000e+00 -6.622500000000003384e-03 0.000000000000000000e+00 1.655750000000011379e-03 0.000000000000000000e+00
4.072850000000000081e-01 4.774829999999999908e-01 0.000000000000000000e+00 -6.622500000000003384e-03 0.000000000000000000e+00 0.000000000000000000e+00 0.000000000000000000e+00
4.072850000000000081e-01 4.708609999999999740e-01 0.000000000000000000e+00 -6.622500000000003384e-03 0.000000000000000000e+00 1.387778780781445676e-17 0.000000000000000000e+00
4.072850000000000081e-01 4.642379999999999840e-01 0.000000000000000000e+00 -6.622499999999975628e-03 0.000000000000000000e+00 3.311250000000001692e-03 0.000000000000000000e+00
4.072850000000000081e-01 4.576160000000000228e-01 0.000000000000000000e+00 0.000000000000000000e+00 0.000000000000000000e+00 6.622499999999975628e-03 0.000000000000000000e+00
4.072850000000000081e-01 4.642379999999999840e-01 0.000000000000000000e+00 6.622499999999975628e-03 3.311250000000001692e-03 3.311250000000001692e-03 -7.550018875047247491e+01
4.072850000000000081e-01 4.708609999999999740e-01 6.622500000000003384e-03 6.622500000000003384e-03 3.311250000000001692e-03 1.387778780781445676e-17 -2.669334772316135229e+01
4.205300000000000149e-01 4.774829999999999908e-01 6.622500000000003384e-03 6.622500000000003384e-03 0.000000000000000000e+00 1.655749999999997502e-03 1.334768153797644352e+01
4.205300000000000149e-01 4.841059999999999808e-01 6.622500000000003384e-03 9.933999999999998387e-03 1.655499999999990313e-03 1.655750000000011379e-03 -3.220394860262250969e+00
4.337750000000000217e-01 4.973509999999999875e-01 9.933499999999984009e-03 9.934000000000026143e-03 -1.387778780781445676e-17 -1.655749999999983624e-03 -5.932153603468337977e+00
4.403969999999999829e-01 5.039740000000000331e-01 6.622499999999975628e-03 6.622500000000031140e-03 -1.655499999999990313e-03 -1.655750000000025257e-03 -2.015352791649490521e-03
4.470199999999999729e-01 5.105960000000000498e-01 6.622500000000003384e-03 6.622499999999975628e-03 1.387778780781445676e-17 -1.655500000000031946e-03 -1.334566618518543990e+01
4.536419999999999897e-01 5.172189999999999843e-01 6.622500000000003384e-03 3.311499999999967248e-03 0.000000000000000000e+00 -1.655749999999983624e-03 -2.701258436269024088e+01
4.602649999999999797e-01 5.172189999999999843e-01 6.622500000000003384e-03 3.311000000000008381e-03 0.000000000000000000e+00 -2.499999999794333405e-07 -4.078972039498090715e-03
4.668869999999999965e-01 5.238410000000000011e-01 6.622500000000003384e-03 3.311000000000008381e-03 0.000000000000000000e+00 -1.655500000000004190e-03 -2.701095284777852612e+01
4.735099999999999865e-01 5.238410000000000011e-01 6.622500000000003384e-03 0.000000000000000000e+00 0.000000000000000000e+00 -3.311000000000008381e-03 -7.549448847197062662e+01
4.801320000000000032e-01 5.238410000000000011e-01 6.622500000000003384e-03 -3.311000000000008381e-03 0.000000000000000000e+00 -1.655500000000004190e-03 -2.701095284777852612e+01
4.867549999999999932e-01 5.172189999999999843e-01 6.622500000000003384e-03 -3.311000000000008381e-03 -1.655749999999997502e-03 -2.499999999794333405e-07 -1.351057506194790214e+01
4.933770000000000100e-01 5.172189999999999843e-01 3.311000000000008381e-03 -3.311499999999967248e-03 -1.655500000000004190e-03 -1.655749999999983624e-03 -1.067733893710511381e+02
4.933770000000000100e-01 5.105960000000000498e-01 3.311499999999995003e-03 -6.622499999999975628e-03 1.656000000000004690e-03 -1.655500000000031946e-03 1.351139051145484338e+01
5.000000000000000000e-01 5.039740000000000331e-01 6.623000000000017762e-03 -6.622500000000031140e-03 1.387778780781445676e-17 -2.500000000210667039e-07 -2.015276707473212265e-03
5.066230000000000455e-01 4.973509999999999875e-01 3.311500000000022759e-03 -6.623000000000017762e-03 -3.311500000000008881e-03 1.387778780781445676e-17 -5.401945891589366511e+01
5.066230000000000455e-01 4.907279999999999975e-01 0.000000000000000000e+00 -6.622500000000003384e-03 -1.655750000000011379e-03 -1.655249999999997002e-03 -3.775294451448683475e+01
5.066230000000000455e-01 4.841059999999999808e-01 0.000000000000000000e+00 -9.933500000000011765e-03 0.000000000000000000e+00 -1.655749999999997502e-03 0.000000000000000000e+00
5.066230000000000455e-01 4.708609999999999740e-01 0.000000000000000000e+00 -9.933999999999998387e-03 0.000000000000000000e+00 -2.499999999933111283e-07 0.000000000000000000e+00
5.066230000000000455e-01 4.642379999999999840e-01 0.000000000000000000e+00 -9.933999999999998387e-03 0.000000000000000000e+00 -1.655499999999990313e-03 0.000000000000000000e+00
5.066230000000000455e-01 4.509929999999999772e-01 0.000000000000000000e+00 -1.324499999999997901e-02 -1.655750000000011379e-03 -3.310999999999994503e-03 -9.438236128621751320e+00
5.066230000000000455e-01 4.377480000000000260e-01 -3.311500000000022759e-03 -1.655599999999998739e-02 -3.311500000000008881e-03 -1.387778780781445676e-17 -1.139093502634367283e+01
5.000000000000000000e-01 4.178810000000000024e-01 -6.623000000000017762e-03 -1.324500000000000677e-02 1.387778780781445676e-17 3.310999999999994503e-03 -6.752636226868015790e+00
4.933770000000000100e-01 4.112580000000000124e-01 -3.311499999999995003e-03 -9.933999999999998387e-03 1.656000000000004690e-03 0.000000000000000000e+00 1.432746075248454964e+01
4.933770000000000100e-01 3.980130000000000057e-01 -3.311000000000008381e-03 -1.324500000000000677e-02 -1.655500000000004190e-03 -1.655500000000004190e-03 -6.462638015012019288e+00
4.867549999999999932e-01 3.847679999999999989e-01 -6.622500000000003384e-03 -1.324500000000000677e-02 -1.655749999999997502e-03 -1.655499999999990313e-03 -3.377235859815589158e+00
4.801320000000000032e-01 3.715229999999999921e-01 -6.622500000000003384e-03 -1.655599999999998739e-02 0.000000000000000000e+00 0.000000000000000000e+00 0.000000000000000000e+00
4.735099999999999865e-01 3.516560000000000241e-01 -6.622500000000003384e-03 -1.324500000000000677e-02 1.655500000000004190e-03 4.966749999999992005e-03 -3.376726011406756989e+00
4.668869999999999965e-01 3.450329999999999786e-01 -3.311499999999995003e-03 -6.622500000000003384e-03 1.655749999999997502e-03 3.311250000000015570e-03 -1.126791257884777766e-13
4.668869999999999965e-01 3.384110000000000174e-01 -3.311000000000008381e-03 -6.622499999999975628e-03 2.499999999933111283e-07 0.000000000000000000e+00 4.078972039724544120e-03
4.602649999999999797e-01 3.317880000000000273e-01 -3.311000000000008381e-03 -6.622500000000003384e-03 -2.499999999933111283e-07 -1.387778780781445676e-17 -4.078972039611313515e-03
4.602649999999999797e-01 3.251660000000000106e-01 -3.311499999999995003e-03 -6.622500000000003384e-03 -1.655749999999997502e-03 1.655500000000004190e-03 -4.051785681642650161e+01
4.536419999999999897e-01 3.185430000000000206e-01 -6.622500000000003384e-03 -3.311499999999995003e-03 2.499999999933111283e-07 4.966999999999999194e-03 -8.103163503035233362e+01
4.470199999999999729e-01 3.185430000000000206e-01 -3.311000000000008381e-03 3.311499999999995003e-03 3.311250000000001692e-03 4.966999999999999194e-03 -2.669334746449029012e+02
4.470199999999999729e-01 3.251660000000000106e-01 0.000000000000000000e+00 6.622500000000003384e-03 1.655500000000004190e-03 1.655500000000004190e-03 -3.774724423598531331e+01
4.470199999999999729e-01 3.317880000000000273e-01 0.000000000000000000e+00 6.622500000000003384e-03 -1.655749999999997502e-03 -1.387778780781445676e-17 3.775294451448651500e+01
4.470199999999999729e-01 3.384110000000000174e-01 -3.311499999999995003e-03 6.622499999999975628e-03 -3.311249999999987814e-03 0.000000000000000000e+00 5.402109012288006795e+01
4.403969999999999829e-01 3.450329999999999786e-01 -6.622499999999975628e-03 6.622500000000003384e-03 2.500000000071889161e-07 1.387778780781445676e-17 -2.015352791650508370e-03
4.337750000000000217e-01 3.516560000000000241e-01 -3.310999999999980625e-03 6.622500000000003384e-03 3.311249999999987814e-03 -1.387778780781445676e-17 -5.402598466759670259e+01
4.337750000000000217e-01 3.582779999999999854e-01 0.000000000000000000e+00 6.622499999999975628e-03 -2.500000000210667039e-07 0.000000000000000000e+00 5.700278501837266650e-03
4.337750000000000217e-01 3.649009999999999754e-01 -3.311500000000022759e-03 6.622500000000003384e-03 -1.655750000000011379e-03 1.387778780781445676e-17 2.701258436269029772e+01
4.271519999999999762e-01 3.715229999999999921e-01 -3.311500000000022759e-03 6.622500000000003384e-03 2.500000000210667039e-07 0.000000000000000000e+00 -4.078602501127358108e-03
4.271519999999999762e-01 3.781459999999999821e-01 -3.310999999999980625e-03 6.622500000000003384e-03 -1.655499999999976435e-03 -1.655749999999997502e-03 4.051744893768656652e+01
4.205300000000000149e-01 3.847679999999999989e-01 -6.622499999999975628e-03 3.311000000000008381e-03 -1.655750000000011379e-03 -3.311250000000001692e-03 6.753248075750576618e+01
4.139070000000000249e-01 3.847679999999999989e-01 -6.622500000000003384e-03 0.000000000000000000e+00 -1.387778780781445676e-17 2.499999999933111283e-07 -5.700278501204359728e-03
4.072850000000000081e-01 3.847679999999999989e-01 -6.622500000000003384e-03 3.311499999999995003e-03 0.000000000000000000e+00 1.655749999999997502e-03 -2.701258436269032259e+01
4.006620000000000181e-01 3.913909999999999889e-01 -6.622500000000003384e-03 3.311499999999995003e-03 -1.655500000000004190e-03 -1.655749999999997502e-03 4.051785681642650161e+01
3.940400000000000014e-01 3.913909999999999889e-01 -9.933500000000011765e-03 0.000000000000000000e+00 -1.655749999999997502e-03 -1.655749999999997502e-03 1.677993103222850024e+01
3.807949999999999946e-01 3.913909999999999889e-01 -9.933999999999998387e-03 0.000000000000000000e+00 1.655500000000004190e-03 0.000000000000000000e+00 -0.000000000000000000e+00
3.741720000000000046e-01 3.913909999999999889e-01 -6.622500000000003384e-03 0.000000000000000000e+00 2.499999999933111283e-07 -1.655749999999997502e-03 3.775294451448651500e+01
3.675499999999999878e-01 3.913909999999999889e-01 -9.933500000000011765e-03 -3.311499999999995003e-03 -1.655749999999997502e-03 -3.311250000000001692e-03 2.387489541259619585e+01
3.543049999999999811e-01 3.847679999999999989e-01 -9.933999999999998387e-03 -6.622500000000003384e-03 1.655500000000004190e-03 2.499999999933111283e-07 6.440789720524771056e+00
3.476819999999999911e-01 3.781459999999999821e-01 -6.622500000000003384e-03 -3.311000000000008381e-03 2.500000000071889161e-07 0.000000000000000000e+00 2.039332038396016004e-03
3.410599999999999743e-01 3.781459999999999821e-01 -9.933499999999984009e-03 -6.622500000000003384e-03 -3.311249999999987814e-03 -8.278249999999987008e-03 3.543826310626742782e+01
3.278150000000000230e-01 3.649009999999999754e-01 -1.324499999999997901e-02 -1.986749999999998240e-02 1.655499999999990313e-03 -4.966999999999985316e-03 7.248395455552949507e+00
3.145700000000000163e-01 3.384110000000000174e-01 -6.622500000000003384e-03 -1.655649999999997402e-02 4.966749999999992005e-03 4.966749999999992005e-03 8.701749669985598956e+00
3.145700000000000163e-01 3.317880000000000273e-01 -3.311499999999995003e-03 -9.933999999999998387e-03 0.000000000000000000e+00 -1.655500000000018068e-03 4.774618581041121246e+00
3.079470000000000263e-01 3.185430000000000206e-01 -6.622500000000003384e-03 -1.986750000000001015e-02 2.499999999933111283e-07 -6.622500000000003384e-03 4.775591980383094182e+00
3.013250000000000095e-01 2.920530000000000070e-01 -3.311000000000008381e-03 -2.317900000000000515e-02 4.966750000000005882e-03 0.000000000000000000e+00 8.968592078855234462e+00
3.013250000000000095e-01 2.721850000000000103e-01 3.311000000000008381e-03 -1.986750000000001015e-02 4.966750000000005882e-03 4.966999999999999194e-03 1.408915375776716594e+01
3.079470000000000263e-01 2.523179999999999867e-01 6.622500000000003384e-03 -1.324500000000000677e-02 3.311499999999995003e-03 6.622500000000010323e-03 2.701278839443674684e+01
3.145700000000000163e-01 2.456949999999999967e-01 9.933999999999998387e-03 -6.622499999999989506e-03 4.966749999999992005e-03 4.967000000000006132e-03 4.832148888554395683e+01
3.278150000000000230e-01 2.390730000000000077e-01 1.655599999999998739e-02 -3.310999999999994503e-03 1.655499999999990313e-03 3.311249999999994753e-03 1.252914609478564856e+01
3.476819999999999911e-01 2.390730000000000077e-01 1.324499999999997901e-02 0.000000000000000000e+00 -4.966749999999992005e-03 3.310999999999994503e-03 1.887362211799266021e+01
3.543049999999999811e-01 2.390730000000000077e-01 6.622500000000003384e-03 3.310999999999994503e-03 -1.655749999999983624e-03 3.311249999999994753e-03 6.753248075750506985e+01
3.609269999999999978e-01 2.456949999999999967e-01 9.933500000000011765e-03 6.622499999999989506e-03 3.311250000000001692e-03 3.311500000000001942e-03 6.444381939233984724e+00
3.741720000000000046e-01 2.523179999999999867e-01 1.324500000000000677e-02 9.933999999999998387e-03 2.499999999933111283e-07 1.655500000000011129e-03 4.830968713393122727e+00
3.874170000000000114e-01 2.655629999999999935e-01 9.933999999999998387e-03 9.933500000000011765e-03 -3.311250000000001692e-03 1.655500000000004190e-03 1.779496797902935867e+01
3.940400000000000014e-01 2.721850000000000103e-01 6.622500000000003384e-03 1.324500000000000677e-02 -1.655749999999997502e-03 3.311499999999995003e-03 1.350690404562714342e+01
4.006620000000000181e-01 2.920530000000000070e-01 6.622500000000003384e-03 1.655650000000000177e-02 -1.655500000000004190e-03 0.000000000000000000e+00 4.834013376990085931e+00
4.072850000000000081e-01 3.052980000000000138e-01 3.311499999999995003e-03 1.324500000000000677e-02 -1.655749999999997502e-03 -1.655749999999997502e-03 6.463116395845863948e+00
4.072850000000000081e-01 3.185430000000000206e-01 3.311000000000008381e-03 1.324500000000000677e-02 -2.499999999933111283e-07 -1.387778780781445676e-17 1.301213203539555502e-03
4.139070000000000249e-01 3.317880000000000273e-01 3.311000000000008381e-03 1.324499999999997901e-02 -1.655500000000004190e-03 -1.655500000000004190e-03 6.462638015012041492e+00
4.139070000000000249e-01 3.450329999999999786e-01 0.000000000000000000e+00 9.933999999999998387e-03 -3.311000000000008381e-03 -3.311249999999987814e-03 3.355141720740427758e+01
4.139070000000000249e-01 3.516560000000000241e-01 -3.311000000000008381e-03 6.622500000000003384e-03 -1.655500000000004190e-03 -1.655750000000011379e-03 4.051744893768704969e+01
4.072850000000000081e-01 3.582779999999999854e-01 -3.311000000000008381e-03 6.622499999999975628e-03 1.655500000000004190e-03 0.000000000000000000e+00 -2.701095284777868955e+01
4.072850000000000081e-01 3.649009999999999754e-01 0.000000000000000000e+00 6.622500000000003384e-03 1.655500000000004190e-03 1.387778780781445676e-17 -3.774724423598531331e+01
4.072850000000000081e-01 3.715229999999999921e-01 0.000000000000000000e+00 6.622500000000003384e-03 0.000000000000000000e+00 2.499999999933111283e-07 0.000000000000000000e+00
4.072850000000000081e-01 3.781459999999999821e-01 0.000000000000000000e+00 6.622999999999990006e-03 0.000000000000000000e+00 4.999999999866222566e-07 0.000000000000000000e+00
