2.748340000000000227e-01 4.245030000000000192e-01 0.000000000000000000e+00 6.622999999999990006e-03 0.000000000000000000e+00 -4.999999999866222566e-07 -0.000000000000000000e+00
2.748340000000000227e-01 4.311260000000000092e-01 0.000000000000000000e+00 6.622500000000003384e-03 0.000000000000000000e+00 -2.499999999933111283e-07 -0.000000000000000000e+00
2.748340000000000227e-01 4.377480000000000260e-01 0.000000000000000000e+00 6.622500000000003384e-03 0.000000000000000000e+00 -1.387778780781445676e-17 -0.000000000000000000e+00
2.748340000000000227e-01 4.443710000000000160e-01 0.000000000000000000e+00 6.622499999999975628e-03 1.655749999999997502e-03 0.000000000000000000e+00 -3.775294451448684185e+01
2.748340000000000227e-01 4.509929999999999772e-01 3.311499999999995003e-03 6.622500000000003384e-03 3.311249999999987814e-03 1.387778780781445676e-17 -5.402109012287962742e+01
2.814570000000000127e-01 4.576160000000000228e-01 6.622499999999975628e-03 6.622500000000003384e-03 -2.500000000071889161e-07 -1.387778780781445676e-17 2.015352791426759400e-03
2.880789999999999740e-01 4.642379999999999840e-01 3.310999999999980625e-03 6.622499999999975628e-03 -1.655499999999976435e-03 0.000000000000000000e+00 2.701095284777836980e+01
2.880789999999999740e-01 4.708609999999999740e-01 3.311500000000022759e-03 6.622500000000003384e-03 1.656000000000018568e-03 1.387778780781445676e-17 -2.701666296519120181e+01
2.947020000000000195e-01 4.774829999999999908e-01 6.623000000000017762e-03 6.622500000000003384e-03 1.655499999999990313e-03 0.000000000000000000e+00 -1.334415487029236225e+01
3.013250000000000095e-01 4.841059999999999808e-01 6.622500000000003384e-03 6.622500000000003384e-03 -2.500000000071889161e-07 0.000000000000000000e+00 2.015352791538620875e-03
3.079470000000000263e-01 4.907279999999999975e-01 6.622500000000003384e-03 6.622500000000003384e-03 -1.387778780781445676e-17 2.500000000071889161e-07 2.015352791650495360e-03
3.145700000000000163e-01 4.973509999999999875e-01 6.622499999999975628e-03 6.623000000000017762e-03 0.000000000000000000e+00 -1.655499999999990313e-03 -1.334415487029239067e+01
3.211919999999999775e-01 5.039740000000000331e-01 6.622500000000003384e-03 3.311500000000022759e-03 1.655750000000011379e-03 -1.656000000000004690e-03 -4.052397487414538801e+01
3.278150000000000230e-01 5.039740000000000331e-01 9.933999999999998387e-03 3.311000000000008381e-03 1.655499999999990313e-03 -2.500000000071889161e-07 -4.776276979518998544e+00
3.410599999999999743e-01 5.105960000000000498e-01 9.933499999999984009e-03 3.311000000000008381e-03 -1.655749999999997502e-03 2.499999999794333405e-07 4.777647067628464583e+00
3.476819999999999911e-01 5.105960000000000498e-01 6.622500000000003384e-03 3.311499999999967248e-03 -1.655499999999990313e-03 2.499999999794333405e-07 1.350935105623647026e+01
3.543049999999999811e-01 5.172189999999999843e-01 6.622500000000003384e-03 3.311499999999967248e-03 1.655500000000004190e-03 -1.655749999999983624e-03 -4.051785681642637371e+01
3.609269999999999978e-01 5.172189999999999843e-01 9.933500000000011765e-03 0.000000000000000000e+00 1.655749999999997502e-03 -1.655749999999983624e-03 -1.677993103222836169e+01
3.741720000000000046e-01 5.172189999999999843e-01 9.933999999999998387e-03 0.000000000000000000e+00 -1.655500000000004190e-03 0.000000000000000000e+00 0.000000000000000000e+00
3.807949999999999946e-01 5.172189999999999843e-01 6.622500000000003384e-03 0.000000000000000000e+00 -1.655749999999997502e-03 -1.655749999999983624e-03 -3.775294451448620237e+01
3.874170000000000114e-01 5.172189999999999843e-01 6.622500000000003384e-03 -3.311499999999967248e-03 1.655749999999997502e-03 -1.655749999999983624e-03 -1.350527245373613816e+01
3.940400000000000014e-01 5.105960000000000498e-01 9.933999999999998387e-03 -3.311499999999967248e-03 1.655500000000004190e-03 1.655749999999983624e-03 1.909991637145533616e+01
4.072850000000000081e-01 5.105960000000000498e-01 9.933500000000011765e-03 0.000000000000000000e+00 -1.655749999999997502e-03 2.499999999794333405e-07 2.533584633979782483e-03
4.139070000000000249e-01 5.105960000000000498e-01 6.622500000000003384e-03 -3.311000000000008381e-03 -3.311000000000008381e-03 -3.311250000000015570e-03 -8.103489818333726191e+01
4.205300000000000149e-01 5.039740000000000331e-01 3.311499999999995003e-03 -6.622500000000031140e-03 -1.655750000000011379e-03 -2.500000000071889161e-07 -2.701462381790847189e+01
4.205300000000000149e-01 4.973509999999999875e-01 3.310999999999980625e-03 -3.311500000000022759e-03 1.655500000000004190e-03 1.655500000000018068e-03 1.067653285685924374e+02
4.271519999999999762e-01 4.973509999999999875e-01 6.622500000000003384e-03 -3.311499999999995003e-03 2.500000000210667039e-07 -1.655499999999990313e-03 -2.700646630497123013e+01
4.337750000000000217e-01 4.907279999999999975e-01 3.311500000000022759e-03 -6.622500000000003384e-03 -1.655750000000011379e-03 2.499999999933111283e-07 -2.701054490747244330e+01
4.337750000000000217e-01 4.841059999999999808e-01 3.310999999999980625e-03 -3.311000000000008381e-03 -2.500000000210667039e-07 1.655500000000004190e-03 5.338266382766741458e+01
4.403969999999999829e-01 4.841059999999999808e-01 3.310999999999980625e-03 -3.311499999999995003e-03 2.500000000071889161e-07 -1.655749999999997502e-03 -5.337863266579027766e+01
4.403969999999999829e-01 4.774829999999999908e-01 3.311499999999995003e-03 -6.622500000000003384e-03 2.500000000071889161e-07 -1.655500000000004190e-03 -1.350119385123527849e+01
4.470199999999999729e-01 4.708609999999999740e-01 3.311499999999995003e-03 -6.622500000000003384e-03 -1.655749999999997502e-03 1.387778780781445676e-17 -2.701258436269021246e+01
4.470199999999999729e-01 4.642379999999999840e-01 0.000000000000000000e+00 -6.622499999999975628e-03 -1.655749999999997502e-03 0.000000000000000000e+00 -3.775294451448684185e+01
4.470199999999999729e-01 4.576160000000000228e-01 0.000000000000000000e+00 -6.622500000000003384e-03 0.000000000000000000e+00 -1.387778780781445676e-17 0.000000000000000000e+00
4.470199999999999729e-01 4.509929999999999772e-01 0.000000000000000000e+00 -6.622500000000003384e-03 0.000000000000000000e+00 1.387778780781445676e-17 0.000000000000000000e+00
4.470199999999999729e-01 4.443710000000000160e-01 0.000000000000000000e+00 -6.622499999999975628e-03 1.655500000000004190e-03 1.655500000000004190e-03 3.774724423598564016e+01
4.470199999999999729e-01 4.377480000000000260e-01 3.311000000000008381e-03 -3.311499999999995003e-03 1.655500000000004190e-03 4.966999999999985316e-03 2.135387179396422255e+02
4.536419999999999897e-01 4.377480000000000260e-01 3.311000000000008381e-03 3.311499999999995003e-03 -1.655500000000004190e-03 4.966999999999985316e-03 2.135387179396422255e+02
4.536419999999999897e-01 4.443710000000000160e-01 0.000000000000000000e+00 6.622499999999975628e-03 -1.655500000000004190e-03 1.655500000000004190e-03 3.774724423598564016e+01
4.536419999999999897e-01 4.509929999999999772e-01 0.000000000000000000e+00 6.622500000000003384e-03 0.000000000000000000e+00 1.387778780781445676e-17 0.000000000000000000e+00
4.536419999999999897e-01 4.576160000000000228e-01 0.000000000000000000e+00 6.622500000000003384e-03 0.000000000000000000e+00 -1.387778780781445676e-17 -0.000000000000000000e+00
4.536419999999999897e-01 4.642379999999999840e-01 0.000000000000000000e+00 6.622499999999975628e-03 1.655749999999997502e-03 0.000000000000000000e+00 -3.775294451448684185e+01
4.536419999999999897e-01 4.708609999999999740e-01 3.311499999999995003e-03 6.622500000000003384e-03 3.311250000000001692e-03 1.387778780781445676e-17 -5.402109012287986189e+01
4.602649999999999797e-01 4.774829999999999908e-01 6.622500000000003384e-03 6.622500000000003384e-03 1.655500000000004190e-03 0.000000000000000000e+00 -1.334566618518501713e+01
4.668869999999999965e-01 4.841059999999999808e-01 6.622500000000003384e-03 6.622500000000003384e-03 0.000000000000000000e+00 0.000000000000000000e+00 0.000000000000000000e+00
4.735099999999999865e-01 4.907279999999999975e-01 6.622500000000003384e-03 6.622500000000003384e-03 0.000000000000000000e+00 -1.655500000000004190e-03 -1.334566618518501713e+01
4.801320000000000032e-01 4.973509999999999875e-01 6.622500000000003384e-03 3.311499999999995003e-03 0.000000000000000000e+00 -1.655499999999990313e-03 -2.700850576018942206e+01
4.867549999999999932e-01 4.973509999999999875e-01 6.622500000000003384e-03 3.311500000000022759e-03 0.000000000000000000e+00 1.387778780781445676e-17 2.264079202331885078e-13
4.933770000000000100e-01 5.039740000000000331e-01 6.622500000000003384e-03 3.311500000000022759e-03 2.500000000071889161e-07 -1.655750000000011379e-03 -2.701462381790849321e+01
5.000000000000000000e-01 5.039740000000000331e-01 6.623000000000017762e-03 0.000000000000000000e+00 -1.387778780781445676e-17 -1.655750000000011379e-03 -3.774724445115511884e+01
5.066230000000000455e-01 5.039740000000000331e-01 6.622499999999975628e-03 0.000000000000000000e+00 -2.500000000210667039e-07 1.655500000000004190e-03 3.774724423598564016e+01
5.132449999999999513e-01 5.039740000000000331e-01 6.622499999999975628e-03 3.311000000000008381e-03 2.775557561562891351e-17 1.655500000000004190e-03 2.701095284777846572e+01
5.198679999999999968e-01 5.105960000000000498e-01 6.622500000000031140e-03 3.311000000000008381e-03 0.000000000000000000e+00 -1.655500000000004190e-03 -2.701095284777836980e+01
5.264900000000000135e-01 5.105960000000000498e-01 6.622499999999975628e-03 0.000000000000000000e+00 -2.775557561562891351e-17 -1.655500000000004190e-03 -3.774724423598564016e+01
5.331129999999999480e-01 5.105960000000000498e-01 6.622499999999975628e-03 0.000000000000000000e+00 2.775557561562891351e-17 0.000000000000000000e+00 0.000000000000000000e+00
5.397349999999999648e-01 5.105960000000000498e-01 6.622500000000031140e-03 0.000000000000000000e+00 2.775557561562891351e-17 -1.655500000000004190e-03 -3.774724423598499357e+01
5.463580000000000103e-01 5.105960000000000498e-01 6.622500000000031140e-03 -3.311000000000008381e-03 -2.775557561562891351e-17 -1.655500000000004190e-03 -2.701095284777859362e+01
5.529800000000000271e-01 5.039740000000000331e-01 6.622499999999975628e-03 -3.311000000000008381e-03 -2.775557561562891351e-17 -2.500000000071889161e-07 -4.078972040177383275e-03
5.596029999999999616e-01 5.039740000000000331e-01 6.622499999999975628e-03 -3.311500000000022759e-03 2.775557561562891351e-17 -1.656000000000004690e-03 -2.701666296519102772e+01
5.662249999999999783e-01 4.973509999999999875e-01 6.622500000000031140e-03 -6.623000000000017762e-03 2.775557561562891351e-17 -1.655499999999990313e-03 -1.334415487029210645e+01
5.728480000000000238e-01 4.907279999999999975e-01 6.622500000000031140e-03 -6.622500000000003384e-03 -1.655750000000011379e-03 2.500000000071889161e-07 -1.334566618518493364e+01
5.794700000000000406e-01 4.841059999999999808e-01 3.311000000000008381e-03 -6.622500000000003384e-03 -1.655500000000031946e-03 1.655500000000004190e-03 -1.350649608990885930e+01
5.794700000000000406e-01 4.774829999999999908e-01 3.311499999999967248e-03 -3.311499999999995003e-03 1.655749999999983624e-03 0.000000000000000000e+00 5.338266504503635446e+01
5.860929999999999751e-01 4.774829999999999908e-01 6.622499999999975628e-03 -6.622500000000003384e-03 1.655500000000031946e-03 -3.310999999999994503e-03 -1.334566618518465653e+01
5.927149999999999919e-01 4.642379999999999840e-01 6.622500000000031140e-03 -9.933499999999984009e-03 -1.655499999999976435e-03 0.000000000000000000e+00 -9.664140589323633179e+00
5.993380000000000374e-01 4.576160000000000228e-01 3.311500000000022759e-03 -6.622500000000003384e-03 -3.311250000000015570e-03 1.655499999999990313e-03 -4.051581766914381433e+01
5.993380000000000374e-01 4.509929999999999772e-01 0.000000000000000000e+00 -6.622500000000003384e-03 -2.500000000071889161e-07 1.655750000000011379e-03 -5.700278501520788903e-03
5.993380000000000374e-01 4.443710000000000160e-01 3.311000000000008381e-03 -3.310999999999980625e-03 1.655500000000004190e-03 1.655500000000004190e-03 1.067814529124964906e+02
6.059600000000000541e-01 4.443710000000000160e-01 3.311000000000008381e-03 -3.311499999999995003e-03 -1.655500000000004190e-03 -1.655750000000011379e-03 -1.067733893710511381e+02
6.059600000000000541e-01 4.377480000000000260e-01 0.000000000000000000e+00 -6.622500000000003384e-03 2.499999999794333405e-07 -3.311000000000008381e-03 5.700278500887930554e-03
6.059600000000000541e-01 4.311260000000000092e-01 3.311499999999967248e-03 -9.933500000000011765e-03 1.655749999999983624e-03 -1.655749999999997502e-03 9.550534975243767377e+00
6.125829999999999886e-01 4.178810000000000024e-01 3.311499999999967248e-03 -9.933999999999998387e-03 -1.655749999999983624e-03 1.655500000000004190e-03 -9.550679209373232226e+00
6.125829999999999886e-01 4.112580000000000124e-01 0.000000000000000000e+00 -6.622500000000003384e-03 -1.655749999999983624e-03 2.499999999933111283e-07 -3.775294451448620237e+01
6.125829999999999886e-01 4.046359999999999957e-01 0.000000000000000000e+00 -9.933500000000011765e-03 0.000000000000000000e+00 -1.655749999999997502e-03 0.000000000000000000e+00
6.125829999999999886e-01 3.913909999999999889e-01 0.000000000000000000e+00 -9.933999999999998387e-03 0.000000000000000000e+00 1.655500000000004190e-03 0.000000000000000000e+00
6.125829999999999886e-01 3.847679999999999989e-01 0.000000000000000000e+00 -6.622500000000003384e-03 0.000000000000000000e+00 1.655749999999997502e-03 0.000000000000000000e+00
6.125829999999999886e-01 3.781459999999999821e-01 0.000000000000000000e+00 -6.622500000000003384e-03 0.000000000000000000e+00 0.000000000000000000e+00 0.000000000000000000e+00
6.125829999999999886e-01 3.715229999999999921e-01 0.000000000000000000e+00 -6.622500000000003384e-03 0.000000000000000000e+00 -1.655499999999990313e-03 0.000000000000000000e+00
6.125829999999999886e-01 3.649009999999999754e-01 0.000000000000000000e+00 -9.933499999999984009e-03 0.000000000000000000e+00 -1.655749999999997502e-03 0.000000000000000000e+00
6.125829999999999886e-01 3.516560000000000241e-01 0.000000000000000000e+00 -9.933999999999998387e-03 0.000000000000000000e+00 1.655499999999990313e-03 0.000000000000000000e+00
6.125829999999999886e-01 3.450329999999999786e-01 0.000000000000000000e+00 -6.622500000000003384e-03 0.000000000000000000e+00 1.655750000000011379e-03 0.000000000000000000e+00
6.125829999999999886e-01 3.384110000000000174e-01 0.000000000000000000e+00 -6.622499999999975628e-03 0.000000000000000000e+00 0.000000000000000000e+00 0.000000000000000000e+00
6.125829999999999886e-01 3.317880000000000273e-01 0.000000000000000000e+00 -6.622500000000003384e-03 0.000000000000000000e+00 -1.387778780781445676e-17 0.000000000000000000e+00
6.125829999999999886e-01 3.251660000000000106e-01 0.000000000000000000e+00 -6.622500000000003384e-03 -1.655749999999983624e-03 -1.655749999999997502e-03 -3.775294451448620237e+01
6.125829999999999886e-01 3.185430000000000206e-01 -3.311499999999967248e-03 -9.933999999999998387e-03 -1.655749999999983624e-03 -1.655749999999997502e-03 -9.549958185727669857e+00
6.059600000000000541e-01 3.052980000000000138e-01 -3.311499999999967248e-03 -9.933999999999998387e-03 2.499999999794333405e-07 1.655749999999997502e-03 -4.773176642616672183e+00
6.059600000000000541e-01 2.986750000000000238e-01 -3.311000000000008381e-03 -6.622500000000003384e-03 2.499999999794333405e-07 1.655749999999997502e-03 -1.350241711786890697e+01
5.993380000000000374e-01 2.920530000000000070e-01 -3.311000000000008381e-03 -6.622500000000003384e-03 -2.500000000071889161e-07 0.000000000000000000e+00 -4.078972039950948085e-03
5.993380000000000374e-01 2.854300000000000170e-01 -3.311500000000022759e-03 -6.622500000000003384e-03 -2.500000000071889161e-07 0.000000000000000000e+00 -4.078602500900949807e-03
5.927149999999999919e-01 2.788080000000000003e-01 -3.311500000000022759e-03 -6.622500000000003384e-03 2.500000000071889161e-07 0.000000000000000000e+00 4.078602500900949807e-03
5.927149999999999919e-01 2.721850000000000103e-01 -3.311000000000008381e-03 -6.622500000000003384e-03 -1.655499999999976435e-03 0.000000000000000000e+00 -2.701095284777807493e+01
5.860929999999999751e-01 2.655629999999999935e-01 -6.622499999999975628e-03 -6.622500000000003384e-03 -2.499999999794333405e-07 0.000000000000000000e+00 -2.015352791314884914e-03
5.794700000000000406e-01 2.589400000000000035e-01 -3.311499999999967248e-03 -6.622500000000003384e-03 1.655749999999983624e-03 0.000000000000000000e+00 2.701258436269024088e+01
5.794700000000000406e-01 2.523179999999999867e-01 -3.311000000000008381e-03 -6.622500000000003384e-03 -1.655500000000031946e-03 6.938893903907228378e-18 -2.701095284777904126e+01
5.728480000000000238e-01 2.456949999999999967e-01 -6.622500000000031140e-03 -6.622499999999989506e-03 -2.500000000071889161e-07 0.000000000000000000e+00 -2.015352791538610466e-03
5.662249999999999783e-01 2.390730000000000077e-01 -3.311500000000022759e-03 -6.622500000000003384e-03 1.655750000000011379e-03 -6.938893903907228378e-18 2.701258436269047181e+01
5.662249999999999783e-01 2.324499999999999900e-01 -3.311000000000008381e-03 -6.622500000000003384e-03 -1.655499999999976435e-03 6.938893903907228378e-18 -2.701095284777813532e+01
5.596029999999999616e-01 2.258280000000000010e-01 -6.622499999999975628e-03 -6.622499999999989506e-03 -1.655749999999983624e-03 0.000000000000000000e+00 -1.334768153797643286e+01
5.529800000000000271e-01 2.192050000000000110e-01 -6.622499999999975628e-03 -6.622500000000003384e-03 -2.775557561562891351e-17 -6.938893903907228378e-18 -1.678118303883328027e-13
5.463580000000000103e-01 2.125829999999999942e-01 -6.622500000000031140e-03 -6.622500000000003384e-03 -2.775557561562891351e-17 1.655500000000004190e-03 -1.334566618518521430e+01
5.397349999999999648e-01 2.059600000000000042e-01 -6.622500000000031140e-03 -3.311499999999995003e-03 2.775557561562891351e-17 1.655749999999997502e-03 -2.701258436268993890e+01
5.331129999999999480e-01 2.059600000000000042e-01 -6.622499999999975628e-03 -3.311000000000008381e-03 2.775557561562891351e-17 -1.655500000000004190e-03 2.701095284777891337e+01
5.264900000000000135e-01 1.993379999999999874e-01 -6.622499999999975628e-03 -6.622500000000003384e-03 -2.775557561562891351e-17 -2.499999999933111283e-07 2.015352791203001755e-03
5.198679999999999968e-01 1.927149999999999974e-01 -6.622500000000031140e-03 -3.311499999999995003e-03 0.000000000000000000e+00 3.311250000000001692e-03 -5.402109012287966294e+01
5.132449999999999513e-01 1.927149999999999974e-01 -6.622499999999975628e-03 0.000000000000000000e+00 2.775557561562891351e-17 2.500000000002500222e-07 -5.700278501362622888e-03
5.066230000000000455e-01 1.927149999999999974e-01 -6.622499999999975628e-03 -3.310999999999994503e-03 -2.500000000210667039e-07 -1.655499999999997252e-03 2.700891351574012944e+01
5.000000000000000000e-01 1.860930000000000084e-01 -6.623000000000017762e-03 -3.310999999999994503e-03 -1.387778780781445676e-17 1.655499999999997252e-03 -2.700809781990012581e+01
4.933770000000000100e-01 1.860930000000000084e-01 -6.622500000000003384e-03 0.000000000000000000e+00 2.500000000071889161e-07 1.655499999999997252e-03 -3.774724423598515699e+01
4.867549999999999932e-01 1.860930000000000084e-01 -6.622500000000003384e-03 0.000000000000000000e+00 0.000000000000000000e+00 0.000000000000000000e+00 -0.000000000000000000e+00
4.801320000000000032e-01 1.860930000000000084e-01 -6.622500000000003384e-03 0.000000000000000000e+00 0.000000000000000000e+00 0.000000000000000000e+00 -0.000000000000000000e+00
4.735099999999999865e-01 1.860930000000000084e-01 -6.622500000000003384e-03 0.000000000000000000e+00 0.000000000000000000e+00 0.000000000000000000e+00 -0.000000000000000000e+00
4.668869999999999965e-01 1.860930000000000084e-01 -6.622500000000003384e-03 0.000000000000000000e+00 0.000000000000000000e+00 1.655499999999997252e-03 -3.774724423598515699e+01
4.602649999999999797e-01 1.860930000000000084e-01 -6.622500000000003384e-03 3.310999999999994503e-03 1.655500000000004190e-03 3.311249999999994753e-03 -6.753044142546690409e+01
4.536419999999999897e-01 1.927149999999999974e-01 -3.311499999999995003e-03 6.622499999999989506e-03 1.655749999999997502e-03 1.655750000000004440e-03 -4.051989627164468999e+01
4.536419999999999897e-01 1.993379999999999874e-01 -3.311000000000008381e-03 6.622500000000003384e-03 1.655749999999997502e-03 -1.655749999999990563e-03 -1.350853572990990337e+01
4.470199999999999729e-01 2.059600000000000042e-01 0.000000000000000000e+00 3.311000000000008381e-03 3.311000000000008381e-03 -1.655500000000004190e-03 -3.020235578375105092e+02
4.536419999999999897e-01 2.059600000000000042e-01 3.311000000000008381e-03 3.311499999999995003e-03 1.655749999999997502e-03 1.655749999999997502e-03 -8.062019734843918484e-03
4.536419999999999897e-01 2.125829999999999942e-01 3.311499999999995003e-03 6.622500000000003384e-03 1.655749999999997502e-03 3.311000000000001442e-03 -2.039455218022362664e-03
4.602649999999999797e-01 2.192050000000000110e-01 6.622500000000003384e-03 9.933499999999997887e-03 -2.499999999933111283e-07 3.311249999999994753e-03 1.288827743659993530e+01
4.668869999999999965e-01 2.324499999999999900e-01 3.311000000000008381e-03 1.324499999999999289e-02 -3.311250000000001692e-03 2.500000000002500222e-07 1.723489416032217392e+01
4.668869999999999965e-01 2.456949999999999967e-01 0.000000000000000000e+00 9.933999999999998387e-03 -1.655500000000004190e-03 -3.311249999999994753e-03 1.677570860370213879e+01
4.668869999999999965e-01 2.523179999999999867e-01 0.000000000000000000e+00 6.622500000000003384e-03 0.000000000000000000e+00 1.655500000000004190e-03 0.000000000000000000e+00
4.668869999999999965e-01 2.589400000000000035e-01 0.000000000000000000e+00 1.324500000000000677e-02 -1.655500000000004190e-03 6.622500000000003384e-03 9.436811058996328327e+00
4.668869999999999965e-01 2.788080000000000003e-01 -3.311000000000008381e-03 1.986750000000001015e-02 -3.311250000000001692e-03 3.311250000000001692e-03 6.709415122872314008e+00
4.602649999999999797e-01 2.986750000000000238e-01 -6.622500000000003384e-03 1.986750000000001015e-02 -3.311499999999995003e-03 -1.655500000000004190e-03 8.356790254427984621e+00
4.536419999999999897e-01 3.185430000000000206e-01 -9.933999999999998387e-03 1.655650000000000177e-02 -3.311250000000001692e-03 -3.311250000000015570e-03 1.218609872368557845e+01
4.403969999999999829e-01 3.317880000000000273e-01 -1.324500000000000677e-02 1.324499999999997901e-02 -1.655499999999990313e-03 -3.311250000000001692e-03 1.000975347708661722e+01
4.271519999999999762e-01 3.450329999999999786e-01 -1.324499999999997901e-02 9.933999999999998387e-03 -1.655499999999990313e-03 -1.655499999999990313e-03 8.455244088388958801e+00
4.139070000000000249e-01 3.516560000000000241e-01 -1.655599999999998739e-02 9.933999999999998387e-03 -1.655500000000018068e-03 -1.655750000000011379e-03 6.093455266898172518e+00
3.940400000000000014e-01 3.649009999999999754e-01 -1.655600000000001515e-02 6.622499999999975628e-03 3.310999999999994503e-03 -4.966999999999999194e-03 1.063674054500780031e+01
3.807949999999999946e-01 3.649009999999999754e-01 -9.933999999999998387e-03 0.000000000000000000e+00 1.655500000000004190e-03 -4.966999999999985316e-03 5.033219247030387322e+01
3.741720000000000046e-01 3.649009999999999754e-01 -1.324500000000000677e-02 -3.311499999999995003e-03 -3.311000000000008381e-03 -3.311249999999987814e-03 1.292558225154605189e+01
3.543049999999999811e-01 3.582779999999999854e-01 -1.655600000000001515e-02 -6.622499999999975628e-03 1.387778780781445676e-17 -1.655500000000004190e-03 4.834244949025308991e+00
3.410599999999999743e-01 3.516560000000000241e-01 -1.324499999999997901e-02 -6.622500000000003384e-03 3.311000000000008381e-03 -1.655750000000011379e-03 1.350588434880970645e+01
3.278150000000000230e-01 3.450329999999999786e-01 -9.933999999999998387e-03 -9.933999999999998387e-03 3.311249999999987814e-03 -4.966749999999992005e-03 2.965733461675641536e+01
3.211919999999999775e-01 3.317880000000000273e-01 -6.622500000000003384e-03 -1.655599999999998739e-02 3.311500000000008881e-03 -6.622500000000003384e-03 1.740544270092611256e+01
3.145700000000000163e-01 3.119210000000000038e-01 -3.310999999999980625e-03 -2.317900000000000515e-02 1.655500000000004190e-03 -3.311500000000008881e-03 3.843544121385422230e+00
3.145700000000000163e-01 2.854300000000000170e-01 -3.311499999999995003e-03 -2.317900000000000515e-02 1.655499999999990313e-03 3.311499999999995003e-03 2.135067977848072118e+00
3.079470000000000263e-01 2.655629999999999935e-01 0.000000000000000000e+00 -1.655600000000001515e-02 4.966999999999985316e-03 3.311250000000001692e-03 1.812104857529658730e+01
3.145700000000000163e-01 2.523179999999999867e-01 6.622499999999975628e-03 -1.655650000000000177e-02 4.966749999999992005e-03 -1.655749999999990563e-03 1.256890197743184956e+01
3.211919999999999775e-01 2.324499999999999900e-01 9.933499999999984009e-03 -1.986749999999999627e-02 3.311250000000015570e-03 1.655750000000004440e-03 7.503457913705146254e+00
3.344369999999999843e-01 2.125829999999999942e-01 1.324500000000000677e-02 -1.324499999999999289e-02 1.655750000000011379e-03 6.622499999999996445e-03 1.668359424607487895e+01
3.476819999999999911e-01 2.059600000000000042e-01 1.324500000000000677e-02 -6.622500000000003384e-03 1.655749999999997502e-03 3.311249999999994753e-03 1.688261036021635064e+01
3.609269999999999978e-01 1.993379999999999874e-01 1.655650000000000177e-02 -6.622500000000003384e-03 4.966999999999999194e-03 1.655500000000004190e-03 1.063532582370873136e+01
3.807949999999999946e-01 1.927149999999999974e-01 2.317900000000000515e-02 -3.311499999999995003e-03 1.655500000000004190e-03 3.311250000000001692e-03 6.406235776255267744e+00
4.072850000000000081e-01 1.927149999999999974e-01 1.986750000000001015e-02 0.000000000000000000e+00 -1.655750000000011379e-03 3.311499999999995003e-03 8.389543225441448371e+00
4.205300000000000149e-01 1.927149999999999974e-01 1.986749999999998240e-02 3.311499999999995003e-03 -1.387778780781445676e-17 3.311250000000001692e-03 8.051078002220416252e+00
4.470199999999999729e-01 1.993379999999999874e-01 1.986749999999998240e-02 6.622500000000003384e-03 -1.655749999999983624e-03 3.311000000000008381e-03 8.355888961259942960e+00
4.602649999999999797e-01 2.059600000000000042e-01 1.655600000000001515e-02 9.933500000000011765e-03 -3.311249999999987814e-03 1.655749999999997502e-03 8.378792776907809881e+00
4.801320000000000032e-01 2.192050000000000110e-01 1.324500000000000677e-02 9.933999999999998387e-03 -4.966750000000005882e-03 -1.655500000000011129e-03 6.040215734692173655e+00
4.867549999999999932e-01 2.258280000000000010e-01 6.622500000000003384e-03 6.622499999999989506e-03 -1.655499999999990313e-03 -2.500000000002500222e-07 1.334365083239343797e+01
4.933770000000000100e-01 2.324499999999999900e-01 9.934000000000026143e-03 9.933499999999997887e-03 2.500000000071889161e-07 1.655750000000004440e-03 5.931556506985470989e+00
5.066230000000000455e-01 2.456949999999999967e-01 6.623000000000017762e-03 9.933999999999998387e-03 -3.311500000000036636e-03 -1.655499999999997252e-03 1.288651861437345048e+01
5.066230000000000455e-01 2.523179999999999867e-01 3.310999999999952870e-03 6.622500000000003384e-03 -1.656000000000032446e-03 -1.655749999999997502e-03 1.351261470195061243e+01
5.132449999999999513e-01 2.589400000000000035e-01 3.310999999999952870e-03 6.622500000000003384e-03 -1.655499999999976435e-03 2.499999999933111283e-07 2.701299217981662437e+01
5.132449999999999513e-01 2.655629999999999935e-01 0.000000000000000000e+00 6.622999999999990006e-03 -3.310999999999952870e-03 4.999999999866222566e-07 7.548309006660004172e+01
