3.344369999999999843e-01 8.675499999999999878e-02 6.622999999999990006e-03 6.622000000000002884e-03 -3.311499999999995003e-03 5.000000000005000445e-07 2.669737835263023484e+01
3.410599999999999743e-01 9.337700000000000167e-02 3.311499999999995003e-03 6.622500000000003384e-03 -3.311499999999995003e-03 4.999999999970305975e-07 5.402924763581666667e+01
3.410599999999999743e-01 1.000000000000000056e-01 0.000000000000000000e+00 6.622999999999996945e-03 -1.655749999999997502e-03 1.655749999999997502e-03 3.774724445115504068e+01
3.410599999999999743e-01 1.066229999999999956e-01 0.000000000000000000e+00 9.933999999999998387e-03 -1.655749999999997502e-03 1.655250000000000471e-03 1.677824193330093649e+01
3.410599999999999743e-01 1.198680000000000023e-01 -3.311499999999995003e-03 9.933499999999997887e-03 -3.311249999999987814e-03 -3.311500000000001942e-03 3.820286124037622955e+01
3.344369999999999843e-01 1.264899999999999913e-01 -6.622499999999975628e-03 3.310999999999994503e-03 -1.655500000000004190e-03 -4.966749999999998944e-03 9.454139427324611233e+01
3.278150000000000230e-01 1.264899999999999913e-01 -6.622500000000003384e-03 0.000000000000000000e+00 1.655499999999976435e-03 2.500000000071889161e-07 -5.700278501520788903e-03
3.211919999999999775e-01 1.264899999999999913e-01 -3.311500000000022759e-03 3.311500000000008881e-03 1.655750000000011379e-03 1.655750000000004440e-03 -1.067653300900715863e+02
3.211919999999999775e-01 1.331130000000000091e-01 -3.310999999999980625e-03 3.311500000000008881e-03 -1.655499999999976435e-03 -1.655750000000004440e-03 1.067733893710504844e+02
3.145700000000000163e-01 1.331130000000000091e-01 -6.622499999999975628e-03 0.000000000000000000e+00 -1.655750000000011379e-03 -1.655750000000004440e-03 3.775294451448699817e+01
3.079470000000000263e-01 1.331130000000000091e-01 -6.622500000000003384e-03 0.000000000000000000e+00 -1.387778780781445676e-17 0.000000000000000000e+00 0.000000000000000000e+00
3.013250000000000095e-01 1.331130000000000091e-01 -6.622500000000003384e-03 0.000000000000000000e+00 -2.500000000071889161e-07 0.000000000000000000e+00 0.000000000000000000e+00
2.947020000000000195e-01 1.331130000000000091e-01 -6.623000000000017762e-03 0.000000000000000000e+00 0.000000000000000000e+00 0.000000000000000000e+00 -0.000000000000000000e+00
2.880789999999999740e-01 1.331130000000000091e-01 -6.622500000000003384e-03 0.000000000000000000e+00 2.500000000210667039e-07 0.000000000000000000e+00 -0.000000000000000000e+00
2.814570000000000127e-01 1.331130000000000091e-01 -6.622499999999975628e-03 0.000000000000000000e+00 0.000000000000000000e+00 0.000000000000000000e+00 -0.000000000000000000e+00
2.748340000000000227e-01 1.331130000000000091e-01 -6.622500000000003384e-03 0.000000000000000000e+00 -1.387778780781445676e-17 0.000000000000000000e+00 0.000000000000000000e+00
2.682120000000000060e-01 1.331130000000000091e-01 -6.622500000000003384e-03 0.000000000000000000e+00 0.000000000000000000e+00 -1.655750000000004440e-03 3.775294451448667132e+01
2.615890000000000160e-01 1.331130000000000091e-01 -6.622500000000003384e-03 -3.311500000000008881e-03 0.000000000000000000e+00 -1.655750000000004440e-03 2.701258436269036878e+01
2.549669999999999992e-01 1.264899999999999913e-01 -6.622500000000003384e-03 -3.311500000000008881e-03 0.000000000000000000e+00 1.655750000000004440e-03 -2.701258436269036878e+01
2.483440000000000092e-01 1.264899999999999913e-01 -6.622500000000003384e-03 0.000000000000000000e+00 1.655749999999997502e-03 2.500000000071889161e-07 -5.700278501520788903e-03
2.417219999999999924e-01 1.264899999999999913e-01 -3.311000000000008381e-03 -3.310999999999994503e-03 1.655500000000004190e-03 -3.311249999999998223e-03 1.601802419973237193e+02
2.417219999999999924e-01 1.198680000000000023e-01 -3.311499999999995003e-03 -6.622499999999996445e-03 -1.655749999999990563e-03 -1.655750000000004440e-03 -1.350527245373601559e+01
2.350990000000000024e-01 1.132449999999999984e-01 -6.622499999999989506e-03 -6.622500000000003384e-03 2.500000000002500222e-07 0.000000000000000000e+00 2.015352791482690354e-03
2.284770000000000134e-01 1.066229999999999956e-01 -3.310999999999994503e-03 -6.622499999999996445e-03 3.311249999999994753e-03 -2.499999999967805753e-07 5.402802399963519520e+01
2.284770000000000134e-01 1.000000000000000056e-01 0.000000000000000000e+00 -6.622999999999996945e-03 1.655499999999997252e-03 -3.469446951953614189e-18 3.774154503330041877e+01
2.284770000000000134e-01 9.337700000000000167e-02 0.000000000000000000e+00 -6.622500000000003384e-03 0.000000000000000000e+00 2.499999999967805753e-07 0.000000000000000000e+00
2.284770000000000134e-01 8.675499999999999878e-02 0.000000000000000000e+00 -6.622500000000003384e-03 0.000000000000000000e+00 3.469446951953614189e-18 0.000000000000000000e+00
2.284770000000000134e-01 8.013199999999999490e-02 0.000000000000000000e+00 -6.622499999999996445e-03 0.000000000000000000e+00 3.469446951953614189e-18 0.000000000000000000e+00
2.284770000000000134e-01 7.351000000000000589e-02 0.000000000000000000e+00 -6.622499999999996445e-03 1.655499999999997252e-03 -3.469446951953614189e-18 3.774724423598523515e+01
2.284770000000000134e-01 6.688700000000000201e-02 3.310999999999994503e-03 -6.622500000000003384e-03 3.311249999999994753e-03 -1.734723475976807094e-18 5.402598466759678075e+01
2.350990000000000024e-01 6.026499999999999913e-02 6.622499999999989506e-03 -6.622499999999999915e-03 1.655750000000004440e-03 1.734723475976807094e-18 1.334768153797656254e+01
2.417219999999999924e-01 5.364200000000000218e-02 6.622500000000003384e-03 -6.622499999999999915e-03 -1.655749999999990563e-03 0.000000000000000000e+00 -1.334768153797639378e+01
2.483440000000000092e-01 4.701999999999999930e-02 3.311000000000008381e-03 -6.622499999999999915e-03 -1.655500000000004190e-03 1.655500000000000721e-03 -1.350649608990843831e+01
2.483440000000000092e-01 4.039700000000000235e-02 3.311499999999995003e-03 -3.311499999999998473e-03 1.655749999999997502e-03 3.311249999999999957e-03 1.601399349410806963e+02
2.549669999999999992e-01 4.039700000000000235e-02 6.622500000000003384e-03 0.000000000000000000e+00 1.655500000000004190e-03 2.499999999985152987e-07 5.700278501323020885e-03
2.615890000000000160e-01 4.039700000000000235e-02 6.622500000000003384e-03 -3.311000000000001442e-03 0.000000000000000000e+00 -1.655500000000000721e-03 -2.701095284777850125e+01
2.682120000000000060e-01 3.377499999999999947e-02 6.622500000000003384e-03 -3.311000000000001442e-03 0.000000000000000000e+00 1.655500000000000721e-03 2.701095284777850125e+01
2.748340000000000227e-01 3.377499999999999947e-02 6.622500000000003384e-03 0.000000000000000000e+00 -1.387778780781445676e-17 1.655500000000000721e-03 3.774724423598523515e+01
2.814570000000000127e-01 3.377499999999999947e-02 6.622499999999975628e-03 0.000000000000000000e+00 0.000000000000000000e+00 0.000000000000000000e+00 0.000000000000000000e+00
2.880789999999999740e-01 3.377499999999999947e-02 6.622500000000003384e-03 0.000000000000000000e+00 2.500000000210667039e-07 0.000000000000000000e+00 0.000000000000000000e+00
2.947020000000000195e-01 3.377499999999999947e-02 6.623000000000017762e-03 0.000000000000000000e+00 0.000000000000000000e+00 0.000000000000000000e+00 0.000000000000000000e+00
3.013250000000000095e-01 3.377499999999999947e-02 6.622500000000003384e-03 0.000000000000000000e+00 -2.500000000071889161e-07 0.000000000000000000e+00 0.000000000000000000e+00
3.079470000000000263e-01 3.377499999999999947e-02 6.622500000000003384e-03 0.000000000000000000e+00 -1.387778780781445676e-17 1.655500000000000721e-03 3.774724423598523515e+01
3.145700000000000163e-01 3.377499999999999947e-02 6.622499999999975628e-03 3.311000000000001442e-03 0.000000000000000000e+00 3.311249999999999957e-03 5.402598466759714313e+01
3.211919999999999775e-01 4.039700000000000235e-02 6.622500000000003384e-03 6.622499999999999915e-03 -1.655499999999976435e-03 1.655749999999999236e-03 2.669334772316127058e+01
3.278150000000000230e-01 4.701999999999999930e-02 3.311500000000022759e-03 6.622499999999999915e-03 -1.655750000000011379e-03 0.000000000000000000e+00 2.701258436269043273e+01
3.278150000000000230e-01 5.364200000000000218e-02 3.310999999999980625e-03 6.622499999999999915e-03 -2.500000000210667039e-07 0.000000000000000000e+00 4.078972040177399755e-03
3.344369999999999843e-01 6.026499999999999913e-02 3.310999999999980625e-03 6.622499999999999915e-03 -1.655499999999990313e-03 1.734723475976807094e-18 2.701095284777846572e+01
3.344369999999999843e-01 6.688700000000000201e-02 0.000000000000000000e+00 6.622500000000003384e-03 -1.655499999999990313e-03 -1.734723475976807094e-18 3.774724423598500067e+01
3.344369999999999843e-01 7.351000000000000589e-02 0.000000000000000000e+00 6.622499999999996445e-03 0.000000000000000000e+00 -3.469446951953614189e-18 -0.000000000000000000e+00
3.344369999999999843e-01 8.013199999999999490e-02 0.000000000000000000e+00 6.622499999999996445e-03 1.655749999999997502e-03 3.469446951953614189e-18 -3.775294451448660027e+01
3.344369999999999843e-01 8.675499999999999878e-02 3.311499999999995003e-03 6.622500000000003384e-03 1.655749999999997502e-03 3.469446951953614189e-18 -2.701258436269029417e+01
3.410599999999999743e-01 9.337700000000000167e-02 3.311499999999995003e-03 6.622500000000003384e-03 -1.655749999999997502e-03 2.499999999967805753e-07 2.701462381790831557e+01
3.410599999999999743e-01 1.000000000000000056e-01 0.000000000000000000e+00 6.622999999999996945e-03 -1.655749999999997502e-03 -3.469446951953614189e-18 3.774724445115504068e+01
3.410599999999999743e-01 1.066229999999999956e-01 0.000000000000000000e+00 6.622499999999996445e-03 0.000000000000000000e+00 -2.499999999967805753e-07 -0.000000000000000000e+00
3.410599999999999743e-01 1.132449999999999984e-01 0.000000000000000000e+00 6.622500000000003384e-03 0.000000000000000000e+00 0.000000000000000000e+00 0.000000000000000000e+00
3.410599999999999743e-01 1.198680000000000023e-01 0.000000000000000000e+00 6.622499999999996445e-03 0.000000000000000000e+00 -3.311250000000001692e-03 -0.000000000000000000e+00
3.410599999999999743e-01 1.264899999999999913e-01 0.000000000000000000e+00 0.000000000000000000e+00 0.000000000000000000e+00 -6.622499999999996445e-03 0.000000000000000000e+00
3.410599999999999743e-01 1.198680000000000023e-01 0.000000000000000000e+00 -6.622499999999996445e-03 0.000000000000000000e+00 -3.311250000000001692e-03 0.000000000000000000e+00
3.410599999999999743e-01 1.132449999999999984e-01 0.000000000000000000e+00 -6.622500000000003384e-03 0.000000000000000000e+00 0.000000000000000000e+00 0.000000000000000000e+00
3.410599999999999743e-01 1.066229999999999956e-01 0.000000000000000000e+00 -6.622499999999996445e-03 0.000000000000000000e+00 -2.499999999967805753e-07 0.000000000000000000e+00
3.410599999999999743e-01 1.000000000000000056e-01 0.000000000000000000e+00 -6.622999999999996945e-03 0.000000000000000000e+00 -3.469446951953614189e-18 0.000000000000000000e+00
3.410599999999999743e-01 9.337700000000000167e-02 0.000000000000000000e+00 -6.622500000000003384e-03 1.655500000000004190e-03 -1.655250000000000471e-03 3.774724423598531331e+01
3.410599999999999743e-01 8.675499999999999878e-02 3.311000000000008381e-03 -9.933499999999997887e-03 3.311250000000001692e-03 -3.311249999999998223e-03 1.910193539880486568e+01
3.476819999999999911e-01 7.351000000000000589e-02 6.622500000000003384e-03 -1.324499999999999983e-02 3.311499999999995003e-03 -2.500000000019847457e-07 1.350639419721836276e+01
3.543049999999999811e-01 6.026499999999999913e-02 9.933999999999998387e-03 -9.934000000000001857e-03 1.655500000000004190e-03 3.311249999999999957e-03 1.779422163660007072e+01
3.675499999999999878e-01 5.364200000000000218e-02 9.933500000000011765e-03 -6.622499999999999915e-03 -1.655749999999997502e-03 1.655750000000000971e-03 3.221704491019875771e+00
3.741720000000000046e-01 4.701999999999999930e-02 6.622500000000003384e-03 -6.622499999999999915e-03 -1.655500000000004190e-03 0.000000000000000000e+00 -1.334566618518502246e+01
3.807949999999999946e-01 4.039700000000000235e-02 6.622500000000003384e-03 -6.622499999999999915e-03 3.311250000000001692e-03 -8.673617379884035472e-19 2.669334772316146243e+01
3.874170000000000114e-01 3.377499999999999947e-02 1.324500000000000677e-02 -6.622500000000001649e-03 3.311250000000001692e-03 0.000000000000000000e+00 6.752942174404796383e+00
4.072850000000000081e-01 2.715199999999999905e-02 1.324500000000000677e-02 -6.622499999999999915e-03 -3.311250000000001692e-03 1.655750000000000971e-03 5.098484087932101403e-04
4.139070000000000249e-01 2.052999999999999964e-02 6.622500000000003384e-03 -3.310999999999999707e-03 -1.655500000000004190e-03 3.311249999999999957e-03 4.052152790972672136e+01
4.205300000000000149e-01 2.052999999999999964e-02 9.933999999999998387e-03 0.000000000000000000e+00 1.655499999999990313e-03 1.655499999999999854e-03 1.677570860370209260e+01
4.337750000000000217e-01 2.052999999999999964e-02 9.933499999999984009e-03 0.000000000000000000e+00 -1.655750000000011379e-03 0.000000000000000000e+00 0.000000000000000000e+00
4.403969999999999829e-01 2.052999999999999964e-02 6.622499999999975628e-03 0.000000000000000000e+00 -1.655499999999990313e-03 0.000000000000000000e+00 0.000000000000000000e+00
4.470199999999999729e-01 2.052999999999999964e-02 6.622500000000003384e-03 0.000000000000000000e+00 1.655500000000018068e-03 1.655499999999999854e-03 3.774724423598521383e+01
4.536419999999999897e-01 2.052999999999999964e-02 9.933500000000011765e-03 3.310999999999999707e-03 1.655749999999997502e-03 1.655499999999999854e-03 9.549525554117501258e+00
4.668869999999999965e-01 2.715199999999999905e-02 9.933999999999998387e-03 3.310999999999999707e-03 -1.655500000000004190e-03 2.500000000002500222e-07 4.776276979518971011e+00
4.735099999999999865e-01 2.715199999999999905e-02 6.622500000000003384e-03 3.311500000000000207e-03 -1.655749999999997502e-03 1.655750000000000971e-03 4.051989627164451235e+01
4.801320000000000032e-01 3.377499999999999947e-02 6.622500000000003384e-03 6.622500000000001649e-03 1.655749999999997502e-03 1.655499999999999854e-03 -2.015352791457712071e-03
4.867549999999999932e-01 4.039700000000000235e-02 9.933999999999998387e-03 6.622499999999999915e-03 1.655750000000011379e-03 1.655749999999998369e-03 3.221854180219451358e+00
5.000000000000000000e-01 4.701999999999999930e-02 9.934000000000026143e-03 9.933999999999998387e-03 -1.655750000000011379e-03 3.311250000000001692e-03 1.779511730386923674e+01
5.066230000000000455e-01 6.026499999999999913e-02 6.622499999999975628e-03 1.324500000000000330e-02 -1.655750000000025257e-03 -2.500000000002500222e-07 6.752942174404917175e+00
5.132449999999999513e-01 7.351000000000000589e-02 6.622499999999975628e-03 9.933499999999997887e-03 2.775557561562891351e-17 -1.734723475976807094e-18 -1.687770908313997387e-13
5.198679999999999968e-01 8.013199999999999490e-02 6.622500000000031140e-03 1.324499999999999983e-02 0.000000000000000000e+00 1.656000000000001221e-03 3.377235859815592267e+00
5.264900000000000135e-01 1.000000000000000056e-01 6.622499999999975628e-03 1.324550000000000033e-02 -1.655500000000031946e-03 -3.469446951953614189e-18 6.752075470602574292e+00
5.331129999999999480e-01 1.066229999999999956e-01 3.311499999999967248e-03 1.324499999999999289e-02 -1.655749999999983624e-03 1.655250000000000471e-03 1.077164378028143155e+01
5.331129999999999480e-01 1.264899999999999913e-01 3.311000000000008381e-03 1.655600000000000127e-02 -2.499999999794333405e-07 3.311250000000008631e-03 2.278777077209077184e+00
5.397349999999999648e-01 1.397349999999999981e-01 3.311000000000008381e-03 1.986750000000001015e-02 -1.655500000000004190e-03 1.655749999999997502e-03 4.696215731886332456e+00
5.397349999999999648e-01 1.662250000000000116e-01 0.000000000000000000e+00 1.986749999999999627e-02 -1.655500000000004190e-03 -3.311250000000008631e-03 4.194138248442819794e+00
5.397349999999999648e-01 1.794699999999999906e-01 0.000000000000000000e+00 1.324499999999999289e-02 -1.655500000000004190e-03 -1.655499999999997252e-03 9.436811058996349644e+00
5.397349999999999648e-01 1.927149999999999974e-01 -3.311000000000008381e-03 1.655650000000000177e-02 -1.655500000000004190e-03 1.655750000000004440e-03 4.555437349554899207e+00
5.331129999999999480e-01 2.125829999999999942e-01 -3.311000000000008381e-03 1.655650000000000177e-02 -2.499999999794333405e-07 -2.500000000002500222e-07 1.031887046793268040e-03
5.331129999999999480e-01 2.258280000000000010e-01 -3.311499999999967248e-03 1.655600000000000127e-02 -1.655749999999983624e-03 -2.500000000002500222e-07 5.695639519317977850e+00
5.264900000000000135e-01 2.456949999999999967e-01 -6.622499999999975628e-03 1.655600000000000127e-02 -1.655500000000031946e-03 -1.655499999999997252e-03 6.767972127988884701e+00
5.198679999999999968e-01 2.589400000000000035e-01 -6.622500000000031140e-03 1.324500000000000677e-02 0.000000000000000000e+00 2.500000000002500222e-07 -5.098484087890945088e-04
5.132449999999999513e-01 2.721850000000000103e-01 -6.622499999999975628e-03 1.655650000000000177e-02 2.775557561562891351e-17 0.000000000000000000e+00 -8.104549913138623706e-14
5.066230000000000455e-01 2.920530000000000070e-01 -6.622499999999975628e-03 1.324500000000000677e-02 -2.500000000210667039e-07 -4.966999999999999194e-03 1.013068788262923015e+01
5.000000000000000000e-01 2.986750000000000238e-01 -6.623000000000017762e-03 6.622500000000003384e-03 -1.655750000000011379e-03 -1.655500000000004190e-03 2.669133235136158433e+01
4.933770000000000100e-01 3.052980000000000138e-01 -9.933999999999998387e-03 9.933999999999998387e-03 -1.655249999999997002e-03 0.000000000000000000e+00 5.930212989174449056e+00
4.801320000000000032e-01 3.185430000000000206e-01 -9.933500000000011765e-03 6.622500000000003384e-03 1.655749999999997502e-03 -4.966999999999999194e-03 2.255144506872952448e+01
4.735099999999999865e-01 3.185430000000000206e-01 -6.622500000000003384e-03 0.000000000000000000e+00 -2.499999999933111283e-07 -1.655500000000004190e-03 3.774724423598531331e+01
4.668869999999999965e-01 3.185430000000000206e-01 -9.933999999999998387e-03 3.311499999999995003e-03 -1.655500000000004190e-03 1.655749999999997502e-03 -9.550679209373285516e+00
4.536419999999999897e-01 3.251660000000000106e-01 -9.933500000000011765e-03 3.311499999999995003e-03 2.500000000071889161e-07 -3.311499999999995003e-03 2.865232604736952027e+01
4.470199999999999729e-01 3.251660000000000106e-01 -9.933499999999984009e-03 -3.311499999999995003e-03 -2.499999999933111283e-07 -4.966999999999999194e-03 4.297668648472214414e+01
4.337750000000000217e-01 3.185430000000000206e-01 -9.933999999999998387e-03 -6.622500000000003384e-03 3.310999999999980625e-03 -1.655500000000004190e-03 2.254811483719573317e+01
4.271519999999999762e-01 3.119210000000000038e-01 -3.311500000000022759e-03 -6.622500000000003384e-03 3.311500000000008881e-03 -2.499999999933111283e-07 5.402720818059856356e+01
4.271519999999999762e-01 3.052980000000000138e-01 -3.310999999999980625e-03 -6.622999999999990006e-03 -1.655499999999976435e-03 -1.655749999999997502e-03 -1.350404890994984086e+01
4.205300000000000149e-01 2.986750000000000238e-01 -6.622499999999975628e-03 -9.933999999999998387e-03 -1.655750000000011379e-03 -1.655250000000010879e-03 -3.223799891195245237e+00
4.139070000000000249e-01 2.854300000000000170e-01 -6.622500000000003384e-03 -9.933500000000011765e-03 -1.387778780781445676e-17 2.499999999933111283e-07 -9.729571942820737073e-04
4.072850000000000081e-01 2.788080000000000003e-01 -6.622500000000003384e-03 -9.933500000000011765e-03 1.655500000000004190e-03 -2.499999999933111283e-07 9.665113546517998699e+00
4.006620000000000181e-01 2.655629999999999935e-01 -3.311499999999995003e-03 -9.933999999999998387e-03 3.311250000000001692e-03 1.655500000000004190e-03 2.387381403771759025e+01
4.006620000000000181e-01 2.589400000000000035e-01 0.000000000000000000e+00 -6.622500000000003384e-03 1.655749999999997502e-03 4.966999999999999194e-03 3.775294451448651500e+01
4.006620000000000181e-01 2.523179999999999867e-01 0.000000000000000000e+00 0.000000000000000000e+00 0.000000000000000000e+00 6.622500000000003384e-03 0.000000000000000000e+00
4.006620000000000181e-01 2.589400000000000035e-01 0.000000000000000000e+00 6.622500000000003384e-03 0.000000000000000000e+00 3.311250000000001692e-03 0.000000000000000000e+00
4.006620000000000181e-01 2.655629999999999935e-01 0.000000000000000000e+00 6.622500000000003384e-03 0.000000000000000000e+00 0.000000000000000000e+00 0.000000000000000000e+00
4.006620000000000181e-01 2.721850000000000103e-01 0.000000000000000000e+00 6.622500000000003384e-03 0.000000000000000000e+00 0.000000000000000000e+00 0.000000000000000000e+00
4.006620000000000181e-01 2.788080000000000003e-01 0.000000000000000000e+00 6.622500000000003384e-03 0.000000000000000000e+00 1.655500000000004190e-03 0.000000000000000000e+00
4.006620000000000181e-01 2.854300000000000170e-01 0.000000000000000000e+00 9.933500000000011765e-03 0.000000000000000000e+00 3.311499999999995003e-03 0.000000000000000000e+00
4.006620000000000181e-01 2.986750000000000238e-01 0.000000000000000000e+00 1.324549999999999339e-02 -1.655500000000004190e-03 1.655999999999990813e-03 9.436098618322498410e+00
4.006620000000000181e-01 3.119210000000000038e-01 -3.311000000000008381e-03 1.324549999999999339e-02 -1.655500000000004190e-03 -1.655999999999990813e-03 1.077045743040605252e+01
3.940400000000000014e-01 3.251660000000000106e-01 -3.311000000000008381e-03 9.933500000000011765e-03 -1.655749999999997502e-03 -2.499999999933111283e-07 1.432789366716692392e+01
3.940400000000000014e-01 3.317880000000000273e-01 -6.622500000000003384e-03 1.324500000000000677e-02 -1.655749999999997502e-03 1.655749999999983624e-03 3.376726011406813832e+00
3.807949999999999946e-01 3.516560000000000241e-01 -6.622500000000003384e-03 1.324499999999997901e-02 0.000000000000000000e+00 -3.311250000000015570e-03 6.752942174404860332e+00
3.807949999999999946e-01 3.582779999999999854e-01 -6.622500000000003384e-03 6.622499999999975628e-03 -1.655749999999997502e-03 -3.311249999999987814e-03 4.004102926113799299e+01
3.675499999999999878e-01 3.649009999999999754e-01 -9.933999999999998387e-03 6.622500000000003384e-03 0.000000000000000000e+00 -1.655749999999983624e-03 9.665076076189109244e+00
3.609269999999999978e-01 3.715229999999999921e-01 -6.622500000000003384e-03 3.311000000000008381e-03 1.655749999999997502e-03 -3.311250000000001692e-03 4.051948857768837797e+01
3.543049999999999811e-01 3.715229999999999921e-01 -6.622500000000003384e-03 0.000000000000000000e+00 -1.655749999999997502e-03 -1.655500000000004190e-03 3.774724423598531331e+01
3.476819999999999911e-01 3.715229999999999921e-01 -9.933999999999998387e-03 0.000000000000000000e+00 -1.655499999999990313e-03 0.000000000000000000e+00 0.000000000000000000e+00
3.344369999999999843e-01 3.715229999999999921e-01 -9.933499999999984009e-03 0.000000000000000000e+00 1.655749999999997502e-03 0.000000000000000000e+00 -0.000000000000000000e+00
3.278150000000000230e-01 3.715229999999999921e-01 -6.622500000000003384e-03 0.000000000000000000e+00 -2.500000000071889161e-07 0.000000000000000000e+00 0.000000000000000000e+00
3.211919999999999775e-01 3.715229999999999921e-01 -9.933999999999998387e-03 0.000000000000000000e+00 -1.655499999999990313e-03 -1.655500000000004190e-03 1.677570860370213879e+01
3.079470000000000263e-01 3.715229999999999921e-01 -9.933499999999984009e-03 -3.311000000000008381e-03 1.655749999999997502e-03 -3.311250000000001692e-03 3.342766582082299465e+01
3.013250000000000095e-01 3.649009999999999754e-01 -6.622500000000003384e-03 -6.622500000000003384e-03 1.655249999999983124e-03 -1.655749999999983624e-03 2.669133237036970030e+01
2.947020000000000195e-01 3.582779999999999854e-01 -6.623000000000017762e-03 -6.622499999999975628e-03 1.655499999999990313e-03 0.000000000000000000e+00 1.334415487029239067e+01
2.880789999999999740e-01 3.516560000000000241e-01 -3.311500000000022759e-03 -6.622500000000003384e-03 1.656000000000018568e-03 -1.387778780781445676e-17 2.701666296519142918e+01
2.880789999999999740e-01 3.450329999999999786e-01 -3.310999999999980625e-03 -6.622500000000003384e-03 -1.655499999999976435e-03 -1.655499999999990313e-03 -1.350649608990824824e+01
2.814570000000000127e-01 3.384110000000000174e-01 -6.622499999999975628e-03 -9.933499999999984009e-03 -2.500000000071889161e-07 -1.655749999999997502e-03 6.442436098303906178e+00
2.748340000000000227e-01 3.251660000000000106e-01 -3.311499999999995003e-03 -9.933999999999998387e-03 3.311249999999987814e-03 -2.500000000071889161e-07 2.864915364240415485e+01
2.748340000000000227e-01 3.185430000000000206e-01 0.000000000000000000e+00 -9.933999999999998387e-03 1.655749999999997502e-03 0.000000000000000000e+00 1.677824193330093649e+01
2.748340000000000227e-01 3.052980000000000138e-01 0.000000000000000000e+00 -9.933999999999998387e-03 0.000000000000000000e+00 0.000000000000000000e+00 0.000000000000000000e+00
2.748340000000000227e-01 2.986750000000000238e-01 0.000000000000000000e+00 -9.933999999999998387e-03 0.000000000000000000e+00 2.499999999933111283e-07 0.000000000000000000e+00
2.748340000000000227e-01 2.854300000000000170e-01 0.000000000000000000e+00 -9.933500000000011765e-03 0.000000000000000000e+00 1.655749999999997502e-03 0.000000000000000000e+00
2.748340000000000227e-01 2.788080000000000003e-01 0.000000000000000000e+00 -6.622500000000003384e-03 3.311249999999987814e-03 1.655500000000004190e-03 7.550018875047150857e+01
2.748340000000000227e-01 2.721850000000000103e-01 6.622499999999975628e-03 -6.622500000000003384e-03 4.966999999999999194e-03 1.655749999999997502e-03 5.338871079911464079e+01
2.880789999999999740e-01 2.655629999999999935e-01 9.933999999999998387e-03 -3.311000000000008381e-03 2.500000000210667039e-07 3.311250000000001692e-03 2.865045131404084344e+01
2.947020000000000195e-01 2.655629999999999935e-01 6.623000000000017762e-03 0.000000000000000000e+00 -1.655500000000004190e-03 1.655500000000004190e-03 3.774154503330034061e+01
3.013250000000000095e-01 2.655629999999999935e-01 6.622999999999990006e-03 0.000000000000000000e+00 -2.775557561562891351e-17 0.000000000000000000e+00 0.000000000000000000e+00
