3.874170000000000114e-01 2.059600000000000042e-01 0.000000000000000000e+00 6.622999999999990006e-03 3.311499999999995003e-03 -4.999999999866222566e-07 -7.549448890231025189e+01
3.874170000000000114e-01 2.125829999999999942e-01 3.311499999999995003e-03 6.622500000000003384e-03 4.966999999999999194e-03 1.655250000000003940e-03 -6.753044148705215832e+01
3.940400000000000014e-01 2.192050000000000110e-01 9.933999999999998387e-03 9.933499999999997887e-03 3.311000000000008381e-03 1.655749999999997502e-03 -5.930063630525179263e+00
4.072850000000000081e-01 2.324499999999999900e-01 9.933500000000011765e-03 9.933999999999998387e-03 -1.655749999999997502e-03 -1.655499999999997252e-03 1.194283134550129261e-03
4.139070000000000249e-01 2.390730000000000077e-01 6.622500000000003384e-03 6.622500000000003384e-03 2.499999999933111283e-07 -1.655750000000004440e-03 -1.334969689076792676e+01
4.205300000000000149e-01 2.456949999999999967e-01 9.933999999999998387e-03 6.622499999999989506e-03 1.655499999999990313e-03 0.000000000000000000e+00 -6.442249040481825340e+00
4.337750000000000217e-01 2.523179999999999867e-01 9.933499999999984009e-03 6.622500000000003384e-03 -2.500000000071889161e-07 6.938893903907228378e-18 9.729571942955831916e-04
4.403969999999999829e-01 2.589400000000000035e-01 9.933499999999984009e-03 6.622500000000003384e-03 2.500000000071889161e-07 -1.655500000000004190e-03 -9.665113546518087517e+00
4.536419999999999897e-01 2.655629999999999935e-01 9.933999999999998387e-03 3.311499999999995003e-03 -1.655499999999990313e-03 -1.655749999999997502e-03 -9.550679209373326373e+00
4.602649999999999797e-01 2.655629999999999935e-01 6.622500000000003384e-03 3.311000000000008381e-03 -1.655749999999997502e-03 1.655500000000004190e-03 4.051744893768693601e+01
4.668869999999999965e-01 2.721850000000000103e-01 6.622500000000003384e-03 6.622500000000003384e-03 0.000000000000000000e+00 2.499999999933111283e-07 2.015352791426746389e-03
4.735099999999999865e-01 2.788080000000000003e-01 6.622500000000003384e-03 3.311499999999995003e-03 1.655500000000004190e-03 -3.311250000000001692e-03 -6.752636257661615105e+01
4.801320000000000032e-01 2.788080000000000003e-01 9.933500000000011765e-03 0.000000000000000000e+00 1.655749999999997502e-03 -1.655749999999997502e-03 -1.677993103222850024e+01
4.933770000000000100e-01 2.788080000000000003e-01 9.933999999999998387e-03 0.000000000000000000e+00 -1.655249999999997002e-03 -1.655749999999997502e-03 -1.677824193330093649e+01
5.000000000000000000e-01 2.788080000000000003e-01 6.623000000000017762e-03 -3.311499999999995003e-03 -1.655750000000011379e-03 -3.311250000000001692e-03 -6.752024547342580263e+01
5.066230000000000455e-01 2.721850000000000103e-01 6.622499999999975628e-03 -6.622500000000003384e-03 -2.500000000210667039e-07 -1.655500000000004190e-03 -1.334768153797669754e+01
5.132449999999999513e-01 2.655629999999999935e-01 6.622499999999975628e-03 -6.622500000000003384e-03 2.775557561562891351e-17 -1.655749999999997502e-03 -1.334768153797624990e+01
5.198679999999999968e-01 2.589400000000000035e-01 6.622500000000031140e-03 -9.933999999999998387e-03 -1.655749999999983624e-03 -1.655499999999997252e-03 -1.610732511667092481e+01
5.264900000000000135e-01 2.456949999999999967e-01 3.311000000000008381e-03 -9.933499999999997887e-03 -3.311250000000015570e-03 1.655749999999997502e-03 -2.387669817586374776e+01
5.264900000000000135e-01 2.390730000000000077e-01 0.000000000000000000e+00 -6.622500000000003384e-03 2.499999999794333405e-07 -2.500000000002500222e-07 5.700278500887930554e-03
5.264900000000000135e-01 2.324499999999999900e-01 3.311499999999967248e-03 -9.933999999999998387e-03 1.655749999999983624e-03 -1.655499999999997252e-03 9.550679209373251766e+00
5.331129999999999480e-01 2.192050000000000110e-01 3.311499999999967248e-03 -9.933499999999997887e-03 -1.655749999999983624e-03 1.655749999999997502e-03 -9.550534975243781588e+00
5.331129999999999480e-01 2.125829999999999942e-01 0.000000000000000000e+00 -6.622500000000003384e-03 -1.655749999999983624e-03 1.655499999999997252e-03 -3.775294451448620237e+01
5.331129999999999480e-01 2.059600000000000042e-01 0.000000000000000000e+00 -6.622500000000003384e-03 0.000000000000000000e+00 0.000000000000000000e+00 0.000000000000000000e+00
5.331129999999999480e-01 1.993379999999999874e-01 0.000000000000000000e+00 -6.622500000000003384e-03 0.000000000000000000e+00 3.311250000000001692e-03 0.000000000000000000e+00
5.331129999999999480e-01 1.927149999999999974e-01 0.000000000000000000e+00 0.000000000000000000e+00 0.000000000000000000e+00 6.622500000000003384e-03 0.000000000000000000e+00
5.331129999999999480e-01 1.993379999999999874e-01 0.000000000000000000e+00 6.622500000000003384e-03 1.655500000000004190e-03 3.311250000000001692e-03 -3.774724423598531331e+01
5.331129999999999480e-01 2.059600000000000042e-01 3.311000000000008381e-03 6.622500000000003384e-03 3.311250000000015570e-03 0.000000000000000000e+00 -5.402598466759700813e+01
5.397349999999999648e-01 2.125829999999999942e-01 6.622500000000031140e-03 6.622500000000003384e-03 1.655750000000011379e-03 1.655499999999997252e-03 -2.015352791538122142e-03
5.463580000000000103e-01 2.192050000000000110e-01 6.622500000000031140e-03 9.933499999999997887e-03 1.655499999999976435e-03 3.311249999999994753e-03 3.222677448214250617e+00
5.529800000000000271e-01 2.324499999999999900e-01 9.933499999999984009e-03 1.324499999999999289e-02 1.655749999999983624e-03 2.500000000002500222e-07 -4.831961015671226711e+00
5.662249999999999783e-01 2.456949999999999967e-01 9.933999999999998387e-03 9.933999999999998387e-03 2.500000000071889161e-07 -1.655499999999997252e-03 -5.932004323712816607e+00
5.728480000000000238e-01 2.523179999999999867e-01 9.933999999999998387e-03 9.933999999999998387e-03 -2.500000000071889161e-07 -1.655749999999997502e-03 -5.931108656443594640e+00
5.860929999999999751e-01 2.655629999999999935e-01 9.933499999999984009e-03 6.622500000000003384e-03 -2.499999999794333405e-07 -3.311499999999995003e-03 -1.933022701957766998e+01
5.927149999999999919e-01 2.655629999999999935e-01 9.933500000000039520e-03 3.311000000000008381e-03 1.655750000000011379e-03 0.000000000000000000e+00 -4.775483822479621665e+00
6.059600000000000541e-01 2.721850000000000103e-01 1.324500000000000677e-02 6.622500000000003384e-03 2.499999999794333405e-07 1.655749999999997502e-03 6.752942174404825693e+00
6.192050000000000054e-01 2.788080000000000003e-01 9.933999999999998387e-03 6.622500000000003384e-03 -1.655500000000004190e-03 0.000000000000000000e+00 6.442249040481880407e+00
6.258280000000000509e-01 2.854300000000000170e-01 9.933999999999998387e-03 6.622500000000003384e-03 -2.500000000071889161e-07 -1.655500000000004190e-03 -9.662643900744212644e+00
6.390730000000000022e-01 2.920530000000000070e-01 9.933499999999984009e-03 3.311499999999995003e-03 -1.655750000000011379e-03 -3.311250000000001692e-03 -2.387489541259625270e+01
6.456950000000000189e-01 2.920530000000000070e-01 6.622499999999975628e-03 0.000000000000000000e+00 -1.655500000000004190e-03 -1.655749999999997502e-03 -3.775294451448684185e+01
6.523179999999999534e-01 2.920530000000000070e-01 6.622499999999975628e-03 0.000000000000000000e+00 2.775557561562891351e-17 -3.311250000000001692e-03 -7.550018875047247491e+01
6.589399999999999702e-01 2.920530000000000070e-01 6.622500000000031140e-03 -6.622500000000003384e-03 2.775557561562891351e-17 -4.966999999999999194e-03 -4.004102926113760219e+01
6.655630000000000157e-01 2.788080000000000003e-01 6.622500000000031140e-03 -9.933999999999998387e-03 -2.775557561562891351e-17 0.000000000000000000e+00 -1.620170616720364799e-13
6.721850000000000325e-01 2.721850000000000103e-01 6.622499999999975628e-03 -6.622500000000003384e-03 -2.775557561562891351e-17 -1.655500000000004190e-03 -1.334566618518527292e+01
6.788079999999999670e-01 2.655629999999999935e-01 6.622499999999975628e-03 -1.324500000000000677e-02 -1.655749999999983624e-03 -4.966999999999999194e-03 -1.688312020862509755e+01
6.854299999999999837e-01 2.456949999999999967e-01 3.311000000000008381e-03 -1.655650000000000177e-02 -3.311249999999987814e-03 1.655750000000004440e-03 -1.025067993945038758e+01
6.854299999999999837e-01 2.324499999999999900e-01 0.000000000000000000e+00 -9.933499999999997887e-03 2.500000000071889161e-07 1.655750000000004440e-03 2.533584634261073967e-03
6.854299999999999837e-01 2.258280000000000010e-01 3.311500000000022759e-03 -1.324499999999999289e-02 1.655750000000011379e-03 -3.311500000000001942e-03 4.308527384435659080e+00
6.920530000000000292e-01 2.059600000000000042e-01 3.311500000000022759e-03 -1.655650000000000177e-02 -3.311500000000022759e-03 -6.938893903907228378e-18 -1.139028672948715126e+01
6.920530000000000292e-01 1.927149999999999974e-01 -3.311500000000022759e-03 -1.324500000000000677e-02 -3.311500000000022759e-03 1.655750000000004440e-03 -1.938999982592255833e+01
6.854299999999999837e-01 1.794699999999999906e-01 -3.311500000000022759e-03 -1.324499999999999289e-02 2.500000000071889161e-07 6.938893903907228378e-18 1.301178530491335812e-03
6.854299999999999837e-01 1.662250000000000116e-01 -3.311000000000008381e-03 -1.324499999999999289e-02 -1.655499999999976435e-03 -6.938893903907228378e-18 -8.616633834188935026e+00
6.788079999999999670e-01 1.529800000000000049e-01 -6.622499999999975628e-03 -1.324500000000000677e-02 -1.655749999999983624e-03 -6.938893903907228378e-18 -6.753452022813518418e+00
6.721850000000000325e-01 1.397349999999999981e-01 -6.622499999999975628e-03 -1.324500000000000677e-02 -2.775557561562891351e-17 1.655750000000004440e-03 -3.376726011406907979e+00
6.655630000000000157e-01 1.264899999999999913e-01 -6.622500000000031140e-03 -9.933499999999997887e-03 -2.775557561562891351e-17 3.311250000000005161e-03 -1.288681803753806854e+01
6.589399999999999702e-01 1.198680000000000023e-01 -6.622500000000031140e-03 -6.622499999999996445e-03 2.775557561562891351e-17 1.655499999999997252e-03 -1.334566618518473113e+01
6.523179999999999534e-01 1.132449999999999984e-01 -6.622499999999975628e-03 -6.622500000000003384e-03 -1.655749999999983624e-03 -1.655750000000000971e-03 8.454798496486527754e-14
6.456950000000000189e-01 1.066229999999999956e-01 -9.933999999999998387e-03 -9.933999999999998387e-03 -3.311250000000015570e-03 -1.655749999999997502e-03 -5.931108656443695004e+00
6.324499999999999567e-01 9.337700000000000167e-02 -1.324500000000000677e-02 -9.933999999999998387e-03 -1.655499999999976435e-03 1.655749999999997502e-03 -8.455973704205753450e+00
6.192050000000000054e-01 8.675499999999999878e-02 -1.324499999999995126e-02 -6.622500000000003384e-03 0.000000000000000000e+00 3.311249999999998223e-03 -1.350588434880966027e+01
6.059600000000000541e-01 8.013199999999999490e-02 -1.324500000000000677e-02 -3.311500000000001942e-03 1.655749999999955868e-03 1.655750000000004440e-03 -6.463116395845946549e+00
5.927149999999999919e-01 8.013199999999999490e-02 -9.933500000000039520e-03 -3.310999999999994503e-03 3.311250000000015570e-03 2.500000000037194692e-07 9.548083354389296673e+00
5.860929999999999751e-01 7.351000000000000589e-02 -6.622499999999975628e-03 -3.310999999999994503e-03 -2.499999999794333405e-07 1.655499999999997252e-03 -2.701299217981680911e+01
5.794700000000000406e-01 7.351000000000000589e-02 -9.933999999999998387e-03 0.000000000000000000e+00 -3.311250000000015570e-03 1.655499999999997252e-03 -1.677570860370207129e+01
5.662249999999999783e-01 7.351000000000000589e-02 -1.324500000000000677e-02 0.000000000000000000e+00 2.500000000071889161e-07 1.655499999999997252e-03 -9.436811058996289248e+00
5.529800000000000271e-01 7.351000000000000589e-02 -9.933499999999984009e-03 3.310999999999994503e-03 1.655749999999983624e-03 3.311249999999998223e-03 -3.342766582082295201e+01
5.463580000000000103e-01 8.013199999999999490e-02 -9.933500000000039520e-03 6.622499999999996445e-03 -2.500000000071889161e-07 2.500000000037194692e-07 -4.864418678813800436e-04
5.331129999999999480e-01 8.675499999999999878e-02 -9.933999999999998387e-03 3.311500000000001942e-03 1.655500000000031946e-03 -1.655749999999997502e-03 9.550679209373187817e+00
5.264900000000000135e-01 8.675499999999999878e-02 -6.622499999999975628e-03 3.311000000000001442e-03 1.655749999999983624e-03 -2.500000000002500222e-07 -1.350241711786858190e+01
5.198679999999999968e-01 9.337700000000000167e-02 -6.622500000000031140e-03 3.311000000000001442e-03 1.655499999999976435e-03 2.500000000002500222e-07 -1.350853572990958362e+01
5.132449999999999513e-01 9.337700000000000167e-02 -3.311500000000022759e-03 3.311500000000001942e-03 1.655750000000039135e-03 1.655999999999997752e-03 -1.067733902841001452e+02
5.132449999999999513e-01 1.000000000000000056e-01 -3.310999999999952870e-03 6.622999999999996945e-03 2.500000000349444917e-07 1.655499999999997252e-03 -1.350608848830641406e+01
5.066230000000000455e-01 1.066229999999999956e-01 -3.310999999999952870e-03 6.622499999999996445e-03 1.655499999999976435e-03 -2.499999999967805753e-07 -2.700891351574007615e+01
5.066230000000000455e-01 1.132449999999999984e-01 0.000000000000000000e+00 6.622500000000003384e-03 1.655499999999976435e-03 0.000000000000000000e+00 -3.774724423598468093e+01
5.066230000000000455e-01 1.198680000000000023e-01 0.000000000000000000e+00 6.622499999999996445e-03 1.655499999999976435e-03 -1.655750000000004440e-03 -3.774724423598476619e+01
5.066230000000000455e-01 1.264899999999999913e-01 3.310999999999952870e-03 3.310999999999994503e-03 3.311249999999987814e-03 -6.622499999999996445e-03 -3.203685466232312251e+02
5.132449999999999513e-01 1.264899999999999913e-01 6.622499999999975628e-03 -6.622499999999996445e-03 -1.655499999999976435e-03 -8.277999999999993697e-03 -8.007802781669296621e+01
5.198679999999999968e-01 1.132449999999999984e-01 0.000000000000000000e+00 -1.324499999999999289e-02 -6.622499999999975628e-03 0.000000000000000000e+00 -3.775009437523584666e+01
5.132449999999999513e-01 1.000000000000000056e-01 -6.622499999999975628e-03 -6.622499999999996445e-03 -3.311249999999987814e-03 4.966749999999995474e-03 -6.673236163150806988e+01
5.066230000000000455e-01 1.000000000000000056e-01 -6.622499999999975628e-03 -3.311500000000001942e-03 -1.655750000000025257e-03 -3.469446951953614189e-18 -1.350731190895446332e+01
5.000000000000000000e-01 9.337700000000000167e-02 -9.934000000000026143e-03 -6.622500000000003384e-03 -1.655750000000011379e-03 -1.655500000000000721e-03 3.220394860262319803e+00
4.867549999999999932e-01 8.675499999999999878e-02 -9.933999999999998387e-03 -6.622500000000003384e-03 1.655750000000011379e-03 1.655500000000000721e-03 -3.220394860262312697e+00
4.801320000000000032e-01 8.013199999999999490e-02 -6.622500000000003384e-03 -3.311500000000001942e-03 1.655749999999997502e-03 3.311250000000001692e-03 -4.051377821392575385e+01
4.735099999999999865e-01 8.013199999999999490e-02 -6.622500000000003384e-03 0.000000000000000000e+00 -1.655749999999997502e-03 1.655750000000000971e-03 -3.775294451448660027e+01
4.668869999999999965e-01 8.013199999999999490e-02 -9.933999999999998387e-03 0.000000000000000000e+00 -1.655500000000004190e-03 0.000000000000000000e+00 0.000000000000000000e+00
4.536419999999999897e-01 8.013199999999999490e-02 -9.933500000000011765e-03 0.000000000000000000e+00 1.655749999999997502e-03 0.000000000000000000e+00 -0.000000000000000000e+00
4.470199999999999729e-01 8.013199999999999490e-02 -6.622500000000003384e-03 0.000000000000000000e+00 1.655500000000018068e-03 0.000000000000000000e+00 -0.000000000000000000e+00
4.403969999999999829e-01 8.013199999999999490e-02 -6.622499999999975628e-03 0.000000000000000000e+00 -1.655499999999990313e-03 1.655750000000000971e-03 -3.775294451448692001e+01
4.337750000000000217e-01 8.013199999999999490e-02 -9.933499999999984009e-03 3.311500000000001942e-03 -3.311250000000015570e-03 4.967000000000002663e-03 -3.342615150947819558e+01
4.205300000000000149e-01 8.675499999999999878e-02 -1.324500000000000677e-02 9.934000000000005326e-03 -2.500000000071889161e-07 3.311249999999998223e-03 -9.663214268237101834e+00
4.072850000000000081e-01 1.000000000000000056e-01 -9.933999999999998387e-03 9.933999999999998387e-03 4.966750000000005882e-03 -1.655750000000004440e-03 -1.186221731288726566e+01
4.006620000000000181e-01 1.066229999999999956e-01 -3.311499999999995003e-03 6.622499999999996445e-03 3.311499999999995003e-03 -1.655749999999997502e-03 -4.051785681642654424e+01
4.006620000000000181e-01 1.132449999999999984e-01 -3.311000000000008381e-03 6.622500000000003384e-03 2.499999999933111283e-07 0.000000000000000000e+00 -4.078972039724518966e-03
3.940400000000000014e-01 1.198680000000000023e-01 -3.311000000000008381e-03 6.622499999999996445e-03 1.655500000000004190e-03 0.000000000000000000e+00 -2.701095284777856520e+01
3.940400000000000014e-01 1.264899999999999913e-01 0.000000000000000000e+00 6.622500000000003384e-03 1.655500000000004190e-03 3.469446951953614189e-18 -3.774724423598531331e+01
3.940400000000000014e-01 1.331130000000000091e-01 0.000000000000000000e+00 6.622500000000003384e-03 0.000000000000000000e+00 -6.938893903907228378e-18 -0.000000000000000000e+00
3.940400000000000014e-01 1.397349999999999981e-01 0.000000000000000000e+00 6.622499999999989506e-03 0.000000000000000000e+00 0.000000000000000000e+00 0.000000000000000000e+00
3.940400000000000014e-01 1.463579999999999881e-01 0.000000000000000000e+00 6.622500000000003384e-03 1.655500000000004190e-03 -1.655749999999990563e-03 -3.774724423598531331e+01
3.940400000000000014e-01 1.529800000000000049e-01 3.311000000000008381e-03 3.311000000000008381e-03 3.311250000000001692e-03 -3.311250000000001692e-03 -2.135790310821505500e+02
4.006620000000000181e-01 1.529800000000000049e-01 6.622500000000003384e-03 0.000000000000000000e+00 1.655749999999997502e-03 -1.655500000000004190e-03 -3.774724423598531331e+01
4.072850000000000081e-01 1.529800000000000049e-01 6.622500000000003384e-03 0.000000000000000000e+00 0.000000000000000000e+00 0.000000000000000000e+00 0.000000000000000000e+00
4.139070000000000249e-01 1.529800000000000049e-01 6.622500000000003384e-03 0.000000000000000000e+00 -1.387778780781445676e-17 -1.655500000000004190e-03 -3.774724423598531331e+01
4.205300000000000149e-01 1.529800000000000049e-01 6.622499999999975628e-03 -3.311000000000008381e-03 -1.655750000000011379e-03 -3.311250000000001692e-03 -6.753248075750576618e+01
4.271519999999999762e-01 1.463579999999999881e-01 3.310999999999980625e-03 -6.622500000000003384e-03 -3.311249999999987814e-03 -1.655749999999990563e-03 -6.753248075750512669e+01
4.271519999999999762e-01 1.397349999999999981e-01 0.000000000000000000e+00 -6.622499999999989506e-03 2.500000000210667039e-07 0.000000000000000000e+00 5.700278501837244098e-03
4.271519999999999762e-01 1.331130000000000091e-01 3.311500000000022759e-03 -6.622500000000003384e-03 3.311500000000022759e-03 -2.500000000141278100e-07 5.402312927016269128e+01
4.337750000000000217e-01 1.264899999999999913e-01 6.623000000000045517e-03 -6.623000000000017762e-03 3.311500000000022759e-03 -5.000000000143778323e-07 2.668730242550396170e+01
