3.675499999999999878e-01 2.721850000000000103e-01 0.000000000000000000e+00 6.622999999999990006e-03 0.000000000000000000e+00 6.622000000000016762e-03 0.000000000000000000e+00
3.675499999999999878e-01 2.788080000000000003e-01 0.000000000000000000e+00 1.324500000000000677e-02 0.000000000000000000e+00 6.622250000000010073e-03 0.000000000000000000e+00
3.675499999999999878e-01 2.986750000000000238e-01 0.000000000000000000e+00 1.986750000000001015e-02 0.000000000000000000e+00 2.499999999933111283e-07 0.000000000000000000e+00
3.675499999999999878e-01 3.185430000000000206e-01 0.000000000000000000e+00 1.324549999999999339e-02 4.966750000000005882e-03 -6.622500000000003384e-03 -2.830972081700586429e+01
3.675499999999999878e-01 3.251660000000000106e-01 9.933500000000011765e-03 6.622500000000003384e-03 8.278000000000007574e-03 -3.311499999999995003e-03 -5.154775859201927801e+01
3.874170000000000114e-01 3.317880000000000273e-01 1.655600000000001515e-02 6.622500000000003384e-03 1.655749999999997502e-03 -1.655500000000004190e-03 -6.768264143570028146e+00
4.006620000000000181e-01 3.384110000000000174e-01 1.324500000000000677e-02 3.311499999999995003e-03 -1.655500000000018068e-03 -6.622500000000003384e-03 -3.231395557974568788e+01
4.139070000000000249e-01 3.384110000000000174e-01 1.324499999999997901e-02 -6.622500000000003384e-03 -1.387778780781445676e-17 -9.933999999999998387e-03 -4.051867274324647639e+01
4.271519999999999762e-01 3.251660000000000106e-01 1.324499999999997901e-02 -1.655650000000000177e-02 -3.311249999999987814e-03 -6.622749999999996695e-03 -1.495464854426986534e+01
4.403969999999999829e-01 3.052980000000000138e-01 6.622500000000003384e-03 -1.986799999999999677e-02 -6.622499999999989506e-03 0.000000000000000000e+00 -1.432454075246493730e+01
4.403969999999999829e-01 2.854300000000000170e-01 0.000000000000000000e+00 -1.655650000000000177e-02 -4.966749999999992005e-03 6.622749999999996695e-03 -1.811904207726303895e+01
4.403969999999999829e-01 2.721850000000000103e-01 -3.310999999999980625e-03 -6.622500000000003384e-03 -3.311250000000001692e-03 9.933999999999998387e-03 -1.350608825429706314e+02
4.337750000000000217e-01 2.721850000000000103e-01 -6.622500000000003384e-03 3.311499999999995003e-03 -2.500000000210667039e-07 6.622500000000003384e-03 -1.080401407905417699e+02
4.271519999999999762e-01 2.788080000000000003e-01 -3.311500000000022759e-03 6.622500000000003384e-03 3.311250000000001692e-03 1.655500000000004190e-03 -6.752636257661592367e+01
4.271519999999999762e-01 2.854300000000000170e-01 0.000000000000000000e+00 6.622500000000003384e-03 3.311500000000022759e-03 3.311499999999995003e-03 -7.550588902897366950e+01
4.271519999999999762e-01 2.920530000000000070e-01 3.311500000000022759e-03 1.324549999999999339e-02 1.655750000000011379e-03 3.311250000000001692e-03 -4.308718750196648628e+00
4.337750000000000217e-01 3.119210000000000038e-01 3.311500000000022759e-03 1.324500000000000677e-02 1.655499999999976435e-03 -3.311499999999995003e-03 -1.292558225154599683e+01
4.337750000000000217e-01 3.185430000000000206e-01 6.622499999999975628e-03 6.622500000000003384e-03 4.966749999999978127e-03 -3.311250000000001692e-03 -6.673236163150804146e+01
4.470199999999999729e-01 3.251660000000000106e-01 1.324499999999997901e-02 6.622500000000003384e-03 1.655500000000018068e-03 0.000000000000000000e+00 -3.376216162998056713e+00
4.602649999999999797e-01 3.317880000000000273e-01 9.933500000000011765e-03 6.622500000000003384e-03 1.387778780781445676e-17 -1.655500000000004190e-03 -9.664140589323853447e+00
4.668869999999999965e-01 3.384110000000000174e-01 1.324500000000000677e-02 3.311499999999995003e-03 3.311499999999995003e-03 -3.311250000000001692e-03 -2.154328765880222107e+01
4.867549999999999932e-01 3.384110000000000174e-01 1.655650000000000177e-02 0.000000000000000000e+00 -1.387778780781445676e-17 -4.966999999999999194e-03 -1.811995409428009296e+01
5.000000000000000000e-01 3.384110000000000174e-01 1.324499999999997901e-02 -6.622500000000003384e-03 -3.311250000000001692e-03 -6.622500000000003384e-03 -3.376471087202410359e+01
5.132449999999999513e-01 3.251660000000000106e-01 9.933999999999998387e-03 -1.324500000000000677e-02 -1.655499999999990313e-03 -4.966999999999999194e-03 -1.570379483838077483e+01
5.198679999999999968e-01 3.119210000000000038e-01 9.933999999999998387e-03 -1.655650000000000177e-02 -1.655750000000011379e-03 -4.966999999999999194e-03 -1.066332516070764669e+01
5.331129999999999480e-01 2.920530000000000070e-01 6.622499999999975628e-03 -2.317900000000000515e-02 -3.311499999999995003e-03 -4.966749999999998944e-03 -7.827159511929672853e+00
5.331129999999999480e-01 2.655629999999999935e-01 3.311000000000008381e-03 -2.648999999999999966e-02 -1.655749999999983624e-03 6.938893903907228378e-18 -2.305325671194589976e+00
5.397349999999999648e-01 2.390730000000000077e-01 3.311000000000008381e-03 -2.317899999999999128e-02 -1.655500000000004190e-03 4.966749999999998944e-03 -1.708263326616022759e+00
5.397349999999999648e-01 2.192050000000000110e-01 0.000000000000000000e+00 -1.655650000000000177e-02 -1.655500000000004190e-03 4.966999999999992255e-03 -6.039376686748696876e+00
5.397349999999999648e-01 2.059600000000000042e-01 0.000000000000000000e+00 -1.324500000000000677e-02 0.000000000000000000e+00 3.311500000000001942e-03 0.000000000000000000e+00
5.397349999999999648e-01 1.927149999999999974e-01 0.000000000000000000e+00 -9.933499999999997887e-03 0.000000000000000000e+00 1.655750000000004440e-03 0.000000000000000000e+00
5.397349999999999648e-01 1.860930000000000084e-01 0.000000000000000000e+00 -9.933499999999997887e-03 -1.655500000000004190e-03 -2.500000000002500222e-07 -1.677739744759442431e+01
5.397349999999999648e-01 1.728480000000000016e-01 -3.311000000000008381e-03 -9.933999999999998387e-03 -3.311249999999987814e-03 -2.500000000002500222e-07 -2.864900941916918242e+01
5.331129999999999480e-01 1.662250000000000116e-01 -6.622499999999975628e-03 -9.933999999999998387e-03 -1.655749999999983624e-03 2.499999999933111283e-07 -9.666048931676961331e+00
5.264900000000000135e-01 1.529800000000000049e-01 -6.622499999999975628e-03 -9.933500000000011765e-03 -2.775557561562891351e-17 3.311499999999995003e-03 -1.288779099473221201e+01
5.198679999999999968e-01 1.463579999999999881e-01 -6.622500000000031140e-03 -3.311000000000008381e-03 -1.655750000000011379e-03 4.966750000000005882e-03 -9.454343360528321227e+01
5.132449999999999513e-01 1.463579999999999881e-01 -9.933999999999998387e-03 0.000000000000000000e+00 -1.655749999999969746e-03 1.655500000000004190e-03 -1.677570860370213879e+01
5.000000000000000000e-01 1.463579999999999881e-01 -9.933999999999970631e-03 0.000000000000000000e+00 0.000000000000000000e+00 1.655500000000004190e-03 -1.677570860370223116e+01
4.933770000000000100e-01 1.463579999999999881e-01 -9.933999999999998387e-03 3.311000000000008381e-03 -1.655500000000018068e-03 3.311250000000001692e-03 -2.387561644713635545e+01
4.801320000000000032e-01 1.529800000000000049e-01 -1.324500000000000677e-02 6.622500000000003384e-03 -1.655500000000004190e-03 3.311499999999995003e-03 -1.013068788262913245e+01
4.668869999999999965e-01 1.596029999999999949e-01 -1.324500000000000677e-02 9.933999999999998387e-03 3.311250000000001692e-03 1.655499999999997252e-03 -1.207951946338489080e+01
4.536419999999999897e-01 1.728480000000000016e-01 -6.622500000000003384e-03 9.933499999999997887e-03 3.311250000000001692e-03 -2.500000000002500222e-07 -1.932876762051547104e+01
4.536419999999999897e-01 1.794699999999999906e-01 -6.622500000000003384e-03 9.933499999999997887e-03 -3.311250000000001692e-03 1.655750000000004440e-03 1.288584508034363196e+01
4.403969999999999829e-01 1.927149999999999974e-01 -1.324500000000000677e-02 1.324500000000000677e-02 -4.966749999999992005e-03 -1.655499999999997252e-03 1.334617002338283065e+01
4.271519999999999762e-01 2.059600000000000042e-01 -1.655599999999998739e-02 6.622500000000003384e-03 -1.655499999999990313e-03 -8.278000000000007574e-03 2.610641197994891627e+01
4.072850000000000081e-01 2.059600000000000042e-01 -1.655599999999998739e-02 -3.311000000000008381e-03 1.655499999999990313e-03 -8.278000000000000635e-03 2.961412640838650390e+01
3.940400000000000014e-01 1.993379999999999874e-01 -1.324500000000000677e-02 -9.933499999999997887e-03 1.655499999999990313e-03 -8.278249999999993947e-03 2.778482464755762038e+01
3.807949999999999946e-01 1.860930000000000084e-01 -1.324500000000000677e-02 -1.986749999999999627e-02 3.311250000000001692e-03 -4.967000000000006132e-03 9.664729962891348336e+00
3.675499999999999878e-01 1.596029999999999949e-01 -6.622500000000003384e-03 -1.986750000000001015e-02 9.933750000000005076e-03 3.311250000000001692e-03 1.910020481792904690e+01
3.675499999999999878e-01 1.463579999999999881e-01 6.622500000000003384e-03 -1.324499999999999289e-02 1.158925000000000927e-02 6.622500000000010323e-03 6.077596972123451025e+01
3.807949999999999946e-01 1.331130000000000091e-01 1.655600000000001515e-02 -6.622499999999989506e-03 8.277999999999993697e-03 6.622499999999996445e-03 2.900765977794005934e+01
4.006620000000000181e-01 1.331130000000000091e-01 2.317849999999999078e-02 0.000000000000000000e+00 1.655749999999983624e-03 4.966749999999992005e-03 9.244887831918321197e+00
4.271519999999999762e-01 1.331130000000000091e-01 1.986749999999998240e-02 3.310999999999994503e-03 -3.310999999999994503e-03 3.311249999999994753e-03 9.392836722637992963e+00
4.403969999999999829e-01 1.397349999999999981e-01 1.655650000000000177e-02 6.622499999999989506e-03 -3.311249999999987814e-03 3.311500000000001942e-03 1.353693104011977510e+01
4.602649999999999797e-01 1.463579999999999881e-01 1.324500000000000677e-02 9.933999999999998387e-03 -4.967249999999992505e-03 3.311250000000008631e-03 2.053658761885901995e+01
4.668869999999999965e-01 1.596029999999999949e-01 6.622000000000016762e-03 1.324500000000000677e-02 -6.622999999999990006e-03 3.311000000000008381e-03 3.376726019875331275e+01
