2.218539999999999957e-01 2.523179999999999867e-01 6.623000000000017762e-03 0.000000000000000000e+00 -3.311500000000008881e-03 3.311000000000008381e-03 7.548309006660068121e+01
2.284770000000000134e-01 2.523179999999999867e-01 3.311500000000008881e-03 3.311000000000008381e-03 -1.656000000000011629e-03 4.966750000000005882e-03 2.135629015642949753e+02
2.284770000000000134e-01 2.589400000000000035e-01 3.310999999999994503e-03 9.933500000000011765e-03 1.655499999999990313e-03 1.655749999999997502e-03 -9.549525554117430204e+00
2.350990000000000024e-01 2.721850000000000103e-01 6.622499999999989506e-03 6.622500000000003384e-03 2.500000000002500222e-07 -3.311000000000008381e-03 -2.669334772316155124e+01
2.417219999999999924e-01 2.721850000000000103e-01 3.311499999999995003e-03 3.311499999999995003e-03 -3.311249999999994753e-03 0.000000000000000000e+00 1.067572698960446189e+02
2.417219999999999924e-01 2.788080000000000003e-01 0.000000000000000000e+00 6.622500000000003384e-03 -2.499999999933111283e-07 -2.499999999933111283e-07 5.700278501204359728e-03
2.417219999999999924e-01 2.854300000000000170e-01 3.311000000000008381e-03 3.311000000000008381e-03 1.655500000000004190e-03 -1.655500000000004190e-03 -1.067814529124955811e+02
2.483440000000000092e-01 2.854300000000000170e-01 3.311000000000008381e-03 3.311499999999995003e-03 -1.655500000000004190e-03 1.655749999999997502e-03 1.067733893710506976e+02
2.483440000000000092e-01 2.920530000000000070e-01 0.000000000000000000e+00 6.622500000000003384e-03 2.499999999933111283e-07 -2.499999999933111283e-07 -5.700278501204359728e-03
2.483440000000000092e-01 2.986750000000000238e-01 3.311499999999995003e-03 3.311000000000008381e-03 1.655749999999997502e-03 -1.655500000000004190e-03 -1.067733893710506976e+02
2.549669999999999992e-01 2.986750000000000238e-01 3.311499999999995003e-03 3.311499999999995003e-03 -2.499999999933111283e-07 1.655999999999990813e-03 5.339878543309096415e+01
2.549669999999999992e-01 3.052980000000000138e-01 3.311000000000008381e-03 6.622999999999990006e-03 1.655500000000004190e-03 1.655500000000004190e-03 -1.350608787249119125e+01
2.615890000000000160e-01 3.119210000000000038e-01 6.622500000000003384e-03 6.622500000000003384e-03 1.655749999999997502e-03 -2.499999999933111283e-07 -1.334969689076787169e+01
2.682120000000000060e-01 3.185430000000000206e-01 6.622500000000003384e-03 6.622500000000003384e-03 -1.655749999999997502e-03 0.000000000000000000e+00 1.334768153797644352e+01
2.748340000000000227e-01 3.251660000000000106e-01 3.311000000000008381e-03 6.622500000000003384e-03 -1.655500000000004190e-03 -1.655749999999997502e-03 1.350445675787012334e+01
2.748340000000000227e-01 3.317880000000000273e-01 3.311499999999995003e-03 3.311000000000008381e-03 1.655749999999983624e-03 -1.655500000000004190e-03 -1.067733893710502429e+02
2.814570000000000127e-01 3.317880000000000273e-01 6.622499999999975628e-03 3.311499999999995003e-03 1.655500000000004190e-03 2.499999999933111283e-07 -1.350119385123564086e+01
2.880789999999999740e-01 3.384110000000000174e-01 6.622500000000003384e-03 3.311499999999995003e-03 2.500000000210667039e-07 -1.655749999999997502e-03 -2.701462381790851808e+01
2.947020000000000195e-01 3.384110000000000174e-01 6.623000000000017762e-03 0.000000000000000000e+00 0.000000000000000000e+00 -1.655749999999997502e-03 -3.774724445115480620e+01
3.013250000000000095e-01 3.384110000000000174e-01 6.622500000000003384e-03 0.000000000000000000e+00 -2.500000000071889161e-07 0.000000000000000000e+00 0.000000000000000000e+00
3.079470000000000263e-01 3.384110000000000174e-01 6.622500000000003384e-03 0.000000000000000000e+00 -1.387778780781445676e-17 -1.655749999999997502e-03 -3.775294451448651500e+01
3.145700000000000163e-01 3.384110000000000174e-01 6.622499999999975628e-03 -3.311499999999995003e-03 0.000000000000000000e+00 -3.311250000000001692e-03 -5.402109012288029533e+01
3.211919999999999775e-01 3.317880000000000273e-01 6.622500000000003384e-03 -6.622500000000003384e-03 1.387778780781445676e-17 -1.655500000000004190e-03 -1.334566618518490522e+01
3.278150000000000230e-01 3.251660000000000106e-01 6.622500000000003384e-03 -6.622500000000003384e-03 -1.655750000000011379e-03 0.000000000000000000e+00 -1.334768153797655543e+01
3.344369999999999843e-01 3.185430000000000206e-01 3.310999999999980625e-03 -6.622500000000003384e-03 -1.655500000000004190e-03 0.000000000000000000e+00 -2.701095284777866112e+01
3.344369999999999843e-01 3.119210000000000038e-01 3.311499999999995003e-03 -6.622500000000003384e-03 2.500000000071889161e-07 -2.499999999933111283e-07 2.039147282934374115e-03
3.410599999999999743e-01 3.052980000000000138e-01 3.311499999999995003e-03 -6.622999999999990006e-03 -2.499999999933111283e-07 0.000000000000000000e+00 -4.078171441525660010e-03
3.410599999999999743e-01 2.986750000000000238e-01 3.311000000000008381e-03 -6.622500000000003384e-03 -2.499999999933111283e-07 2.499999999933111283e-07 -2.039640001441709281e-03
3.476819999999999911e-01 2.920530000000000070e-01 3.311000000000008381e-03 -6.622500000000003384e-03 -1.655500000000004190e-03 0.000000000000000000e+00 -2.701095284777852612e+01
3.476819999999999911e-01 2.854300000000000170e-01 0.000000000000000000e+00 -6.622500000000003384e-03 -1.655500000000004190e-03 0.000000000000000000e+00 -3.774724423598531331e+01
3.476819999999999911e-01 2.788080000000000003e-01 0.000000000000000000e+00 -6.622500000000003384e-03 0.000000000000000000e+00 0.000000000000000000e+00 0.000000000000000000e+00
3.476819999999999911e-01 2.721850000000000103e-01 0.000000000000000000e+00 -6.622500000000003384e-03 1.655749999999997502e-03 0.000000000000000000e+00 3.775294451448651500e+01
3.476819999999999911e-01 2.655629999999999935e-01 3.311499999999995003e-03 -6.622500000000003384e-03 1.655749999999997502e-03 0.000000000000000000e+00 2.701258436269032259e+01
3.543049999999999811e-01 2.589400000000000035e-01 3.311499999999995003e-03 -6.622500000000003384e-03 -1.655749999999997502e-03 0.000000000000000000e+00 -2.701258436269032259e+01
3.543049999999999811e-01 2.523179999999999867e-01 0.000000000000000000e+00 -6.622500000000003384e-03 -1.655749999999997502e-03 6.938893903907228378e-18 -3.775294451448651500e+01
3.543049999999999811e-01 2.456949999999999967e-01 0.000000000000000000e+00 -6.622499999999989506e-03 0.000000000000000000e+00 0.000000000000000000e+00 0.000000000000000000e+00
3.543049999999999811e-01 2.390730000000000077e-01 0.000000000000000000e+00 -6.622500000000003384e-03 0.000000000000000000e+00 -6.938893903907228378e-18 0.000000000000000000e+00
3.543049999999999811e-01 2.324499999999999900e-01 0.000000000000000000e+00 -6.622500000000003384e-03 0.000000000000000000e+00 6.938893903907228378e-18 0.000000000000000000e+00
3.543049999999999811e-01 2.258280000000000010e-01 0.000000000000000000e+00 -6.622499999999989506e-03 0.000000000000000000e+00 3.311250000000001692e-03 0.000000000000000000e+00
3.543049999999999811e-01 2.192050000000000110e-01 0.000000000000000000e+00 0.000000000000000000e+00 0.000000000000000000e+00 6.622499999999989506e-03 0.000000000000000000e+00
3.543049999999999811e-01 2.258280000000000010e-01 0.000000000000000000e+00 6.622499999999989506e-03 0.000000000000000000e+00 3.311250000000001692e-03 0.000000000000000000e+00
3.543049999999999811e-01 2.324499999999999900e-01 0.000000000000000000e+00 6.622500000000003384e-03 3.311250000000001692e-03 1.655750000000004440e-03 -7.550018875047183542e+01
3.543049999999999811e-01 2.390730000000000077e-01 6.622500000000003384e-03 9.933999999999998387e-03 3.311250000000001692e-03 1.655499999999997252e-03 -1.288644379193942058e+01
3.675499999999999878e-01 2.523179999999999867e-01 6.622500000000003384e-03 9.933499999999997887e-03 -3.311250000000001692e-03 -1.655749999999997502e-03 1.288584508034365861e+01
3.675499999999999878e-01 2.589400000000000035e-01 0.000000000000000000e+00 6.622500000000003384e-03 -1.655749999999997502e-03 -3.311000000000001442e-03 3.775294451448651500e+01
3.675499999999999878e-01 2.655629999999999935e-01 3.311000000000008381e-03 3.311499999999995003e-03 1.655500000000004190e-03 -1.655749999999997502e-03 -1.067733893710506976e+02
3.741720000000000046e-01 2.655629999999999935e-01 3.311000000000008381e-03 3.311000000000008381e-03 -1.655500000000004190e-03 1.655500000000004190e-03 1.067814529124955811e+02
3.741720000000000046e-01 2.721850000000000103e-01 0.000000000000000000e+00 6.622500000000003384e-03 2.499999999933111283e-07 2.499999999933111283e-07 -5.700278501204359728e-03
3.741720000000000046e-01 2.788080000000000003e-01 3.311499999999995003e-03 3.311499999999995003e-03 1.655749999999997502e-03 -1.655749999999997502e-03 -1.067653300900722542e+02
3.807949999999999946e-01 2.788080000000000003e-01 3.311499999999995003e-03 3.311000000000008381e-03 -1.655749999999997502e-03 1.655500000000004190e-03 1.067733893710506976e+02
3.807949999999999946e-01 2.854300000000000170e-01 0.000000000000000000e+00 6.622500000000003384e-03 -2.499999999933111283e-07 2.499999999933111283e-07 5.700278501204359728e-03
3.807949999999999946e-01 2.920530000000000070e-01 3.311000000000008381e-03 3.311499999999995003e-03 1.655500000000004190e-03 -1.655749999999997502e-03 -1.067733893710506976e+02
3.874170000000000114e-01 2.920530000000000070e-01 3.311000000000008381e-03 3.311000000000008381e-03 -1.655500000000004190e-03 1.655500000000004190e-03 1.067814529124955811e+02
3.874170000000000114e-01 2.986750000000000238e-01 0.000000000000000000e+00 6.622500000000003384e-03 2.499999999933111283e-07 1.655999999999990813e-03 -5.700278501204359728e-03
3.874170000000000114e-01 3.052980000000000138e-01 3.311499999999995003e-03 6.622999999999990006e-03 3.311250000000001692e-03 0.000000000000000000e+00 -5.401538074445260662e+01
3.940400000000000014e-01 3.119210000000000038e-01 6.622500000000003384e-03 6.622500000000003384e-03 1.655500000000004190e-03 -1.655999999999990813e-03 -2.669536307595288704e+01
4.006620000000000181e-01 3.185430000000000206e-01 6.622500000000003384e-03 3.311000000000008381e-03 0.000000000000000000e+00 -3.311250000000001692e-03 -5.402598466759678075e+01
4.072850000000000081e-01 3.185430000000000206e-01 6.622500000000003384e-03 0.000000000000000000e+00 0.000000000000000000e+00 -3.311000000000008381e-03 -7.549448847197062662e+01
4.139070000000000249e-01 3.185430000000000206e-01 6.622500000000003384e-03 -3.311000000000008381e-03 -1.387778780781445676e-17 -3.311250000000001692e-03 -5.402598466759690155e+01
4.205300000000000149e-01 3.119210000000000038e-01 6.622499999999975628e-03 -6.622500000000003384e-03 -1.655750000000011379e-03 -1.655999999999990813e-03 -2.669737842874454259e+01
4.271519999999999762e-01 3.052980000000000138e-01 3.310999999999980625e-03 -6.622999999999990006e-03 -1.655499999999976435e-03 0.000000000000000000e+00 -2.700809781989990555e+01
4.271519999999999762e-01 2.986750000000000238e-01 3.311500000000022759e-03 -6.622500000000003384e-03 2.500000000210667039e-07 2.499999999933111283e-07 6.118057719093961989e-03
4.337750000000000217e-01 2.920530000000000070e-01 3.311500000000022759e-03 -6.622500000000003384e-03 -2.500000000210667039e-07 0.000000000000000000e+00 -4.078602501127358108e-03
4.337750000000000217e-01 2.854300000000000170e-01 3.310999999999980625e-03 -6.622500000000003384e-03 -2.500000000210667039e-07 0.000000000000000000e+00 -4.078972040177396285e-03
4.403969999999999829e-01 2.788080000000000003e-01 3.310999999999980625e-03 -6.622500000000003384e-03 2.500000000071889161e-07 1.655500000000004190e-03 1.350853572991002594e+01
4.403969999999999829e-01 2.721850000000000103e-01 3.311499999999995003e-03 -3.311499999999995003e-03 2.500000000071889161e-07 0.000000000000000000e+00 8.060194027868226516e-03
4.470199999999999729e-01 2.721850000000000103e-01 3.311499999999995003e-03 -6.622500000000003384e-03 -2.499999999933111283e-07 -3.311000000000008381e-03 -2.701462350997303119e+01
4.470199999999999729e-01 2.589400000000000035e-01 3.311000000000008381e-03 -9.933500000000011765e-03 -2.499999999933111283e-07 0.000000000000000000e+00 -2.163245148929904271e-03
4.536419999999999897e-01 2.523179999999999867e-01 3.311000000000008381e-03 -6.622500000000003384e-03 -1.655500000000004190e-03 -2.499999999933111283e-07 -2.701299217981680911e+01
4.536419999999999897e-01 2.456949999999999967e-01 0.000000000000000000e+00 -9.933999999999998387e-03 2.499999999933111283e-07 0.000000000000000000e+00 2.533329598799947957e-03
4.536419999999999897e-01 2.324499999999999900e-01 3.311499999999995003e-03 -6.622500000000003384e-03 1.655749999999997502e-03 1.655750000000004440e-03 4.051989627164452656e+01
4.602649999999999797e-01 2.324499999999999900e-01 3.311499999999995003e-03 -6.622499999999989506e-03 -1.655749999999997502e-03 -1.655499999999997252e-03 -4.051785681642660109e+01
4.602649999999999797e-01 2.192050000000000110e-01 0.000000000000000000e+00 -9.933499999999997887e-03 -2.499999999933111283e-07 -6.938893903907228378e-18 -2.533584634120431694e-03
4.602649999999999797e-01 2.125829999999999942e-01 3.311000000000008381e-03 -6.622500000000003384e-03 1.655500000000004190e-03 1.655499999999997252e-03 4.051540960564859972e+01
4.668869999999999965e-01 2.059600000000000042e-01 3.311000000000008381e-03 -6.622500000000003384e-03 -1.655500000000004190e-03 0.000000000000000000e+00 -2.701095284777852612e+01
4.668869999999999965e-01 1.993379999999999874e-01 0.000000000000000000e+00 -6.622500000000003384e-03 -1.655500000000004190e-03 6.938893903907228378e-18 -3.774724423598531331e+01
4.668869999999999965e-01 1.927149999999999974e-01 0.000000000000000000e+00 -6.622499999999989506e-03 0.000000000000000000e+00 -1.655499999999997252e-03 0.000000000000000000e+00
4.668869999999999965e-01 1.860930000000000084e-01 0.000000000000000000e+00 -9.933499999999997887e-03 0.000000000000000000e+00 -1.655750000000004440e-03 0.000000000000000000e+00
4.668869999999999965e-01 1.728480000000000016e-01 0.000000000000000000e+00 -9.933999999999998387e-03 0.000000000000000000e+00 1.655499999999997252e-03 0.000000000000000000e+00
4.668869999999999965e-01 1.662250000000000116e-01 0.000000000000000000e+00 -6.622500000000003384e-03 0.000000000000000000e+00 1.655749999999997502e-03 0.000000000000000000e+00
4.668869999999999965e-01 1.596029999999999949e-01 0.000000000000000000e+00 -6.622500000000003384e-03 -1.655500000000004190e-03 0.000000000000000000e+00 -3.774724423598531331e+01
4.668869999999999965e-01 1.529800000000000049e-01 -3.311000000000008381e-03 -6.622500000000003384e-03 -3.311250000000001692e-03 0.000000000000000000e+00 -5.402598466759678075e+01
4.602649999999999797e-01 1.463579999999999881e-01 -6.622500000000003384e-03 -6.622500000000003384e-03 -2.499999999933111283e-07 6.938893903907228378e-18 -2.015352791482683415e-03
4.536419999999999897e-01 1.397349999999999981e-01 -3.311499999999995003e-03 -6.622499999999989506e-03 1.655749999999997502e-03 0.000000000000000000e+00 2.701258436269041141e+01
4.536419999999999897e-01 1.331130000000000091e-01 -3.311000000000008381e-03 -6.622500000000003384e-03 2.499999999933111283e-07 -6.938893903907228378e-18 4.078972039781122126e-03
4.470199999999999729e-01 1.264899999999999913e-01 -3.311000000000008381e-03 -6.622500000000003384e-03 -2.499999999933111283e-07 3.469446951953614189e-18 -4.078972039752820113e-03
4.470199999999999729e-01 1.198680000000000023e-01 -3.311499999999995003e-03 -6.622499999999996445e-03 -1.655749999999983624e-03 0.000000000000000000e+00 -2.701258436269014140e+01
4.403969999999999829e-01 1.132449999999999984e-01 -6.622499999999975628e-03 -6.622500000000003384e-03 -1.655500000000004190e-03 1.655749999999997502e-03 -2.669334772316157967e+01
4.337750000000000217e-01 1.066229999999999956e-01 -6.622500000000003384e-03 -3.311000000000001442e-03 -1.387778780781445676e-17 3.311250000000001692e-03 -5.402598466759695839e+01
4.271519999999999762e-01 1.066229999999999956e-01 -6.622500000000003384e-03 0.000000000000000000e+00 1.387778780781445676e-17 -2.499999999967805753e-07 5.700278501283467456e-03
4.205300000000000149e-01 1.066229999999999956e-01 -6.622499999999975628e-03 -3.311499999999995003e-03 0.000000000000000000e+00 -1.655749999999997502e-03 2.701258436269048602e+01
4.139070000000000249e-01 1.000000000000000056e-01 -6.622500000000003384e-03 -3.311499999999995003e-03 -1.387778780781445676e-17 1.655749999999997502e-03 -2.701258436269043628e+01
4.072850000000000081e-01 1.000000000000000056e-01 -6.622500000000003384e-03 0.000000000000000000e+00 0.000000000000000000e+00 1.655749999999997502e-03 -3.775294451448651500e+01
4.006620000000000181e-01 1.000000000000000056e-01 -6.622500000000003384e-03 0.000000000000000000e+00 0.000000000000000000e+00 0.000000000000000000e+00 -0.000000000000000000e+00
3.940400000000000014e-01 1.000000000000000056e-01 -6.622500000000003384e-03 0.000000000000000000e+00 0.000000000000000000e+00 0.000000000000000000e+00 -0.000000000000000000e+00
3.874170000000000114e-01 1.000000000000000056e-01 -6.622500000000003384e-03 0.000000000000000000e+00 0.000000000000000000e+00 0.000000000000000000e+00 -0.000000000000000000e+00
3.807949999999999946e-01 1.000000000000000056e-01 -6.622500000000003384e-03 0.000000000000000000e+00 0.000000000000000000e+00 1.655749999999997502e-03 -3.775294451448651500e+01
3.741720000000000046e-01 1.000000000000000056e-01 -6.622500000000003384e-03 3.311499999999995003e-03 0.000000000000000000e+00 3.311249999999998223e-03 -5.402109012287991874e+01
3.675499999999999878e-01 1.066229999999999956e-01 -6.622500000000003384e-03 6.622499999999996445e-03 0.000000000000000000e+00 1.655500000000004190e-03 -1.334566618518503844e+01
3.609269999999999978e-01 1.132449999999999984e-01 -6.622500000000003384e-03 6.622500000000003384e-03 0.000000000000000000e+00 0.000000000000000000e+00 -0.000000000000000000e+00
3.543049999999999811e-01 1.198680000000000023e-01 -6.622500000000003384e-03 6.622499999999996445e-03 1.655500000000004190e-03 -3.311250000000001692e-03 1.334768153797648083e+01
3.476819999999999911e-01 1.264899999999999913e-01 -3.311499999999995003e-03 0.000000000000000000e+00 3.311250000000001692e-03 -6.622499999999996445e-03 6.039103158756455514e+02
3.476819999999999911e-01 1.198680000000000023e-01 0.000000000000000000e+00 -6.622499999999996445e-03 2.499999999933111283e-07 -1.655750000000000971e-03 5.700278501204372739e-03
3.476819999999999911e-01 1.132449999999999984e-01 -3.311000000000008381e-03 -3.311500000000001942e-03 -3.311250000000001692e-03 1.655749999999997502e-03 -1.601681460763105918e+02
3.410599999999999743e-01 1.132449999999999984e-01 -6.622500000000003384e-03 -3.311000000000001442e-03 -1.655749999999983624e-03 -1.655499999999997252e-03 1.350445675787016420e+01
3.344369999999999843e-01 1.066229999999999956e-01 -6.622499999999975628e-03 -6.622499999999996445e-03 -1.655499999999990313e-03 -1.655999999999997752e-03 4.030705582979380794e-03
3.278150000000000230e-01 1.000000000000000056e-01 -9.933499999999984009e-03 -6.622999999999996945e-03 -3.311250000000015570e-03 -3.469446951953614189e-18 -1.288689279955317701e+01
3.145700000000000163e-01 9.337700000000000167e-02 -1.324500000000000677e-02 -6.622500000000003384e-03 -2.500000000071889161e-07 1.655999999999997752e-03 -6.754981568039953643e+00
3.013250000000000095e-01 8.675499999999999878e-02 -9.933999999999998387e-03 -3.311000000000001442e-03 3.310999999999994503e-03 1.655500000000000721e-03 -4.775555814340123106e+00
2.947020000000000195e-01 8.675499999999999878e-02 -6.623000000000017762e-03 -3.311500000000001942e-03 0.000000000000000000e+00 -2.500000000002500222e-07 4.078171441638823828e-03
2.880789999999999740e-01 8.013199999999999490e-02 -9.933999999999998387e-03 -3.311500000000001942e-03 -1.655249999999983124e-03 1.655750000000000971e-03 -1.909919534780982886e+01
2.748340000000000227e-01 8.013199999999999490e-02 -9.933499999999984009e-03 0.000000000000000000e+00 1.655749999999997502e-03 1.655750000000000971e-03 -1.677993103222863169e+01
2.682120000000000060e-01 8.013199999999999490e-02 -6.622500000000003384e-03 0.000000000000000000e+00 -2.500000000071889161e-07 0.000000000000000000e+00 0.000000000000000000e+00
2.615890000000000160e-01 8.013199999999999490e-02 -9.933999999999998387e-03 0.000000000000000000e+00 -1.655500000000004190e-03 0.000000000000000000e+00 0.000000000000000000e+00
2.483440000000000092e-01 8.013199999999999490e-02 -9.933500000000011765e-03 0.000000000000000000e+00 1.655749999999997502e-03 1.655750000000000971e-03 -1.677993103222853932e+01
2.417219999999999924e-01 8.013199999999999490e-02 -6.622500000000003384e-03 3.311500000000001942e-03 3.311000000000008381e-03 3.311250000000001692e-03 -8.103163503035229098e+01
2.350990000000000024e-01 8.675499999999999878e-02 -3.311499999999995003e-03 6.622500000000003384e-03 3.311250000000001692e-03 3.311249999999998223e-03 -8.103367448557027330e+01
2.350990000000000024e-01 9.337700000000000167e-02 0.000000000000000000e+00 9.933999999999998387e-03 1.655749999999997502e-03 1.655749999999997502e-03 -1.677824193330093649e+01
2.350990000000000024e-01 1.066229999999999956e-01 0.000000000000000000e+00 9.933999999999998387e-03 0.000000000000000000e+00 -1.655749999999997502e-03 -0.000000000000000000e+00
2.350990000000000024e-01 1.132449999999999984e-01 0.000000000000000000e+00 6.622500000000003384e-03 0.000000000000000000e+00 -1.655750000000000971e-03 -0.000000000000000000e+00
2.350990000000000024e-01 1.198680000000000023e-01 0.000000000000000000e+00 6.622499999999996445e-03 0.000000000000000000e+00 0.000000000000000000e+00 0.000000000000000000e+00
2.350990000000000024e-01 1.264899999999999913e-01 0.000000000000000000e+00 6.622500000000003384e-03 1.655749999999997502e-03 3.469446951953614189e-18 -3.775294451448651500e+01
2.350990000000000024e-01 1.331130000000000091e-01 3.311499999999995003e-03 6.622500000000003384e-03 4.966999999999999194e-03 -6.938893903907228378e-18 -8.103367448557035857e+01
2.417219999999999924e-01 1.397349999999999981e-01 9.933999999999998387e-03 6.622499999999989506e-03 4.966750000000005882e-03 0.000000000000000000e+00 -1.932771997693345511e+01
2.549669999999999992e-01 1.463579999999999881e-01 1.324500000000000677e-02 6.622500000000003384e-03 -2.499999999933111283e-07 -1.655749999999990563e-03 -6.752942174404768849e+00
2.682120000000000060e-01 1.529800000000000049e-01 9.933500000000011765e-03 3.311000000000008381e-03 -1.655750000000011379e-03 -1.655500000000004190e-03 -9.549525554117476389e+00
2.748340000000000227e-01 1.529800000000000049e-01 9.933499999999984009e-03 3.311499999999995003e-03 1.655999999999990813e-03 2.499999999933111283e-07 -4.774546583746685613e+00
2.880789999999999740e-01 1.596029999999999949e-01 1.324549999999999339e-02 3.311499999999995003e-03 1.656000000000018568e-03 -1.655749999999997502e-03 -1.077179687549158515e+01
3.013250000000000095e-01 1.596029999999999949e-01 1.324550000000002115e-02 0.000000000000000000e+00 -1.656000000000004690e-03 -3.311499999999995003e-03 -1.887504716072165323e+01
3.145700000000000163e-01 1.596029999999999949e-01 9.933499999999984009e-03 -3.311499999999995003e-03 -3.311500000000008881e-03 -1.655749999999997502e-03 -2.387850080302403555e+01
3.211919999999999775e-01 1.529800000000000049e-01 6.622500000000003384e-03 -3.311499999999995003e-03 -1.655499999999990313e-03 2.499999999933111283e-07 -1.350119385123539040e+01
3.278150000000000230e-01 1.529800000000000049e-01 6.622500000000003384e-03 -3.311000000000008381e-03 -1.387778780781445676e-17 -1.655500000000004190e-03 -2.701095284777863981e+01
3.344369999999999843e-01 1.463579999999999881e-01 6.622499999999975628e-03 -6.622500000000003384e-03 0.000000000000000000e+00 -1.655749999999990563e-03 -1.334768153797641865e+01
3.410599999999999743e-01 1.397349999999999981e-01 6.622500000000003384e-03 -6.622499999999989506e-03 -1.655749999999983624e-03 0.000000000000000000e+00 -1.334768153797634760e+01
3.476819999999999911e-01 1.331130000000000091e-01 3.311000000000008381e-03 -6.622500000000003384e-03 -3.311250000000001692e-03 -6.938893903907228378e-18 -5.402598466759684470e+01
3.476819999999999911e-01 1.264899999999999913e-01 0.000000000000000000e+00 -6.622500000000003384e-03 2.499999999933111283e-07 3.469446951953614189e-18 5.700278501204359728e-03
3.476819999999999911e-01 1.198680000000000023e-01 3.311499999999995003e-03 -6.622499999999996445e-03 1.655749999999997502e-03 0.000000000000000000e+00 2.701258436269036523e+01
3.543049999999999811e-01 1.132449999999999984e-01 3.311499999999995003e-03 -6.622500000000003384e-03 -1.655749999999997502e-03 0.000000000000000000e+00 -2.701258436269032259e+01
3.543049999999999811e-01 1.066229999999999956e-01 0.000000000000000000e+00 -6.622499999999996445e-03 -1.655749999999997502e-03 -2.499999999967805753e-07 -3.775294451448660027e+01
3.543049999999999811e-01 1.000000000000000056e-01 0.000000000000000000e+00 -6.622999999999996945e-03 0.000000000000000000e+00 -2.500000000037194692e-07 0.000000000000000000e+00
3.543049999999999811e-01 9.337700000000000167e-02 0.000000000000000000e+00 -6.623000000000003884e-03 0.000000000000000000e+00 -6.938893903907228378e-18 0.000000000000000000e+00
