2.814570000000000127e-01 2.589400000000000035e-01 6.621999999999961251e-03 -6.622000000000016762e-03 -3.310999999999980625e-03 6.622000000000016762e-03 2.669536322812400897e+01
2.880789999999999740e-01 2.523179999999999867e-01 3.310999999999980625e-03 0.000000000000000000e+00 -3.310999999999980625e-03 6.622250000000010073e-03 6.040699202324028647e+02
2.880789999999999740e-01 2.589400000000000035e-01 0.000000000000000000e+00 6.622500000000003384e-03 -1.655499999999990313e-03 3.311250000000001692e-03 3.774724423598500067e+01
2.880789999999999740e-01 2.655629999999999935e-01 0.000000000000000000e+00 6.622500000000003384e-03 0.000000000000000000e+00 0.000000000000000000e+00 0.000000000000000000e+00
2.880789999999999740e-01 2.721850000000000103e-01 0.000000000000000000e+00 6.622500000000003384e-03 0.000000000000000000e+00 0.000000000000000000e+00 0.000000000000000000e+00
2.880789999999999740e-01 2.788080000000000003e-01 0.000000000000000000e+00 6.622500000000003384e-03 0.000000000000000000e+00 1.655500000000004190e-03 0.000000000000000000e+00
2.880789999999999740e-01 2.854300000000000170e-01 0.000000000000000000e+00 9.933500000000011765e-03 0.000000000000000000e+00 1.655749999999997502e-03 0.000000000000000000e+00
2.880789999999999740e-01 2.986750000000000238e-01 0.000000000000000000e+00 9.933999999999998387e-03 0.000000000000000000e+00 -1.655250000000010879e-03 -0.000000000000000000e+00
2.880789999999999740e-01 3.052980000000000138e-01 0.000000000000000000e+00 6.622999999999990006e-03 0.000000000000000000e+00 -1.655749999999997502e-03 -0.000000000000000000e+00
2.880789999999999740e-01 3.119210000000000038e-01 0.000000000000000000e+00 6.622500000000003384e-03 0.000000000000000000e+00 -2.499999999933111283e-07 -0.000000000000000000e+00
2.880789999999999740e-01 3.185430000000000206e-01 0.000000000000000000e+00 6.622500000000003384e-03 0.000000000000000000e+00 0.000000000000000000e+00 0.000000000000000000e+00
2.880789999999999740e-01 3.251660000000000106e-01 0.000000000000000000e+00 6.622500000000003384e-03 1.655750000000011379e-03 0.000000000000000000e+00 -3.775294451448683475e+01
2.880789999999999740e-01 3.317880000000000273e-01 3.311500000000022759e-03 6.622500000000003384e-03 4.967000000000013071e-03 -1.387778780781445676e-17 -8.103367448557023067e+01
2.947020000000000195e-01 3.384110000000000174e-01 9.934000000000026143e-03 6.622499999999975628e-03 3.311249999999987814e-03 0.000000000000000000e+00 -1.288547093645144059e+01
3.079470000000000263e-01 3.450329999999999786e-01 9.933999999999998387e-03 6.622500000000003384e-03 -1.655750000000025257e-03 1.387778780781445676e-17 6.443221895969884372e+00
3.145700000000000163e-01 3.516560000000000241e-01 6.622499999999975628e-03 6.622500000000003384e-03 -1.655749999999997502e-03 -1.655750000000011379e-03 -5.567794131832591155e-14
3.211919999999999775e-01 3.582779999999999854e-01 6.622500000000003384e-03 3.310999999999980625e-03 1.387778780781445676e-17 -3.311250000000001692e-03 -5.402598466759716445e+01
3.278150000000000230e-01 3.582779999999999854e-01 6.622500000000003384e-03 0.000000000000000000e+00 -1.387778780781445676e-17 -1.655499999999990313e-03 -3.774724423598500067e+01
3.344369999999999843e-01 3.582779999999999854e-01 6.622499999999975628e-03 0.000000000000000000e+00 0.000000000000000000e+00 0.000000000000000000e+00 0.000000000000000000e+00
3.410599999999999743e-01 3.582779999999999854e-01 6.622500000000003384e-03 0.000000000000000000e+00 1.387778780781445676e-17 -1.655499999999990313e-03 -3.774724423598500067e+01
3.476819999999999911e-01 3.582779999999999854e-01 6.622500000000003384e-03 -3.310999999999980625e-03 -1.655500000000004190e-03 -3.311250000000001692e-03 -6.753044142546711726e+01
3.543049999999999811e-01 3.516560000000000241e-01 3.311499999999995003e-03 -6.622500000000003384e-03 -1.655749999999997502e-03 -1.655750000000011379e-03 -4.051989627164458341e+01
3.543049999999999811e-01 3.450329999999999786e-01 3.311000000000008381e-03 -6.622500000000003384e-03 -2.499999999933111283e-07 1.387778780781445676e-17 -4.078972039611313515e-03
3.609269999999999978e-01 3.384110000000000174e-01 3.311000000000008381e-03 -6.622499999999975628e-03 -1.655500000000004190e-03 -1.655749999999997502e-03 -4.051744893768722733e+01
3.609269999999999978e-01 3.317880000000000273e-01 0.000000000000000000e+00 -9.933999999999998387e-03 2.499999999933111283e-07 -1.655500000000018068e-03 2.533329598799947957e-03
3.609269999999999978e-01 3.185430000000000206e-01 3.311499999999995003e-03 -9.933500000000011765e-03 1.655749999999997502e-03 1.655749999999997502e-03 1.910251219376384313e+01
3.675499999999999878e-01 3.119210000000000038e-01 3.311499999999995003e-03 -6.622500000000003384e-03 -1.655749999999997502e-03 1.655250000000010879e-03 -1.350935136417211169e+01
3.675499999999999878e-01 3.052980000000000138e-01 0.000000000000000000e+00 -6.622999999999990006e-03 -1.655749999999997502e-03 0.000000000000000000e+00 -3.774724445115512594e+01
3.675499999999999878e-01 2.986750000000000238e-01 0.000000000000000000e+00 -6.622500000000003384e-03 0.000000000000000000e+00 2.499999999933111283e-07 0.000000000000000000e+00
3.675499999999999878e-01 2.920530000000000070e-01 0.000000000000000000e+00 -6.622500000000003384e-03 0.000000000000000000e+00 0.000000000000000000e+00 0.000000000000000000e+00
3.675499999999999878e-01 2.854300000000000170e-01 0.000000000000000000e+00 -6.622500000000003384e-03 0.000000000000000000e+00 3.311250000000001692e-03 0.000000000000000000e+00
3.675499999999999878e-01 2.788080000000000003e-01 0.000000000000000000e+00 0.000000000000000000e+00 0.000000000000000000e+00 6.622500000000003384e-03 0.000000000000000000e+00
3.675499999999999878e-01 2.854300000000000170e-01 0.000000000000000000e+00 6.622500000000003384e-03 1.655500000000004190e-03 4.966999999999999194e-03 -3.774724423598531331e+01
3.675499999999999878e-01 2.920530000000000070e-01 3.311000000000008381e-03 9.933999999999998387e-03 1.655500000000004190e-03 1.655749999999997502e-03 -9.548948786373017583e+00
3.741720000000000046e-01 3.052980000000000138e-01 3.311000000000008381e-03 9.933999999999998387e-03 2.499999999933111283e-07 -1.655749999999997502e-03 -4.776997926954638984e+00
3.741720000000000046e-01 3.119210000000000038e-01 3.311499999999995003e-03 6.622500000000003384e-03 2.499999999933111283e-07 -1.655749999999997502e-03 -1.351139051145482028e+01
3.807949999999999946e-01 3.185430000000000206e-01 3.311499999999995003e-03 6.622500000000003384e-03 -1.655749999999997502e-03 0.000000000000000000e+00 2.701258436269032259e+01
3.807949999999999946e-01 3.251660000000000106e-01 0.000000000000000000e+00 6.622500000000003384e-03 -2.499999999933111283e-07 0.000000000000000000e+00 5.700278501204359728e-03
3.807949999999999946e-01 3.317880000000000273e-01 3.311000000000008381e-03 6.622500000000003384e-03 1.655500000000004190e-03 -1.387778780781445676e-17 -2.701095284777863981e+01
3.874170000000000114e-01 3.384110000000000174e-01 3.311000000000008381e-03 6.622499999999975628e-03 2.499999999933111283e-07 -1.655750000000011379e-03 -1.351057506194838176e+01
3.874170000000000114e-01 3.450329999999999786e-01 3.311499999999995003e-03 3.310999999999980625e-03 1.655749999999997502e-03 -1.655499999999976435e-03 -1.067733893710506834e+02
3.940400000000000014e-01 3.450329999999999786e-01 6.622500000000003384e-03 3.311500000000022759e-03 1.655500000000004190e-03 1.655750000000011379e-03 1.350731190895418798e+01
4.006620000000000181e-01 3.516560000000000241e-01 6.622500000000003384e-03 6.622500000000003384e-03 0.000000000000000000e+00 -2.500000000210667039e-07 -2.015352791650495360e-03
4.072850000000000081e-01 3.582779999999999854e-01 6.622500000000003384e-03 3.310999999999980625e-03 0.000000000000000000e+00 -1.655500000000004190e-03 -2.701095284777866112e+01
4.139070000000000249e-01 3.582779999999999854e-01 6.622500000000003384e-03 3.311499999999995003e-03 -1.387778780781445676e-17 2.500000000071889161e-07 4.078602501014183014e-03
4.205300000000000149e-01 3.649009999999999754e-01 6.622499999999975628e-03 3.311499999999995003e-03 1.655499999999990313e-03 -1.655749999999997502e-03 -4.051785681642668635e+01
4.271519999999999762e-01 3.649009999999999754e-01 9.933499999999984009e-03 0.000000000000000000e+00 1.655750000000011379e-03 -1.655749999999997502e-03 -1.677993103222859617e+01
4.403969999999999829e-01 3.649009999999999754e-01 9.933999999999998387e-03 0.000000000000000000e+00 -1.655499999999990313e-03 0.000000000000000000e+00 0.000000000000000000e+00
4.470199999999999729e-01 3.649009999999999754e-01 6.622500000000003384e-03 0.000000000000000000e+00 -1.655749999999997502e-03 -1.655749999999997502e-03 -3.775294451448651500e+01
4.536419999999999897e-01 3.649009999999999754e-01 6.622500000000003384e-03 -3.311499999999995003e-03 -1.655500000000004190e-03 -3.311249999999987814e-03 -6.752636257661592367e+01
4.602649999999999797e-01 3.582779999999999854e-01 3.311499999999995003e-03 -6.622499999999975628e-03 -1.655749999999997502e-03 -1.655500000000004190e-03 -4.051785681642680004e+01
4.602649999999999797e-01 3.516560000000000241e-01 3.311000000000008381e-03 -6.622500000000003384e-03 -2.499999999933111283e-07 -1.387778780781445676e-17 -4.078972039837724418e-03
4.668869999999999965e-01 3.450329999999999786e-01 3.311000000000008381e-03 -6.622500000000003384e-03 2.499999999933111283e-07 -1.655499999999990313e-03 -1.350037778583028292e+01
4.668869999999999965e-01 3.384110000000000174e-01 3.311499999999995003e-03 -9.933499999999984009e-03 2.499999999933111283e-07 -3.311250000000001692e-03 -9.549092949730534130e+00
4.735099999999999865e-01 3.251660000000000106e-01 3.311499999999995003e-03 -1.324500000000000677e-02 -1.655749999999997502e-03 -2.500000000071889161e-07 -8.618030726448525414e+00
4.735099999999999865e-01 3.119210000000000038e-01 0.000000000000000000e+00 -9.933999999999998387e-03 -1.655749999999997502e-03 3.311000000000008381e-03 -1.677824193330093649e+01
4.735099999999999865e-01 3.052980000000000138e-01 0.000000000000000000e+00 -6.622999999999990006e-03 1.655500000000004190e-03 1.655749999999997502e-03 3.774154503330065324e+01
4.735099999999999865e-01 2.986750000000000238e-01 3.311000000000008381e-03 -6.622500000000003384e-03 1.655500000000004190e-03 -3.311000000000008381e-03 2.039332038281363359e-03
4.801320000000000032e-01 2.920530000000000070e-01 3.311000000000008381e-03 -1.324500000000000677e-02 -1.655500000000004190e-03 -3.311250000000001692e-03 -1.292495075128360860e+01
4.801320000000000032e-01 2.721850000000000103e-01 0.000000000000000000e+00 -1.324500000000000677e-02 -1.655500000000004190e-03 3.311250000000001692e-03 -9.436811058996328327e+00
4.801320000000000032e-01 2.655629999999999935e-01 0.000000000000000000e+00 -6.622500000000003384e-03 -1.655500000000004190e-03 3.311250000000001692e-03 -3.774724423598531331e+01
4.801320000000000032e-01 2.589400000000000035e-01 -3.311000000000008381e-03 -6.622500000000003384e-03 -1.655500000000004190e-03 -3.311250000000001692e-03 0.000000000000000000e+00
4.735099999999999865e-01 2.523179999999999867e-01 -3.311000000000008381e-03 -1.324500000000000677e-02 -2.499999999933111283e-07 -1.655749999999997502e-03 2.153019884713924803e+00
4.735099999999999865e-01 2.324499999999999900e-01 -3.311499999999995003e-03 -9.933999999999998387e-03 -2.499999999933111283e-07 4.967000000000006132e-03 -1.432746075248445017e+01
4.668869999999999965e-01 2.324499999999999900e-01 -3.311499999999995003e-03 -3.310999999999994503e-03 2.499999999933111283e-07 2.500000000002500222e-07 -1.217276342570582063e-06
4.668869999999999965e-01 2.258280000000000010e-01 -3.311000000000008381e-03 -9.933499999999997887e-03 -1.655500000000004190e-03 -3.311500000000001942e-03 -4.774041731637875152e+00
4.602649999999999797e-01 2.125829999999999942e-01 -6.622500000000003384e-03 -9.933999999999998387e-03 -1.655749999999997502e-03 1.655499999999997252e-03 -1.610732511667104561e+01
4.536419999999999897e-01 2.059600000000000042e-01 -6.622500000000003384e-03 -6.622500000000003384e-03 0.000000000000000000e+00 3.311499999999995003e-03 -2.669536307595288704e+01
4.470199999999999729e-01 1.993379999999999874e-01 -6.622500000000003384e-03 -3.311000000000008381e-03 1.387778780781445676e-17 1.655500000000004190e-03 -2.701095284777841599e+01
4.403969999999999829e-01 1.993379999999999874e-01 -6.622499999999975628e-03 -3.311499999999995003e-03 0.000000000000000000e+00 -1.655749999999990563e-03 2.701258436269037233e+01
4.337750000000000217e-01 1.927149999999999974e-01 -6.622500000000003384e-03 -6.622499999999989506e-03 -1.387778780781445676e-17 2.500000000002500222e-07 -2.015352791594564406e-03
4.271519999999999762e-01 1.860930000000000084e-01 -6.622500000000003384e-03 -3.310999999999994503e-03 1.387778780781445676e-17 3.311249999999994753e-03 -5.402598466759668128e+01
4.205300000000000149e-01 1.860930000000000084e-01 -6.622499999999975628e-03 0.000000000000000000e+00 0.000000000000000000e+00 -2.500000000071889161e-07 5.700278501520837475e-03
4.139070000000000249e-01 1.860930000000000084e-01 -6.622500000000003384e-03 -3.311500000000008881e-03 -1.655500000000018068e-03 -1.655750000000004440e-03 1.350731190895405476e+01
4.072850000000000081e-01 1.794699999999999906e-01 -9.933500000000011765e-03 -3.311500000000008881e-03 -3.311250000000001692e-03 1.655750000000004440e-03 -2.387777968138582452e+01
3.940400000000000014e-01 1.794699999999999906e-01 -1.324500000000000677e-02 0.000000000000000000e+00 -2.499999999933111283e-07 1.655750000000004440e-03 -9.438236128621667831e+00
3.807949999999999946e-01 1.794699999999999906e-01 -9.933999999999998387e-03 0.000000000000000000e+00 3.311250000000001692e-03 1.655750000000004440e-03 -1.677824193330101110e+01
3.741720000000000046e-01 1.794699999999999906e-01 -6.622500000000003384e-03 3.311500000000008881e-03 1.655749999999997502e-03 1.655750000000004440e-03 -4.051989627164454078e+01
3.675499999999999878e-01 1.860930000000000084e-01 -6.622500000000003384e-03 3.311500000000008881e-03 0.000000000000000000e+00 -1.655750000000004440e-03 2.701258436269036878e+01
3.609269999999999978e-01 1.860930000000000084e-01 -6.622500000000003384e-03 0.000000000000000000e+00 1.655749999999997502e-03 -2.500000000071889161e-07 5.700278501520788903e-03
3.543049999999999811e-01 1.860930000000000084e-01 -3.311000000000008381e-03 3.310999999999994503e-03 1.655500000000004190e-03 1.655499999999997252e-03 -1.067814529124957943e+02
3.543049999999999811e-01 1.927149999999999974e-01 -3.311499999999995003e-03 3.310999999999994503e-03 -1.655749999999997502e-03 -1.655499999999997252e-03 1.067733893710509392e+02
3.476819999999999911e-01 1.927149999999999974e-01 -6.622500000000003384e-03 0.000000000000000000e+00 -1.655500000000004190e-03 -1.655499999999997252e-03 3.774724423598515699e+01
3.410599999999999743e-01 1.927149999999999974e-01 -6.622500000000003384e-03 0.000000000000000000e+00 1.387778780781445676e-17 1.655749999999997502e-03 -3.775294451448651500e+01
3.344369999999999843e-01 1.927149999999999974e-01 -6.622499999999975628e-03 3.311499999999995003e-03 0.000000000000000000e+00 1.655749999999997502e-03 -2.701258436269048602e+01
3.278150000000000230e-01 1.993379999999999874e-01 -6.622500000000003384e-03 3.311499999999995003e-03 -1.387778780781445676e-17 -1.655749999999997502e-03 2.701258436269043628e+01
3.211919999999999775e-01 1.993379999999999874e-01 -6.622500000000003384e-03 0.000000000000000000e+00 1.387778780781445676e-17 -1.655749999999997502e-03 3.775294451448651500e+01
3.145700000000000163e-01 1.993379999999999874e-01 -6.622499999999975628e-03 0.000000000000000000e+00 0.000000000000000000e+00 0.000000000000000000e+00 -0.000000000000000000e+00
3.079470000000000263e-01 1.993379999999999874e-01 -6.622500000000003384e-03 0.000000000000000000e+00 -1.387778780781445676e-17 0.000000000000000000e+00 0.000000000000000000e+00
3.013250000000000095e-01 1.993379999999999874e-01 -6.622500000000003384e-03 0.000000000000000000e+00 -2.500000000071889161e-07 0.000000000000000000e+00 0.000000000000000000e+00
2.947020000000000195e-01 1.993379999999999874e-01 -6.623000000000017762e-03 0.000000000000000000e+00 0.000000000000000000e+00 -1.655749999999997502e-03 3.774724445115480620e+01
2.880789999999999740e-01 1.993379999999999874e-01 -6.622500000000003384e-03 -3.311499999999995003e-03 2.500000000210667039e-07 -1.655749999999997502e-03 2.701462381790851808e+01
2.814570000000000127e-01 1.927149999999999974e-01 -6.622499999999975628e-03 -3.311499999999995003e-03 1.655500000000004190e-03 2.500000000002500222e-07 1.350119385123552718e+01
2.748340000000000227e-01 1.927149999999999974e-01 -3.311499999999995003e-03 -3.310999999999994503e-03 3.311249999999987814e-03 -1.655500000000004190e-03 1.601520232541174664e+02
2.748340000000000227e-01 1.860930000000000084e-01 0.000000000000000000e+00 -6.622500000000003384e-03 1.655749999999997502e-03 -1.655750000000004440e-03 3.775294451448651500e+01
2.748340000000000227e-01 1.794699999999999906e-01 0.000000000000000000e+00 -6.622500000000003384e-03 0.000000000000000000e+00 6.938893903907228378e-18 0.000000000000000000e+00
2.748340000000000227e-01 1.728480000000000016e-01 0.000000000000000000e+00 -6.622499999999989506e-03 1.655749999999997502e-03 0.000000000000000000e+00 3.775294451448668553e+01
2.748340000000000227e-01 1.662250000000000116e-01 3.311499999999995003e-03 -6.622500000000003384e-03 3.311249999999987814e-03 -6.938893903907228378e-18 5.402109012287968426e+01
2.814570000000000127e-01 1.596029999999999949e-01 6.622499999999975628e-03 -6.622500000000003384e-03 1.655500000000004190e-03 1.655500000000004190e-03 2.669133237037014794e+01
2.880789999999999740e-01 1.529800000000000049e-01 6.622500000000003384e-03 -3.311499999999995003e-03 2.500000000210667039e-07 3.311250000000001692e-03 5.402312957809817107e+01
2.947020000000000195e-01 1.529800000000000049e-01 6.623000000000017762e-03 0.000000000000000000e+00 3.311249999999987814e-03 1.655749999999997502e-03 3.774724445115480620e+01
3.013250000000000095e-01 1.529800000000000049e-01 1.324499999999997901e-02 0.000000000000000000e+00 3.310999999999994503e-03 0.000000000000000000e+00 0.000000000000000000e+00
3.211919999999999775e-01 1.529800000000000049e-01 1.324500000000000677e-02 0.000000000000000000e+00 -3.311249999999987814e-03 0.000000000000000000e+00 0.000000000000000000e+00
3.278150000000000230e-01 1.529800000000000049e-01 6.622500000000003384e-03 0.000000000000000000e+00 -1.655750000000011379e-03 3.311250000000001692e-03 7.550018875047183542e+01
3.344369999999999843e-01 1.529800000000000049e-01 9.933499999999984009e-03 6.622500000000003384e-03 1.655749999999997502e-03 4.966999999999999194e-03 2.255144506872957777e+01
3.476819999999999911e-01 1.662250000000000116e-01 9.933999999999998387e-03 9.933999999999998387e-03 -1.655499999999990313e-03 -6.938893903907228378e-18 5.931108656443570659e+00
3.543049999999999811e-01 1.728480000000000016e-01 6.622500000000003384e-03 6.622499999999989506e-03 -3.311499999999995003e-03 -1.655749999999997502e-03 1.334768153797643286e+01
3.609269999999999978e-01 1.794699999999999906e-01 3.311000000000008381e-03 6.622500000000003384e-03 -3.311250000000001692e-03 6.938893903907228378e-18 5.402598466759684470e+01
3.609269999999999978e-01 1.860930000000000084e-01 0.000000000000000000e+00 6.622500000000003384e-03 -3.311000000000008381e-03 -6.938893903907228378e-18 7.549448847197062662e+01
3.609269999999999978e-01 1.927149999999999974e-01 -3.311000000000008381e-03 6.622499999999989506e-03 -3.311250000000001692e-03 0.000000000000000000e+00 5.402598466759694418e+01
3.543049999999999811e-01 1.993379999999999874e-01 -6.622500000000003384e-03 6.622500000000003384e-03 -1.655999999999990813e-03 -2.499999999863722344e-07 1.335171224355924124e+01
3.476819999999999911e-01 2.059600000000000042e-01 -6.622999999999990006e-03 6.622000000000016762e-03 -4.999999999866222566e-07 -4.999999999866222566e-07 8.061411096778551416e-03
