5.000000000000000000e-01 3.251660000000000106e-01 -6.622999999999990006e-03 0.000000000000000000e+00 3.311499999999995003e-03 3.311000000000008381e-03 -7.548309006660130649e+01
4.933770000000000100e-01 3.251660000000000106e-01 -3.311499999999995003e-03 3.311000000000008381e-03 3.311499999999995003e-03 3.311250000000001692e-03 -2.135548407618362319e+02
4.933770000000000100e-01 3.317880000000000273e-01 0.000000000000000000e+00 6.622500000000003384e-03 1.655749999999997502e-03 1.655749999999983624e-03 -3.775294451448651500e+01
4.933770000000000100e-01 3.384110000000000174e-01 0.000000000000000000e+00 6.622499999999975628e-03 0.000000000000000000e+00 0.000000000000000000e+00 0.000000000000000000e+00
4.933770000000000100e-01 3.450329999999999786e-01 0.000000000000000000e+00 6.622500000000003384e-03 0.000000000000000000e+00 1.387778780781445676e-17 0.000000000000000000e+00
4.933770000000000100e-01 3.516560000000000241e-01 0.000000000000000000e+00 6.622500000000003384e-03 0.000000000000000000e+00 -1.387778780781445676e-17 -0.000000000000000000e+00
4.933770000000000100e-01 3.582779999999999854e-01 0.000000000000000000e+00 6.622499999999975628e-03 0.000000000000000000e+00 0.000000000000000000e+00 0.000000000000000000e+00
4.933770000000000100e-01 3.649009999999999754e-01 0.000000000000000000e+00 6.622500000000003384e-03 0.000000000000000000e+00 1.387778780781445676e-17 0.000000000000000000e+00
4.933770000000000100e-01 3.715229999999999921e-01 0.000000000000000000e+00 6.622500000000003384e-03 1.655749999999997502e-03 0.000000000000000000e+00 -3.775294451448651500e+01
4.933770000000000100e-01 3.781459999999999821e-01 3.311499999999995003e-03 6.622500000000003384e-03 3.311500000000008881e-03 0.000000000000000000e+00 -5.402516872538087256e+01
5.000000000000000000e-01 3.847679999999999989e-01 6.623000000000017762e-03 6.622500000000003384e-03 1.655499999999990313e-03 0.000000000000000000e+00 -1.334415487029236225e+01
5.066230000000000455e-01 3.913909999999999889e-01 6.622499999999975628e-03 6.622500000000003384e-03 -2.500000000210667039e-07 -1.655749999999997502e-03 -1.334566618518482528e+01
5.132449999999999513e-01 3.980130000000000057e-01 6.622499999999975628e-03 3.311000000000008381e-03 2.775557561562891351e-17 -3.311250000000001692e-03 -5.402598466759732787e+01
5.198679999999999968e-01 3.980130000000000057e-01 6.622500000000031140e-03 0.000000000000000000e+00 -1.655749999999983624e-03 2.499999999933111283e-07 5.700278501204312023e-03
5.264900000000000135e-01 3.980130000000000057e-01 3.311000000000008381e-03 3.311499999999995003e-03 -1.655500000000031946e-03 1.655749999999997502e-03 1.067733893710515929e+02
5.264900000000000135e-01 4.046359999999999957e-01 3.311499999999967248e-03 3.311499999999995003e-03 1.655749999999983624e-03 -1.655749999999997502e-03 -1.067653300900727089e+02
5.331129999999999480e-01 4.046359999999999957e-01 6.622499999999975628e-03 0.000000000000000000e+00 1.655500000000031946e-03 -1.655749999999997502e-03 -3.775294451448684185e+01
5.397349999999999648e-01 4.046359999999999957e-01 6.622500000000031140e-03 0.000000000000000000e+00 2.775557561562891351e-17 0.000000000000000000e+00 0.000000000000000000e+00
5.463580000000000103e-01 4.046359999999999957e-01 6.622500000000031140e-03 0.000000000000000000e+00 -2.775557561562891351e-17 0.000000000000000000e+00 0.000000000000000000e+00
5.529800000000000271e-01 4.046359999999999957e-01 6.622499999999975628e-03 0.000000000000000000e+00 -2.775557561562891351e-17 -1.655749999999997502e-03 -3.775294451448684185e+01
5.596029999999999616e-01 4.046359999999999957e-01 6.622499999999975628e-03 -3.311499999999995003e-03 2.775557561562891351e-17 -1.655749999999997502e-03 -2.701258436269026220e+01
5.662249999999999783e-01 3.980130000000000057e-01 6.622500000000031140e-03 -3.311499999999995003e-03 2.775557561562891351e-17 1.655749999999997502e-03 2.701258436269039009e+01
5.728480000000000238e-01 3.980130000000000057e-01 6.622500000000031140e-03 0.000000000000000000e+00 -1.655750000000011379e-03 2.499999999933111283e-07 5.700278501204312023e-03
5.794700000000000406e-01 3.980130000000000057e-01 3.311000000000008381e-03 -3.311000000000008381e-03 -1.655500000000031946e-03 -1.655500000000004190e-03 -1.067814529124964764e+02
5.794700000000000406e-01 3.913909999999999889e-01 3.311499999999967248e-03 -3.311000000000008381e-03 1.655749999999983624e-03 -2.499999999933111283e-07 5.337863266579073240e+01
5.860929999999999751e-01 3.913909999999999889e-01 6.622499999999975628e-03 -3.311499999999995003e-03 1.655500000000031946e-03 -1.655749999999997502e-03 -1.350731190895394285e+01
5.927149999999999919e-01 3.847679999999999989e-01 6.622500000000031140e-03 -6.622500000000003384e-03 -1.655499999999976435e-03 -1.655500000000004190e-03 -2.669133237036970030e+01
5.993380000000000374e-01 3.781459999999999821e-01 3.311500000000022759e-03 -6.622500000000003384e-03 -3.311250000000015570e-03 0.000000000000000000e+00 -5.402109012287992584e+01
5.993380000000000374e-01 3.715229999999999921e-01 0.000000000000000000e+00 -6.622500000000003384e-03 -2.500000000071889161e-07 0.000000000000000000e+00 -5.700278501520788903e-03
5.993380000000000374e-01 3.649009999999999754e-01 3.311000000000008381e-03 -6.622500000000003384e-03 1.655500000000004190e-03 1.387778780781445676e-17 2.701095284777863981e+01
6.059600000000000541e-01 3.582779999999999854e-01 3.311000000000008381e-03 -6.622499999999975628e-03 -1.655500000000004190e-03 0.000000000000000000e+00 -2.701095284777868955e+01
6.059600000000000541e-01 3.516560000000000241e-01 0.000000000000000000e+00 -6.622500000000003384e-03 -1.655500000000004190e-03 -1.387778780781445676e-17 -3.774724423598531331e+01
6.059600000000000541e-01 3.450329999999999786e-01 0.000000000000000000e+00 -6.622500000000003384e-03 0.000000000000000000e+00 1.387778780781445676e-17 0.000000000000000000e+00
6.059600000000000541e-01 3.384110000000000174e-01 0.000000000000000000e+00 -6.622499999999975628e-03 -1.655500000000004190e-03 0.000000000000000000e+00 -3.774724423598564016e+01
6.059600000000000541e-01 3.317880000000000273e-01 -3.311000000000008381e-03 -6.622500000000003384e-03 -1.655500000000004190e-03 -1.387778780781445676e-17 -2.701095284777841599e+01
5.993380000000000374e-01 3.251660000000000106e-01 -3.311000000000008381e-03 -6.622500000000003384e-03 1.655500000000004190e-03 0.000000000000000000e+00 2.701095284777852612e+01
5.993380000000000374e-01 3.185430000000000206e-01 0.000000000000000000e+00 -6.622500000000003384e-03 3.311000000000008381e-03 3.311250000000001692e-03 7.549448847197062662e+01
5.993380000000000374e-01 3.119210000000000038e-01 3.311000000000008381e-03 0.000000000000000000e+00 1.655500000000004190e-03 6.622500000000003384e-03 6.040927247897642474e+02
6.059600000000000541e-01 3.185430000000000206e-01 3.311000000000008381e-03 6.622500000000003384e-03 -1.655500000000004190e-03 3.311250000000001692e-03 5.402190569555705224e+01
6.059600000000000541e-01 3.251660000000000106e-01 0.000000000000000000e+00 6.622500000000003384e-03 2.499999999794333405e-07 0.000000000000000000e+00 -5.700278500887930554e-03
6.059600000000000541e-01 3.317880000000000273e-01 3.311499999999967248e-03 6.622500000000003384e-03 1.655749999999983624e-03 -1.387778780781445676e-17 -2.701258436269035101e+01
6.125829999999999886e-01 3.384110000000000174e-01 3.311499999999967248e-03 6.622499999999975628e-03 -2.499999999794333405e-07 0.000000000000000000e+00 4.078602500448199122e-03
6.125829999999999886e-01 3.450329999999999786e-01 3.311000000000008381e-03 6.622500000000003384e-03 -2.499999999794333405e-07 1.387778780781445676e-17 4.078972039611296167e-03
6.192050000000000054e-01 3.516560000000000241e-01 3.311000000000008381e-03 6.622500000000003384e-03 -1.655500000000004190e-03 -1.387778780781445676e-17 2.701095284777841599e+01
6.192050000000000054e-01 3.582779999999999854e-01 0.000000000000000000e+00 6.622499999999975628e-03 2.500000000071889161e-07 0.000000000000000000e+00 -5.700278501520837475e-03
6.192050000000000054e-01 3.649009999999999754e-01 3.311500000000022759e-03 6.622500000000003384e-03 1.655750000000011379e-03 1.387778780781445676e-17 -2.701258436269029772e+01
6.258280000000000509e-01 3.715229999999999921e-01 3.311500000000022759e-03 6.622500000000003384e-03 -2.500000000349444917e-07 0.000000000000000000e+00 4.078602501353766410e-03
6.258280000000000509e-01 3.781459999999999821e-01 3.310999999999952870e-03 6.622500000000003384e-03 1.655499999999976435e-03 0.000000000000000000e+00 -2.701095284777834493e+01
6.324499999999999567e-01 3.847679999999999989e-01 6.622499999999975628e-03 6.622500000000003384e-03 1.655750000000039135e-03 -1.655500000000004190e-03 -2.669334772316191717e+01
6.390730000000000022e-01 3.913909999999999889e-01 6.622500000000031140e-03 3.311499999999995003e-03 0.000000000000000000e+00 -3.311250000000001692e-03 -5.402109012287966294e+01
6.456950000000000189e-01 3.913909999999999889e-01 6.622499999999975628e-03 0.000000000000000000e+00 -2.775557561562891351e-17 -1.655749999999997502e-03 -3.775294451448684185e+01
6.523179999999999534e-01 3.913909999999999889e-01 6.622499999999975628e-03 0.000000000000000000e+00 2.775557561562891351e-17 0.000000000000000000e+00 0.000000000000000000e+00
6.589399999999999702e-01 3.913909999999999889e-01 6.622500000000031140e-03 0.000000000000000000e+00 2.775557561562891351e-17 0.000000000000000000e+00 0.000000000000000000e+00
6.655630000000000157e-01 3.913909999999999889e-01 6.622500000000031140e-03 0.000000000000000000e+00 -2.775557561562891351e-17 -1.655749999999997502e-03 -3.775294451448620237e+01
6.721850000000000325e-01 3.913909999999999889e-01 6.622499999999975628e-03 -3.311499999999995003e-03 -2.775557561562891351e-17 -1.655749999999997502e-03 -2.701258436269070984e+01
6.788079999999999670e-01 3.847679999999999989e-01 6.622499999999975628e-03 -3.311499999999995003e-03 2.775557561562891351e-17 2.499999999933111283e-07 4.078602500901012257e-03
6.854299999999999837e-01 3.847679999999999989e-01 6.622500000000031140e-03 -3.311000000000008381e-03 -1.655499999999976435e-03 -1.655500000000004190e-03 -4.051540960564812366e+01
6.920530000000000292e-01 3.781459999999999821e-01 3.311500000000022759e-03 -6.622500000000003384e-03 -3.311250000000015570e-03 -1.655749999999997502e-03 -6.752840203183411916e+01
6.920530000000000292e-01 3.715229999999999921e-01 0.000000000000000000e+00 -6.622500000000003384e-03 -1.655750000000011379e-03 0.000000000000000000e+00 -3.775294451448683475e+01
6.920530000000000292e-01 3.649009999999999754e-01 0.000000000000000000e+00 -6.622500000000003384e-03 0.000000000000000000e+00 1.387778780781445676e-17 0.000000000000000000e+00
6.920530000000000292e-01 3.582779999999999854e-01 0.000000000000000000e+00 -6.622499999999975628e-03 1.655500000000004190e-03 0.000000000000000000e+00 3.774724423598564016e+01
6.920530000000000292e-01 3.516560000000000241e-01 3.311000000000008381e-03 -6.622500000000003384e-03 1.655500000000004190e-03 -1.387778780781445676e-17 2.701095284777841599e+01
6.986750000000000460e-01 3.450329999999999786e-01 3.311000000000008381e-03 -6.622500000000003384e-03 -1.655500000000004190e-03 1.387778780781445676e-17 -2.701095284777841599e+01
6.986750000000000460e-01 3.384110000000000174e-01 0.000000000000000000e+00 -6.622499999999975628e-03 -1.655500000000004190e-03 0.000000000000000000e+00 -3.774724423598564016e+01
6.986750000000000460e-01 3.317880000000000273e-01 0.000000000000000000e+00 -6.622500000000003384e-03 0.000000000000000000e+00 -1.387778780781445676e-17 0.000000000000000000e+00
6.986750000000000460e-01 3.251660000000000106e-01 0.000000000000000000e+00 -6.622500000000003384e-03 0.000000000000000000e+00 0.000000000000000000e+00 0.000000000000000000e+00
6.986750000000000460e-01 3.185430000000000206e-01 0.000000000000000000e+00 -6.622500000000003384e-03 0.000000000000000000e+00 0.000000000000000000e+00 0.000000000000000000e+00
6.986750000000000460e-01 3.119210000000000038e-01 0.000000000000000000e+00 -6.622500000000003384e-03 0.000000000000000000e+00 -2.499999999933111283e-07 0.000000000000000000e+00
6.986750000000000460e-01 3.052980000000000138e-01 0.000000000000000000e+00 -6.622999999999990006e-03 0.000000000000000000e+00 0.000000000000000000e+00 0.000000000000000000e+00
6.986750000000000460e-01 2.986750000000000238e-01 0.000000000000000000e+00 -6.622500000000003384e-03 0.000000000000000000e+00 2.499999999933111283e-07 0.000000000000000000e+00
6.986750000000000460e-01 2.920530000000000070e-01 0.000000000000000000e+00 -6.622500000000003384e-03 0.000000000000000000e+00 0.000000000000000000e+00 0.000000000000000000e+00
6.986750000000000460e-01 2.854300000000000170e-01 0.000000000000000000e+00 -6.622500000000003384e-03 0.000000000000000000e+00 0.000000000000000000e+00 0.000000000000000000e+00
6.986750000000000460e-01 2.788080000000000003e-01 0.000000000000000000e+00 -6.622500000000003384e-03 -1.655500000000004190e-03 0.000000000000000000e+00 -3.774724423598531331e+01
6.986750000000000460e-01 2.721850000000000103e-01 -3.311000000000008381e-03 -6.622500000000003384e-03 -1.655500000000004190e-03 0.000000000000000000e+00 -2.701095284777852612e+01
6.920530000000000292e-01 2.655629999999999935e-01 -3.311000000000008381e-03 -6.622500000000003384e-03 1.655500000000004190e-03 0.000000000000000000e+00 2.701095284777852612e+01
6.920530000000000292e-01 2.589400000000000035e-01 0.000000000000000000e+00 -6.622500000000003384e-03 1.655500000000004190e-03 0.000000000000000000e+00 3.774724423598531331e+01
6.920530000000000292e-01 2.523179999999999867e-01 0.000000000000000000e+00 -6.622500000000003384e-03 -1.655750000000011379e-03 6.938893903907228378e-18 -3.775294451448683475e+01
6.920530000000000292e-01 2.456949999999999967e-01 -3.311500000000022759e-03 -6.622499999999989506e-03 -3.311250000000015570e-03 0.000000000000000000e+00 -5.402109012288008927e+01
6.854299999999999837e-01 2.390730000000000077e-01 -6.622500000000031140e-03 -6.622500000000003384e-03 2.500000000071889161e-07 -6.938893903907228378e-18 2.015352791594545324e-03
6.788079999999999670e-01 2.324499999999999900e-01 -3.311000000000008381e-03 -6.622500000000003384e-03 3.311250000000015570e-03 6.938893903907228378e-18 5.402598466759695128e+01
6.788079999999999670e-01 2.258280000000000010e-01 0.000000000000000000e+00 -6.622499999999989506e-03 -2.499999999794333405e-07 0.000000000000000000e+00 -5.700278500887956575e-03
6.788079999999999670e-01 2.192050000000000110e-01 -3.311499999999967248e-03 -6.622500000000003384e-03 -3.311249999999987814e-03 -6.938893903907228378e-18 -5.402109012287996848e+01
6.721850000000000325e-01 2.125829999999999942e-01 -6.622499999999975628e-03 -6.622500000000003384e-03 2.499999999794333405e-07 0.000000000000000000e+00 2.015352791314884914e-03
6.655630000000000157e-01 2.059600000000000042e-01 -3.311000000000008381e-03 -6.622500000000003384e-03 1.655499999999976435e-03 1.655749999999997502e-03 1.350445675786967215e+01
6.655630000000000157e-01 1.993379999999999874e-01 -3.311500000000022759e-03 -3.311000000000008381e-03 -2.500000000071889161e-07 1.655500000000004190e-03 -5.339475548798429827e+01
6.589399999999999702e-01 1.993379999999999874e-01 -3.311500000000022759e-03 -3.311499999999995003e-03 2.500000000071889161e-07 -2.499999999933111283e-07 1.612038805528888744e-02
6.589399999999999702e-01 1.927149999999999974e-01 -3.311000000000008381e-03 -3.311499999999995003e-03 -1.655499999999976435e-03 1.655749999999997502e-03 -1.067733893710498023e+02
6.523179999999999534e-01 1.927149999999999974e-01 -6.622499999999975628e-03 0.000000000000000000e+00 -1.655749999999983624e-03 1.655749999999997502e-03 -3.775294451448684185e+01
6.456950000000000189e-01 1.927149999999999974e-01 -6.622499999999975628e-03 0.000000000000000000e+00 -2.775557561562891351e-17 0.000000000000000000e+00 0.000000000000000000e+00
6.390730000000000022e-01 1.927149999999999974e-01 -6.622500000000031140e-03 0.000000000000000000e+00 0.000000000000000000e+00 0.000000000000000000e+00 -0.000000000000000000e+00
6.324499999999999567e-01 1.927149999999999974e-01 -6.622499999999975628e-03 0.000000000000000000e+00 2.775557561562891351e-17 0.000000000000000000e+00 -0.000000000000000000e+00
6.258280000000000509e-01 1.927149999999999974e-01 -6.622499999999975628e-03 0.000000000000000000e+00 -2.775557561562891351e-17 0.000000000000000000e+00 0.000000000000000000e+00
6.192050000000000054e-01 1.927149999999999974e-01 -6.622500000000031140e-03 0.000000000000000000e+00 0.000000000000000000e+00 0.000000000000000000e+00 -0.000000000000000000e+00
6.125829999999999886e-01 1.927149999999999974e-01 -6.622499999999975628e-03 0.000000000000000000e+00 2.775557561562891351e-17 0.000000000000000000e+00 -0.000000000000000000e+00
6.059600000000000541e-01 1.927149999999999974e-01 -6.622499999999975628e-03 0.000000000000000000e+00 -2.775557561562891351e-17 1.655749999999997502e-03 -3.775294451448684185e+01
5.993380000000000374e-01 1.927149999999999974e-01 -6.622500000000031140e-03 3.311499999999995003e-03 -2.775557561562891351e-17 1.655749999999997502e-03 -2.701258436268993890e+01
5.927149999999999919e-01 1.993379999999999874e-01 -6.622500000000031140e-03 3.311499999999995003e-03 2.775557561562891351e-17 -1.655749999999997502e-03 2.701258436268993890e+01
5.860929999999999751e-01 1.993379999999999874e-01 -6.622499999999975628e-03 0.000000000000000000e+00 2.775557561562891351e-17 -2.499999999933111283e-07 5.700278501204409168e-03
5.794700000000000406e-01 1.993379999999999874e-01 -6.622499999999975628e-03 3.311000000000008381e-03 -2.775557561562891351e-17 3.311250000000001692e-03 -5.402598466759687312e+01
5.728480000000000238e-01 2.059600000000000042e-01 -6.622500000000031140e-03 6.622500000000003384e-03 1.655499999999976435e-03 1.655749999999997502e-03 -2.669334772316112492e+01
5.662249999999999783e-01 2.125829999999999942e-01 -3.311500000000022759e-03 6.622500000000003384e-03 1.655750000000011379e-03 -1.655749999999997502e-03 -1.350527245373622165e+01
5.662249999999999783e-01 2.192050000000000110e-01 -3.311000000000008381e-03 3.311000000000008381e-03 2.500000000071889161e-07 -1.655500000000004190e-03 5.338266382766763485e+01
5.596029999999999616e-01 2.192050000000000110e-01 -3.311000000000008381e-03 3.311499999999995003e-03 1.655500000000004190e-03 1.655749999999990563e-03 -1.067733893710504702e+02
5.596029999999999616e-01 2.258280000000000010e-01 0.000000000000000000e+00 6.622499999999989506e-03 1.655500000000004190e-03 1.655500000000004190e-03 -3.774724423598548384e+01
5.596029999999999616e-01 2.324499999999999900e-01 0.000000000000000000e+00 6.622500000000003384e-03 0.000000000000000000e+00 6.938893903907228378e-18 0.000000000000000000e+00
5.596029999999999616e-01 2.390730000000000077e-01 0.000000000000000000e+00 6.622500000000003384e-03 0.000000000000000000e+00 -6.938893903907228378e-18 -0.000000000000000000e+00
5.596029999999999616e-01 2.456949999999999967e-01 0.000000000000000000e+00 6.622499999999989506e-03 0.000000000000000000e+00 0.000000000000000000e+00 0.000000000000000000e+00
5.596029999999999616e-01 2.523179999999999867e-01 0.000000000000000000e+00 6.622500000000003384e-03 0.000000000000000000e+00 6.938893903907228378e-18 0.000000000000000000e+00
5.596029999999999616e-01 2.589400000000000035e-01 0.000000000000000000e+00 6.622500000000003384e-03 0.000000000000000000e+00 0.000000000000000000e+00 0.000000000000000000e+00
5.596029999999999616e-01 2.655629999999999935e-01 0.000000000000000000e+00 6.622500000000003384e-03 0.000000000000000000e+00 0.000000000000000000e+00 0.000000000000000000e+00
5.596029999999999616e-01 2.721850000000000103e-01 0.000000000000000000e+00 6.622500000000003384e-03 -1.655749999999983624e-03 -1.655500000000004190e-03 3.775294451448620237e+01
5.596029999999999616e-01 2.788080000000000003e-01 -3.311499999999967248e-03 3.311499999999995003e-03 -3.311249999999987814e-03 -1.655749999999997502e-03 1.601399349410821173e+02
5.529800000000000271e-01 2.788080000000000003e-01 -6.622499999999975628e-03 3.311000000000008381e-03 -1.655500000000031946e-03 -2.499999999933111283e-07 1.350853572991021068e+01
5.463580000000000103e-01 2.854300000000000170e-01 -6.622500000000031140e-03 3.311000000000008381e-03 -2.775557561562891351e-17 -1.655500000000004190e-03 2.701095284777859362e+01
5.397349999999999648e-01 2.854300000000000170e-01 -6.622500000000031140e-03 0.000000000000000000e+00 2.775557561562891351e-17 -3.311000000000008381e-03 7.549448847196998713e+01
5.331129999999999480e-01 2.854300000000000170e-01 -6.622499999999975628e-03 -3.311000000000008381e-03 2.775557561562891351e-17 -1.655500000000004190e-03 2.701095284777891337e+01
5.264900000000000135e-01 2.788080000000000003e-01 -6.622499999999975628e-03 -3.311000000000008381e-03 -2.775557561562891351e-17 -2.499999999933111283e-07 4.078972039498132349e-03
5.198679999999999968e-01 2.788080000000000003e-01 -6.622500000000031140e-03 -3.311499999999995003e-03 1.655499999999976435e-03 -1.655749999999997502e-03 4.051785681642598291e+01
5.132449999999999513e-01 2.721850000000000103e-01 -3.311500000000022759e-03 -6.622500000000003384e-03 3.311250000000015570e-03 -1.655500000000004190e-03 6.752636257661615105e+01
5.132449999999999513e-01 2.655629999999999935e-01 0.000000000000000000e+00 -6.622500000000003384e-03 2.500000000349444917e-07 -1.655749999999997502e-03 5.700278502153647252e-03
5.132449999999999513e-01 2.589400000000000035e-01 -3.310999999999952870e-03 -9.933999999999998387e-03 -1.655499999999976435e-03 -1.655499999999997252e-03 -9.549669733808647365e+00
5.066230000000000455e-01 2.456949999999999967e-01 -3.310999999999952870e-03 -9.933499999999997887e-03 1.655499999999976435e-03 1.655749999999997502e-03 9.549525554117419546e+00
5.066230000000000455e-01 2.390730000000000077e-01 0.000000000000000000e+00 -6.622500000000003384e-03 1.655499999999976435e-03 1.655499999999997252e-03 3.774724423598468093e+01
5.066230000000000455e-01 2.324499999999999900e-01 0.000000000000000000e+00 -6.622500000000003384e-03 -1.655750000000011379e-03 6.938893903907228378e-18 -3.775294451448683475e+01
5.066230000000000455e-01 2.258280000000000010e-01 -3.311500000000022759e-03 -6.622499999999989506e-03 -1.655750000000011379e-03 0.000000000000000000e+00 -2.701258436269049668e+01
5.000000000000000000e-01 2.192050000000000110e-01 -3.311500000000022759e-03 -6.622500000000003384e-03 1.655750000000011379e-03 -6.938893903907228378e-18 2.701258436269047181e+01
5.000000000000000000e-01 2.125829999999999942e-01 0.000000000000000000e+00 -6.622500000000003384e-03 1.655750000000011379e-03 0.000000000000000000e+00 3.775294451448683475e+01
5.000000000000000000e-01 2.059600000000000042e-01 0.000000000000000000e+00 -6.622500000000003384e-03 0.000000000000000000e+00 0.000000000000000000e+00 0.000000000000000000e+00
5.000000000000000000e-01 1.993379999999999874e-01 0.000000000000000000e+00 -6.622500000000003384e-03 1.655750000000011379e-03 6.938893903907228378e-18 3.775294451448683475e+01
5.000000000000000000e-01 1.927149999999999974e-01 3.311500000000022759e-03 -6.622499999999989506e-03 4.966999999999999194e-03 1.655750000000004440e-03 9.454098639452445241e+01
5.066230000000000455e-01 1.860930000000000084e-01 9.933999999999998387e-03 -3.310999999999994503e-03 3.310999999999980625e-03 1.655499999999990313e-03 2.387201149221446883e+01
5.198679999999999968e-01 1.860930000000000084e-01 9.933499999999984009e-03 -3.311500000000008881e-03 -1.655750000000011379e-03 -2.500000000071889161e-07 -4.778151756411680218e+00
5.264900000000000135e-01 1.794699999999999906e-01 6.622499999999975628e-03 -3.311500000000008881e-03 -1.655500000000004190e-03 1.655750000000004440e-03 1.350731190895419331e+01
5.331129999999999480e-01 1.794699999999999906e-01 6.622499999999975628e-03 0.000000000000000000e+00 1.655500000000031946e-03 2.500000000071889161e-07 5.700278501520837475e-03
5.397349999999999648e-01 1.794699999999999906e-01 9.933500000000039520e-03 -3.310999999999994503e-03 1.655750000000011379e-03 -1.655499999999997252e-03 -9.549525554117414217e+00
5.529800000000000271e-01 1.728480000000000016e-01 9.933999999999998387e-03 -3.310999999999994503e-03 -1.655500000000031946e-03 1.655499999999997252e-03 9.549669733808631378e+00
5.596029999999999616e-01 1.728480000000000016e-01 6.622499999999975628e-03 0.000000000000000000e+00 -1.655749999999983624e-03 1.655499999999997252e-03 3.774724423598547673e+01
5.662249999999999783e-01 1.728480000000000016e-01 6.622500000000031140e-03 0.000000000000000000e+00 2.775557561562891351e-17 0.000000000000000000e+00 0.000000000000000000e+00
5.728480000000000238e-01 1.728480000000000016e-01 6.622500000000031140e-03 0.000000000000000000e+00 -1.655750000000011379e-03 1.655499999999997252e-03 3.774724423598483725e+01
5.794700000000000406e-01 1.728480000000000016e-01 3.311000000000008381e-03 3.310999999999994503e-03 -1.655500000000031946e-03 3.311250000000001692e-03 1.601802419973247140e+02
5.794700000000000406e-01 1.794699999999999906e-01 3.311499999999967248e-03 6.622500000000003384e-03 2.499999999794333405e-07 1.655750000000004440e-03 1.350323330645371200e+01
5.860929999999999751e-01 1.860930000000000084e-01 3.311499999999967248e-03 6.622500000000003384e-03 -1.655749999999983624e-03 -6.938893903907228378e-18 2.701258436269018048e+01
5.860929999999999751e-01 1.927149999999999974e-01 0.000000000000000000e+00 6.622499999999989506e-03 -1.655749999999983624e-03 0.000000000000000000e+00 3.775294451448636579e+01
5.860929999999999751e-01 1.993379999999999874e-01 0.000000000000000000e+00 6.622500000000003384e-03 0.000000000000000000e+00 6.938893903907228378e-18 0.000000000000000000e+00
5.860929999999999751e-01 2.059600000000000042e-01 0.000000000000000000e+00 6.622500000000003384e-03 0.000000000000000000e+00 0.000000000000000000e+00 0.000000000000000000e+00
5.860929999999999751e-01 2.125829999999999942e-01 0.000000000000000000e+00 6.622500000000003384e-03 0.000000000000000000e+00 0.000000000000000000e+00 0.000000000000000000e+00
5.860929999999999751e-01 2.192050000000000110e-01 0.000000000000000000e+00 6.622500000000003384e-03 0.000000000000000000e+00 -6.938893903907228378e-18 -0.000000000000000000e+00
5.860929999999999751e-01 2.258280000000000010e-01 0.000000000000000000e+00 6.622499999999989506e-03 0.000000000000000000e+00 0.000000000000000000e+00 0.000000000000000000e+00
5.860929999999999751e-01 2.324499999999999900e-01 0.000000000000000000e+00 6.622500000000003384e-03 0.000000000000000000e+00 6.938893903907228378e-18 0.000000000000000000e+00
5.860929999999999751e-01 2.390730000000000077e-01 0.000000000000000000e+00 6.622500000000003384e-03 -1.655749999999983624e-03 -6.938893903907228378e-18 3.775294451448620237e+01
5.860929999999999751e-01 2.456949999999999967e-01 -3.311499999999967248e-03 6.622499999999989506e-03 -1.655749999999983624e-03 0.000000000000000000e+00 2.701258436269031904e+01
5.794700000000000406e-01 2.523179999999999867e-01 -3.311499999999967248e-03 6.622500000000003384e-03 1.655749999999983624e-03 6.938893903907228378e-18 -2.701258436269029772e+01
5.794700000000000406e-01 2.589400000000000035e-01 0.000000000000000000e+00 6.622500000000003384e-03 1.655749999999983624e-03 0.000000000000000000e+00 -3.775294451448620237e+01
5.794700000000000406e-01 2.655629999999999935e-01 0.000000000000000000e+00 6.622500000000003384e-03 -1.655500000000004190e-03 0.000000000000000000e+00 3.774724423598531331e+01
5.794700000000000406e-01 2.721850000000000103e-01 -3.311000000000008381e-03 6.622500000000003384e-03 -4.966750000000019760e-03 0.000000000000000000e+00 8.103693751537552714e+01
5.728480000000000238e-01 2.788080000000000003e-01 -9.933500000000039520e-03 6.622500000000003384e-03 -3.311499999999995003e-03 -1.655749999999997502e-03 2.255339098311782564e+01
5.596029999999999616e-01 2.854300000000000170e-01 -9.933999999999998387e-03 3.311000000000008381e-03 1.655500000000031946e-03 -4.966750000000005882e-03 3.819940010041369760e+01
5.529800000000000271e-01 2.854300000000000170e-01 -6.622499999999975628e-03 -3.311000000000008381e-03 1.655999999999990813e-03 -4.966500000000012571e-03 9.454139396528290717e+01
5.463580000000000103e-01 2.788080000000000003e-01 -6.622000000000016762e-03 -6.622000000000016762e-03 4.999999999588666810e-07 -3.311000000000008381e-03 2.669939454241352195e+01
