4.337750000000000217e-01 1.728480000000000016e-01 6.621999999999961251e-03 0.000000000000000000e+00 -6.621999999999961251e-03 0.000000000000000000e+00 0.000000000000000000e+00
4.403969999999999829e-01 1.728480000000000016e-01 0.000000000000000000e+00 0.000000000000000000e+00 -4.966499999999970938e-03 1.655499999999997252e-03 0.000000000000000000e+00
4.337750000000000217e-01 1.728480000000000016e-01 -3.310999999999980625e-03 3.310999999999994503e-03 -1.655750000000011379e-03 3.311250000000001692e-03 -5.339072645624767688e+01
4.337750000000000217e-01 1.794699999999999906e-01 -3.311500000000022759e-03 6.622500000000003384e-03 -2.500000000210667039e-07 1.655750000000004440e-03 -1.350323330645311870e+01
4.271519999999999762e-01 1.860930000000000084e-01 -3.311500000000022759e-03 6.622500000000003384e-03 2.500000000210667039e-07 -6.938893903907228378e-18 -4.078602501070751479e-03
4.271519999999999762e-01 1.927149999999999974e-01 -3.310999999999980625e-03 6.622499999999989506e-03 2.500000000210667039e-07 0.000000000000000000e+00 -4.078972040177409296e-03
4.205300000000000149e-01 1.993379999999999874e-01 -3.310999999999980625e-03 6.622500000000003384e-03 1.655499999999990313e-03 6.938893903907228378e-18 -2.701095284777849415e+01
4.205300000000000149e-01 2.059600000000000042e-01 0.000000000000000000e+00 6.622500000000003384e-03 1.655499999999990313e-03 0.000000000000000000e+00 -3.774724423598500067e+01
4.205300000000000149e-01 2.125829999999999942e-01 0.000000000000000000e+00 6.622500000000003384e-03 0.000000000000000000e+00 0.000000000000000000e+00 0.000000000000000000e+00
4.205300000000000149e-01 2.192050000000000110e-01 0.000000000000000000e+00 6.622500000000003384e-03 0.000000000000000000e+00 -6.938893903907228378e-18 -0.000000000000000000e+00
4.205300000000000149e-01 2.258280000000000010e-01 0.000000000000000000e+00 6.622499999999989506e-03 0.000000000000000000e+00 1.655499999999997252e-03 0.000000000000000000e+00
4.205300000000000149e-01 2.324499999999999900e-01 0.000000000000000000e+00 9.933499999999997887e-03 0.000000000000000000e+00 3.311250000000008631e-03 0.000000000000000000e+00
4.205300000000000149e-01 2.456949999999999967e-01 0.000000000000000000e+00 1.324500000000000677e-02 0.000000000000000000e+00 2.500000000002500222e-07 0.000000000000000000e+00
4.205300000000000149e-01 2.589400000000000035e-01 0.000000000000000000e+00 9.933999999999998387e-03 1.655499999999990313e-03 -1.655500000000004190e-03 -1.677570860370199668e+01
4.205300000000000149e-01 2.655629999999999935e-01 3.310999999999980625e-03 9.933999999999998387e-03 1.655499999999990313e-03 1.655500000000004190e-03 -9.549669733808679339e+00
4.271519999999999762e-01 2.788080000000000003e-01 3.310999999999980625e-03 1.324500000000000677e-02 2.500000000210667039e-07 1.655500000000004190e-03 2.152694605973336728e+00
4.271519999999999762e-01 2.920530000000000070e-01 3.311500000000022759e-03 1.324500000000000677e-02 1.655750000000011379e-03 -1.655500000000004190e-03 -1.077196909947398318e+01
4.337750000000000217e-01 3.052980000000000138e-01 6.622500000000003384e-03 9.933999999999998387e-03 -2.500000000210667039e-07 -1.655500000000004190e-03 -6.440789720524610296e+00
4.403969999999999829e-01 3.119210000000000038e-01 3.310999999999980625e-03 9.933999999999998387e-03 -1.655500000000004190e-03 -2.499999999933111283e-07 1.432306270584169816e+01
4.403969999999999829e-01 3.251660000000000106e-01 3.311499999999995003e-03 9.933500000000011765e-03 1.655750000000011379e-03 -1.655749999999997502e-03 -1.910251219376396392e+01
4.470199999999999729e-01 3.317880000000000273e-01 6.622500000000003384e-03 6.622500000000003384e-03 1.655500000000004190e-03 -1.655500000000018068e-03 -2.669133237037014794e+01
4.536419999999999897e-01 3.384110000000000174e-01 6.622500000000003384e-03 6.622499999999975628e-03 1.655749999999997502e-03 0.000000000000000000e+00 -1.334768153797647372e+01
4.602649999999999797e-01 3.450329999999999786e-01 9.933999999999998387e-03 6.622500000000003384e-03 1.655500000000004190e-03 -1.655499999999976435e-03 -1.610586579671380036e+01
4.735099999999999865e-01 3.516560000000000241e-01 9.933500000000011765e-03 3.311500000000022759e-03 -1.655749999999997502e-03 -1.655750000000011379e-03 -9.550534975243879288e+00
4.801320000000000032e-01 3.516560000000000241e-01 6.622500000000003384e-03 3.310999999999980625e-03 -1.655500000000004190e-03 -2.500000000210667039e-07 1.350037778582989745e+01
4.867549999999999932e-01 3.582779999999999854e-01 6.622500000000003384e-03 3.310999999999980625e-03 0.000000000000000000e+00 -3.310999999999980625e-03 -5.402190569555687460e+01
4.933770000000000100e-01 3.582779999999999854e-01 6.622500000000003384e-03 -3.310999999999980625e-03 2.500000000071889161e-07 -4.966749999999992005e-03 -8.103489818333707717e+01
5.000000000000000000e-01 3.516560000000000241e-01 6.623000000000017762e-03 -6.622500000000003384e-03 -1.387778780781445676e-17 -1.655750000000011379e-03 -1.334717763321150841e+01
5.066230000000000455e-01 3.450329999999999786e-01 6.622499999999975628e-03 -6.622500000000003384e-03 -2.500000000210667039e-07 -1.655499999999990313e-03 -1.334768153797658563e+01
5.132449999999999513e-01 3.384110000000000174e-01 6.622499999999975628e-03 -9.933499999999984009e-03 2.775557561562891351e-17 -3.311250000000001692e-03 -1.288681803753776300e+01
5.198679999999999968e-01 3.251660000000000106e-01 6.622500000000031140e-03 -1.324500000000000677e-02 -1.655749999999983624e-03 -1.656000000000004690e-03 -1.013068788262909159e+01
5.264900000000000135e-01 3.119210000000000038e-01 3.311000000000008381e-03 -1.324549999999999339e-02 -3.311250000000015570e-03 1.655500000000004190e-03 -1.507961628213031879e+01
5.264900000000000135e-01 2.986750000000000238e-01 0.000000000000000000e+00 -9.933999999999998387e-03 2.499999999794333405e-07 1.655999999999990813e-03 2.533329598659319563e-03
5.264900000000000135e-01 2.920530000000000070e-01 3.311499999999967248e-03 -9.933500000000011765e-03 1.655749999999983624e-03 -3.311250000000001692e-03 4.775267487621883689e+00
5.331129999999999480e-01 2.788080000000000003e-01 3.311499999999967248e-03 -1.655650000000000177e-02 -1.655749999999983624e-03 -1.655749999999997502e-03 -6.834240834157194300e+00
5.331129999999999480e-01 2.589400000000000035e-01 0.000000000000000000e+00 -1.324500000000000677e-02 -1.655749999999983624e-03 4.966999999999999194e-03 -9.438236128621550591e+00
5.331129999999999480e-01 2.523179999999999867e-01 0.000000000000000000e+00 -6.622500000000003384e-03 0.000000000000000000e+00 3.311250000000008631e-03 0.000000000000000000e+00
5.331129999999999480e-01 2.456949999999999967e-01 0.000000000000000000e+00 -6.622499999999989506e-03 0.000000000000000000e+00 0.000000000000000000e+00 0.000000000000000000e+00
5.331129999999999480e-01 2.390730000000000077e-01 0.000000000000000000e+00 -6.622500000000003384e-03 0.000000000000000000e+00 3.311249999999994753e-03 0.000000000000000000e+00
5.331129999999999480e-01 2.324499999999999900e-01 0.000000000000000000e+00 0.000000000000000000e+00 1.655500000000004190e-03 6.622500000000003384e-03 0.000000000000000000e+00
5.331129999999999480e-01 2.390730000000000077e-01 3.311000000000008381e-03 6.622500000000003384e-03 1.655500000000004190e-03 3.311249999999994753e-03 -5.425782796549507285e-14
5.397349999999999648e-01 2.456949999999999967e-01 3.311000000000008381e-03 6.622499999999989506e-03 -1.655500000000004190e-03 0.000000000000000000e+00 2.701095284777861139e+01
5.397349999999999648e-01 2.523179999999999867e-01 0.000000000000000000e+00 6.622500000000003384e-03 2.500000000071889161e-07 6.938893903907228378e-18 -5.700278501520788903e-03
5.397349999999999648e-01 2.589400000000000035e-01 3.311500000000022759e-03 6.622500000000003384e-03 3.311250000000015570e-03 0.000000000000000000e+00 -5.402109012287992584e+01
5.463580000000000103e-01 2.655629999999999935e-01 6.622500000000031140e-03 6.622500000000003384e-03 1.655499999999976435e-03 0.000000000000000000e+00 -1.334566618518470982e+01
5.529800000000000271e-01 2.721850000000000103e-01 6.622499999999975628e-03 6.622500000000003384e-03 1.655749999999983624e-03 0.000000000000000000e+00 -1.334768153797641865e+01
5.596029999999999616e-01 2.788080000000000003e-01 9.933999999999998387e-03 6.622500000000003384e-03 1.655500000000031946e-03 0.000000000000000000e+00 -6.442249040481988764e+00
5.728480000000000238e-01 2.854300000000000170e-01 9.933500000000039520e-03 6.622500000000003384e-03 -1.655750000000011379e-03 -1.655500000000004190e-03 -3.220245091957729677e+00
5.794700000000000406e-01 2.920530000000000070e-01 6.622499999999975628e-03 3.311499999999995003e-03 1.655749999999983624e-03 -1.655749999999997502e-03 -4.051989627164465446e+01
5.860929999999999751e-01 2.920530000000000070e-01 1.324500000000000677e-02 3.311000000000008381e-03 4.966750000000019760e-03 -2.499999999933111283e-07 -6.463613949475165654e+00
6.059600000000000541e-01 2.986750000000000238e-01 1.655600000000001515e-02 3.311000000000008381e-03 -1.655500000000004190e-03 -3.311000000000008381e-03 -1.025054100074824071e+01
6.192050000000000054e-01 2.986750000000000238e-01 9.933999999999998387e-03 -3.311000000000008381e-03 -4.966750000000019760e-03 -4.966750000000005882e-03 -5.729657672572412963e+01
6.258280000000000509e-01 2.920530000000000070e-01 6.622499999999975628e-03 -6.622500000000003384e-03 -2.500000000071889161e-07 -1.655749999999997502e-03 -1.334969689076801203e+01
6.324499999999999567e-01 2.854300000000000170e-01 9.933499999999984009e-03 -6.622500000000003384e-03 1.655750000000011379e-03 -3.311250000000001692e-03 -1.288584508034361953e+01
6.456950000000000189e-01 2.788080000000000003e-01 9.933999999999998387e-03 -1.324500000000000677e-02 -1.655500000000004190e-03 -3.311250000000001692e-03 -1.207951946338491034e+01
6.523179999999999534e-01 2.589400000000000035e-01 6.622499999999975628e-03 -1.324500000000000677e-02 -1.655749999999983624e-03 1.655750000000004440e-03 -3.376726011406738337e+00
6.589399999999999702e-01 2.523179999999999867e-01 6.622500000000031140e-03 -9.933499999999997887e-03 2.775557561562891351e-17 -1.655749999999990563e-03 -6.443895497365858205e+00
6.655630000000000157e-01 2.390730000000000077e-01 6.622500000000031140e-03 -1.655649999999998789e-02 -1.655750000000011379e-03 -1.655750000000004440e-03 -6.768611516447259113e+00
6.721850000000000325e-01 2.192050000000000110e-01 3.311000000000008381e-03 -1.324500000000000677e-02 -3.311250000000015570e-03 3.311499999999988064e-03 -1.292592668574681802e+01
6.721850000000000325e-01 2.125829999999999942e-01 0.000000000000000000e+00 -9.933500000000011765e-03 -1.655500000000004190e-03 -1.655749999999997502e-03 -1.677739744759438167e+01
6.721850000000000325e-01 1.993379999999999874e-01 0.000000000000000000e+00 -1.655650000000000177e-02 0.000000000000000000e+00 -1.655749999999990563e-03 0.000000000000000000e+00
6.721850000000000325e-01 1.794699999999999906e-01 0.000000000000000000e+00 -1.324499999999999289e-02 -1.655500000000004190e-03 1.655750000000004440e-03 -9.436811058996349644e+00
6.721850000000000325e-01 1.728480000000000016e-01 -3.311000000000008381e-03 -1.324499999999999289e-02 -1.655500000000004190e-03 -6.938893903907228378e-18 -8.616633834189078911e+00
6.655630000000000157e-01 1.529800000000000049e-01 -3.311000000000008381e-03 -1.324500000000000677e-02 1.655500000000004190e-03 1.655749999999997502e-03 6.462312736271589309e+00
6.655630000000000157e-01 1.463579999999999881e-01 0.000000000000000000e+00 -9.933499999999997887e-03 -1.655750000000011379e-03 6.938893903907228378e-18 -1.677993103222868854e+01
6.655630000000000157e-01 1.331130000000000091e-01 -6.622500000000031140e-03 -1.324499999999999289e-02 -3.311250000000015570e-03 -2.500000000037194692e-07 -1.350537450040084053e+01
6.523179999999999534e-01 1.198680000000000023e-01 -6.622500000000031140e-03 -9.934000000000005326e-03 1.655500000000031946e-03 3.311249999999994753e-03 -3.221854180219335451e+00
6.523179999999999534e-01 1.132449999999999984e-01 -3.311499999999967248e-03 -6.622500000000003384e-03 -1.655749999999983624e-03 3.469446951953614189e-18 -2.701258436269026930e+01
6.456950000000000189e-01 1.066229999999999956e-01 -9.933999999999998387e-03 -9.933999999999998387e-03 -3.311000000000008381e-03 -3.311499999999998473e-03 1.791334538303498243e-03
6.324499999999999567e-01 9.337700000000000167e-02 -9.933499999999984009e-03 -1.324550000000000033e-02 2.500000000071889161e-07 2.500000000002500222e-07 1.824419627697545013e-04
6.258280000000000509e-01 8.013199999999999490e-02 -9.933499999999984009e-03 -9.933499999999997887e-03 -2.500000000071889161e-07 3.311500000000001942e-03 -1.186609877816922420e+01
6.125829999999999886e-01 7.351000000000000589e-02 -9.933999999999998387e-03 -6.622499999999996445e-03 -1.655750000000011379e-03 1.655499999999997252e-03 -1.610683865220180522e+01
6.059600000000000541e-01 6.688700000000000201e-02 -1.324500000000000677e-02 -6.622500000000003384e-03 -3.311000000000008381e-03 -1.734723475976807094e-18 -6.752432325996014839e+00
5.860929999999999751e-01 6.026499999999999913e-02 -1.655600000000001515e-02 -6.622499999999999915e-03 -1.655749999999983624e-03 1.734723475976807094e-18 -1.934019194544732922e+00
5.728480000000000238e-01 5.364200000000000218e-02 -1.655649999999997402e-02 -6.622499999999999915e-03 1.655500000000004190e-03 1.655749999999999236e-03 -2.901167216226333334e+00
5.529800000000000271e-01 4.701999999999999930e-02 -1.324500000000000677e-02 -3.311000000000001442e-03 1.655749999999983624e-03 1.655500000000000721e-03 -6.462312736271597302e+00
5.463580000000000103e-01 4.701999999999999930e-02 -1.324500000000000677e-02 -3.311499999999998473e-03 -1.655750000000011379e-03 -2.499999999985152987e-07 -2.153287832879794639e+00
5.264900000000000135e-01 4.039700000000000235e-02 -1.655650000000002953e-02 -3.311499999999998473e-03 1.655750000000011379e-03 1.655749999999999236e-03 -4.556045895329797979e+00
5.132449999999999513e-01 4.039700000000000235e-02 -9.933499999999984009e-03 0.000000000000000000e+00 1.655750000000025257e-03 1.655749999999999236e-03 -1.677993103222861393e+01
5.066230000000000455e-01 4.039700000000000235e-02 -1.324499999999997901e-02 0.000000000000000000e+00 -1.656000000000018568e-03 0.000000000000000000e+00 0.000000000000000000e+00
4.867549999999999932e-01 4.039700000000000235e-02 -1.324550000000002115e-02 0.000000000000000000e+00 -1.387778780781445676e-17 1.655749999999999236e-03 -9.437523580360837272e+00
4.801320000000000032e-01 4.039700000000000235e-02 -1.324500000000000677e-02 3.311499999999998473e-03 2.500000000071889161e-07 3.311249999999999957e-03 -1.723443495517417645e+01
4.602649999999999797e-01 4.701999999999999930e-02 -1.324500000000000677e-02 6.622499999999999915e-03 3.311250000000001692e-03 1.655500000000000721e-03 -1.350537450040080678e+01
4.536419999999999897e-01 5.364200000000000218e-02 -6.622500000000003384e-03 6.622499999999999915e-03 3.311250000000001692e-03 1.655750000000000971e-03 -4.004102926113795746e+01
4.470199999999999729e-01 6.026499999999999913e-02 -6.622500000000003384e-03 9.934000000000001857e-03 1.655500000000004190e-03 1.655499999999998986e-03 -1.610586579671393892e+01
4.403969999999999829e-01 7.351000000000000589e-02 -3.311499999999995003e-03 9.933499999999997887e-03 1.655750000000011379e-03 -1.655750000000002706e-03 -9.550534975243941460e+00
4.403969999999999829e-01 8.013199999999999490e-02 -3.310999999999980625e-03 6.622499999999996445e-03 1.655749999999997502e-03 2.500000000037194692e-07 -2.701707115185679697e+01
4.337750000000000217e-01 8.675499999999999878e-02 0.000000000000000000e+00 9.934000000000005326e-03 3.310999999999980625e-03 1.655750000000000971e-03 -3.355141720740395783e+01
4.403969999999999829e-01 1.000000000000000056e-01 3.310999999999980625e-03 9.933999999999998387e-03 1.655749999999997502e-03 -3.469446951953614189e-18 -1.432594671332769920e+01
4.403969999999999829e-01 1.066229999999999956e-01 3.311499999999995003e-03 9.933999999999998387e-03 1.655750000000011379e-03 -1.655749999999997502e-03 -1.910063739510113123e+01
4.470199999999999729e-01 1.198680000000000023e-01 6.622500000000003384e-03 6.622500000000003384e-03 3.311000000000008381e-03 -3.311500000000001942e-03 -5.338669544632297459e+01
4.536419999999999897e-01 1.198680000000000023e-01 9.933500000000011765e-03 3.310999999999994503e-03 1.655749999999997502e-03 0.000000000000000000e+00 -4.775483822479603901e+00
4.668869999999999965e-01 1.264899999999999913e-01 9.933999999999998387e-03 6.622500000000003384e-03 2.499999999933111283e-07 2.500000000071889161e-07 4.864644693748779235e-04
4.735099999999999865e-01 1.331130000000000091e-01 9.933999999999998387e-03 3.311500000000008881e-03 -2.499999999933111283e-07 -3.311250000000001692e-03 -2.864771159511306919e+01
4.867549999999999932e-01 1.331130000000000091e-01 9.933500000000011765e-03 0.000000000000000000e+00 -1.655749999999997502e-03 -1.655750000000004440e-03 -1.677993103222857485e+01
4.933770000000000100e-01 1.331130000000000091e-01 6.622500000000003384e-03 0.000000000000000000e+00 2.499999999794333405e-07 0.000000000000000000e+00 0.000000000000000000e+00
5.000000000000000000e-01 1.331130000000000091e-01 9.933999999999970631e-03 0.000000000000000000e+00 -1.387778780781445676e-17 -1.655750000000004440e-03 -1.677824193330110347e+01
5.132449999999999513e-01 1.331130000000000091e-01 6.622499999999975628e-03 -3.311500000000008881e-03 -3.311249999999973936e-03 -3.311250000000001692e-03 -8.103367448557058594e+01
5.132449999999999513e-01 1.264899999999999913e-01 3.311500000000022759e-03 -6.622500000000003384e-03 2.775557561562891351e-17 -1.655499999999993782e-03 -1.350527245373568519e+01
5.198679999999999968e-01 1.198680000000000023e-01 6.622500000000031140e-03 -6.622499999999996445e-03 1.655499999999976435e-03 0.000000000000000000e+00 1.334566618518471870e+01
5.264900000000000135e-01 1.132449999999999984e-01 6.622499999999975628e-03 -6.622500000000003384e-03 -1.655500000000031946e-03 0.000000000000000000e+00 -1.334566618518532799e+01
5.331129999999999480e-01 1.066229999999999956e-01 3.311499999999967248e-03 -6.622499999999996445e-03 -1.655749999999983624e-03 -1.655749999999997502e-03 -4.051989627164441998e+01
5.331129999999999480e-01 1.000000000000000056e-01 3.311000000000008381e-03 -9.933999999999998387e-03 -2.499999999794333405e-07 -1.655750000000004440e-03 -4.776997926954539508e+00
5.397349999999999648e-01 8.675499999999999878e-02 3.311000000000008381e-03 -9.934000000000005326e-03 -1.655500000000004190e-03 0.000000000000000000e+00 -1.432378365327736880e+01
5.397349999999999648e-01 8.013199999999999490e-02 0.000000000000000000e+00 -9.933999999999998387e-03 -1.655500000000004190e-03 2.500000000037194692e-07 -1.677570860370213879e+01
5.397349999999999648e-01 6.688700000000000201e-02 0.000000000000000000e+00 -9.933499999999997887e-03 0.000000000000000000e+00 2.499999999985152987e-07 0.000000000000000000e+00
5.397349999999999648e-01 6.026499999999999913e-02 0.000000000000000000e+00 -9.933500000000001356e-03 0.000000000000000000e+00 -2.500000000002500222e-07 0.000000000000000000e+00
5.397349999999999648e-01 4.701999999999999930e-02 0.000000000000000000e+00 -9.933999999999998387e-03 0.000000000000000000e+00 1.655500000000000721e-03 0.000000000000000000e+00
5.397349999999999648e-01 4.039700000000000235e-02 0.000000000000000000e+00 -6.622499999999999915e-03 0.000000000000000000e+00 1.655999999999997752e-03 0.000000000000000000e+00
5.397349999999999648e-01 3.377499999999999947e-02 0.000000000000000000e+00 -6.622000000000002884e-03 0.000000000000000000e+00 4.999999999970305975e-07 0.000000000000000000e+00
