4.403969999999999829e-01 3.052980000000000138e-01 -6.621999999999961251e-03 6.622999999999990006e-03 3.310999999999980625e-03 -4.999999999866222566e-07 -2.668931694153342349e+01
4.337750000000000217e-01 3.119210000000000038e-01 -3.310999999999980625e-03 6.622500000000003384e-03 3.310999999999980625e-03 -2.499999999933111283e-07 -5.401986636351858806e+01
4.337750000000000217e-01 3.185430000000000206e-01 0.000000000000000000e+00 6.622500000000003384e-03 1.655499999999990313e-03 0.000000000000000000e+00 -3.774724423598500067e+01
4.337750000000000217e-01 3.251660000000000106e-01 0.000000000000000000e+00 6.622500000000003384e-03 0.000000000000000000e+00 0.000000000000000000e+00 0.000000000000000000e+00
4.337750000000000217e-01 3.317880000000000273e-01 0.000000000000000000e+00 6.622500000000003384e-03 0.000000000000000000e+00 -1.387778780781445676e-17 -0.000000000000000000e+00
4.337750000000000217e-01 3.384110000000000174e-01 0.000000000000000000e+00 6.622499999999975628e-03 1.655499999999990313e-03 0.000000000000000000e+00 -3.774724423598532042e+01
4.337750000000000217e-01 3.450329999999999786e-01 3.310999999999980625e-03 6.622500000000003384e-03 1.655499999999990313e-03 1.387778780781445676e-17 -2.701095284777832362e+01
4.403969999999999829e-01 3.516560000000000241e-01 3.310999999999980625e-03 6.622500000000003384e-03 2.500000000071889161e-07 -1.387778780781445676e-17 -4.078972040064173486e-03
4.403969999999999829e-01 3.582779999999999854e-01 3.311499999999995003e-03 6.622499999999975628e-03 2.500000000071889161e-07 0.000000000000000000e+00 -4.078602500900994909e-03
4.470199999999999729e-01 3.649009999999999754e-01 3.311499999999995003e-03 6.622500000000003384e-03 -2.499999999933111283e-07 1.387778780781445676e-17 4.078602500787775580e-03
4.470199999999999729e-01 3.715229999999999921e-01 3.311000000000008381e-03 6.622500000000003384e-03 -2.499999999933111283e-07 0.000000000000000000e+00 4.078972039724518966e-03
4.536419999999999897e-01 3.781459999999999821e-01 3.311000000000008381e-03 6.622500000000003384e-03 2.499999999933111283e-07 0.000000000000000000e+00 -4.078972039724518966e-03
4.536419999999999897e-01 3.847679999999999989e-01 3.311499999999995003e-03 6.622500000000003384e-03 1.655749999999997502e-03 0.000000000000000000e+00 -2.701258436269032259e+01
4.602649999999999797e-01 3.913909999999999889e-01 6.622500000000003384e-03 6.622500000000003384e-03 1.655500000000004190e-03 0.000000000000000000e+00 -1.334566618518501713e+01
4.668869999999999965e-01 3.980130000000000057e-01 6.622500000000003384e-03 6.622500000000003384e-03 0.000000000000000000e+00 -1.655500000000004190e-03 -1.334566618518501713e+01
4.735099999999999865e-01 4.046359999999999957e-01 6.622500000000003384e-03 3.311499999999995003e-03 0.000000000000000000e+00 -3.311250000000001692e-03 -5.402109012287997558e+01
4.801320000000000032e-01 4.046359999999999957e-01 6.622500000000003384e-03 0.000000000000000000e+00 0.000000000000000000e+00 -1.655749999999997502e-03 -3.775294451448651500e+01
4.867549999999999932e-01 4.046359999999999957e-01 6.622500000000003384e-03 0.000000000000000000e+00 0.000000000000000000e+00 0.000000000000000000e+00 0.000000000000000000e+00
4.933770000000000100e-01 4.046359999999999957e-01 6.622500000000003384e-03 0.000000000000000000e+00 2.500000000071889161e-07 0.000000000000000000e+00 0.000000000000000000e+00
5.000000000000000000e-01 4.046359999999999957e-01 6.623000000000017762e-03 0.000000000000000000e+00 -1.387778780781445676e-17 0.000000000000000000e+00 0.000000000000000000e+00
5.066230000000000455e-01 4.046359999999999957e-01 6.622499999999975628e-03 0.000000000000000000e+00 -1.656000000000032446e-03 -1.655749999999997502e-03 -3.775294451448684185e+01
5.132449999999999513e-01 4.046359999999999957e-01 3.310999999999952870e-03 -3.311499999999995003e-03 -1.655499999999976435e-03 -1.655749999999997502e-03 -1.067733893710515787e+02
5.132449999999999513e-01 3.980130000000000057e-01 3.311500000000022759e-03 -3.311499999999995003e-03 2.500000000349444917e-07 -1.655500000000004190e-03 -5.336654465697972682e+01
5.198679999999999968e-01 3.980130000000000057e-01 3.311500000000022759e-03 -6.622500000000003384e-03 -1.655750000000011379e-03 -3.311000000000008381e-03 -5.402312927016286181e+01
5.198679999999999968e-01 3.847679999999999989e-01 0.000000000000000000e+00 -9.933500000000011765e-03 -1.655750000000011379e-03 0.000000000000000000e+00 -1.677993103222864235e+01
5.198679999999999968e-01 3.781459999999999821e-01 0.000000000000000000e+00 -6.622500000000003384e-03 1.655500000000004190e-03 -2.499999999933111283e-07 3.774724423598531331e+01
5.198679999999999968e-01 3.715229999999999921e-01 3.311000000000008381e-03 -9.933999999999998387e-03 1.655500000000004190e-03 -1.655499999999990313e-03 9.549669733808778815e+00
5.264900000000000135e-01 3.582779999999999854e-01 3.311000000000008381e-03 -9.933499999999984009e-03 -1.655500000000004190e-03 1.655749999999997502e-03 -9.549525554117550996e+00
5.264900000000000135e-01 3.516560000000000241e-01 0.000000000000000000e+00 -6.622500000000003384e-03 -1.655500000000004190e-03 -2.500000000071889161e-07 -3.774724423598531331e+01
5.264900000000000135e-01 3.450329999999999786e-01 0.000000000000000000e+00 -9.933999999999998387e-03 0.000000000000000000e+00 -1.655499999999990313e-03 0.000000000000000000e+00
5.264900000000000135e-01 3.317880000000000273e-01 0.000000000000000000e+00 -9.933499999999984009e-03 0.000000000000000000e+00 1.655749999999997502e-03 0.000000000000000000e+00
5.264900000000000135e-01 3.251660000000000106e-01 0.000000000000000000e+00 -6.622500000000003384e-03 0.000000000000000000e+00 1.655499999999990313e-03 0.000000000000000000e+00
5.264900000000000135e-01 3.185430000000000206e-01 0.000000000000000000e+00 -6.622500000000003384e-03 0.000000000000000000e+00 3.311250000000001692e-03 0.000000000000000000e+00
5.264900000000000135e-01 3.119210000000000038e-01 0.000000000000000000e+00 0.000000000000000000e+00 0.000000000000000000e+00 6.622500000000003384e-03 0.000000000000000000e+00
5.264900000000000135e-01 3.185430000000000206e-01 0.000000000000000000e+00 6.622500000000003384e-03 0.000000000000000000e+00 3.311250000000001692e-03 0.000000000000000000e+00
5.264900000000000135e-01 3.251660000000000106e-01 0.000000000000000000e+00 6.622500000000003384e-03 1.655749999999983624e-03 0.000000000000000000e+00 -3.775294451448620237e+01
5.264900000000000135e-01 3.317880000000000273e-01 3.311499999999967248e-03 6.622500000000003384e-03 1.655749999999983624e-03 1.655749999999997502e-03 -1.350527245373613816e+01
5.331129999999999480e-01 3.384110000000000174e-01 3.311499999999967248e-03 9.933999999999998387e-03 -2.499999999794333405e-07 1.655499999999990313e-03 4.776781543110955930e+00
5.331129999999999480e-01 3.516560000000000241e-01 3.311000000000008381e-03 9.933499999999984009e-03 -2.499999999794333405e-07 -1.655750000000011379e-03 -4.773320577330885328e+00
5.397349999999999648e-01 3.582779999999999854e-01 3.311000000000008381e-03 6.622499999999975628e-03 2.500000000071889161e-07 -1.655499999999990313e-03 -1.350853572991009521e+01
5.397349999999999648e-01 3.649009999999999754e-01 3.311500000000022759e-03 6.622500000000003384e-03 1.655750000000011379e-03 1.387778780781445676e-17 -2.701258436269029772e+01
5.463580000000000103e-01 3.715229999999999921e-01 6.622500000000031140e-03 6.622500000000003384e-03 1.655499999999976435e-03 0.000000000000000000e+00 -1.334566618518470982e+01
5.529800000000000271e-01 3.781459999999999821e-01 6.622499999999975628e-03 6.622500000000003384e-03 -2.775557561562891351e-17 0.000000000000000000e+00 2.237491071844434004e-13
5.596029999999999616e-01 3.847679999999999989e-01 6.622499999999975628e-03 6.622500000000003384e-03 2.775557561562891351e-17 -1.655500000000004190e-03 -1.334566618518527292e+01
5.662249999999999783e-01 3.913909999999999889e-01 6.622500000000031140e-03 3.311499999999995003e-03 2.775557561562891351e-17 -3.311250000000001692e-03 -5.402109012287988321e+01
5.728480000000000238e-01 3.913909999999999889e-01 6.622500000000031140e-03 0.000000000000000000e+00 -2.775557561562891351e-17 -1.655749999999997502e-03 -3.775294451448620237e+01
5.794700000000000406e-01 3.913909999999999889e-01 6.622499999999975628e-03 0.000000000000000000e+00 -2.775557561562891351e-17 0.000000000000000000e+00 0.000000000000000000e+00
5.860929999999999751e-01 3.913909999999999889e-01 6.622499999999975628e-03 0.000000000000000000e+00 2.775557561562891351e-17 0.000000000000000000e+00 0.000000000000000000e+00
5.927149999999999919e-01 3.913909999999999889e-01 6.622500000000031140e-03 0.000000000000000000e+00 2.775557561562891351e-17 -1.655749999999997502e-03 -3.775294451448620237e+01
5.993380000000000374e-01 3.913909999999999889e-01 6.622500000000031140e-03 -3.311499999999995003e-03 -2.775557561562891351e-17 -3.311250000000001692e-03 -5.402109012287988321e+01
6.059600000000000541e-01 3.847679999999999989e-01 6.622499999999975628e-03 -6.622500000000003384e-03 -1.655500000000031946e-03 -1.655500000000004190e-03 -2.669133237037037532e+01
6.125829999999999886e-01 3.781459999999999821e-01 3.311499999999967248e-03 -6.622500000000003384e-03 -1.655749999999983624e-03 0.000000000000000000e+00 -2.701258436269024088e+01
6.125829999999999886e-01 3.715229999999999921e-01 3.311000000000008381e-03 -6.622500000000003384e-03 -2.499999999794333405e-07 0.000000000000000000e+00 -4.078972039498090715e-03
6.192050000000000054e-01 3.649009999999999754e-01 3.311000000000008381e-03 -6.622500000000003384e-03 2.500000000071889161e-07 -1.655749999999997502e-03 -1.350241711786845400e+01
6.192050000000000054e-01 3.582779999999999854e-01 3.311500000000022759e-03 -9.933999999999998387e-03 2.500000000071889161e-07 -3.311249999999987814e-03 -9.547795223657555397e+00
6.258280000000000509e-01 3.450329999999999786e-01 3.311500000000022759e-03 -1.324499999999997901e-02 -1.655750000000011379e-03 2.500000000071889161e-07 -8.617380088063756105e+00
6.258280000000000509e-01 3.317880000000000273e-01 0.000000000000000000e+00 -9.933499999999984009e-03 -1.655750000000011379e-03 1.655749999999983624e-03 -1.677993103222873827e+01
6.258280000000000509e-01 3.251660000000000106e-01 0.000000000000000000e+00 -9.933500000000011765e-03 1.655499999999976435e-03 -4.967250000000006382e-03 1.677739744759410101e+01
6.258280000000000509e-01 3.119210000000000038e-01 3.310999999999952870e-03 -1.986799999999999677e-02 1.655499999999976435e-03 -4.967249999999992505e-03 2.012443687966286809e+00
6.324499999999999567e-01 2.854300000000000170e-01 3.310999999999952870e-03 -1.986799999999999677e-02 -1.655499999999976435e-03 3.311499999999995003e-03 -2.683325781156032264e+00
6.324499999999999567e-01 2.721850000000000103e-01 0.000000000000000000e+00 -1.324500000000000677e-02 -3.310999999999952870e-03 1.655999999999997752e-03 -1.887362211799234046e+01
6.324499999999999567e-01 2.589400000000000035e-01 -3.310999999999952870e-03 -1.655600000000000127e-02 -1.655499999999976435e-03 -1.655499999999997252e-03 -4.555834218815098424e+00
6.258280000000000509e-01 2.390730000000000077e-01 -3.310999999999952870e-03 -1.655600000000000127e-02 -2.500000000349444917e-07 3.311000000000001442e-03 -2.278605094037511325e+00
6.258280000000000509e-01 2.258280000000000010e-01 -3.311500000000022759e-03 -9.933999999999998387e-03 -1.655750000000039135e-03 1.655499999999997252e-03 -1.909991637145578025e+01
6.192050000000000054e-01 2.192050000000000110e-01 -6.622500000000031140e-03 -1.324500000000000677e-02 -1.655499999999976435e-03 -1.655500000000004190e-03 -3.376216162997875081e+00
6.125829999999999886e-01 1.993379999999999874e-01 -6.622499999999975628e-03 -1.324500000000000677e-02 2.775557561562891351e-17 1.655500000000004190e-03 -3.376216162997892400e+00
6.059600000000000541e-01 1.927149999999999974e-01 -6.622499999999975628e-03 -9.933999999999998387e-03 1.655749999999983624e-03 1.655750000000004440e-03 3.221854180219427377e+00
5.993380000000000374e-01 1.794699999999999906e-01 -3.311000000000008381e-03 -9.933499999999997887e-03 -2.775557561562891351e-17 1.655750000000004440e-03 -4.775483822479896112e+00
5.993380000000000374e-01 1.728480000000000016e-01 -6.622500000000031140e-03 -6.622499999999989506e-03 -3.311499999999995003e-03 1.655499999999997252e-03 -4.004102926113773009e+01
5.860929999999999751e-01 1.662250000000000116e-01 -9.933999999999998387e-03 -6.622500000000003384e-03 2.775557561562891351e-17 -6.938893903907228378e-18 1.485129216413902512e-13
5.794700000000000406e-01 1.596029999999999949e-01 -6.622499999999975628e-03 -6.622500000000003384e-03 2.499999999794333405e-07 1.655500000000004190e-03 -1.334365083239373284e+01
5.728480000000000238e-01 1.529800000000000049e-01 -9.933500000000039520e-03 -3.311499999999995003e-03 -1.655750000000011379e-03 1.655749999999997502e-03 -1.910251219376377918e+01
5.596029999999999616e-01 1.529800000000000049e-01 -9.933999999999998387e-03 -3.311000000000008381e-03 1.655500000000031946e-03 2.499999999933111283e-07 4.771950859418457647e+00
5.529800000000000271e-01 1.463579999999999881e-01 -6.622499999999975628e-03 -3.311000000000008381e-03 2.499999999794333405e-07 1.655500000000004190e-03 -2.700891351574052024e+01
5.463580000000000103e-01 1.463579999999999881e-01 -9.933500000000039520e-03 0.000000000000000000e+00 -1.655750000000011379e-03 1.655500000000004190e-03 -1.677739744759428930e+01
5.331129999999999480e-01 1.463579999999999881e-01 -9.933999999999998387e-03 0.000000000000000000e+00 1.655500000000031946e-03 0.000000000000000000e+00 -0.000000000000000000e+00
5.264900000000000135e-01 1.463579999999999881e-01 -6.622499999999975628e-03 0.000000000000000000e+00 2.500000000071889161e-07 0.000000000000000000e+00 -0.000000000000000000e+00
5.198679999999999968e-01 1.463579999999999881e-01 -9.933499999999984009e-03 0.000000000000000000e+00 -1.655750000000011379e-03 0.000000000000000000e+00 0.000000000000000000e+00
5.066230000000000455e-01 1.463579999999999881e-01 -9.933999999999998387e-03 0.000000000000000000e+00 3.310999999999980625e-03 1.655500000000004190e-03 -1.677570860370213879e+01
5.000000000000000000e-01 1.463579999999999881e-01 -3.311500000000022759e-03 3.311000000000008381e-03 1.655749999999997502e-03 3.311250000000001692e-03 -1.601681460763097675e+02
5.000000000000000000e-01 1.529800000000000049e-01 -6.622500000000003384e-03 6.622500000000003384e-03 -1.655499999999990313e-03 3.311499999999995003e-03 -1.334969689076798183e+01
4.867549999999999932e-01 1.596029999999999949e-01 -6.622500000000003384e-03 9.933999999999998387e-03 3.311250000000001692e-03 1.655499999999997252e-03 -2.577094187290312632e+01
4.867549999999999932e-01 1.728480000000000016e-01 0.000000000000000000e+00 9.933499999999997887e-03 1.655500000000004190e-03 -1.655749999999997502e-03 -1.677739744759442431e+01
4.867549999999999932e-01 1.794699999999999906e-01 -3.311499999999995003e-03 6.622500000000003384e-03 -1.655749999999997502e-03 2.500000000002500222e-07 2.701054490747230119e+01
4.801320000000000032e-01 1.860930000000000084e-01 -3.311499999999995003e-03 9.933999999999998387e-03 3.311499999999995003e-03 3.311249999999994753e-03 -3.820055376655643187e+01
4.801320000000000032e-01 1.993379999999999874e-01 3.311499999999995003e-03 1.324499999999999289e-02 3.311499999999995003e-03 -2.499999999933111283e-07 -1.723573613370463420e+01
4.867549999999999932e-01 2.125829999999999942e-01 3.311499999999995003e-03 9.933500000000011765e-03 -2.499999999933111283e-07 -3.311249999999994753e-03 -9.549092949730441759e+00
4.867549999999999932e-01 2.192050000000000110e-01 3.311000000000008381e-03 6.622500000000003384e-03 1.655500000000004190e-03 2.499999999933111283e-07 -2.700891351574024668e+01
4.933770000000000100e-01 2.258280000000000010e-01 6.622500000000003384e-03 9.933999999999998387e-03 2.499999999933111283e-07 1.655499999999997252e-03 6.440789720524744411e+00
5.000000000000000000e-01 2.390730000000000077e-01 3.311499999999995003e-03 9.933499999999997887e-03 -1.655499999999990313e-03 -1.655750000000004440e-03 9.548371828092237834e+00
5.000000000000000000e-01 2.456949999999999967e-01 3.311500000000022759e-03 6.622499999999989506e-03 1.655499999999990313e-03 -1.655499999999997252e-03 -4.051377821392561174e+01
5.066230000000000455e-01 2.523179999999999867e-01 6.622499999999975628e-03 6.622500000000003384e-03 -2.500000000349444917e-07 6.938893903907228378e-18 2.015352791818320315e-03
5.132449999999999513e-01 2.589400000000000035e-01 3.310999999999952870e-03 6.622500000000003384e-03 2.775557561562891351e-17 -1.655500000000004190e-03 -1.350445675787048216e+01
5.132449999999999513e-01 2.655629999999999935e-01 6.622500000000031140e-03 3.311499999999995003e-03 3.311500000000022759e-03 -3.311250000000001692e-03 -8.103571394078791457e+01
5.264900000000000135e-01 2.655629999999999935e-01 9.933999999999998387e-03 0.000000000000000000e+00 -2.775557561562891351e-17 -3.311499999999995003e-03 -3.355648386660187299e+01
5.331129999999999480e-01 2.655629999999999935e-01 6.622499999999975628e-03 -3.311499999999995003e-03 -1.655749999999983624e-03 -3.311250000000001692e-03 -6.752840203183446022e+01
5.397349999999999648e-01 2.589400000000000035e-01 6.622500000000031140e-03 -6.622500000000003384e-03 2.775557561562891351e-17 -1.655500000000004190e-03 -1.334566618518476488e+01
5.463580000000000103e-01 2.523179999999999867e-01 6.622500000000031140e-03 -6.622500000000003384e-03 -1.655750000000011379e-03 6.938893903907228378e-18 -1.334768153797641510e+01
5.529800000000000271e-01 2.456949999999999967e-01 3.311000000000008381e-03 -6.622499999999989506e-03 -1.655500000000031946e-03 0.000000000000000000e+00 -2.701095284777906258e+01
5.529800000000000271e-01 2.390730000000000077e-01 3.311499999999967248e-03 -6.622500000000003384e-03 2.499999999794333405e-07 -6.938893903907228378e-18 4.078602500391569942e-03
5.596029999999999616e-01 2.324499999999999900e-01 3.311499999999967248e-03 -6.622500000000003384e-03 -2.499999999794333405e-07 -1.655499999999997252e-03 -1.350935105623652710e+01
5.596029999999999616e-01 2.258280000000000010e-01 3.311000000000008381e-03 -9.933499999999997887e-03 -2.499999999794333405e-07 -1.655749999999997502e-03 -4.777647067628445043e+00
5.662249999999999783e-01 2.125829999999999942e-01 3.311000000000008381e-03 -9.933999999999998387e-03 -1.655500000000004190e-03 1.655499999999997252e-03 -9.549669733808757499e+00
5.662249999999999783e-01 2.059600000000000042e-01 0.000000000000000000e+00 -6.622500000000003384e-03 -1.655500000000004190e-03 1.655749999999997502e-03 -3.774724423598531331e+01
5.662249999999999783e-01 1.993379999999999874e-01 0.000000000000000000e+00 -6.622500000000003384e-03 1.655750000000011379e-03 6.938893903907228378e-18 3.775294451448683475e+01
5.662249999999999783e-01 1.927149999999999974e-01 3.311500000000022759e-03 -6.622499999999989506e-03 1.655750000000011379e-03 0.000000000000000000e+00 2.701258436269049668e+01
5.728480000000000238e-01 1.860930000000000084e-01 3.311500000000022759e-03 -6.622500000000003384e-03 -1.655750000000011379e-03 -6.938893903907228378e-18 -2.701258436269047181e+01
5.728480000000000238e-01 1.794699999999999906e-01 0.000000000000000000e+00 -6.622500000000003384e-03 -1.655750000000011379e-03 6.938893903907228378e-18 -3.775294451448683475e+01
5.728480000000000238e-01 1.728480000000000016e-01 0.000000000000000000e+00 -6.622499999999989506e-03 0.000000000000000000e+00 0.000000000000000000e+00 0.000000000000000000e+00
5.728480000000000238e-01 1.662250000000000116e-01 0.000000000000000000e+00 -6.622500000000003384e-03 0.000000000000000000e+00 2.499999999863722344e-07 0.000000000000000000e+00
5.728480000000000238e-01 1.596029999999999949e-01 0.000000000000000000e+00 -6.622000000000016762e-03 0.000000000000000000e+00 4.999999999866222566e-07 0.000000000000000000e+00
