4.205300000000000149e-01 1.264899999999999913e-01 0.000000000000000000e+00 6.623000000000017762e-03 0.000000000000000000e+00 3.310999999999980625e-03 0.000000000000000000e+00
4.205300000000000149e-01 1.331130000000000091e-01 0.000000000000000000e+00 9.933999999999998387e-03 0.000000000000000000e+00 1.655249999999990063e-03 0.000000000000000000e+00
4.205300000000000149e-01 1.463579999999999881e-01 0.000000000000000000e+00 9.933499999999997887e-03 -1.655749999999997502e-03 -1.655749999999997502e-03 1.677993103222854998e+01
4.205300000000000149e-01 1.529800000000000049e-01 -3.311499999999995003e-03 6.622500000000003384e-03 -4.966999999999999194e-03 2.500000000002500222e-07 8.103163503035229098e+01
4.139070000000000249e-01 1.596029999999999949e-01 -9.933999999999998387e-03 9.933999999999998387e-03 -3.311000000000008381e-03 0.000000000000000000e+00 1.186221731288729053e+01
4.006620000000000181e-01 1.728480000000000016e-01 -9.933500000000011765e-03 6.622500000000003384e-03 -3.311000000000008381e-03 -6.622749999999996695e-03 5.154678563482507059e+01
3.940400000000000014e-01 1.728480000000000016e-01 -1.655600000000001515e-02 -3.311499999999995003e-03 -3.311499999999995003e-03 -6.622500000000003384e-03 2.050175673440723401e+01
3.675499999999999878e-01 1.662250000000000116e-01 -1.655650000000000177e-02 -6.622500000000003384e-03 4.966750000000005882e-03 -1.655500000000004190e-03 1.063503383093409127e+01
3.609269999999999978e-01 1.596029999999999949e-01 -6.622500000000003384e-03 -6.622500000000003384e-03 4.966999999999999194e-03 0.000000000000000000e+00 4.004102926113790772e+01
3.543049999999999811e-01 1.529800000000000049e-01 -6.622500000000003384e-03 -6.622500000000003384e-03 0.000000000000000000e+00 -3.311250000000001692e-03 2.669334772316146243e+01
3.476819999999999911e-01 1.463579999999999881e-01 -6.622500000000003384e-03 -1.324500000000000677e-02 1.655749999999997502e-03 -6.622499999999996445e-03 2.025933637162314938e+01
3.410599999999999743e-01 1.264899999999999913e-01 -3.311000000000008381e-03 -1.986749999999999627e-02 6.622500000000003384e-03 -1.655749999999994032e-03 1.677328452612672294e+01
3.410599999999999743e-01 1.066229999999999956e-01 6.622500000000003384e-03 -1.655649999999999483e-02 8.278000000000007574e-03 6.622249999999999664e-03 3.190612347853627995e+01
3.543049999999999811e-01 9.337700000000000167e-02 1.324500000000000677e-02 -6.622999999999996945e-03 3.311250000000001692e-03 6.622749999999996695e-03 3.376471080273772429e+01
3.675499999999999878e-01 9.337700000000000167e-02 1.324500000000000677e-02 -3.311000000000001442e-03 0.000000000000000000e+00 1.655999999999997752e-03 8.619236260596226273e+00
3.807949999999999946e-01 8.675499999999999878e-02 1.324500000000000677e-02 -3.311000000000001442e-03 0.000000000000000000e+00 4.966750000000002413e-03 2.585120271577076423e+01
3.940400000000000014e-01 8.675499999999999878e-02 1.324500000000000677e-02 6.622500000000003384e-03 -1.655749999999997502e-03 8.278000000000000635e-03 3.714092703502196713e+01
4.072850000000000081e-01 1.000000000000000056e-01 9.933500000000011765e-03 1.324499999999999983e-02 -3.311250000000001692e-03 1.655749999999997502e-03 1.328857680034847277e+01
4.139070000000000249e-01 1.132449999999999984e-01 6.622500000000003384e-03 9.933999999999998387e-03 -3.311000000000008381e-03 -1.655499999999997252e-03 1.288498447198231034e+01
4.205300000000000149e-01 1.198680000000000023e-01 3.311499999999995003e-03 9.934000000000005326e-03 -1.655750000000011379e-03 -2.500000000002500222e-07 1.432457676676888347e+01
4.205300000000000149e-01 1.331130000000000091e-01 3.310999999999980625e-03 9.933499999999997887e-03 -2.500000000071889161e-07 -1.655750000000007910e-03 -4.773320577330588677e+00
4.271519999999999762e-01 1.397349999999999981e-01 3.310999999999980625e-03 6.622499999999989506e-03 -1.655499999999990313e-03 -4.966749999999998944e-03 -1.350445675787014999e+01
4.271519999999999762e-01 1.463579999999999881e-01 0.000000000000000000e+00 0.000000000000000000e+00 -1.655499999999990313e-03 -8.278249999999993947e-03 0.000000000000000000e+00
4.271519999999999762e-01 1.397349999999999981e-01 0.000000000000000000e+00 -9.933999999999998387e-03 1.655750000000011379e-03 -4.966749999999998944e-03 1.677824193330107860e+01
4.271519999999999762e-01 1.264899999999999913e-01 3.311500000000022759e-03 -9.933499999999997887e-03 3.311250000000001692e-03 1.655750000000000971e-03 3.342687263111626805e+01
4.337750000000000217e-01 1.198680000000000023e-01 6.622500000000003384e-03 -6.622499999999996445e-03 4.966749999999978127e-03 1.655499999999997252e-03 5.338468009353125865e+01
4.403969999999999829e-01 1.132449999999999984e-01 1.324499999999997901e-02 -6.622500000000003384e-03 4.966999999999999194e-03 1.655749999999997502e-03 1.688312020862522900e+01
4.602649999999999797e-01 1.066229999999999956e-01 1.655650000000000177e-02 -3.311000000000001442e-03 4.967000000000026949e-03 6.622500000000003384e-03 2.619591451812932092e+01
4.735099999999999865e-01 1.066229999999999956e-01 2.317900000000003291e-02 6.622500000000003384e-03 6.622499999999989506e-03 8.278000000000004105e-03 1.056604782062585812e+01
5.066230000000000455e-01 1.198680000000000023e-01 2.980149999999998078e-02 1.324500000000000677e-02 -3.311500000000036636e-03 3.311249999999994753e-03 4.109578340692509713e+00
5.331129999999999480e-01 1.331130000000000091e-01 1.655599999999995964e-02 1.324499999999999289e-02 -9.933999999999970631e-03 3.311249999999994753e-03 1.955685192096556690e+01
5.397349999999999648e-01 1.463579999999999881e-01 9.933500000000039520e-03 1.986749999999999627e-02 -1.655499999999976435e-03 9.933750000000005076e-03 1.200495860628047851e+01
5.529800000000000271e-01 1.728480000000000016e-01 1.324500000000000677e-02 3.311250000000000304e-02 -1.655500000000031946e-03 4.966749999999998944e-03 2.658844039671458326e+00
5.662249999999999783e-01 2.125829999999999942e-01 6.622499999999975628e-03 2.980099999999999416e-02 -6.622500000000003384e-03 -1.655749999999997502e-03 6.551386034299476968e+00
5.662249999999999783e-01 2.324499999999999900e-01 0.000000000000000000e+00 2.980100000000000804e-02 -3.311249999999987814e-03 4.967250000000006382e-03 3.728466938023076604e+00
5.662249999999999783e-01 2.721850000000000103e-01 0.000000000000000000e+00 3.973550000000000693e-02 0.000000000000000000e+00 -1.655250000000003940e-03 -0.000000000000000000e+00
5.662249999999999783e-01 3.119210000000000038e-01 0.000000000000000000e+00 2.649050000000000016e-02 -1.655500000000004190e-03 -9.933999999999998387e-03 2.359113707143522642e+00
5.662249999999999783e-01 3.251660000000000106e-01 -3.311000000000008381e-03 1.986750000000001015e-02 -4.966749999999992005e-03 -3.311500000000008881e-03 1.341832368363643013e+01
5.596029999999999616e-01 3.516560000000000241e-01 -9.933499999999984009e-03 1.986749999999998240e-02 -6.622749999999982817e-03 -4.967000000000013071e-03 1.650789444367793379e+01
5.463580000000000103e-01 3.649009999999999754e-01 -1.655649999999997402e-02 9.933499999999984009e-03 -1.655750000000011379e-03 -8.278249999999987008e-03 2.132681268892334003e+01
5.264900000000000135e-01 3.715229999999999921e-01 -1.324500000000000677e-02 3.311000000000008381e-03 1.655749999999983624e-03 -6.622249999999996195e-03 3.231351545204231002e+01
5.198679999999999968e-01 3.715229999999999921e-01 -1.324500000000000677e-02 -3.311000000000008381e-03 -1.655749999999997502e-03 -9.933499999999997887e-03 4.954808433362399711e+01
5.000000000000000000e-01 3.649009999999999754e-01 -1.655650000000000177e-02 -1.655599999999998739e-02 1.655500000000004190e-03 -8.278249999999987008e-03 1.281293589018302903e+01
4.867549999999999932e-01 3.384110000000000174e-01 -9.933999999999998387e-03 -1.986749999999998240e-02 3.311250000000001692e-03 -2.500000000071889161e-07 6.002751227994330918e+00
4.801320000000000032e-01 3.251660000000000106e-01 -9.933999999999998387e-03 -1.655650000000000177e-02 2.499999999933111283e-07 -2.500000000071889161e-07 9.200527537646798837e-04
4.668869999999999965e-01 3.052980000000000138e-01 -9.933500000000011765e-03 -1.986799999999999677e-02 3.311499999999995003e-03 1.655749999999997502e-03 4.502286235649630264e+00
4.602649999999999797e-01 2.854300000000000170e-01 -3.311000000000008381e-03 -1.324500000000000677e-02 4.966750000000005882e-03 9.933999999999998387e-03 1.292592668574673809e+01
4.602649999999999797e-01 2.788080000000000003e-01 0.000000000000000000e+00 0.000000000000000000e+00 1.655500000000004190e-03 1.158925000000000927e-02 0.000000000000000000e+00
4.602649999999999797e-01 2.854300000000000170e-01 0.000000000000000000e+00 9.933500000000011765e-03 0.000000000000000000e+00 6.622749999999996695e-03 0.000000000000000000e+00
4.602649999999999797e-01 2.986750000000000238e-01 0.000000000000000000e+00 1.324549999999999339e-02 -1.655749999999997502e-03 3.311499999999995003e-03 9.437523580360867470e+00
4.602649999999999797e-01 3.119210000000000038e-01 -3.311499999999995003e-03 1.655650000000000177e-02 -3.311250000000001692e-03 3.311000000000008381e-03 9.111575869109602266e+00
4.536419999999999897e-01 3.317880000000000273e-01 -6.622500000000003384e-03 1.986750000000001015e-02 -1.655500000000004190e-03 -1.387778780781445676e-17 3.581018015411289834e+00
4.470199999999999729e-01 3.516560000000000241e-01 -6.622500000000003384e-03 1.655649999999997402e-02 1.387778780781445676e-17 -4.967000000000013071e-03 5.801312446718645432e+00
4.403969999999999829e-01 3.649009999999999754e-01 -6.622499999999975628e-03 9.933499999999984009e-03 -3.311249999999987814e-03 -4.966999999999985316e-03 3.866045411261367093e+01
4.337750000000000217e-01 3.715229999999999921e-01 -1.324499999999997901e-02 6.622500000000003384e-03 -4.967000000000013071e-03 -3.310999999999994503e-03 2.363453283780368963e+01
4.139070000000000249e-01 3.781459999999999821e-01 -1.655650000000000177e-02 3.311499999999995003e-03 -1.655500000000018068e-03 -3.311250000000001692e-03 1.252835230386319054e+01
4.006620000000000181e-01 3.781459999999999821e-01 -1.655600000000001515e-02 0.000000000000000000e+00 2.499999999933111283e-07 -6.622749999999996695e-03 2.416170212443039489e+01
3.807949999999999946e-01 3.781459999999999821e-01 -1.655600000000001515e-02 -9.933999999999998387e-03 3.311000000000008381e-03 -1.158949999999998870e-02 3.122802380113956744e+01
3.675499999999999878e-01 3.582779999999999854e-01 -9.933999999999998387e-03 -2.317899999999997740e-02 4.966750000000005882e-03 -4.966749999999992005e-03 1.025500710062030763e+01
3.609269999999999978e-01 3.317880000000000273e-01 -6.622500000000003384e-03 -1.986749999999998240e-02 1.655749999999997502e-03 -1.387778780781445676e-17 3.581558791312132062e+00
3.543049999999999811e-01 3.185430000000000206e-01 -6.622500000000003384e-03 -2.317900000000000515e-02 1.655500000000004190e-03 -4.967000000000013071e-03 5.087266624506206369e+00
3.476819999999999911e-01 2.854300000000000170e-01 -3.311499999999995003e-03 -2.980150000000000854e-02 4.966999999999999194e-03 -1.655500000000004190e-03 5.693998416879169078e+00
3.476819999999999911e-01 2.589400000000000035e-01 3.311499999999995003e-03 -2.649000000000001354e-02 4.966999999999999194e-03 3.311500000000001942e-03 7.491951652294265074e+00
3.543049999999999811e-01 2.324499999999999900e-01 6.622500000000003384e-03 -2.317850000000000465e-02 1.655500000000004190e-03 4.967000000000006132e-03 5.087511915341828228e+00
3.609269999999999978e-01 2.125829999999999942e-01 6.622500000000003384e-03 -1.655600000000000127e-02 2.499999999933111283e-07 4.966749999999998944e-03 5.802203580401236849e+00
3.675499999999999878e-01 1.993379999999999874e-01 6.622999999999990006e-03 -1.324500000000000677e-02 4.999999999866222566e-07 3.310999999999994503e-03 6.754675528118397665e+00
