3.013250000000000095e-01 3.582779999999999854e-01 0.000000000000000000e+00 6.622999999999990006e-03 0.000000000000000000e+00 -4.999999999866222566e-07 -0.000000000000000000e+00
3.013250000000000095e-01 3.649009999999999754e-01 0.000000000000000000e+00 6.622500000000003384e-03 0.000000000000000000e+00 1.655250000000010879e-03 0.000000000000000000e+00
3.013250000000000095e-01 3.715229999999999921e-01 0.000000000000000000e+00 9.933500000000011765e-03 0.000000000000000000e+00 3.311250000000001692e-03 0.000000000000000000e+00
3.013250000000000095e-01 3.847679999999999989e-01 0.000000000000000000e+00 1.324500000000000677e-02 1.655500000000004190e-03 2.499999999933111283e-07 -9.436811058996328327e+00
3.013250000000000095e-01 3.980130000000000057e-01 3.311000000000008381e-03 9.933999999999998387e-03 4.966749999999992005e-03 -1.655500000000004190e-03 -4.774762793935095573e+01
3.079470000000000263e-01 4.046359999999999957e-01 9.933499999999984009e-03 9.933999999999998387e-03 6.622749999999982817e-03 3.311000000000008381e-03 -1.186639722496451377e+01
3.211919999999999775e-01 4.178810000000000024e-01 1.655649999999997402e-02 1.655600000000001515e-02 3.311500000000008881e-03 -2.499999999933111283e-07 -4.271516055848863402e+00
3.410599999999999743e-01 4.377480000000000260e-01 1.655650000000000177e-02 9.933500000000011765e-03 -3.311499999999981125e-03 -6.622250000000010073e-03 -1.066248627229925283e+01
3.543049999999999811e-01 4.377480000000000260e-01 9.933500000000011765e-03 3.311499999999995003e-03 -1.655749999999997502e-03 -3.311000000000008381e-03 -2.387273226544473204e+01
3.609269999999999978e-01 4.443710000000000160e-01 1.324500000000000677e-02 3.311499999999995003e-03 3.311499999999995003e-03 -1.655749999999997502e-03 -1.292688343007655405e+01
3.807949999999999946e-01 4.443710000000000160e-01 1.655650000000000177e-02 0.000000000000000000e+00 -1.655749999999997502e-03 -3.311499999999995003e-03 -1.208057740753139697e+01
3.940400000000000014e-01 4.443710000000000160e-01 9.933500000000011765e-03 -3.311499999999995003e-03 -3.311499999999995003e-03 -4.966999999999999194e-03 -5.252938482488006144e+01
4.006620000000000181e-01 4.377480000000000260e-01 9.933500000000011765e-03 -9.933999999999998387e-03 2.499999999933111283e-07 -4.966750000000005882e-03 -1.779377369589483138e+01
4.139070000000000249e-01 4.245030000000000192e-01 9.933999999999998387e-03 -1.324500000000000677e-02 -1.655500000000018068e-03 -4.966750000000005882e-03 -1.570324761274671843e+01
4.205300000000000149e-01 4.112580000000000124e-01 6.622499999999975628e-03 -1.986750000000001015e-02 -1.655749999999997502e-03 -6.622500000000003384e-03 -8.356609995794363144e+00
4.271519999999999762e-01 3.847679999999999989e-01 6.622500000000003384e-03 -2.649000000000001354e-02 -1.655499999999976435e-03 1.655750000000011379e-03 -1.615515994230093400e+00
4.337750000000000217e-01 3.582779999999999854e-01 3.311500000000022759e-03 -1.655599999999998739e-02 -1.655750000000011379e-03 8.278250000000014763e-03 1.720061462204942556e-04
4.337750000000000217e-01 3.516560000000000241e-01 3.310999999999980625e-03 -9.933499999999984009e-03 -2.500000000210667039e-07 3.310999999999994503e-03 9.547362308968322608e+00
4.403969999999999829e-01 3.384110000000000174e-01 3.310999999999980625e-03 -9.933999999999998387e-03 -1.655499999999990313e-03 4.966749999999992005e-03 -7.209474357597907669e-04
4.403969999999999829e-01 3.317880000000000273e-01 0.000000000000000000e+00 0.000000000000000000e+00 -1.655499999999990313e-03 9.933999999999998387e-03 0.000000000000000000e+00
4.403969999999999829e-01 3.384110000000000174e-01 0.000000000000000000e+00 9.933999999999998387e-03 -1.655499999999990313e-03 8.277999999999993697e-03 1.677570860370199668e+01
4.403969999999999829e-01 3.516560000000000241e-01 -3.310999999999980625e-03 1.655599999999998739e-02 -1.655499999999990313e-03 1.655499999999990313e-03 4.555834218815142833e+00
4.337750000000000217e-01 3.715229999999999921e-01 -3.310999999999980625e-03 1.324499999999997901e-02 1.655499999999990313e-03 -1.655499999999990313e-03 -6.462638015012013959e+00
4.337750000000000217e-01 3.781459999999999821e-01 0.000000000000000000e+00 1.324500000000000677e-02 3.310999999999980625e-03 1.387778780781445676e-17 -1.887362211799250034e+01
4.337750000000000217e-01 3.980130000000000057e-01 3.310999999999980625e-03 1.324500000000000677e-02 3.311249999999987814e-03 0.000000000000000000e+00 -1.723456888158165512e+01
4.403969999999999829e-01 4.046359999999999957e-01 6.622499999999975628e-03 1.324500000000000677e-02 2.500000000071889161e-07 0.000000000000000000e+00 -1.019696817606492549e-03
4.470199999999999729e-01 4.245030000000000192e-01 3.311499999999995003e-03 1.324500000000000677e-02 1.387778780781445676e-17 -3.311250000000001692e-03 -4.308852703628119230e+00
4.470199999999999729e-01 4.311260000000000092e-01 6.622500000000003384e-03 6.622500000000003384e-03 6.622250000000010073e-03 -4.966999999999999194e-03 -9.342570935466942217e+01
4.602649999999999797e-01 4.377480000000000260e-01 1.655600000000001515e-02 3.311000000000008381e-03 3.311250000000001692e-03 -3.311250000000001692e-03 -1.366819064107528803e+01
4.801320000000000032e-01 4.377480000000000260e-01 1.324500000000000677e-02 0.000000000000000000e+00 -1.655249999999997002e-03 -3.311000000000008381e-03 -1.887362211799265665e+01
4.867549999999999932e-01 4.377480000000000260e-01 1.324550000000002115e-02 -3.311000000000008381e-03 3.311250000000001692e-03 -4.966750000000005882e-03 -2.154156549630222983e+01
5.066230000000000455e-01 4.311260000000000092e-01 1.986750000000001015e-02 -9.933500000000011765e-03 -2.500000000349444917e-07 -4.966999999999999194e-03 -9.004512058508128192e+00
5.264900000000000135e-01 4.178810000000000024e-01 1.324499999999995126e-02 -1.324500000000000677e-02 -4.966750000000005882e-03 -4.966999999999999194e-03 -2.002001079237118475e+01
5.331129999999999480e-01 4.046359999999999957e-01 9.933999999999998387e-03 -1.986750000000001015e-02 2.775557561562891351e-17 -9.933749999999991198e-03 -9.004013535501812271e+00
5.463580000000000103e-01 3.781459999999999821e-01 1.324500000000000677e-02 -3.311249999999998916e-02 -1.655750000000011379e-03 -4.966999999999985316e-03 -2.659099543326892690e+00
5.596029999999999616e-01 3.384110000000000174e-01 6.622499999999975628e-03 -2.980149999999998078e-02 -4.966999999999999194e-03 -2.500000000071889161e-07 -5.202623802984579271e+00
5.596029999999999616e-01 3.185430000000000206e-01 3.311000000000008381e-03 -3.311300000000000354e-02 -3.311249999999987814e-03 -6.622500000000017262e-03 -3.570168462553612088e+00
5.662249999999999783e-01 2.721850000000000103e-01 0.000000000000000000e+00 -4.304650000000001531e-02 -8.278000000000007574e-03 2.500000000002500222e-07 -4.467347440812432957e+00
5.596029999999999616e-01 2.324499999999999900e-01 -1.324500000000000677e-02 -3.311250000000000304e-02 -9.933749999999991198e-03 6.622750000000010573e-03 -9.185611917132421311e+00
5.397349999999999648e-01 2.059600000000000042e-01 -1.986749999999998240e-02 -2.980099999999999416e-02 -1.655499999999976435e-03 4.966999999999999194e-03 -3.221556212808569075e+00
5.198679999999999968e-01 1.728480000000000016e-01 -1.655599999999995964e-02 -2.317850000000000465e-02 -2.500000000071889161e-07 6.622249999999996195e-03 -4.744346509245676025e+00
5.066230000000000455e-01 1.596029999999999949e-01 -1.986799999999999677e-02 -1.655650000000000177e-02 -6.622750000000038328e-03 3.311000000000001442e-03 -1.014172879977729558e+01
4.801320000000000032e-01 1.397349999999999981e-01 -2.980150000000003629e-02 -1.655650000000000177e-02 -4.966499999999998693e-03 4.966999999999999194e-03 -5.811062326428315217e+00
4.470199999999999729e-01 1.264899999999999913e-01 -2.980099999999999416e-02 -6.622500000000003384e-03 2.775557561562891351e-17 6.622750000000003634e-03 -6.937057779043287908e+00
4.205300000000000149e-01 1.264899999999999913e-01 -2.980149999999998078e-02 -3.310999999999994503e-03 3.310999999999994503e-03 3.311250000000001692e-03 -3.253718193546272452e+00
3.874170000000000114e-01 1.198680000000000023e-01 -2.317900000000000515e-02 0.000000000000000000e+00 6.622749999999982817e-03 4.966749999999998944e-03 -9.244488988649845140e+00
3.741720000000000046e-01 1.264899999999999913e-01 -1.655600000000001515e-02 6.622500000000003384e-03 4.966999999999999194e-03 4.966999999999999194e-03 -2.030596047098778101e+01
3.543049999999999811e-01 1.331130000000000091e-01 -1.324500000000000677e-02 9.933999999999998387e-03 3.311000000000008381e-03 3.311249999999994753e-03 -1.691121779259480107e+01
3.476819999999999911e-01 1.463579999999999881e-01 -9.933999999999998387e-03 1.324499999999999289e-02 3.311250000000001692e-03 3.311000000000001442e-03 -1.691121779259482949e+01
3.344369999999999843e-01 1.596029999999999949e-01 -6.622500000000003384e-03 1.655600000000000127e-02 4.966999999999999194e-03 3.311250000000001692e-03 -1.837194127644306008e+01
3.344369999999999843e-01 1.794699999999999906e-01 0.000000000000000000e+00 1.986749999999999627e-02 4.966999999999999194e-03 2.500000000002500222e-07 -1.258368147388428149e+01
3.344369999999999843e-01 1.993379999999999874e-01 3.311499999999995003e-03 1.655650000000000177e-02 4.966999999999999194e-03 -1.655749999999997502e-03 -1.822366765976923020e+01
3.410599999999999743e-01 2.125829999999999942e-01 9.933999999999998387e-03 1.655600000000000127e-02 4.966750000000005882e-03 -2.500000000002500222e-07 -1.142489799499617931e+01
3.543049999999999811e-01 2.324499999999999900e-01 1.324500000000000677e-02 1.655600000000000127e-02 3.311000000000008381e-03 -3.311000000000001442e-03 -1.035262100385505768e+01
3.675499999999999878e-01 2.456949999999999967e-01 1.655600000000001515e-02 9.933999999999998387e-03 1.655500000000004190e-03 -6.622250000000003134e-03 -1.751743316521424276e+01
3.874170000000000114e-01 2.523179999999999867e-01 1.655600000000001515e-02 3.311499999999995003e-03 -1.655500000000004190e-03 -4.966999999999999194e-03 -1.594651788652162239e+01
4.006620000000000181e-01 2.523179999999999867e-01 1.324500000000000677e-02 0.000000000000000000e+00 -1.655500000000018068e-03 -4.966999999999992255e-03 -2.831328331623954853e+01
4.139070000000000249e-01 2.523179999999999867e-01 1.324499999999997901e-02 -6.622499999999989506e-03 -1.387778780781445676e-17 -6.622499999999996445e-03 -2.701176869761930632e+01
4.271519999999999762e-01 2.390730000000000077e-01 1.324499999999997901e-02 -1.324499999999999289e-02 1.387778780781445676e-17 -4.967000000000006132e-03 -1.001025731528448759e+01
4.403969999999999829e-01 2.258280000000000010e-01 1.324500000000000677e-02 -1.655650000000000177e-02 -1.655499999999990313e-03 -1.655750000000004440e-03 -5.176458791424029648e+00
4.536419999999999897e-01 2.059600000000000042e-01 9.933999999999998387e-03 -1.655650000000000177e-02 -3.311250000000001692e-03 1.655749999999997502e-03 -5.331202553976933878e+00
4.602649999999999797e-01 1.927149999999999974e-01 6.622500000000003384e-03 -1.324500000000000677e-02 -3.311499999999995003e-03 1.655750000000004440e-03 -1.013017803422034468e+01
4.668869999999999965e-01 1.794699999999999906e-01 3.311000000000008381e-03 -1.324499999999999289e-02 -3.311250000000001692e-03 1.655750000000004440e-03 -1.508024778366423924e+01
4.668869999999999965e-01 1.662250000000000116e-01 0.000000000000000000e+00 -9.933499999999997887e-03 -1.655500000000004190e-03 3.311249999999994753e-03 -1.677739744759442431e+01
4.668869999999999965e-01 1.596029999999999949e-01 0.000000000000000000e+00 -6.622500000000003384e-03 0.000000000000000000e+00 -2.500000000002500222e-07 0.000000000000000000e+00
4.668869999999999965e-01 1.529800000000000049e-01 0.000000000000000000e+00 -9.933999999999998387e-03 0.000000000000000000e+00 -1.655499999999997252e-03 0.000000000000000000e+00
4.668869999999999965e-01 1.397349999999999981e-01 0.000000000000000000e+00 -9.933499999999997887e-03 0.000000000000000000e+00 1.656000000000004690e-03 0.000000000000000000e+00
4.668869999999999965e-01 1.331130000000000091e-01 0.000000000000000000e+00 -6.621999999999989006e-03 0.000000000000000000e+00 3.311500000000008881e-03 0.000000000000000000e+00
