5.331129999999999480e-01 1.728480000000000016e-01 0.000000000000000000e+00 6.621999999999989006e-03 0.000000000000000000e+00 5.000000000143778323e-07 0.000000000000000000e+00
5.331129999999999480e-01 1.794699999999999906e-01 0.000000000000000000e+00 6.622500000000003384e-03 -1.655749999999983624e-03 2.500000000071889161e-07 3.775294451448620237e+01
5.331129999999999480e-01 1.860930000000000084e-01 -3.311499999999967248e-03 6.622500000000003384e-03 -3.311249999999987814e-03 -6.938893903907228378e-18 5.402109012288008216e+01
5.264900000000000135e-01 1.927149999999999974e-01 -6.622499999999975628e-03 6.622499999999989506e-03 -3.311000000000008381e-03 0.000000000000000000e+00 2.669133237037024031e+01
5.198679999999999968e-01 1.993379999999999874e-01 -9.933499999999984009e-03 6.622500000000003384e-03 -1.655750000000011379e-03 6.938893903907228378e-18 6.443895497366077585e+00
5.066230000000000455e-01 2.059600000000000042e-01 -9.933999999999998387e-03 6.622500000000003384e-03 -2.500000000210667039e-07 -1.655500000000004190e-03 9.664589611720003859e+00
5.000000000000000000e-01 2.125829999999999942e-01 -9.934000000000026143e-03 3.311499999999995003e-03 0.000000000000000000e+00 -4.966999999999999194e-03 4.297373040917283049e+01
4.867549999999999932e-01 2.125829999999999942e-01 -9.933999999999998387e-03 -3.311499999999995003e-03 1.387778780781445676e-17 -4.966999999999999194e-03 4.297373040917307918e+01
4.801320000000000032e-01 2.059600000000000042e-01 -9.933999999999998387e-03 -6.622500000000003384e-03 -1.655500000000004190e-03 -1.655500000000004190e-03 3.221367715750200755e+00
4.668869999999999965e-01 1.993379999999999874e-01 -1.324500000000000677e-02 -6.622500000000003384e-03 2.499999999933111283e-07 -1.655749999999997502e-03 6.753961871222346147e+00
4.536419999999999897e-01 1.927149999999999974e-01 -9.933500000000011765e-03 -9.933999999999998387e-03 4.966999999999999194e-03 -3.311249999999994753e-03 2.965987237261780152e+01
4.470199999999999729e-01 1.794699999999999906e-01 -3.311000000000008381e-03 -1.324499999999999289e-02 3.311000000000008381e-03 -1.655499999999997252e-03 1.938726348755523077e+01
4.470199999999999729e-01 1.662250000000000116e-01 -3.311499999999995003e-03 -1.324499999999999289e-02 -2.499999999933111283e-07 1.655749999999990563e-03 -2.155890189940655954e+00
4.403969999999999829e-01 1.529800000000000049e-01 -3.311499999999995003e-03 -9.933500000000011765e-03 1.655749999999997502e-03 1.655749999999997502e-03 9.550534975243820668e+00
4.403969999999999829e-01 1.463579999999999881e-01 0.000000000000000000e+00 -9.933499999999997887e-03 3.311499999999995003e-03 -2.499999999933111283e-07 3.355986206445709996e+01
4.403969999999999829e-01 1.331130000000000091e-01 3.311499999999995003e-03 -9.933999999999998387e-03 6.622500000000003384e-03 -2.500000000037194692e-07 5.729614421387175582e+01
4.470199999999999729e-01 1.264899999999999913e-01 1.324500000000000677e-02 -9.934000000000005326e-03 6.622250000000010073e-03 1.655750000000000971e-03 1.932770537792525190e+01
4.668869999999999965e-01 1.132449999999999984e-01 1.655600000000001515e-02 -6.622499999999996445e-03 -1.655500000000004190e-03 4.967000000000002663e-03 1.257046772397128009e+01
4.801320000000000032e-01 1.132449999999999984e-01 9.933999999999998387e-03 0.000000000000000000e+00 -1.655249999999997002e-03 4.966999999999999194e-03 5.033219247030401533e+01
4.867549999999999932e-01 1.132449999999999984e-01 1.324550000000002115e-02 3.311500000000001942e-03 1.655499999999990313e-03 3.311249999999998223e-03 1.507888925220317411e+01
5.066230000000000455e-01 1.198680000000000023e-01 1.324499999999997901e-02 6.622499999999996445e-03 -3.311500000000022759e-03 1.655500000000000721e-03 1.350588434880969402e+01
5.132449999999999513e-01 1.264899999999999913e-01 6.622499999999975628e-03 6.622500000000003384e-03 -4.966749999999978127e-03 3.469446951953614189e-18 4.003901390834653995e+01
5.198679999999999968e-01 1.331130000000000091e-01 3.311500000000022759e-03 6.622500000000003384e-03 -1.655749999999983624e-03 -6.938893903907228378e-18 2.701258436268990337e+01
5.198679999999999968e-01 1.397349999999999981e-01 3.311000000000008381e-03 6.622499999999989506e-03 -2.500000000071889161e-07 0.000000000000000000e+00 4.078972039950960228e-03
5.264900000000000135e-01 1.463579999999999881e-01 3.311000000000008381e-03 6.622500000000003384e-03 -1.655500000000004190e-03 6.938893903907228378e-18 2.701095284777858652e+01
5.264900000000000135e-01 1.529800000000000049e-01 0.000000000000000000e+00 6.622500000000003384e-03 -1.655500000000004190e-03 -3.311250000000001692e-03 3.774724423598531331e+01
5.264900000000000135e-01 1.596029999999999949e-01 0.000000000000000000e+00 0.000000000000000000e+00 0.000000000000000000e+00 -6.622500000000003384e-03 0.000000000000000000e+00
5.264900000000000135e-01 1.529800000000000049e-01 0.000000000000000000e+00 -6.622500000000003384e-03 0.000000000000000000e+00 -3.311250000000001692e-03 0.000000000000000000e+00
5.264900000000000135e-01 1.463579999999999881e-01 0.000000000000000000e+00 -6.622500000000003384e-03 0.000000000000000000e+00 6.938893903907228378e-18 0.000000000000000000e+00
5.264900000000000135e-01 1.397349999999999981e-01 0.000000000000000000e+00 -6.622499999999989506e-03 1.655749999999983624e-03 0.000000000000000000e+00 3.775294451448636579e+01
5.264900000000000135e-01 1.331130000000000091e-01 3.311499999999967248e-03 -6.622500000000003384e-03 3.311249999999987814e-03 1.655499999999990313e-03 6.752636257661605157e+01
5.331129999999999480e-01 1.264899999999999913e-01 6.622499999999975628e-03 -3.311500000000008881e-03 3.311000000000036136e-03 1.655750000000004440e-03 5.402312927016344446e+01
5.397349999999999648e-01 1.264899999999999913e-01 9.933500000000039520e-03 -3.310999999999994503e-03 1.655750000000011379e-03 2.500000000071889161e-07 4.777647067628658206e+00
5.529800000000000271e-01 1.198680000000000023e-01 9.933999999999998387e-03 -3.310999999999994503e-03 3.311499999999967248e-03 4.966749999999998944e-03 5.252318375369105041e+01
5.596029999999999616e-01 1.198680000000000023e-01 1.655649999999997402e-02 6.622500000000003384e-03 4.966750000000019760e-03 6.622249999999996195e-03 1.353576304697566712e+01
5.860929999999999751e-01 1.331130000000000091e-01 1.986750000000003791e-02 9.933499999999997887e-03 -1.655749999999983624e-03 3.311249999999994753e-03 7.503457913705060101e+00
5.993380000000000374e-01 1.397349999999999981e-01 1.324500000000000677e-02 1.324499999999999289e-02 -4.967000000000026949e-03 4.966999999999999194e-03 2.002051463056903202e+01
6.125829999999999886e-01 1.596029999999999949e-01 9.933499999999984009e-03 1.986749999999999627e-02 -1.655750000000011379e-03 4.966750000000005882e-03 7.503382385169834912e+00
6.192050000000000054e-01 1.794699999999999906e-01 9.933499999999984009e-03 2.317850000000000465e-02 2.500000000071889161e-07 3.311250000000001692e-03 2.050769297965040483e+00
6.324499999999999567e-01 2.059600000000000042e-01 9.933999999999998387e-03 2.648999999999999966e-02 -1.655499999999976435e-03 9.933999999999998387e-03 6.294599355354686843e+00
6.390730000000000022e-01 2.324499999999999900e-01 6.622500000000031140e-03 4.304650000000000143e-02 -3.311499999999995003e-03 8.278250000000007824e-03 2.389083401729188427e+00
6.456950000000000189e-01 2.920530000000000070e-01 3.311000000000008381e-03 4.304650000000001531e-02 -4.966750000000019760e-03 -9.933749999999998137e-03 2.248058832355975589e+00
6.456950000000000189e-01 3.185430000000000206e-01 -3.311000000000008381e-03 2.317900000000000515e-02 -4.966750000000019760e-03 -6.622500000000017262e-03 1.067679092080378922e+01
6.390730000000000022e-01 3.384110000000000174e-01 -6.622500000000031140e-03 2.980149999999998078e-02 -3.311499999999995003e-03 3.310999999999994503e-03 2.697885237411201675e+00
6.324499999999999567e-01 3.781459999999999821e-01 -9.933999999999998387e-03 2.980099999999999416e-02 -1.655499999999976435e-03 -6.622749999999982817e-03 3.713984798085464334e+00
6.192050000000000054e-01 3.980130000000000057e-01 -9.933499999999984009e-03 1.655600000000001515e-02 2.500000000071889161e-07 -8.277999999999993697e-03 1.142443454184041762e+01
6.125829999999999886e-01 4.112580000000000124e-01 -9.933499999999984009e-03 1.324500000000000677e-02 -3.311499999999995003e-03 -1.655500000000004190e-03 1.328875922799074694e+01
5.993380000000000374e-01 4.245030000000000192e-01 -1.655649999999997402e-02 1.324500000000000677e-02 -3.311500000000022759e-03 -1.655500000000004190e-03 7.477280844010179450e+00
5.794700000000000406e-01 4.377480000000000260e-01 -1.655650000000002953e-02 9.933999999999998387e-03 1.655749999999983624e-03 -4.966750000000005882e-03 9.139056514175548429e+00
5.662249999999999783e-01 4.443710000000000160e-01 -1.324500000000000677e-02 3.311499999999995003e-03 1.655750000000011379e-03 -4.966999999999999194e-03 2.369722603182760778e+01
5.529800000000000271e-01 4.443710000000000160e-01 -1.324500000000000677e-02 0.000000000000000000e+00 0.000000000000000000e+00 -1.655749999999997502e-03 9.438236128621628751e+00
5.397349999999999648e-01 4.443710000000000160e-01 -1.324500000000000677e-02 0.000000000000000000e+00 1.655750000000011379e-03 -1.655749999999997502e-03 9.438236128621628751e+00
5.264900000000000135e-01 4.443710000000000160e-01 -9.933499999999984009e-03 -3.311499999999995003e-03 3.311249999999987814e-03 -4.966999999999999194e-03 5.252866370324219503e+01
5.198679999999999968e-01 4.377480000000000260e-01 -6.622500000000031140e-03 -9.933999999999998387e-03 1.655500000000004190e-03 -6.622250000000010073e-03 3.543358577364738693e+01
5.132449999999999513e-01 4.245030000000000192e-01 -6.622499999999975628e-03 -1.655600000000001515e-02 1.655750000000039135e-03 -1.655500000000004190e-03 6.768702155918384200e+00
5.066230000000000455e-01 4.046359999999999957e-01 -3.310999999999952870e-03 -1.324500000000000677e-02 3.311249999999987814e-03 4.966750000000005882e-03 1.077225614531018039e+01
5.066230000000000455e-01 3.980130000000000057e-01 0.000000000000000000e+00 -6.622500000000003384e-03 1.655499999999976435e-03 3.311250000000001692e-03 3.774724423598468093e+01
5.066230000000000455e-01 3.913909999999999889e-01 0.000000000000000000e+00 -6.622500000000003384e-03 0.000000000000000000e+00 3.311250000000001692e-03 0.000000000000000000e+00
5.066230000000000455e-01 3.847679999999999989e-01 0.000000000000000000e+00 0.000000000000000000e+00 -1.655750000000011379e-03 4.966999999999999194e-03 0.000000000000000000e+00
5.066230000000000455e-01 3.913909999999999889e-01 -3.311500000000022759e-03 3.311499999999995003e-03 -1.655750000000011379e-03 3.311250000000001692e-03 -5.337460485100847762e+01
5.000000000000000000e-01 3.913909999999999889e-01 -3.311500000000022759e-03 6.622500000000003384e-03 1.655750000000011379e-03 3.311000000000008381e-03 -5.402312927016286181e+01
5.000000000000000000e-01 4.046359999999999957e-01 0.000000000000000000e+00 9.933500000000011765e-03 1.387778780781445676e-17 0.000000000000000000e+00 -1.406421997856128770e-13
5.000000000000000000e-01 4.112580000000000124e-01 -3.311499999999995003e-03 6.622500000000003384e-03 -3.311250000000001692e-03 -1.655500000000004190e-03 6.752636257661615105e+01
4.933770000000000100e-01 4.178810000000000024e-01 -6.622500000000003384e-03 6.622500000000003384e-03 -3.311000000000008381e-03 1.655500000000004190e-03 1.334566618518501713e+01
4.867549999999999932e-01 4.245030000000000192e-01 -9.933500000000011765e-03 9.933500000000011765e-03 -1.655749999999997502e-03 1.655749999999997502e-03 0.000000000000000000e+00
4.735099999999999865e-01 4.377480000000000260e-01 -9.933999999999998387e-03 9.933999999999998387e-03 -2.499999999933111283e-07 -1.655500000000018068e-03 5.932004323712840588e+00
4.668869999999999965e-01 4.443710000000000160e-01 -9.933999999999998387e-03 6.622499999999975628e-03 -1.655500000000004190e-03 -1.655749999999997502e-03 1.610732511667110955e+01
4.536419999999999897e-01 4.509929999999999772e-01 -1.324500000000000677e-02 6.622500000000003384e-03 -3.310999999999994503e-03 -1.655499999999976435e-03 1.350486465199190178e+01
4.403969999999999829e-01 4.576160000000000228e-01 -1.655599999999998739e-02 3.311500000000022759e-03 -1.655499999999990313e-03 -4.967000000000013071e-03 1.822456728687347649e+01
4.205300000000000149e-01 4.576160000000000228e-01 -1.655599999999998739e-02 -3.311500000000022759e-03 -2.500000000071889161e-07 -6.622750000000010573e-03 2.278083809372319735e+01
4.072850000000000081e-01 4.509929999999999772e-01 -1.655650000000000177e-02 -9.933999999999998387e-03 -1.655750000000011379e-03 -6.622249999999982317e-03 1.294691047437407327e+01
3.874170000000000114e-01 4.377480000000000260e-01 -1.986750000000001015e-02 -1.655599999999998739e-02 3.311499999999995003e-03 -3.311000000000008381e-03 6.972813707308705311e+00
3.675499999999999878e-01 4.178810000000000024e-01 -9.933500000000011765e-03 -1.655600000000001515e-02 8.278000000000007574e-03 -2.500000000071889161e-07 1.904221942721945382e+01
3.675499999999999878e-01 4.046359999999999957e-01 -3.311499999999995003e-03 -1.655650000000000177e-02 3.311000000000008381e-03 -4.966999999999985316e-03 1.480568733881552923e+01
3.609269999999999978e-01 3.847679999999999989e-01 -3.311499999999995003e-03 -2.648999999999998578e-02 3.311499999999995003e-03 -4.966749999999992005e-03 5.475088555137817004e+00
3.609269999999999978e-01 3.516560000000000241e-01 3.311499999999995003e-03 -2.648999999999998578e-02 6.622749999999996695e-03 -2.500000000071889161e-07 9.220846830287007023e+00
3.675499999999999878e-01 3.317880000000000273e-01 9.933999999999998387e-03 -2.649050000000000016e-02 8.278000000000007574e-03 -3.311250000000015570e-03 8.230894921719933421e+00
3.807949999999999946e-01 2.986750000000000238e-01 1.986750000000001015e-02 -3.311250000000001692e-02 4.966750000000005882e-03 1.655999999999990813e-03 3.427515738755302799e+00
4.072850000000000081e-01 2.655629999999999935e-01 1.986750000000001015e-02 -2.317850000000001853e-02 -3.311250000000001692e-03 1.158925000000000927e-02 5.395244025422794465e+00
4.205300000000000149e-01 2.523179999999999867e-01 1.324500000000000677e-02 -9.933999999999998387e-03 -1.387778780781445676e-17 6.622250000000010073e-03 1.932679337192574209e+01
4.337750000000000217e-01 2.456949999999999967e-01 1.986749999999998240e-02 -9.933999999999998387e-03 3.311249999999987814e-03 2.500000000002500222e-07 3.001791036909564614e+00
4.602649999999999797e-01 2.324499999999999900e-01 1.986749999999998240e-02 -9.933499999999997887e-03 -3.311249999999987814e-03 1.656000000000004690e-03 7.553423815263948880e-04
4.735099999999999865e-01 2.258280000000000010e-01 1.324500000000000677e-02 -6.621999999999989006e-03 -6.622499999999975628e-03 3.311500000000008881e-03 2.039486020031331705e-03
