5.331129999999999480e-01 3.384110000000000174e-01 -6.622999999999934495e-03 6.621999999999961251e-03 3.311499999999967248e-03 5.000000000421334079e-07 -2.669737835263076775e+01
5.264900000000000135e-01 3.450329999999999786e-01 -3.311499999999967248e-03 6.622500000000003384e-03 1.655999999999963057e-03 3.311500000000022759e-03 -5.403128678309911948e+01
5.264900000000000135e-01 3.516560000000000241e-01 -3.311000000000008381e-03 1.324500000000000677e-02 2.499999999794333405e-07 3.311249999999987814e-03 -4.309618130298003003e+00
5.198679999999999968e-01 3.715229999999999921e-01 -3.311000000000008381e-03 1.324499999999997901e-02 -2.500000000071889161e-07 -1.655500000000004190e-03 2.155297032380696809e+00
5.198679999999999968e-01 3.781459999999999821e-01 -3.311500000000022759e-03 9.933999999999998387e-03 -2.500000000071889161e-07 -1.655749999999983624e-03 4.777502566756814950e+00
5.132449999999999513e-01 3.913909999999999889e-01 -3.311500000000022759e-03 9.933500000000011765e-03 1.655750000000011379e-03 -2.499999999933111283e-07 -1.432580246286581804e+01
5.132449999999999513e-01 3.980130000000000057e-01 0.000000000000000000e+00 9.933500000000011765e-03 1.655750000000011379e-03 1.655749999999997502e-03 -1.677993103222864235e+01
5.132449999999999513e-01 4.112580000000000124e-01 0.000000000000000000e+00 1.324500000000000677e-02 0.000000000000000000e+00 2.499999999933111283e-07 0.000000000000000000e+00
5.132449999999999513e-01 4.245030000000000192e-01 0.000000000000000000e+00 9.933999999999998387e-03 1.655750000000011379e-03 -3.311250000000001692e-03 -1.677824193330107860e+01
5.132449999999999513e-01 4.311260000000000092e-01 3.311500000000022759e-03 6.622500000000003384e-03 1.655750000000011379e-03 -1.655749999999997502e-03 -4.051989627164460472e+01
5.198679999999999968e-01 4.377480000000000260e-01 3.311500000000022759e-03 6.622500000000003384e-03 -2.500000000071889161e-07 -1.387778780781445676e-17 4.078602500787737416e-03
5.198679999999999968e-01 4.443710000000000160e-01 3.311000000000008381e-03 6.622499999999975628e-03 1.655499999999976435e-03 0.000000000000000000e+00 -2.701095284777823480e+01
5.264900000000000135e-01 4.509929999999999772e-01 6.622499999999975628e-03 6.622500000000003384e-03 3.311499999999995003e-03 -1.655499999999976435e-03 -4.004102926113787930e+01
5.331129999999999480e-01 4.576160000000000228e-01 9.933999999999998387e-03 3.311500000000022759e-03 1.655500000000031946e-03 -3.311250000000001692e-03 -3.342305119979978656e+01
5.463580000000000103e-01 4.576160000000000228e-01 9.933500000000039520e-03 0.000000000000000000e+00 -1.655750000000011379e-03 -1.655750000000011379e-03 -1.677993103222854998e+01
5.529800000000000271e-01 4.576160000000000228e-01 6.622499999999975628e-03 0.000000000000000000e+00 2.499999999794333405e-07 -1.655750000000011379e-03 -3.775294451448715449e+01
5.596029999999999616e-01 4.576160000000000228e-01 9.933999999999998387e-03 -3.311500000000022759e-03 1.655500000000031946e-03 -3.311250000000001692e-03 -2.387381403771741262e+01
5.728480000000000238e-01 4.509929999999999772e-01 9.933500000000039520e-03 -6.622500000000003384e-03 -1.655750000000011379e-03 -1.655499999999976435e-03 -1.610803608668965126e+01
5.794700000000000406e-01 4.443710000000000160e-01 6.622499999999975628e-03 -6.622499999999975628e-03 -3.311000000000036136e-03 -1.655749999999997502e-03 -4.003901390834705154e+01
5.860929999999999751e-01 4.377480000000000260e-01 3.311499999999967248e-03 -9.933999999999998387e-03 -3.311249999999987814e-03 -1.655500000000018068e-03 -3.342305119979971550e+01
5.860929999999999751e-01 4.245030000000000192e-01 0.000000000000000000e+00 -9.933500000000011765e-03 -1.655749999999983624e-03 2.499999999933111283e-07 -1.677993103222836169e+01
5.860929999999999751e-01 4.178810000000000024e-01 0.000000000000000000e+00 -9.933500000000011765e-03 0.000000000000000000e+00 -4.966999999999999194e-03 0.000000000000000000e+00
5.860929999999999751e-01 4.046359999999999957e-01 0.000000000000000000e+00 -1.986750000000001015e-02 0.000000000000000000e+00 -3.311499999999995003e-03 0.000000000000000000e+00
5.860929999999999751e-01 3.781459999999999821e-01 0.000000000000000000e+00 -1.655650000000000177e-02 0.000000000000000000e+00 6.622500000000003384e-03 0.000000000000000000e+00
5.860929999999999751e-01 3.715229999999999921e-01 0.000000000000000000e+00 -6.622500000000003384e-03 0.000000000000000000e+00 4.966999999999999194e-03 0.000000000000000000e+00
5.860929999999999751e-01 3.649009999999999754e-01 0.000000000000000000e+00 -6.622500000000003384e-03 0.000000000000000000e+00 1.387778780781445676e-17 0.000000000000000000e+00
5.860929999999999751e-01 3.582779999999999854e-01 0.000000000000000000e+00 -6.622499999999975628e-03 0.000000000000000000e+00 3.311250000000001692e-03 0.000000000000000000e+00
5.860929999999999751e-01 3.516560000000000241e-01 0.000000000000000000e+00 0.000000000000000000e+00 0.000000000000000000e+00 6.622499999999975628e-03 0.000000000000000000e+00
5.860929999999999751e-01 3.582779999999999854e-01 0.000000000000000000e+00 6.622499999999975628e-03 0.000000000000000000e+00 3.311250000000001692e-03 0.000000000000000000e+00
5.860929999999999751e-01 3.649009999999999754e-01 0.000000000000000000e+00 6.622500000000003384e-03 1.655500000000004190e-03 1.387778780781445676e-17 -3.774724423598531331e+01
5.860929999999999751e-01 3.715229999999999921e-01 3.311000000000008381e-03 6.622500000000003384e-03 3.311250000000015570e-03 0.000000000000000000e+00 -5.402598466759700813e+01
5.927149999999999919e-01 3.781459999999999821e-01 6.622500000000031140e-03 6.622500000000003384e-03 1.655750000000011379e-03 1.655500000000004190e-03 -2.015352791482444023e-03
5.993380000000000374e-01 3.847679999999999989e-01 6.622500000000031140e-03 9.933500000000011765e-03 -2.775557561562891351e-17 1.655749999999997502e-03 6.443895497366191272e+00
6.059600000000000541e-01 3.980130000000000057e-01 6.622499999999975628e-03 9.933999999999998387e-03 -2.775557561562891351e-17 -1.655500000000004190e-03 -6.442249040481716982e+00
6.125829999999999886e-01 4.046359999999999957e-01 6.622499999999975628e-03 6.622500000000003384e-03 2.775557561562891351e-17 -1.655749999999997502e-03 -1.334768153797669932e+01
6.192050000000000054e-01 4.112580000000000124e-01 6.622500000000031140e-03 6.622500000000003384e-03 1.655750000000011379e-03 0.000000000000000000e+00 -1.334768153797647194e+01
6.258280000000000509e-01 4.178810000000000024e-01 9.933999999999998387e-03 6.622500000000003384e-03 1.655499999999976435e-03 0.000000000000000000e+00 -6.442249040481772937e+00
6.390730000000000022e-01 4.245030000000000192e-01 9.933499999999984009e-03 6.622500000000003384e-03 -2.500000000071889161e-07 -1.655500000000004190e-03 -9.663167632129576745e+00
6.456950000000000189e-01 4.311260000000000092e-01 9.933499999999984009e-03 3.311499999999995003e-03 2.500000000071889161e-07 -1.655749999999997502e-03 -1.432724470614203938e+01
6.589399999999999702e-01 4.311260000000000092e-01 9.933999999999998387e-03 3.311000000000008381e-03 -1.655499999999976435e-03 -2.499999999933111283e-07 4.771950859418296886e+00
6.655630000000000157e-01 4.377480000000000260e-01 6.622500000000031140e-03 3.311000000000008381e-03 -2.500000000071889161e-07 -1.655500000000004190e-03 -2.700891351573997312e+01
6.721850000000000325e-01 4.377480000000000260e-01 9.933499999999984009e-03 0.000000000000000000e+00 1.655749999999983624e-03 -3.311000000000008381e-03 -3.355479489518895519e+01
6.854299999999999837e-01 4.377480000000000260e-01 9.933999999999998387e-03 -3.311000000000008381e-03 -1.655499999999976435e-03 -1.655500000000004190e-03 -1.909789757274595345e+01
6.920530000000000292e-01 4.311260000000000092e-01 6.622500000000031140e-03 -3.311000000000008381e-03 -1.655750000000011379e-03 -2.499999999933111283e-07 -1.351057506194810820e+01
6.986750000000000460e-01 4.311260000000000092e-01 6.622499999999975628e-03 -3.311499999999995003e-03 -1.655500000000031946e-03 -3.311499999999995003e-03 -6.753044117911751698e+01
7.052979999999999805e-01 4.245030000000000192e-01 3.311499999999967248e-03 -9.933999999999998387e-03 -1.655499999999976435e-03 -4.966750000000005882e-03 -2.864771159511282406e+01
7.052979999999999805e-01 4.112580000000000124e-01 3.311500000000022759e-03 -1.324500000000000677e-02 2.775557561562891351e-17 -4.966750000000005882e-03 -6.463116395845762696e+00
7.119210000000000260e-01 3.980130000000000057e-01 3.311500000000022759e-03 -1.986750000000001015e-02 -1.655750000000011379e-03 -4.966749999999992005e-03 -6.038713736446748470e+00
7.119210000000000260e-01 3.715229999999999921e-01 0.000000000000000000e+00 -2.317849999999999078e-02 -1.655750000000011379e-03 1.387778780781445676e-17 -3.081939503236299949e+00
7.119210000000000260e-01 3.516560000000000241e-01 0.000000000000000000e+00 -1.986749999999998240e-02 0.000000000000000000e+00 -3.311500000000008881e-03 0.000000000000000000e+00
7.119210000000000260e-01 3.317880000000000273e-01 0.000000000000000000e+00 -2.980150000000000854e-02 0.000000000000000000e+00 -3.311250000000015570e-03 0.000000000000000000e+00
7.119210000000000260e-01 2.920530000000000070e-01 0.000000000000000000e+00 -2.649000000000001354e-02 0.000000000000000000e+00 6.622500000000003384e-03 0.000000000000000000e+00
7.119210000000000260e-01 2.788080000000000003e-01 0.000000000000000000e+00 -1.655650000000000177e-02 -1.655750000000011379e-03 6.938893903907228378e-18 -6.040288703765749112e+00
7.119210000000000260e-01 2.589400000000000035e-01 -3.311500000000022759e-03 -2.648999999999999966e-02 -3.311499999999995003e-03 -3.311000000000001442e-03 -4.034335321339271196e+00
7.052979999999999805e-01 2.258280000000000010e-01 -6.622999999999990006e-03 -2.317850000000000465e-02 -1.655499999999976435e-03 6.622499999999996445e-03 -5.870310262159497583e+00
6.986750000000000460e-01 2.125829999999999942e-01 -6.622499999999975628e-03 -1.324500000000000677e-02 2.499999999794333405e-07 4.966750000000005882e-03 -1.012813864058529845e+01
6.920530000000000292e-01 1.993379999999999874e-01 -6.622500000000031140e-03 -1.324499999999999289e-02 -1.655750000000011379e-03 -1.655749999999990563e-03 -3.376726011406836037e+00
6.854299999999999837e-01 1.860930000000000084e-01 -9.933999999999998387e-03 -1.655649999999998789e-02 -3.311249999999987814e-03 -6.938893903907228378e-18 -7.616282951197565154e+00
6.721850000000000325e-01 1.662250000000000116e-01 -1.324500000000000677e-02 -1.324500000000000677e-02 -3.311000000000008381e-03 3.311499999999988064e-03 -1.334667386158071700e+01
6.589399999999999702e-01 1.596029999999999949e-01 -1.655600000000001515e-02 -9.933500000000011765e-03 -1.655499999999976435e-03 3.311250000000001692e-03 -9.901728676056420042e+00
6.390730000000000022e-01 1.463579999999999881e-01 -1.655599999999995964e-02 -6.622500000000003384e-03 1.655500000000004190e-03 3.311000000000008381e-03 -7.734762719087090233e+00
6.258280000000000509e-01 1.463579999999999881e-01 -1.324500000000000677e-02 -3.311499999999995003e-03 -1.655750000000039135e-03 1.655500000000004190e-03 -1.077099324013594916e+01
6.125829999999999886e-01 1.397349999999999981e-01 -1.986750000000003791e-02 -3.311499999999995003e-03 -3.311249999999987814e-03 1.655749999999997502e-03 -5.367790573419434885e+00
5.860929999999999751e-01 1.397349999999999981e-01 -1.986749999999998240e-02 0.000000000000000000e+00 2.775557561562891351e-17 3.311499999999995003e-03 -8.389543225441475016e+00
5.728480000000000238e-01 1.397349999999999981e-01 -1.986749999999998240e-02 3.311499999999995003e-03 1.655499999999976435e-03 3.311250000000001692e-03 -8.722001165247652565e+00
5.463580000000000103e-01 1.463579999999999881e-01 -1.655650000000002953e-02 6.622500000000003384e-03 3.311249999999987814e-03 1.655500000000004190e-03 -8.701457677210923336e+00
5.397349999999999648e-01 1.529800000000000049e-01 -1.324500000000000677e-02 6.622500000000003384e-03 1.655750000000011379e-03 0.000000000000000000e+00 -3.376726011406813832e+00
5.198679999999999968e-01 1.596029999999999949e-01 -1.324500000000000677e-02 6.622500000000003384e-03 3.311250000000015570e-03 1.655499999999997252e-03 -1.350537450040081922e+01
5.132449999999999513e-01 1.662250000000000116e-01 -6.622499999999975628e-03 9.933499999999997887e-03 4.967000000000026949e-03 3.311249999999994753e-03 -4.188215860363372656e+01
5.066230000000000455e-01 1.794699999999999906e-01 -3.310999999999952870e-03 1.324499999999999289e-02 3.311249999999987814e-03 1.655750000000004440e-03 -1.938888997949919002e+01
5.066230000000000455e-01 1.927149999999999974e-01 0.000000000000000000e+00 1.324500000000000677e-02 1.655499999999976435e-03 1.655750000000004440e-03 -9.436811058996170232e+00
5.066230000000000455e-01 2.059600000000000042e-01 0.000000000000000000e+00 1.655650000000000177e-02 1.655499999999976435e-03 -6.938893903907228378e-18 -6.039376686748594736e+00
5.066230000000000455e-01 2.258280000000000010e-01 3.310999999999952870e-03 1.324499999999999289e-02 6.622499999999975628e-03 -3.311500000000001942e-03 -3.877777995899836583e+01
5.132449999999999513e-01 2.324499999999999900e-01 1.324499999999995126e-02 9.933499999999997887e-03 4.967000000000026949e-03 -1.655499999999997252e-03 -1.570410126662317651e+01
5.331129999999999480e-01 2.456949999999999967e-01 1.324500000000000677e-02 9.933999999999998387e-03 -3.311249999999960059e-03 -3.311000000000001442e-03 -2.415028353696884178e+00
5.397349999999999648e-01 2.523179999999999867e-01 6.622500000000031140e-03 3.311499999999995003e-03 -1.655500000000004190e-03 -4.966999999999999194e-03 -6.752840203183377810e+01
5.463580000000000103e-01 2.523179999999999867e-01 9.933999999999998387e-03 0.000000000000000000e+00 4.966749999999992005e-03 -3.311499999999995003e-03 -3.355648386660187299e+01
5.596029999999999616e-01 2.523179999999999867e-01 1.655600000000001515e-02 -3.311499999999995003e-03 1.655500000000004190e-03 -3.311249999999994753e-03 -1.025105037334979485e+01
5.794700000000000406e-01 2.456949999999999967e-01 1.324500000000000677e-02 -6.622499999999989506e-03 -4.966750000000019760e-03 -4.966749999999998944e-03 -3.038747501220844072e+01
5.860929999999999751e-01 2.390730000000000077e-01 6.622499999999975628e-03 -1.324499999999999289e-02 -3.311249999999987814e-03 -4.967000000000006132e-03 -2.363555253462119765e+01
5.927149999999999919e-01 2.192050000000000110e-01 6.622500000000031140e-03 -1.655650000000000177e-02 -1.655499999999976435e-03 -6.938893903907228378e-18 -4.834013376990004218e+00
5.993380000000000374e-01 2.059600000000000042e-01 3.311500000000022759e-03 -1.324500000000000677e-02 -3.311250000000015570e-03 2.500000000002500222e-07 -1.723378431678938227e+01
5.993380000000000374e-01 1.927149999999999974e-01 0.000000000000000000e+00 -1.655600000000000127e-02 -1.655750000000011379e-03 6.938893903907228378e-18 -6.040653549133817357e+00
5.993380000000000374e-01 1.728480000000000016e-01 0.000000000000000000e+00 -1.324499999999999289e-02 -1.655750000000011379e-03 3.311000000000001442e-03 -9.438236128621730003e+00
5.993380000000000374e-01 1.662250000000000116e-01 -3.311500000000022759e-03 -9.933999999999998387e-03 -1.655750000000011379e-03 1.655749999999990563e-03 -1.910063739510109926e+01
5.927149999999999919e-01 1.529800000000000049e-01 -3.311500000000022759e-03 -9.933500000000011765e-03 1.655750000000011379e-03 1.655749999999997502e-03 9.550534975243879288e+00
5.927149999999999919e-01 1.463579999999999881e-01 0.000000000000000000e+00 -6.622500000000003384e-03 1.655750000000011379e-03 1.655500000000011129e-03 3.775294451448683475e+01
5.927149999999999919e-01 1.397349999999999981e-01 0.000000000000000000e+00 -6.622499999999989506e-03 0.000000000000000000e+00 2.500000000071889161e-07 0.000000000000000000e+00
5.927149999999999919e-01 1.331130000000000091e-01 0.000000000000000000e+00 -6.621999999999989006e-03 0.000000000000000000e+00 5.000000000005000445e-07 0.000000000000000000e+00
