3.741720000000000046e-01 1.860930000000000084e-01 0.000000000000000000e+00 6.621999999999989006e-03 0.000000000000000000e+00 5.000000000005000445e-07 0.000000000000000000e+00
3.741720000000000046e-01 1.927149999999999974e-01 0.000000000000000000e+00 6.622499999999989506e-03 0.000000000000000000e+00 2.500000000071889161e-07 0.000000000000000000e+00
3.741720000000000046e-01 1.993379999999999874e-01 0.000000000000000000e+00 6.622500000000003384e-03 0.000000000000000000e+00 6.938893903907228378e-18 0.000000000000000000e+00
3.741720000000000046e-01 2.059600000000000042e-01 0.000000000000000000e+00 6.622500000000003384e-03 0.000000000000000000e+00 0.000000000000000000e+00 0.000000000000000000e+00
3.741720000000000046e-01 2.125829999999999942e-01 0.000000000000000000e+00 6.622500000000003384e-03 0.000000000000000000e+00 0.000000000000000000e+00 0.000000000000000000e+00
3.741720000000000046e-01 2.192050000000000110e-01 0.000000000000000000e+00 6.622500000000003384e-03 0.000000000000000000e+00 -6.938893903907228378e-18 -0.000000000000000000e+00
3.741720000000000046e-01 2.258280000000000010e-01 0.000000000000000000e+00 6.622499999999989506e-03 0.000000000000000000e+00 0.000000000000000000e+00 0.000000000000000000e+00
3.741720000000000046e-01 2.324499999999999900e-01 0.000000000000000000e+00 6.622500000000003384e-03 1.655749999999997502e-03 6.938893903907228378e-18 -3.775294451448651500e+01
3.741720000000000046e-01 2.390730000000000077e-01 3.311499999999995003e-03 6.622500000000003384e-03 1.655749999999997502e-03 -6.938893903907228378e-18 -2.701258436269038299e+01
3.807949999999999946e-01 2.456949999999999967e-01 3.311499999999995003e-03 6.622499999999989506e-03 -2.499999999933111283e-07 -1.655500000000004190e-03 -1.350119385123557336e+01
3.807949999999999946e-01 2.523179999999999867e-01 3.311000000000008381e-03 3.311499999999995003e-03 -2.499999999933111283e-07 -1.655749999999990563e-03 -5.337863266579028476e+01
3.874170000000000114e-01 2.523179999999999867e-01 3.311000000000008381e-03 3.311000000000008381e-03 2.499999999933111283e-07 1.655500000000004190e-03 5.338266382766808249e+01
3.874170000000000114e-01 2.589400000000000035e-01 3.311499999999995003e-03 6.622500000000003384e-03 1.655749999999997502e-03 2.499999999933111283e-07 -2.701054490747235448e+01
3.940400000000000014e-01 2.655629999999999935e-01 6.622500000000003384e-03 3.311499999999995003e-03 -2.499999999933111283e-07 -1.655749999999997502e-03 -2.701054490747235448e+01
4.006620000000000181e-01 2.655629999999999935e-01 3.311000000000008381e-03 3.311000000000008381e-03 -1.655500000000004190e-03 1.655500000000004190e-03 1.067814529124955811e+02
4.006620000000000181e-01 2.721850000000000103e-01 3.311499999999995003e-03 6.622500000000003384e-03 1.655749999999997502e-03 2.499999999933111283e-07 -2.701054490747235448e+01
4.072850000000000081e-01 2.788080000000000003e-01 6.622500000000003384e-03 3.311499999999995003e-03 -2.499999999933111283e-07 -1.655749999999997502e-03 -2.701054490747235448e+01
4.139070000000000249e-01 2.788080000000000003e-01 3.311000000000008381e-03 3.311000000000008381e-03 -1.655500000000004190e-03 -2.499999999933111283e-07 5.338266382766808249e+01
4.139070000000000249e-01 2.854300000000000170e-01 3.311499999999995003e-03 3.311000000000008381e-03 1.655749999999983624e-03 -1.655500000000004190e-03 -1.067733893710502429e+02
4.205300000000000149e-01 2.854300000000000170e-01 6.622499999999975628e-03 0.000000000000000000e+00 1.655500000000004190e-03 -3.311000000000008381e-03 -7.549448847197128032e+01
4.271519999999999762e-01 2.854300000000000170e-01 6.622500000000003384e-03 -3.311000000000008381e-03 -1.655499999999976435e-03 -3.311250000000001692e-03 -6.753044142546667672e+01
4.337750000000000217e-01 2.788080000000000003e-01 3.311500000000022759e-03 -6.622500000000003384e-03 -1.655750000000011379e-03 -1.655749999999997502e-03 -4.051989627164460472e+01
4.337750000000000217e-01 2.721850000000000103e-01 3.310999999999980625e-03 -6.622500000000003384e-03 -2.500000000210667039e-07 0.000000000000000000e+00 -4.078972040177396285e-03
4.403969999999999829e-01 2.655629999999999935e-01 3.310999999999980625e-03 -6.622500000000003384e-03 -1.655499999999990313e-03 0.000000000000000000e+00 -2.701095284777843730e+01
4.403969999999999829e-01 2.589400000000000035e-01 0.000000000000000000e+00 -6.622500000000003384e-03 2.500000000071889161e-07 1.655749999999997502e-03 5.700278501520788903e-03
4.403969999999999829e-01 2.523179999999999867e-01 3.311499999999995003e-03 -3.311000000000008381e-03 1.655749999999997502e-03 1.655500000000004190e-03 1.067733893710506976e+02
4.470199999999999729e-01 2.523179999999999867e-01 3.311499999999995003e-03 -3.311499999999995003e-03 -1.655749999999997502e-03 -3.311499999999995003e-03 -1.601479951351083741e+02
4.470199999999999729e-01 2.456949999999999967e-01 0.000000000000000000e+00 -9.933999999999998387e-03 -1.655749999999997502e-03 -3.311000000000001442e-03 -1.677824193330093649e+01
4.470199999999999729e-01 2.324499999999999900e-01 0.000000000000000000e+00 -9.933499999999997887e-03 0.000000000000000000e+00 1.655750000000004440e-03 0.000000000000000000e+00
4.470199999999999729e-01 2.258280000000000010e-01 0.000000000000000000e+00 -6.622499999999989506e-03 0.000000000000000000e+00 1.655499999999997252e-03 0.000000000000000000e+00
4.470199999999999729e-01 2.192050000000000110e-01 0.000000000000000000e+00 -6.622500000000003384e-03 0.000000000000000000e+00 -6.938893903907228378e-18 0.000000000000000000e+00
4.470199999999999729e-01 2.125829999999999942e-01 0.000000000000000000e+00 -6.622500000000003384e-03 0.000000000000000000e+00 0.000000000000000000e+00 0.000000000000000000e+00
4.470199999999999729e-01 2.059600000000000042e-01 0.000000000000000000e+00 -6.622500000000003384e-03 0.000000000000000000e+00 3.311250000000001692e-03 0.000000000000000000e+00
4.470199999999999729e-01 1.993379999999999874e-01 0.000000000000000000e+00 0.000000000000000000e+00 0.000000000000000000e+00 6.622500000000003384e-03 0.000000000000000000e+00
4.470199999999999729e-01 2.059600000000000042e-01 0.000000000000000000e+00 6.622500000000003384e-03 0.000000000000000000e+00 3.311250000000001692e-03 0.000000000000000000e+00
4.470199999999999729e-01 2.125829999999999942e-01 0.000000000000000000e+00 6.622500000000003384e-03 1.655500000000004190e-03 0.000000000000000000e+00 -3.774724423598531331e+01
4.470199999999999729e-01 2.192050000000000110e-01 3.311000000000008381e-03 6.622500000000003384e-03 3.311250000000001692e-03 1.655749999999997502e-03 -4.051948857768837797e+01
4.536419999999999897e-01 2.258280000000000010e-01 6.622500000000003384e-03 9.933999999999998387e-03 1.655749999999997502e-03 1.655499999999997252e-03 -3.222827035707335863e+00
4.602649999999999797e-01 2.390730000000000077e-01 6.622500000000003384e-03 9.933499999999997887e-03 -1.655749999999997502e-03 -1.655750000000004440e-03 3.221704491019819372e+00
4.668869999999999965e-01 2.456949999999999967e-01 3.311000000000008381e-03 6.622499999999989506e-03 -1.655500000000004190e-03 -1.655499999999997252e-03 1.350649608990847561e+01
4.668869999999999965e-01 2.523179999999999867e-01 3.311499999999995003e-03 6.622500000000003384e-03 1.655749999999997502e-03 -1.655749999999990563e-03 -4.051989627164440577e+01
4.735099999999999865e-01 2.589400000000000035e-01 6.622500000000003384e-03 3.311000000000008381e-03 -2.499999999933111283e-07 -1.655500000000004190e-03 -2.700891351574024668e+01
4.801320000000000032e-01 2.589400000000000035e-01 3.311000000000008381e-03 3.311499999999995003e-03 -1.655500000000004190e-03 1.655749999999997502e-03 1.067733893710506976e+02
4.801320000000000032e-01 2.655629999999999935e-01 3.311499999999995003e-03 6.622500000000003384e-03 1.655749999999997502e-03 1.655500000000004190e-03 -1.350731190895414535e+01
4.867549999999999932e-01 2.721850000000000103e-01 6.622500000000003384e-03 6.622500000000003384e-03 1.655500000000004190e-03 -1.655500000000004190e-03 -2.669133237037003425e+01
4.933770000000000100e-01 2.788080000000000003e-01 6.622500000000003384e-03 3.311499999999995003e-03 2.500000000071889161e-07 -3.311250000000001692e-03 -5.402312957809805027e+01
5.000000000000000000e-01 2.788080000000000003e-01 6.623000000000017762e-03 0.000000000000000000e+00 -1.387778780781445676e-17 -1.655749999999997502e-03 -3.774724445115480620e+01
5.066230000000000455e-01 2.788080000000000003e-01 6.622499999999975628e-03 0.000000000000000000e+00 -2.500000000210667039e-07 0.000000000000000000e+00 0.000000000000000000e+00
5.132449999999999513e-01 2.788080000000000003e-01 6.622499999999975628e-03 0.000000000000000000e+00 -1.655499999999976435e-03 -1.655749999999997502e-03 -3.775294451448684185e+01
5.198679999999999968e-01 2.788080000000000003e-01 3.311500000000022759e-03 -3.311499999999995003e-03 -1.655749999999983624e-03 -1.655749999999997502e-03 -1.067653300900709041e+02
5.198679999999999968e-01 2.721850000000000103e-01 3.311000000000008381e-03 -3.311499999999995003e-03 -2.500000000071889161e-07 2.499999999933111283e-07 -1.217276566303341440e-06
5.264900000000000135e-01 2.721850000000000103e-01 3.311000000000008381e-03 -3.311000000000008381e-03 2.499999999794333405e-07 -1.655500000000004190e-03 -5.338266382766853724e+01
5.264900000000000135e-01 2.655629999999999935e-01 3.311499999999967248e-03 -6.622500000000003384e-03 1.655749999999983624e-03 -3.311499999999995003e-03 -2.039455217963946718e-03
5.331129999999999480e-01 2.589400000000000035e-01 6.622499999999975628e-03 -9.933999999999998387e-03 1.655500000000031946e-03 -1.655499999999997252e-03 3.221367715750429017e+00
5.397349999999999648e-01 2.456949999999999967e-01 6.622500000000031140e-03 -9.933499999999997887e-03 -1.655499999999976435e-03 1.655749999999997502e-03 -3.220245091957568917e+00
5.463580000000000103e-01 2.390730000000000077e-01 3.311500000000022759e-03 -6.622500000000003384e-03 -1.655750000000011379e-03 -2.500000000002500222e-07 -2.701462381790843281e+01
5.463580000000000103e-01 2.324499999999999900e-01 3.311000000000008381e-03 -9.933999999999998387e-03 -2.500000000071889161e-07 -1.655499999999997252e-03 -4.776276979519019861e+00
5.529800000000000271e-01 2.192050000000000110e-01 3.311000000000008381e-03 -9.933499999999997887e-03 2.499999999794333405e-07 1.655749999999997502e-03 4.777647067628445043e+00
5.529800000000000271e-01 2.125829999999999942e-01 3.311499999999967248e-03 -6.622500000000003384e-03 2.499999999794333405e-07 -2.500000000002500222e-07 2.039147282424979505e-03
5.596029999999999616e-01 2.059600000000000042e-01 3.311499999999967248e-03 -9.933999999999998387e-03 -1.655749999999983624e-03 -1.655499999999997252e-03 -1.909991637145531840e+01
5.596029999999999616e-01 1.927149999999999974e-01 0.000000000000000000e+00 -9.933499999999997887e-03 -1.655749999999983624e-03 1.655749999999997502e-03 -1.677993103222840787e+01
5.596029999999999616e-01 1.860930000000000084e-01 0.000000000000000000e+00 -6.622500000000003384e-03 0.000000000000000000e+00 1.655499999999997252e-03 0.000000000000000000e+00
5.596029999999999616e-01 1.794699999999999906e-01 0.000000000000000000e+00 -6.622500000000003384e-03 0.000000000000000000e+00 6.938893903907228378e-18 0.000000000000000000e+00
5.596029999999999616e-01 1.728480000000000016e-01 0.000000000000000000e+00 -6.622499999999989506e-03 -1.655749999999983624e-03 0.000000000000000000e+00 -3.775294451448636579e+01
5.596029999999999616e-01 1.662250000000000116e-01 -3.311499999999967248e-03 -6.622500000000003384e-03 -1.655749999999983624e-03 -6.938893903907228378e-18 -2.701258436269018048e+01
5.529800000000000271e-01 1.596029999999999949e-01 -3.311499999999967248e-03 -6.622500000000003384e-03 1.655749999999983624e-03 0.000000000000000000e+00 2.701258436269024088e+01
5.529800000000000271e-01 1.529800000000000049e-01 0.000000000000000000e+00 -6.622500000000003384e-03 2.499999999794333405e-07 1.655749999999997502e-03 5.700278500887930554e-03
5.529800000000000271e-01 1.463579999999999881e-01 -3.311000000000008381e-03 -3.311000000000008381e-03 -1.655500000000004190e-03 1.655500000000004190e-03 -1.067814529124955811e+02
5.463580000000000103e-01 1.463579999999999881e-01 -3.311000000000008381e-03 -3.311499999999995003e-03 -2.500000000071889161e-07 -2.499999999933111283e-07 -1.217276566303341440e-06
5.463580000000000103e-01 1.397349999999999981e-01 -3.311500000000022759e-03 -3.311499999999995003e-03 -2.500000000071889161e-07 2.500000000002500222e-07 -1.612038805551260084e-02
5.397349999999999648e-01 1.397349999999999981e-01 -3.311500000000022759e-03 -3.310999999999994503e-03 2.500000000071889161e-07 2.500000000002500222e-07 -1.217275895173502090e-06
5.397349999999999648e-01 1.331130000000000091e-01 -3.311000000000008381e-03 -3.310999999999994503e-03 -1.655499999999976435e-03 1.655499999999997252e-03 -1.067814529124948990e+02
5.331129999999999480e-01 1.331130000000000091e-01 -6.622499999999975628e-03 0.000000000000000000e+00 -1.655749999999983624e-03 1.655499999999997252e-03 -3.774724423598547673e+01
5.264900000000000135e-01 1.331130000000000091e-01 -6.622499999999975628e-03 0.000000000000000000e+00 -2.775557561562891351e-17 0.000000000000000000e+00 0.000000000000000000e+00
5.198679999999999968e-01 1.331130000000000091e-01 -6.622500000000031140e-03 0.000000000000000000e+00 0.000000000000000000e+00 0.000000000000000000e+00 -0.000000000000000000e+00
5.132449999999999513e-01 1.331130000000000091e-01 -6.622499999999975628e-03 0.000000000000000000e+00 2.775557561562891351e-17 0.000000000000000000e+00 -0.000000000000000000e+00
5.066230000000000455e-01 1.331130000000000091e-01 -6.622499999999975628e-03 0.000000000000000000e+00 -2.500000000210667039e-07 0.000000000000000000e+00 0.000000000000000000e+00
5.000000000000000000e-01 1.331130000000000091e-01 -6.623000000000017762e-03 0.000000000000000000e+00 -1.387778780781445676e-17 0.000000000000000000e+00 0.000000000000000000e+00
4.933770000000000100e-01 1.331130000000000091e-01 -6.622500000000003384e-03 0.000000000000000000e+00 2.500000000071889161e-07 0.000000000000000000e+00 -0.000000000000000000e+00
4.867549999999999932e-01 1.331130000000000091e-01 -6.622500000000003384e-03 0.000000000000000000e+00 1.655500000000004190e-03 1.655499999999997252e-03 -3.774724423598515699e+01
4.801320000000000032e-01 1.331130000000000091e-01 -3.311499999999995003e-03 3.310999999999994503e-03 1.655749999999997502e-03 3.311249999999994753e-03 -1.601681460763114728e+02
4.801320000000000032e-01 1.397349999999999981e-01 -3.311000000000008381e-03 6.622499999999989506e-03 2.499999999933111283e-07 1.655750000000004440e-03 -1.351057506194825564e+01
4.735099999999999865e-01 1.463579999999999881e-01 -3.311000000000008381e-03 6.622500000000003384e-03 1.655500000000004190e-03 -3.311249999999994753e-03 -5.425782796549507285e-14
4.735099999999999865e-01 1.529800000000000049e-01 0.000000000000000000e+00 0.000000000000000000e+00 1.655500000000004190e-03 -6.622500000000003384e-03 0.000000000000000000e+00
4.735099999999999865e-01 1.463579999999999881e-01 0.000000000000000000e+00 -6.622500000000003384e-03 0.000000000000000000e+00 -3.311249999999994753e-03 0.000000000000000000e+00
4.735099999999999865e-01 1.397349999999999981e-01 0.000000000000000000e+00 -6.622499999999989506e-03 0.000000000000000000e+00 0.000000000000000000e+00 0.000000000000000000e+00
4.735099999999999865e-01 1.331130000000000091e-01 0.000000000000000000e+00 -6.622500000000003384e-03 -1.655749999999997502e-03 1.655499999999990313e-03 -3.775294451448651500e+01
4.735099999999999865e-01 1.264899999999999913e-01 -3.311499999999995003e-03 -3.311500000000008881e-03 -1.655749999999997502e-03 1.655750000000004440e-03 -1.067653300900720410e+02
4.668869999999999965e-01 1.264899999999999913e-01 -3.311499999999995003e-03 -3.310999999999994503e-03 -1.655500000000004190e-03 -1.655499999999993782e-03 8.060802458606268137e-03
4.668869999999999965e-01 1.198680000000000023e-01 -6.622500000000003384e-03 -6.622499999999996445e-03 -3.311000000000008381e-03 -1.655750000000004440e-03 -1.334365083239352678e+01
4.536419999999999897e-01 1.132449999999999984e-01 -9.933500000000011765e-03 -6.622500000000003384e-03 0.000000000000000000e+00 1.655749999999997502e-03 -9.665599988385874752e+00
4.470199999999999729e-01 1.066229999999999956e-01 -6.622500000000003384e-03 -3.311000000000001442e-03 1.655500000000018068e-03 1.655500000000004190e-03 -1.350649608990833528e+01
4.403969999999999829e-01 1.066229999999999956e-01 -6.622499999999975628e-03 -3.311499999999995003e-03 0.000000000000000000e+00 -2.499999999967805753e-07 4.078602500731188900e-03
4.337750000000000217e-01 1.000000000000000056e-01 -6.622500000000003384e-03 -3.311499999999995003e-03 -1.387778780781445676e-17 1.655749999999997502e-03 -2.701258436269043628e+01
4.271519999999999762e-01 1.000000000000000056e-01 -6.622500000000003384e-03 0.000000000000000000e+00 1.387778780781445676e-17 1.655749999999997502e-03 -3.775294451448651500e+01
4.205300000000000149e-01 1.000000000000000056e-01 -6.622499999999975628e-03 0.000000000000000000e+00 0.000000000000000000e+00 0.000000000000000000e+00 -0.000000000000000000e+00
4.139070000000000249e-01 1.000000000000000056e-01 -6.622500000000003384e-03 0.000000000000000000e+00 -1.387778780781445676e-17 1.655749999999997502e-03 -3.775294451448651500e+01
4.072850000000000081e-01 1.000000000000000056e-01 -6.622500000000003384e-03 3.311499999999995003e-03 1.655500000000004190e-03 3.311249999999998223e-03 -6.752636257661609420e+01
4.006620000000000181e-01 1.066229999999999956e-01 -3.311499999999995003e-03 6.622499999999996445e-03 3.311250000000001692e-03 1.655500000000004190e-03 -6.752636257661627894e+01
4.006620000000000181e-01 1.132449999999999984e-01 0.000000000000000000e+00 6.622500000000003384e-03 1.655749999999997502e-03 0.000000000000000000e+00 -3.775294451448651500e+01
4.006620000000000181e-01 1.198680000000000023e-01 0.000000000000000000e+00 6.622499999999996445e-03 0.000000000000000000e+00 0.000000000000000000e+00 0.000000000000000000e+00
4.006620000000000181e-01 1.264899999999999913e-01 0.000000000000000000e+00 6.622500000000003384e-03 1.655749999999997502e-03 3.469446951953614189e-18 -3.775294451448651500e+01
4.006620000000000181e-01 1.331130000000000091e-01 3.311499999999995003e-03 6.622500000000003384e-03 1.655749999999997502e-03 -6.938893903907228378e-18 -2.701258436269038299e+01
4.072850000000000081e-01 1.397349999999999981e-01 3.311499999999995003e-03 6.622499999999989506e-03 -2.499999999933111283e-07 0.000000000000000000e+00 4.078602500674576199e-03
4.072850000000000081e-01 1.463579999999999881e-01 3.311000000000008381e-03 6.622500000000003384e-03 1.655500000000004190e-03 -1.655749999999990563e-03 -4.051744893768687206e+01
4.139070000000000249e-01 1.529800000000000049e-01 6.622500000000003384e-03 3.311000000000008381e-03 1.655749999999983624e-03 -1.655500000000004190e-03 -4.051744893768681521e+01
4.205300000000000149e-01 1.529800000000000049e-01 6.622499999999975628e-03 3.311499999999995003e-03 0.000000000000000000e+00 2.499999999933111283e-07 4.078602500674587475e-03
4.271519999999999762e-01 1.596029999999999949e-01 6.622500000000003384e-03 3.311499999999995003e-03 1.387778780781445676e-17 -1.655749999999997502e-03 -2.701258436269043628e+01
4.337750000000000217e-01 1.596029999999999949e-01 6.622500000000003384e-03 0.000000000000000000e+00 -1.387778780781445676e-17 -1.655749999999997502e-03 -3.775294451448651500e+01
4.403969999999999829e-01 1.596029999999999949e-01 6.622499999999975628e-03 0.000000000000000000e+00 0.000000000000000000e+00 0.000000000000000000e+00 0.000000000000000000e+00
4.470199999999999729e-01 1.596029999999999949e-01 6.622500000000003384e-03 0.000000000000000000e+00 1.387778780781445676e-17 0.000000000000000000e+00 0.000000000000000000e+00
4.536419999999999897e-01 1.596029999999999949e-01 6.622500000000003384e-03 0.000000000000000000e+00 0.000000000000000000e+00 0.000000000000000000e+00 0.000000000000000000e+00
4.602649999999999797e-01 1.596029999999999949e-01 6.622500000000003384e-03 0.000000000000000000e+00 0.000000000000000000e+00 -1.655749999999997502e-03 -3.775294451448651500e+01
4.668869999999999965e-01 1.596029999999999949e-01 6.622500000000003384e-03 -3.311499999999995003e-03 0.000000000000000000e+00 -1.655749999999997502e-03 -2.701258436269032259e+01
4.735099999999999865e-01 1.529800000000000049e-01 6.622500000000003384e-03 -3.311499999999995003e-03 -2.499999999933111283e-07 1.655749999999997502e-03 2.701054490747235448e+01
4.801320000000000032e-01 1.529800000000000049e-01 6.622000000000016762e-03 0.000000000000000000e+00 -4.999999999866222566e-07 3.311499999999995003e-03 7.551729173806342033e+01
