3.145700000000000163e-01 2.788080000000000003e-01 0.000000000000000000e+00 6.622000000000016762e-03 -3.311499999999995003e-03 4.999999999866222566e-07 7.551729173806342033e+01
3.145700000000000163e-01 2.854300000000000170e-01 -3.311499999999995003e-03 6.622500000000003384e-03 -1.655749999999997502e-03 1.655999999999990813e-03 1.350323299851821268e+01
3.079470000000000263e-01 2.920530000000000070e-01 -3.311499999999995003e-03 9.933999999999998387e-03 1.655749999999997502e-03 4.966999999999999194e-03 -2.865059558082873181e+01
3.079470000000000263e-01 3.052980000000000138e-01 0.000000000000000000e+00 1.655650000000000177e-02 1.655749999999997502e-03 3.311250000000001692e-03 -6.040288703765698486e+00
3.079470000000000263e-01 3.251660000000000106e-01 0.000000000000000000e+00 1.655650000000000177e-02 0.000000000000000000e+00 -1.655749999999997502e-03 -0.000000000000000000e+00
3.079470000000000263e-01 3.384110000000000174e-01 0.000000000000000000e+00 1.324500000000000677e-02 0.000000000000000000e+00 -3.311500000000008881e-03 -0.000000000000000000e+00
3.079470000000000263e-01 3.516560000000000241e-01 0.000000000000000000e+00 9.933499999999984009e-03 1.655749999999997502e-03 -1.655750000000011379e-03 -1.677993103222859617e+01
3.079470000000000263e-01 3.582779999999999854e-01 3.311499999999995003e-03 9.933499999999984009e-03 3.311249999999987814e-03 1.655750000000011379e-03 -2.387489541259613546e+01
3.145700000000000163e-01 3.715229999999999921e-01 6.622499999999975628e-03 1.324500000000000677e-02 3.310999999999994503e-03 2.500000000071889161e-07 -1.350435480358322060e+01
3.211919999999999775e-01 3.847679999999999989e-01 9.933499999999984009e-03 9.933999999999998387e-03 1.655750000000011379e-03 -3.311250000000001692e-03 -1.779586371392249333e+01
3.344369999999999843e-01 3.913909999999999889e-01 9.933999999999998387e-03 6.622500000000003384e-03 2.500000000071889161e-07 -1.655749999999997502e-03 -9.666048931677059031e+00
3.410599999999999743e-01 3.980130000000000057e-01 9.933999999999998387e-03 6.622500000000003384e-03 -2.499999999933111283e-07 0.000000000000000000e+00 9.728554878147838017e-04
3.543049999999999811e-01 4.046359999999999957e-01 9.933500000000011765e-03 6.622500000000003384e-03 -2.499999999933111283e-07 -1.655749999999997502e-03 -9.664627031191674433e+00
3.609269999999999978e-01 4.112580000000000124e-01 9.933500000000011765e-03 3.311000000000008381e-03 2.499999999933111283e-07 -3.311250000000001692e-03 -2.865290304376405928e+01
3.741720000000000046e-01 4.112580000000000124e-01 9.933999999999998387e-03 0.000000000000000000e+00 -1.655500000000004190e-03 -1.655500000000004190e-03 -1.677570860370213879e+01
3.807949999999999946e-01 4.112580000000000124e-01 6.622500000000003384e-03 0.000000000000000000e+00 -2.499999999933111283e-07 -1.655500000000004190e-03 -3.774724423598531331e+01
3.874170000000000114e-01 4.112580000000000124e-01 9.933500000000011765e-03 -3.311000000000008381e-03 1.655749999999997502e-03 -3.311250000000001692e-03 -2.387669817586358079e+01
4.006620000000000181e-01 4.046359999999999957e-01 9.933999999999998387e-03 -6.622500000000003384e-03 -3.311000000000008381e-03 -1.655749999999997502e-03 -2.254957415715295355e+01
4.072850000000000081e-01 3.980130000000000057e-01 3.311499999999995003e-03 -6.622500000000003384e-03 -3.311499999999995003e-03 -1.655500000000004190e-03 -6.753044117911682065e+01
4.072850000000000081e-01 3.913909999999999889e-01 3.311000000000008381e-03 -9.933500000000011765e-03 -2.499999999933111283e-07 -3.311250000000001692e-03 -9.552409844687305807e+00
4.139070000000000249e-01 3.781459999999999821e-01 3.311000000000008381e-03 -1.324500000000000677e-02 -1.655500000000004190e-03 -1.655749999999983624e-03 -1.077095493210653565e+01
4.139070000000000249e-01 3.649009999999999754e-01 0.000000000000000000e+00 -1.324499999999997901e-02 -1.655500000000004190e-03 1.387778780781445676e-17 -9.436811058996370960e+00
4.139070000000000249e-01 3.516560000000000241e-01 0.000000000000000000e+00 -1.324499999999997901e-02 0.000000000000000000e+00 1.655499999999990313e-03 0.000000000000000000e+00
4.139070000000000249e-01 3.384110000000000174e-01 0.000000000000000000e+00 -9.933999999999998387e-03 0.000000000000000000e+00 1.655499999999990313e-03 0.000000000000000000e+00
4.139070000000000249e-01 3.317880000000000273e-01 0.000000000000000000e+00 -9.933999999999998387e-03 0.000000000000000000e+00 -1.655500000000004190e-03 0.000000000000000000e+00
4.139070000000000249e-01 3.185430000000000206e-01 0.000000000000000000e+00 -1.324500000000000677e-02 0.000000000000000000e+00 3.311499999999995003e-03 0.000000000000000000e+00
4.139070000000000249e-01 3.052980000000000138e-01 0.000000000000000000e+00 -3.311000000000008381e-03 1.655749999999997502e-03 9.933750000000005076e-03 1.510345834761268407e+02
4.139070000000000249e-01 3.119210000000000038e-01 3.311499999999995003e-03 6.622500000000003384e-03 3.311249999999987814e-03 4.966750000000005882e-03 -1.350323330645324305e+01
4.205300000000000149e-01 3.185430000000000206e-01 6.622499999999975628e-03 6.622500000000003384e-03 1.655500000000004190e-03 0.000000000000000000e+00 -1.334566618518510417e+01
4.271519999999999762e-01 3.251660000000000106e-01 6.622500000000003384e-03 6.622500000000003384e-03 1.387778780781445676e-17 0.000000000000000000e+00 -1.118745535922209808e-13
4.337750000000000217e-01 3.317880000000000273e-01 6.622500000000003384e-03 6.622500000000003384e-03 1.655499999999990313e-03 -1.387778780781445676e-17 -1.334566618518501713e+01
4.403969999999999829e-01 3.384110000000000174e-01 9.933499999999984009e-03 6.622499999999975628e-03 1.655749999999997502e-03 0.000000000000000000e+00 -6.443895497366063374e+00
4.536419999999999897e-01 3.450329999999999786e-01 9.933999999999998387e-03 6.622500000000003384e-03 2.500000000071889161e-07 1.387778780781445676e-17 -9.728554877877796866e-04
4.602649999999999797e-01 3.516560000000000241e-01 9.933999999999998387e-03 6.622500000000003384e-03 -2.499999999933111283e-07 -1.655750000000011379e-03 -9.664103220701457886e+00
4.735099999999999865e-01 3.582779999999999854e-01 9.933500000000011765e-03 3.310999999999980625e-03 -2.499999999933111283e-07 -3.311250000000001692e-03 -2.865146095292241313e+01
4.801320000000000032e-01 3.582779999999999854e-01 9.933500000000011765e-03 0.000000000000000000e+00 1.656000000000004690e-03 -1.655499999999990313e-03 -1.677739744759424312e+01
4.933770000000000100e-01 3.582779999999999854e-01 1.324550000000002115e-02 0.000000000000000000e+00 2.499999999794333405e-07 0.000000000000000000e+00 0.000000000000000000e+00
5.066230000000000455e-01 3.582779999999999854e-01 9.933999999999970631e-03 0.000000000000000000e+00 -2.500000000349444917e-07 -1.655499999999990313e-03 -1.677570860370209260e+01
5.132449999999999513e-01 3.582779999999999854e-01 1.324499999999995126e-02 -3.310999999999980625e-03 1.655500000000018068e-03 -3.311250000000001692e-03 -1.508057306240477935e+01
5.331129999999999480e-01 3.516560000000000241e-01 1.324500000000000677e-02 -6.622500000000003384e-03 -3.311249999999960059e-03 -1.655750000000011379e-03 -1.350639419721834145e+01
5.397349999999999648e-01 3.450329999999999786e-01 6.622500000000031140e-03 -6.622500000000003384e-03 -3.311249999999987814e-03 -1.655499999999990313e-03 -4.003901390834605678e+01
5.463580000000000103e-01 3.384110000000000174e-01 6.622500000000031140e-03 -9.933499999999984009e-03 -1.655750000000011379e-03 -3.311250000000001692e-03 -2.255241802592388822e+01
5.529800000000000271e-01 3.251660000000000106e-01 3.311000000000008381e-03 -1.324500000000000677e-02 -3.311250000000015570e-03 -1.656000000000004690e-03 -1.938921525823970526e+01
5.529800000000000271e-01 3.119210000000000038e-01 0.000000000000000000e+00 -1.324549999999999339e-02 -1.655500000000004190e-03 -4.966999999999999194e-03 -9.436098618322498410e+00
5.529800000000000271e-01 2.986750000000000238e-01 0.000000000000000000e+00 -2.317900000000000515e-02 0.000000000000000000e+00 -4.966500000000012571e-03 0.000000000000000000e+00
5.529800000000000271e-01 2.655629999999999935e-01 0.000000000000000000e+00 -2.317850000000001853e-02 -1.655500000000004190e-03 3.311250000000001692e-03 -3.081474164341029720e+00
5.529800000000000271e-01 2.523179999999999867e-01 -3.311000000000008381e-03 -1.655650000000000177e-02 -3.311250000000015570e-03 3.311000000000015320e-03 -1.366717196752174068e+01
5.463580000000000103e-01 2.324499999999999900e-01 -6.622500000000031140e-03 -1.655649999999998789e-02 -1.655750000000011379e-03 -1.655499999999997252e-03 -2.901167216226359091e+00
5.397349999999999648e-01 2.192050000000000110e-01 -6.622500000000031140e-03 -1.986749999999999627e-02 2.775557561562891351e-17 -1.655500000000011129e-03 1.193672671803830854e+00
5.331129999999999480e-01 1.927149999999999974e-01 -6.622499999999975628e-03 -1.986750000000001015e-02 2.775557561562891351e-17 4.966999999999999194e-03 -3.581378532678431093e+00
5.264900000000000135e-01 1.794699999999999906e-01 -6.622499999999975628e-03 -9.933499999999997887e-03 -1.655500000000004190e-03 1.655750000000004440e-03 -1.610803608668992126e+01
5.198679999999999968e-01 1.728480000000000016e-01 -9.933499999999984009e-03 -1.655600000000000127e-02 -1.655750000000011379e-03 -3.311500000000001942e-03 7.616979742551180932e-01
5.066230000000000455e-01 1.463579999999999881e-01 -9.933999999999998387e-03 -1.655650000000000177e-02 -2.500000000210667039e-07 3.311000000000001442e-03 -4.570045781335024593e+00
5.000000000000000000e-01 1.397349999999999981e-01 -9.934000000000026143e-03 -9.933999999999998387e-03 0.000000000000000000e+00 3.311500000000001942e-03 -1.186400864742559058e+01
4.867549999999999932e-01 1.264899999999999913e-01 -9.933999999999998387e-03 -9.933499999999997887e-03 1.655750000000011379e-03 1.655750000000000971e-03 -2.985933257528301387e-04
4.801320000000000032e-01 1.198680000000000023e-01 -6.622500000000003384e-03 -6.622499999999996445e-03 -1.655500000000004190e-03 1.655499999999997252e-03 -2.669133237037000583e+01
4.735099999999999865e-01 1.132449999999999984e-01 -1.324500000000000677e-02 -6.622500000000003384e-03 -3.311250000000001692e-03 1.655749999999997502e-03 -1.350639419721836987e+01
4.536419999999999897e-01 1.066229999999999956e-01 -1.324500000000000677e-02 -3.311000000000001442e-03 3.311250000000001692e-03 3.311250000000001692e-03 -1.292625196448718050e+01
4.470199999999999729e-01 1.066229999999999956e-01 -6.622500000000003384e-03 0.000000000000000000e+00 -1.655749999999983624e-03 1.655500000000000721e-03 -3.774724423598523515e+01
4.403969999999999829e-01 1.066229999999999956e-01 -1.655649999999997402e-02 0.000000000000000000e+00 -6.622499999999989506e-03 0.000000000000000000e+00 0.000000000000000000e+00
4.139070000000000249e-01 1.066229999999999956e-01 -1.986749999999998240e-02 0.000000000000000000e+00 3.311499999999981125e-03 1.655500000000000721e-03 -4.194138248442816241e+00
4.006620000000000181e-01 1.066229999999999956e-01 -9.933500000000011765e-03 3.311000000000001442e-03 1.655749999999983624e-03 3.311250000000001692e-03 -3.342766582082278148e+01
3.940400000000000014e-01 1.132449999999999984e-01 -1.655600000000001515e-02 6.622500000000003384e-03 -3.311499999999995003e-03 1.655749999999997502e-03 -9.669365878652567137e-01
3.675499999999999878e-01 1.198680000000000023e-01 -1.655650000000000177e-02 6.622499999999996445e-03 1.655500000000004190e-03 0.000000000000000000e+00 -1.933576153723120195e+00
3.609269999999999978e-01 1.264899999999999913e-01 -1.324500000000000677e-02 6.622500000000003384e-03 3.311499999999995003e-03 3.469446951953614189e-18 -6.753452022813585920e+00
3.410599999999999743e-01 1.331130000000000091e-01 -9.933500000000011765e-03 6.622500000000003384e-03 4.966750000000005882e-03 -6.938893903907228378e-18 -1.932974057770963583e+01
3.410599999999999743e-01 1.397349999999999981e-01 -3.311499999999995003e-03 6.622499999999989506e-03 1.655500000000018068e-03 1.655749999999997502e-03 -4.051581766914417670e+01
3.344369999999999843e-01 1.463579999999999881e-01 -6.622499999999975628e-03 9.933999999999998387e-03 2.500000000071889161e-07 1.655500000000011129e-03 -6.443708360439095451e+00
3.278150000000000230e-01 1.596029999999999949e-01 -3.310999999999980625e-03 9.933500000000011765e-03 3.311249999999987814e-03 -1.655749999999997502e-03 -2.387669817586356302e+01
3.278150000000000230e-01 1.662250000000000116e-01 0.000000000000000000e+00 6.622500000000003384e-03 3.310999999999980625e-03 2.499999999933111283e-07 -7.549448847197000134e+01
3.278150000000000230e-01 1.728480000000000016e-01 3.310999999999980625e-03 9.933999999999998387e-03 4.966749999999992005e-03 3.311249999999994753e-03 -3.342456523350946895e+01
3.344369999999999843e-01 1.860930000000000084e-01 9.933499999999984009e-03 1.324499999999999289e-02 3.311500000000008881e-03 -2.500000000002500222e-07 -9.665563714855553101e+00
3.476819999999999911e-01 1.993379999999999874e-01 9.933999999999998387e-03 9.933499999999997887e-03 -1.655499999999990313e-03 -4.966999999999992255e-03 -1.186520294183001134e+01
3.543049999999999811e-01 2.059600000000000042e-01 6.622500000000003384e-03 3.311000000000008381e-03 -2.499999999933111283e-07 -3.311000000000001442e-03 -5.401986636351865911e+01
3.609269999999999978e-01 2.059600000000000042e-01 9.933500000000011765e-03 3.311499999999995003e-03 4.966999999999999194e-03 2.499999999933111283e-07 -1.432508155899047075e+01
3.741720000000000046e-01 2.125829999999999942e-01 1.655650000000000177e-02 3.311499999999995003e-03 1.655749999999997502e-03 -1.655749999999997502e-03 -6.834240834157244038e+00
3.940400000000000014e-01 2.125829999999999942e-01 1.324500000000000677e-02 0.000000000000000000e+00 -3.311499999999995003e-03 -3.311499999999995003e-03 -1.887647225724325750e+01
4.006620000000000181e-01 2.125829999999999942e-01 9.933500000000011765e-03 -3.311499999999995003e-03 -1.387778780781445676e-17 -4.966999999999999194e-03 -4.297740760636008162e+01
4.139070000000000249e-01 2.059600000000000042e-01 1.324499999999997901e-02 -9.933999999999998387e-03 -1.655500000000018068e-03 -3.311000000000001442e-03 -1.328676002741629247e+01
4.271519999999999762e-01 1.927149999999999974e-01 6.622499999999975628e-03 -9.933499999999997887e-03 -4.966749999999978127e-03 1.655749999999997502e-03 -2.254998566966742501e+01
4.271519999999999762e-01 1.860930000000000084e-01 3.311500000000022759e-03 -6.622500000000003384e-03 -1.655499999999976435e-03 1.655499999999997252e-03 -1.350323330645289310e+01
4.337750000000000217e-01 1.794699999999999906e-01 3.311500000000022759e-03 -6.622500000000003384e-03 -1.655750000000011379e-03 -1.655499999999997252e-03 -4.051785681642657977e+01
4.337750000000000217e-01 1.728480000000000016e-01 0.000000000000000000e+00 -9.933499999999997887e-03 -1.655750000000011379e-03 -3.311250000000001692e-03 -1.677993103222868854e+01
4.337750000000000217e-01 1.596029999999999949e-01 0.000000000000000000e+00 -1.324500000000000677e-02 0.000000000000000000e+00 -2.500000000002500222e-07 0.000000000000000000e+00
4.337750000000000217e-01 1.463579999999999881e-01 0.000000000000000000e+00 -9.933999999999998387e-03 0.000000000000000000e+00 3.311250000000008631e-03 0.000000000000000000e+00
4.337750000000000217e-01 1.397349999999999981e-01 0.000000000000000000e+00 -6.622499999999989506e-03 0.000000000000000000e+00 1.655749999999997502e-03 0.000000000000000000e+00
4.337750000000000217e-01 1.331130000000000091e-01 0.000000000000000000e+00 -6.622500000000003384e-03 0.000000000000000000e+00 -6.938893903907228378e-18 0.000000000000000000e+00
4.337750000000000217e-01 1.264899999999999913e-01 0.000000000000000000e+00 -6.622500000000003384e-03 0.000000000000000000e+00 3.469446951953614189e-18 0.000000000000000000e+00
4.337750000000000217e-01 1.198680000000000023e-01 0.000000000000000000e+00 -6.622499999999996445e-03 -1.655750000000011379e-03 0.000000000000000000e+00 -3.775294451448692001e+01
4.337750000000000217e-01 1.132449999999999984e-01 -3.311500000000022759e-03 -6.622500000000003384e-03 -1.655750000000011379e-03 0.000000000000000000e+00 -2.701258436269041141e+01
4.271519999999999762e-01 1.066229999999999956e-01 -3.311500000000022759e-03 -6.622499999999996445e-03 1.655750000000011379e-03 -2.499999999933111283e-07 2.701462381790842571e+01
4.271519999999999762e-01 1.000000000000000056e-01 0.000000000000000000e+00 -6.622999999999990006e-03 3.311500000000022759e-03 -4.999999999935611505e-07 7.549448890231087717e+01
