3.211919999999999775e-01 3.781459999999999821e-01 0.000000000000000000e+00 6.622000000000016762e-03 0.000000000000000000e+00 4.999999999866222566e-07 0.000000000000000000e+00
3.211919999999999775e-01 3.847679999999999989e-01 0.000000000000000000e+00 6.622500000000003384e-03 0.000000000000000000e+00 2.499999999933111283e-07 0.000000000000000000e+00
3.211919999999999775e-01 3.913909999999999889e-01 0.000000000000000000e+00 6.622500000000003384e-03 0.000000000000000000e+00 0.000000000000000000e+00 0.000000000000000000e+00
3.211919999999999775e-01 3.980130000000000057e-01 0.000000000000000000e+00 6.622500000000003384e-03 0.000000000000000000e+00 0.000000000000000000e+00 0.000000000000000000e+00
3.211919999999999775e-01 4.046359999999999957e-01 0.000000000000000000e+00 6.622500000000003384e-03 0.000000000000000000e+00 0.000000000000000000e+00 0.000000000000000000e+00
3.211919999999999775e-01 4.112580000000000124e-01 0.000000000000000000e+00 6.622500000000003384e-03 0.000000000000000000e+00 0.000000000000000000e+00 0.000000000000000000e+00
3.211919999999999775e-01 4.178810000000000024e-01 0.000000000000000000e+00 6.622500000000003384e-03 1.655750000000011379e-03 -1.655749999999997502e-03 -3.775294451448683475e+01
3.211919999999999775e-01 4.245030000000000192e-01 3.311500000000022759e-03 3.311000000000008381e-03 3.311250000000001692e-03 -1.655500000000004190e-03 -1.601520232541157895e+02
3.278150000000000230e-01 4.245030000000000192e-01 6.622500000000003384e-03 3.311499999999995003e-03 1.655499999999976435e-03 1.655749999999997502e-03 1.350731190895437095e+01
3.344369999999999843e-01 4.311260000000000092e-01 6.622499999999975628e-03 6.622500000000003384e-03 0.000000000000000000e+00 -2.499999999933111283e-07 -2.015352791426750726e-03
3.410599999999999743e-01 4.377480000000000260e-01 6.622500000000003384e-03 3.311000000000008381e-03 1.387778780781445676e-17 -3.311250000000001692e-03 -5.402598466759690155e+01
3.476819999999999911e-01 4.377480000000000260e-01 6.622500000000003384e-03 0.000000000000000000e+00 0.000000000000000000e+00 -1.655500000000004190e-03 -3.774724423598531331e+01
3.543049999999999811e-01 4.377480000000000260e-01 6.622500000000003384e-03 0.000000000000000000e+00 0.000000000000000000e+00 0.000000000000000000e+00 0.000000000000000000e+00
3.609269999999999978e-01 4.377480000000000260e-01 6.622500000000003384e-03 0.000000000000000000e+00 0.000000000000000000e+00 0.000000000000000000e+00 0.000000000000000000e+00
3.675499999999999878e-01 4.377480000000000260e-01 6.622500000000003384e-03 0.000000000000000000e+00 0.000000000000000000e+00 0.000000000000000000e+00 0.000000000000000000e+00
3.741720000000000046e-01 4.377480000000000260e-01 6.622500000000003384e-03 0.000000000000000000e+00 0.000000000000000000e+00 0.000000000000000000e+00 0.000000000000000000e+00
3.807949999999999946e-01 4.377480000000000260e-01 6.622500000000003384e-03 0.000000000000000000e+00 0.000000000000000000e+00 0.000000000000000000e+00 0.000000000000000000e+00
3.874170000000000114e-01 4.377480000000000260e-01 6.622500000000003384e-03 0.000000000000000000e+00 0.000000000000000000e+00 0.000000000000000000e+00 0.000000000000000000e+00
3.940400000000000014e-01 4.377480000000000260e-01 6.622500000000003384e-03 0.000000000000000000e+00 -1.655749999999997502e-03 -1.655500000000004190e-03 -3.774724423598531331e+01
4.006620000000000181e-01 4.377480000000000260e-01 3.311000000000008381e-03 -3.311000000000008381e-03 -1.655500000000004190e-03 -3.311250000000001692e-03 -1.601802419973230656e+02
4.006620000000000181e-01 4.311260000000000092e-01 3.311499999999995003e-03 -6.622500000000003384e-03 2.499999999933111283e-07 -1.655749999999997502e-03 -1.350323330645347220e+01
4.072850000000000081e-01 4.245030000000000192e-01 3.311499999999995003e-03 -6.622500000000003384e-03 -1.655749999999997502e-03 0.000000000000000000e+00 -2.701258436269032259e+01
4.072850000000000081e-01 4.178810000000000024e-01 0.000000000000000000e+00 -6.622500000000003384e-03 -1.655749999999997502e-03 0.000000000000000000e+00 -3.775294451448651500e+01
4.072850000000000081e-01 4.112580000000000124e-01 0.000000000000000000e+00 -6.622500000000003384e-03 0.000000000000000000e+00 3.311250000000001692e-03 0.000000000000000000e+00
4.072850000000000081e-01 4.046359999999999957e-01 0.000000000000000000e+00 0.000000000000000000e+00 0.000000000000000000e+00 6.622500000000003384e-03 0.000000000000000000e+00
4.072850000000000081e-01 4.112580000000000124e-01 0.000000000000000000e+00 6.622500000000003384e-03 0.000000000000000000e+00 3.311250000000001692e-03 0.000000000000000000e+00
4.072850000000000081e-01 4.178810000000000024e-01 0.000000000000000000e+00 6.622500000000003384e-03 0.000000000000000000e+00 0.000000000000000000e+00 0.000000000000000000e+00
4.072850000000000081e-01 4.245030000000000192e-01 0.000000000000000000e+00 6.622500000000003384e-03 0.000000000000000000e+00 0.000000000000000000e+00 0.000000000000000000e+00
4.072850000000000081e-01 4.311260000000000092e-01 0.000000000000000000e+00 6.622500000000003384e-03 0.000000000000000000e+00 0.000000000000000000e+00 0.000000000000000000e+00
4.072850000000000081e-01 4.377480000000000260e-01 0.000000000000000000e+00 6.622500000000003384e-03 1.655500000000004190e-03 -1.387778780781445676e-17 -3.774724423598531331e+01
4.072850000000000081e-01 4.443710000000000160e-01 3.311000000000008381e-03 6.622499999999975628e-03 3.311250000000001692e-03 0.000000000000000000e+00 -5.402598466759710050e+01
4.139070000000000249e-01 4.509929999999999772e-01 6.622500000000003384e-03 6.622500000000003384e-03 1.655749999999983624e-03 -1.655499999999976435e-03 -2.669334772316112492e+01
4.205300000000000149e-01 4.576160000000000228e-01 6.622499999999975628e-03 3.311500000000022759e-03 0.000000000000000000e+00 -3.311250000000001692e-03 -5.402109012288002532e+01
4.271519999999999762e-01 4.576160000000000228e-01 6.622500000000003384e-03 0.000000000000000000e+00 1.655750000000011379e-03 -2.500000000210667039e-07 -5.700278501837218077e-03
4.337750000000000217e-01 4.576160000000000228e-01 9.933999999999998387e-03 3.310999999999980625e-03 1.655499999999990313e-03 1.655499999999990313e-03 9.549669733808720196e+00
4.470199999999999729e-01 4.642379999999999840e-01 9.933499999999984009e-03 3.310999999999980625e-03 -1.655749999999997502e-03 -1.655499999999990313e-03 -9.549525554117494153e+00
4.536419999999999897e-01 4.642379999999999840e-01 6.622500000000003384e-03 0.000000000000000000e+00 -1.655499999999990313e-03 -1.655499999999990313e-03 -3.774724423598500067e+01
4.602649999999999797e-01 4.642379999999999840e-01 6.622500000000003384e-03 0.000000000000000000e+00 0.000000000000000000e+00 0.000000000000000000e+00 0.000000000000000000e+00
4.668869999999999965e-01 4.642379999999999840e-01 6.622500000000003384e-03 0.000000000000000000e+00 0.000000000000000000e+00 0.000000000000000000e+00 0.000000000000000000e+00
4.735099999999999865e-01 4.642379999999999840e-01 6.622500000000003384e-03 0.000000000000000000e+00 0.000000000000000000e+00 -1.655499999999990313e-03 -3.774724423598500067e+01
4.801320000000000032e-01 4.642379999999999840e-01 6.622500000000003384e-03 -3.310999999999980625e-03 0.000000000000000000e+00 -3.311250000000001692e-03 -5.402598466759705076e+01
4.867549999999999932e-01 4.576160000000000228e-01 6.622500000000003384e-03 -6.622500000000003384e-03 -1.655749999999997502e-03 -1.655750000000011379e-03 -2.669536307595300073e+01
4.933770000000000100e-01 4.509929999999999772e-01 3.311000000000008381e-03 -6.622500000000003384e-03 -3.311250000000001692e-03 1.387778780781445676e-17 -5.402598466759666707e+01
4.933770000000000100e-01 4.443710000000000160e-01 0.000000000000000000e+00 -6.622499999999975628e-03 2.499999999933111283e-07 0.000000000000000000e+00 5.700278501204409168e-03
4.933770000000000100e-01 4.377480000000000260e-01 3.311499999999995003e-03 -6.622500000000003384e-03 1.655749999999997502e-03 -1.387778780781445676e-17 2.701258436269021246e+01
5.000000000000000000e-01 4.311260000000000092e-01 3.311499999999995003e-03 -6.622500000000003384e-03 1.387778780781445676e-17 0.000000000000000000e+00 2.264079202331896690e-13
5.000000000000000000e-01 4.245030000000000192e-01 3.311500000000022759e-03 -6.622500000000003384e-03 1.387778780781445676e-17 0.000000000000000000e+00 2.264079202331885078e-13
5.066230000000000455e-01 4.178810000000000024e-01 3.311500000000022759e-03 -6.622500000000003384e-03 -1.655750000000011379e-03 0.000000000000000000e+00 -2.701258436269041141e+01
5.066230000000000455e-01 4.112580000000000124e-01 0.000000000000000000e+00 -6.622500000000003384e-03 -1.655750000000011379e-03 0.000000000000000000e+00 -3.775294451448683475e+01
5.066230000000000455e-01 4.046359999999999957e-01 0.000000000000000000e+00 -6.622500000000003384e-03 0.000000000000000000e+00 0.000000000000000000e+00 0.000000000000000000e+00
5.066230000000000455e-01 3.980130000000000057e-01 0.000000000000000000e+00 -6.622500000000003384e-03 0.000000000000000000e+00 0.000000000000000000e+00 0.000000000000000000e+00
5.066230000000000455e-01 3.913909999999999889e-01 0.000000000000000000e+00 -6.622500000000003384e-03 0.000000000000000000e+00 0.000000000000000000e+00 0.000000000000000000e+00
5.066230000000000455e-01 3.847679999999999989e-01 0.000000000000000000e+00 -6.622500000000003384e-03 0.000000000000000000e+00 0.000000000000000000e+00 0.000000000000000000e+00
5.066230000000000455e-01 3.781459999999999821e-01 0.000000000000000000e+00 -6.622500000000003384e-03 0.000000000000000000e+00 0.000000000000000000e+00 0.000000000000000000e+00
5.066230000000000455e-01 3.715229999999999921e-01 0.000000000000000000e+00 -6.622500000000003384e-03 0.000000000000000000e+00 0.000000000000000000e+00 0.000000000000000000e+00
5.066230000000000455e-01 3.649009999999999754e-01 0.000000000000000000e+00 -6.622500000000003384e-03 0.000000000000000000e+00 1.387778780781445676e-17 0.000000000000000000e+00
5.066230000000000455e-01 3.582779999999999854e-01 0.000000000000000000e+00 -6.622499999999975628e-03 0.000000000000000000e+00 0.000000000000000000e+00 0.000000000000000000e+00
5.066230000000000455e-01 3.516560000000000241e-01 0.000000000000000000e+00 -6.622500000000003384e-03 0.000000000000000000e+00 -1.387778780781445676e-17 0.000000000000000000e+00
5.066230000000000455e-01 3.450329999999999786e-01 0.000000000000000000e+00 -6.622500000000003384e-03 -1.655750000000011379e-03 1.387778780781445676e-17 -3.775294451448683475e+01
5.066230000000000455e-01 3.384110000000000174e-01 -3.311500000000022759e-03 -6.622499999999975628e-03 -1.655750000000011379e-03 0.000000000000000000e+00 -2.701258436269057839e+01
5.000000000000000000e-01 3.317880000000000273e-01 -3.311500000000022759e-03 -6.622500000000003384e-03 1.655750000000011379e-03 -1.387778780781445676e-17 2.701258436269052510e+01
5.000000000000000000e-01 3.251660000000000106e-01 0.000000000000000000e+00 -6.622500000000003384e-03 1.387778780781445676e-17 0.000000000000000000e+00 3.164290219491091391e-13
5.000000000000000000e-01 3.185430000000000206e-01 -3.311499999999995003e-03 -6.622500000000003384e-03 -1.655749999999997502e-03 0.000000000000000000e+00 -2.701258436269032259e+01
4.933770000000000100e-01 3.119210000000000038e-01 -3.311499999999995003e-03 -6.622500000000003384e-03 1.655749999999997502e-03 -2.499999999933111283e-07 2.701462381790829070e+01
4.933770000000000100e-01 3.052980000000000138e-01 0.000000000000000000e+00 -6.622999999999990006e-03 2.499999999933111283e-07 0.000000000000000000e+00 5.699417854468554097e-03
4.933770000000000100e-01 2.986750000000000238e-01 -3.311000000000008381e-03 -6.622500000000003384e-03 -1.655500000000004190e-03 2.499999999933111283e-07 -2.701299217981680911e+01
4.867549999999999932e-01 2.920530000000000070e-01 -3.311000000000008381e-03 -6.622500000000003384e-03 -2.499999999933111283e-07 0.000000000000000000e+00 -4.078972039724518966e-03
4.867549999999999932e-01 2.854300000000000170e-01 -3.311499999999995003e-03 -6.622500000000003384e-03 -1.655749999999997502e-03 0.000000000000000000e+00 -2.701258436269032259e+01
4.801320000000000032e-01 2.788080000000000003e-01 -6.622500000000003384e-03 -6.622500000000003384e-03 -1.655500000000004190e-03 0.000000000000000000e+00 -1.334566618518501713e+01
4.735099999999999865e-01 2.721850000000000103e-01 -6.622500000000003384e-03 -6.622500000000003384e-03 0.000000000000000000e+00 0.000000000000000000e+00 0.000000000000000000e+00
4.668869999999999965e-01 2.655629999999999935e-01 -6.622500000000003384e-03 -6.622500000000003384e-03 1.655749999999997502e-03 0.000000000000000000e+00 1.334768153797644352e+01
4.602649999999999797e-01 2.589400000000000035e-01 -3.311000000000008381e-03 -6.622500000000003384e-03 1.655500000000004190e-03 0.000000000000000000e+00 2.701095284777852612e+01
4.602649999999999797e-01 2.523179999999999867e-01 -3.311499999999995003e-03 -6.622500000000003384e-03 -1.655749999999997502e-03 1.655500000000004190e-03 -4.051785681642650161e+01
4.536419999999999897e-01 2.456949999999999967e-01 -6.622500000000003384e-03 -3.311499999999995003e-03 -3.310999999999994503e-03 1.655750000000004440e-03 -5.402312927016267707e+01
4.470199999999999729e-01 2.456949999999999967e-01 -9.933499999999984009e-03 -3.310999999999994503e-03 -1.655749999999997502e-03 2.500000000002500222e-07 -4.777647067628630673e+00
4.337750000000000217e-01 2.390730000000000077e-01 -9.933999999999998387e-03 -3.310999999999994503e-03 1.655499999999990313e-03 -2.500000000071889161e-07 4.776276979518985222e+00
4.271519999999999762e-01 2.390730000000000077e-01 -6.622500000000003384e-03 -3.311500000000008881e-03 1.655750000000011379e-03 -2.500000000071889161e-07 1.351139051145518089e+01
4.205300000000000149e-01 2.324499999999999900e-01 -6.622499999999975628e-03 -3.311500000000008881e-03 0.000000000000000000e+00 1.655750000000004440e-03 -2.701258436269053576e+01
4.139070000000000249e-01 2.324499999999999900e-01 -6.622500000000003384e-03 0.000000000000000000e+00 -1.387778780781445676e-17 1.655750000000004440e-03 -3.775294451448667132e+01
4.072850000000000081e-01 2.324499999999999900e-01 -6.622500000000003384e-03 0.000000000000000000e+00 0.000000000000000000e+00 0.000000000000000000e+00 -0.000000000000000000e+00
4.006620000000000181e-01 2.324499999999999900e-01 -6.622500000000003384e-03 0.000000000000000000e+00 0.000000000000000000e+00 0.000000000000000000e+00 -0.000000000000000000e+00
3.940400000000000014e-01 2.324499999999999900e-01 -6.622500000000003384e-03 0.000000000000000000e+00 0.000000000000000000e+00 0.000000000000000000e+00 -0.000000000000000000e+00
3.874170000000000114e-01 2.324499999999999900e-01 -6.622500000000003384e-03 0.000000000000000000e+00 0.000000000000000000e+00 1.655750000000004440e-03 -3.775294451448667132e+01
3.807949999999999946e-01 2.324499999999999900e-01 -6.622500000000003384e-03 3.311500000000008881e-03 0.000000000000000000e+00 3.311250000000001692e-03 -5.402109012287984058e+01
3.741720000000000046e-01 2.390730000000000077e-01 -6.622500000000003384e-03 6.622500000000003384e-03 1.655749999999997502e-03 1.655499999999990313e-03 -2.669334772316134874e+01
3.675499999999999878e-01 2.456949999999999967e-01 -3.311000000000008381e-03 6.622499999999989506e-03 3.311250000000001692e-03 0.000000000000000000e+00 -5.402598466759694418e+01
3.675499999999999878e-01 2.523179999999999867e-01 0.000000000000000000e+00 6.622500000000003384e-03 1.655500000000004190e-03 6.938893903907228378e-18 -3.774724423598531331e+01
3.675499999999999878e-01 2.589400000000000035e-01 0.000000000000000000e+00 6.622500000000003384e-03 0.000000000000000000e+00 0.000000000000000000e+00 0.000000000000000000e+00
3.675499999999999878e-01 2.655629999999999935e-01 0.000000000000000000e+00 6.622500000000003384e-03 1.655500000000004190e-03 -1.655749999999997502e-03 -3.774724423598531331e+01
3.675499999999999878e-01 2.721850000000000103e-01 3.311000000000008381e-03 3.311000000000008381e-03 1.655500000000004190e-03 -1.655500000000004190e-03 -1.067814529124955811e+02
3.741720000000000046e-01 2.721850000000000103e-01 3.311000000000008381e-03 3.311499999999995003e-03 2.499999999933111283e-07 2.499999999933111283e-07 -1.217276118771351141e-06
3.741720000000000046e-01 2.788080000000000003e-01 3.311499999999995003e-03 3.311499999999995003e-03 2.499999999933111283e-07 -2.499999999933111283e-07 -1.612038805484158899e-02
3.807949999999999946e-01 2.788080000000000003e-01 3.311499999999995003e-03 3.311000000000008381e-03 -2.499999999933111283e-07 1.655500000000004190e-03 5.339475548798407090e+01
3.807949999999999946e-01 2.854300000000000170e-01 3.311000000000008381e-03 6.622500000000003384e-03 -2.499999999933111283e-07 1.655749999999997502e-03 1.351057506194812952e+01
3.874170000000000114e-01 2.920530000000000070e-01 3.311000000000008381e-03 6.622500000000003384e-03 -1.655500000000004190e-03 0.000000000000000000e+00 2.701095284777852612e+01
3.874170000000000114e-01 2.986750000000000238e-01 0.000000000000000000e+00 6.622500000000003384e-03 -1.655500000000004190e-03 2.499999999933111283e-07 3.774724423598531331e+01
3.874170000000000114e-01 3.052980000000000138e-01 0.000000000000000000e+00 6.622999999999990006e-03 0.000000000000000000e+00 0.000000000000000000e+00 0.000000000000000000e+00
3.874170000000000114e-01 3.119210000000000038e-01 0.000000000000000000e+00 6.622500000000003384e-03 -1.655500000000004190e-03 -2.499999999933111283e-07 3.774724423598531331e+01
3.874170000000000114e-01 3.185430000000000206e-01 -3.311000000000008381e-03 6.622500000000003384e-03 -3.311250000000001692e-03 0.000000000000000000e+00 5.402598466759678075e+01
3.807949999999999946e-01 3.251660000000000106e-01 -6.622500000000003384e-03 6.622500000000003384e-03 -1.655749999999997502e-03 0.000000000000000000e+00 1.334768153797644352e+01
3.741720000000000046e-01 3.317880000000000273e-01 -6.622500000000003384e-03 6.622500000000003384e-03 0.000000000000000000e+00 -1.655500000000004190e-03 1.334566618518501713e+01
3.675499999999999878e-01 3.384110000000000174e-01 -6.622500000000003384e-03 3.311499999999995003e-03 0.000000000000000000e+00 -1.655750000000011379e-03 2.701258436269054997e+01
3.609269999999999978e-01 3.384110000000000174e-01 -6.622500000000003384e-03 3.310999999999980625e-03 0.000000000000000000e+00 -2.500000000071889161e-07 4.078972039950968034e-03
3.543049999999999811e-01 3.450329999999999786e-01 -6.622500000000003384e-03 3.310999999999980625e-03 0.000000000000000000e+00 -1.655499999999990313e-03 2.701095284777843730e+01
3.476819999999999911e-01 3.450329999999999786e-01 -6.622500000000003384e-03 0.000000000000000000e+00 0.000000000000000000e+00 -3.310999999999980625e-03 7.549448847197000134e+01
3.410599999999999743e-01 3.450329999999999786e-01 -6.622500000000003384e-03 -3.310999999999980625e-03 1.387778780781445676e-17 -3.311249999999987814e-03 5.402598466759693707e+01
3.344369999999999843e-01 3.384110000000000174e-01 -6.622499999999975628e-03 -6.622499999999975628e-03 1.655750000000011379e-03 -1.655750000000011379e-03 2.669536307595334179e+01
3.278150000000000230e-01 3.317880000000000273e-01 -3.310999999999980625e-03 -6.622500000000003384e-03 3.311249999999987814e-03 -1.387778780781445676e-17 5.402598466759693707e+01
3.278150000000000230e-01 3.251660000000000106e-01 0.000000000000000000e+00 -6.622500000000003384e-03 -2.500000000210667039e-07 0.000000000000000000e+00 -5.700278501837218077e-03
3.278150000000000230e-01 3.185430000000000206e-01 -3.311500000000022759e-03 -6.622500000000003384e-03 -1.655750000000011379e-03 0.000000000000000000e+00 -2.701258436269041141e+01
3.211919999999999775e-01 3.119210000000000038e-01 -3.311500000000022759e-03 -6.622500000000003384e-03 1.655750000000011379e-03 -2.499999999933111283e-07 2.701462381790837952e+01
3.211919999999999775e-01 3.052980000000000138e-01 0.000000000000000000e+00 -6.622999999999990006e-03 1.655750000000011379e-03 -1.655749999999997502e-03 3.774724445115543858e+01
3.211919999999999775e-01 2.986750000000000238e-01 0.000000000000000000e+00 -9.933999999999998387e-03 0.000000000000000000e+00 -1.655250000000010879e-03 0.000000000000000000e+00
3.211919999999999775e-01 2.854300000000000170e-01 0.000000000000000000e+00 -9.933500000000011765e-03 0.000000000000000000e+00 1.655749999999997502e-03 0.000000000000000000e+00
3.211919999999999775e-01 2.788080000000000003e-01 0.000000000000000000e+00 -6.622500000000003384e-03 0.000000000000000000e+00 1.655500000000004190e-03 0.000000000000000000e+00
3.211919999999999775e-01 2.721850000000000103e-01 0.000000000000000000e+00 -6.622500000000003384e-03 0.000000000000000000e+00 0.000000000000000000e+00 0.000000000000000000e+00
3.211919999999999775e-01 2.655629999999999935e-01 0.000000000000000000e+00 -6.622500000000003384e-03 0.000000000000000000e+00 0.000000000000000000e+00 0.000000000000000000e+00
3.211919999999999775e-01 2.589400000000000035e-01 0.000000000000000000e+00 -6.622500000000003384e-03 0.000000000000000000e+00 0.000000000000000000e+00 0.000000000000000000e+00
3.211919999999999775e-01 2.523179999999999867e-01 0.000000000000000000e+00 -6.622500000000003384e-03 0.000000000000000000e+00 6.938893903907228378e-18 0.000000000000000000e+00
3.211919999999999775e-01 2.456949999999999967e-01 0.000000000000000000e+00 -6.622499999999989506e-03 1.655750000000011379e-03 1.655750000000004440e-03 3.775294451448700528e+01
3.211919999999999775e-01 2.390730000000000077e-01 3.311500000000022759e-03 -3.310999999999994503e-03 3.311250000000001692e-03 1.655499999999990313e-03 1.601520232541159032e+02
3.278150000000000230e-01 2.390730000000000077e-01 6.622500000000003384e-03 -3.311500000000008881e-03 1.655499999999976435e-03 -2.500000000071889161e-07 1.350119385123507598e+01
3.344369999999999843e-01 2.324499999999999900e-01 6.622499999999975628e-03 -3.311500000000008881e-03 0.000000000000000000e+00 1.655750000000004440e-03 2.701258436269053576e+01
3.410599999999999743e-01 2.324499999999999900e-01 6.622500000000003384e-03 0.000000000000000000e+00 1.387778780781445676e-17 1.655750000000004440e-03 3.775294451448667132e+01
3.476819999999999911e-01 2.324499999999999900e-01 6.622500000000003384e-03 0.000000000000000000e+00 0.000000000000000000e+00 0.000000000000000000e+00 0.000000000000000000e+00
3.543049999999999811e-01 2.324499999999999900e-01 6.622500000000003384e-03 0.000000000000000000e+00 0.000000000000000000e+00 0.000000000000000000e+00 0.000000000000000000e+00
3.609269999999999978e-01 2.324499999999999900e-01 6.622500000000003384e-03 0.000000000000000000e+00 0.000000000000000000e+00 1.655750000000004440e-03 3.775294451448667132e+01
3.675499999999999878e-01 2.324499999999999900e-01 6.622500000000003384e-03 3.311500000000008881e-03 -1.655749999999997502e-03 3.311250000000001692e-03 6.752840203183400547e+01
3.741720000000000046e-01 2.390730000000000077e-01 3.311000000000008381e-03 6.622500000000003384e-03 -1.655500000000004190e-03 1.655499999999990313e-03 4.051540960564852867e+01
3.741720000000000046e-01 2.456949999999999967e-01 3.311499999999995003e-03 6.622499999999989506e-03 2.499999999933111283e-07 0.000000000000000000e+00 -4.078602500674576199e-03
3.807949999999999946e-01 2.523179999999999867e-01 3.311499999999995003e-03 6.622500000000003384e-03 -1.655749999999997502e-03 6.938893903907228378e-18 2.701258436269038299e+01
3.807949999999999946e-01 2.589400000000000035e-01 0.000000000000000000e+00 6.622500000000003384e-03 -1.655749999999997502e-03 2.499999999933111283e-07 3.775294451448651500e+01
3.807949999999999946e-01 2.655629999999999935e-01 0.000000000000000000e+00 6.622999999999990006e-03 0.000000000000000000e+00 4.999999999866222566e-07 0.000000000000000000e+00
