3.675499999999999878e-01 2.125829999999999942e-01 6.622000000000016762e-03 -6.622999999999990006e-03 -3.311000000000008381e-03 6.622999999999990006e-03 2.669334734276267440e+01
3.741720000000000046e-01 2.059600000000000042e-01 3.311000000000008381e-03 0.000000000000000000e+00 -3.311000000000008381e-03 8.278499999999994197e-03 7.551501128232627025e+02
3.741720000000000046e-01 2.125829999999999942e-01 0.000000000000000000e+00 9.933999999999998387e-03 -1.655500000000004190e-03 4.966749999999998944e-03 1.677570860370213879e+01
3.741720000000000046e-01 2.258280000000000010e-01 0.000000000000000000e+00 9.933499999999997887e-03 0.000000000000000000e+00 -2.500000000002500222e-07 -0.000000000000000000e+00
3.741720000000000046e-01 2.324499999999999900e-01 0.000000000000000000e+00 9.933499999999997887e-03 0.000000000000000000e+00 2.500000000002500222e-07 0.000000000000000000e+00
3.741720000000000046e-01 2.456949999999999967e-01 0.000000000000000000e+00 9.933999999999998387e-03 0.000000000000000000e+00 2.500000000002500222e-07 0.000000000000000000e+00
3.741720000000000046e-01 2.523179999999999867e-01 0.000000000000000000e+00 9.933999999999998387e-03 1.655749999999997502e-03 1.655500000000004190e-03 -1.677824193330093649e+01
3.741720000000000046e-01 2.655629999999999935e-01 3.311499999999995003e-03 1.324500000000000677e-02 3.311250000000001692e-03 -2.499999999933111283e-07 -1.723443495517417645e+01
3.807949999999999946e-01 2.788080000000000003e-01 6.622500000000003384e-03 9.933500000000011765e-03 1.655500000000004190e-03 -3.311250000000001692e-03 -2.255095862686165020e+01
3.874170000000000114e-01 2.854300000000000170e-01 6.622500000000003384e-03 6.622500000000003384e-03 1.655749999999997502e-03 2.499999999933111283e-07 -1.334566618518501713e+01
3.940400000000000014e-01 2.920530000000000070e-01 9.933999999999998387e-03 9.933999999999998387e-03 3.311250000000001692e-03 1.655749999999997502e-03 -5.931108656443646154e+00
4.072850000000000081e-01 3.052980000000000138e-01 1.324500000000000677e-02 9.933999999999998387e-03 -2.500000000071889161e-07 -1.655749999999997502e-03 -4.831698329209880072e+00
4.205300000000000149e-01 3.119210000000000038e-01 9.933499999999984009e-03 6.622500000000003384e-03 -3.311250000000001692e-03 -3.311499999999995003e-03 -6.444381939233885248e+00
4.271519999999999762e-01 3.185430000000000206e-01 6.622500000000003384e-03 3.311000000000008381e-03 -1.655499999999990313e-03 -4.966750000000005882e-03 -6.753248075750531143e+01
4.337750000000000217e-01 3.185430000000000206e-01 6.622500000000003384e-03 -3.311000000000008381e-03 -1.387778780781445676e-17 -3.311000000000008381e-03 -5.402190569555717303e+01
4.403969999999999829e-01 3.119210000000000038e-01 6.622499999999975628e-03 -3.311000000000008381e-03 -1.655500000000004190e-03 -2.499999999933111283e-07 -1.350853572990998508e+01
4.470199999999999729e-01 3.119210000000000038e-01 3.311499999999995003e-03 -3.311499999999995003e-03 -1.655749999999983624e-03 -3.311499999999995003e-03 -1.601479951351079478e+02
4.470199999999999729e-01 3.052980000000000138e-01 3.311000000000008381e-03 -9.933999999999998387e-03 1.655500000000004190e-03 -4.966750000000005882e-03 7.209474357214264899e-04
4.536419999999999897e-01 2.920530000000000070e-01 6.622500000000003384e-03 -1.324500000000000677e-02 1.655749999999997502e-03 -3.311250000000001692e-03 5.098484087744291566e-04
4.602649999999999797e-01 2.788080000000000003e-01 6.622500000000003384e-03 -1.655650000000000177e-02 -1.655749999999997502e-03 -1.655749999999997502e-03 -6.768611516447204046e+00
4.668869999999999965e-01 2.589400000000000035e-01 3.311000000000008381e-03 -1.655650000000000177e-02 -1.655500000000004190e-03 2.500000000002500222e-07 -5.694210702848695682e+00
4.668869999999999965e-01 2.456949999999999967e-01 3.311499999999995003e-03 -1.655600000000000127e-02 2.499999999933111283e-07 1.655750000000004440e-03 1.140056659139999429e+00
4.735099999999999865e-01 2.258280000000000010e-01 3.311499999999995003e-03 -1.324499999999999289e-02 -1.655749999999997502e-03 4.966749999999998944e-03 -2.154589011410235511e+00
4.735099999999999865e-01 2.192050000000000110e-01 0.000000000000000000e+00 -6.622500000000003384e-03 -1.655749999999997502e-03 3.311249999999994753e-03 -3.775294451448651500e+01
4.735099999999999865e-01 2.125829999999999942e-01 0.000000000000000000e+00 -6.622500000000003384e-03 0.000000000000000000e+00 0.000000000000000000e+00 0.000000000000000000e+00
4.735099999999999865e-01 2.059600000000000042e-01 0.000000000000000000e+00 -6.622500000000003384e-03 1.655500000000004190e-03 3.311250000000001692e-03 3.774724423598531331e+01
4.735099999999999865e-01 1.993379999999999874e-01 3.311000000000008381e-03 0.000000000000000000e+00 1.655500000000004190e-03 6.622500000000003384e-03 6.040927247897642474e+02
4.801320000000000032e-01 2.059600000000000042e-01 3.311000000000008381e-03 6.622500000000003384e-03 -1.655500000000004190e-03 3.311250000000001692e-03 5.402190569555705224e+01
4.801320000000000032e-01 2.125829999999999942e-01 0.000000000000000000e+00 6.622500000000003384e-03 -1.655500000000004190e-03 1.655499999999997252e-03 3.774724423598531331e+01
4.801320000000000032e-01 2.192050000000000110e-01 0.000000000000000000e+00 9.933499999999997887e-03 0.000000000000000000e+00 3.311249999999994753e-03 0.000000000000000000e+00
4.801320000000000032e-01 2.324499999999999900e-01 0.000000000000000000e+00 1.324499999999999289e-02 1.655749999999997502e-03 4.967000000000006132e-03 -9.438236128621650067e+00
4.801320000000000032e-01 2.456949999999999967e-01 3.311499999999995003e-03 1.986750000000001015e-02 3.311250000000001692e-03 3.311250000000008631e-03 -6.709130358865522226e+00
4.867549999999999932e-01 2.721850000000000103e-01 6.622500000000003384e-03 1.986750000000001015e-02 1.655500000000004190e-03 -4.966750000000005882e-03 -7.162216289456170060e+00
4.933770000000000100e-01 2.854300000000000170e-01 6.622500000000003384e-03 9.933999999999998387e-03 2.500000000071889161e-07 -4.966750000000005882e-03 -1.932917929689064707e+01
5.000000000000000000e-01 2.920530000000000070e-01 6.623000000000017762e-03 9.933999999999998387e-03 1.655749999999997502e-03 1.655500000000004190e-03 -3.222116084161522842e+00
5.066230000000000455e-01 3.052980000000000138e-01 9.933999999999998387e-03 1.324500000000000677e-02 1.655249999999983124e-03 -1.655749999999997502e-03 -8.455061698206256082e+00
5.198679999999999968e-01 3.185430000000000206e-01 9.933499999999984009e-03 6.622500000000003384e-03 -1.655750000000011379e-03 -4.966750000000005882e-03 -2.254998566966745344e+01
5.264900000000000135e-01 3.185430000000000206e-01 6.622499999999975628e-03 3.311499999999995003e-03 -1.655500000000004190e-03 -1.655500000000004190e-03 -1.350323330645349529e+01
5.331129999999999480e-01 3.251660000000000106e-01 6.622499999999975628e-03 3.311499999999995003e-03 1.655500000000031946e-03 -1.655749999999997502e-03 -4.051785681642702741e+01
5.397349999999999648e-01 3.251660000000000106e-01 9.933500000000039520e-03 0.000000000000000000e+00 3.311250000000015570e-03 -1.655749999999997502e-03 -1.677993103222840787e+01
5.529800000000000271e-01 3.251660000000000106e-01 1.324500000000000677e-02 0.000000000000000000e+00 2.499999999794333405e-07 -1.655749999999997502e-03 -9.438236128621628751e+00
5.662249999999999783e-01 3.251660000000000106e-01 9.933999999999998387e-03 -3.311499999999995003e-03 -3.311249999999987814e-03 -4.966999999999999194e-03 -5.252368859490071884e+01
5.728480000000000238e-01 3.185430000000000206e-01 6.622500000000031140e-03 -9.933999999999998387e-03 -2.500000000071889161e-07 -6.622500000000003384e-03 -2.577240119286034670e+01
5.794700000000000406e-01 3.052980000000000138e-01 9.933499999999984009e-03 -1.655650000000000177e-02 -2.775557561562891351e-17 -4.966750000000005882e-03 -6.854480109895519924e+00
5.927149999999999919e-01 2.854300000000000170e-01 6.622499999999975628e-03 -1.986750000000001015e-02 -3.310999999999980625e-03 2.499999999933111283e-07 -7.161855772188896019e+00
5.927149999999999919e-01 2.655629999999999935e-01 3.311500000000022759e-03 -1.655600000000001515e-02 2.775557561562891351e-17 -3.311249999999994753e-03 -2.278221406497878743e+00
5.993380000000000374e-01 2.523179999999999867e-01 6.622500000000031140e-03 -2.648999999999999966e-02 -2.500000000071889161e-07 -6.622749999999989756e-03 -2.154699031821170951e+00
6.059600000000000541e-01 2.125829999999999942e-01 3.311000000000008381e-03 -2.980149999999999466e-02 -3.311250000000015570e-03 0.000000000000000000e+00 -3.660360043187111501e+00
6.059600000000000541e-01 1.927149999999999974e-01 0.000000000000000000e+00 -2.648999999999999966e-02 -3.311000000000008381e-03 1.655749999999997502e-03 -4.718405529498169493e+00
6.059600000000000541e-01 1.596029999999999949e-01 -3.311000000000008381e-03 -2.648999999999999966e-02 -3.311250000000015570e-03 3.311250000000001692e-03 -5.186547661729654202e+00
5.993380000000000374e-01 1.397349999999999981e-01 -6.622500000000031140e-03 -1.986749999999999627e-02 -2.500000000071889161e-07 4.966999999999999194e-03 -3.581919308579382122e+00
5.927149999999999919e-01 1.198680000000000023e-01 -3.311500000000022759e-03 -1.655600000000000127e-02 -1.655499999999976435e-03 -2.500000000037194692e-07 -5.694435554207593064e+00
5.927149999999999919e-01 1.066229999999999956e-01 -9.933499999999984009e-03 -1.986800000000000371e-02 -6.622249999999996195e-03 -1.655999999999997752e-03 -1.050364768430269002e+01
5.728480000000000238e-01 8.013199999999999490e-02 -1.655600000000001515e-02 -1.986799999999999677e-02 -3.311500000000022759e-03 3.311500000000003677e-03 -6.973173032277051320e+00
5.596029999999999616e-01 6.688700000000000201e-02 -1.655650000000002953e-02 -1.324499999999999636e-02 -2.499999999794333405e-07 4.967249999999997709e-03 -8.628560380342038982e+00
5.397349999999999648e-01 5.364200000000000218e-02 -1.655649999999997402e-02 -9.933500000000001356e-03 -1.655499999999976435e-03 4.966999999999997459e-03 -1.370988029195331670e+01
5.264900000000000135e-01 4.701999999999999930e-02 -1.986749999999998240e-02 -3.311000000000001442e-03 -4.966750000000019760e-03 4.966750000000000678e-03 -1.408905245452435828e+01
5.000000000000000000e-01 4.701999999999999930e-02 -2.649000000000001354e-02 0.000000000000000000e+00 -1.387778780781445676e-17 1.655500000000000721e-03 -2.359202764749077197e+00
4.735099999999999865e-01 4.701999999999999930e-02 -1.986750000000001015e-02 0.000000000000000000e+00 8.278000000000007574e-03 0.000000000000000000e+00 -0.000000000000000000e+00
4.602649999999999797e-01 4.701999999999999930e-02 -9.933999999999998387e-03 0.000000000000000000e+00 3.311250000000015570e-03 3.311249999999999957e-03 -3.355395053700306107e+01
4.536419999999999897e-01 4.701999999999999930e-02 -1.324499999999997901e-02 6.622499999999999915e-03 -1.655500000000004190e-03 4.966750000000000678e-03 -1.688210051180763926e+01
4.337750000000000217e-01 6.026499999999999913e-02 -1.324500000000000677e-02 9.933500000000001356e-03 3.311249999999987814e-03 1.734723475976807094e-18 -7.248032709783433170e+00
4.271519999999999762e-01 6.688700000000000201e-02 -6.622500000000003384e-03 6.622500000000003384e-03 3.311250000000015570e-03 2.499999999985152987e-07 -2.669536307595304336e+01
4.205300000000000149e-01 7.351000000000000589e-02 -6.622499999999975628e-03 9.933999999999998387e-03 1.655500000000004190e-03 1.655499999999997252e-03 -1.610586579671397089e+01
4.139070000000000249e-01 8.675499999999999878e-02 -3.311499999999995003e-03 9.933499999999997887e-03 3.311249999999987814e-03 1.655500000000000721e-03 -3.342615150947806768e+01
4.139070000000000249e-01 9.337700000000000167e-02 0.000000000000000000e+00 1.324499999999999983e-02 3.311499999999995003e-03 3.311499999999998473e-03 -1.887647225724328237e+01
4.139070000000000249e-01 1.132449999999999984e-01 3.311499999999995003e-03 1.655649999999999483e-02 3.311249999999987814e-03 -1.655499999999997252e-03 -1.252835230386314080e+01
4.205300000000000149e-01 1.264899999999999913e-01 6.622499999999975628e-03 9.934000000000005326e-03 1.655500000000004190e-03 -6.622499999999992976e-03 -3.543455862913518217e+01
4.271519999999999762e-01 1.331130000000000091e-01 6.622500000000003384e-03 3.311500000000008881e-03 1.387778780781445676e-17 -3.311500000000005411e-03 -5.402516872538079440e+01
4.337750000000000217e-01 1.331130000000000091e-01 6.622500000000003384e-03 3.310999999999994503e-03 1.655499999999990313e-03 -2.500000000071889161e-07 -1.350853572990993534e+01
4.403969999999999829e-01 1.397349999999999981e-01 9.933499999999984009e-03 3.310999999999994503e-03 3.311250000000001692e-03 -1.655499999999997252e-03 -2.387525597613558404e+01
4.536419999999999897e-01 1.397349999999999981e-01 1.324500000000000677e-02 0.000000000000000000e+00 2.500000000071889161e-07 -3.310999999999994503e-03 -1.887362211799257850e+01
4.668869999999999965e-01 1.397349999999999981e-01 9.933999999999998387e-03 -3.310999999999994503e-03 -1.655500000000004190e-03 -3.311250000000001692e-03 -3.342384428607371660e+01
4.735099999999999865e-01 1.331130000000000091e-01 9.933999999999998387e-03 -6.622500000000003384e-03 -2.499999999933111283e-07 -4.967000000000006132e-03 -2.899474176409831472e+01
4.867549999999999932e-01 1.264899999999999913e-01 9.933500000000011765e-03 -1.324500000000000677e-02 -1.655749999999997502e-03 -3.311249999999994753e-03 -1.208054095329234734e+01
4.933770000000000100e-01 1.066229999999999956e-01 6.622500000000003384e-03 -1.324499999999999289e-02 -1.655249999999997002e-03 1.655500000000004190e-03 -3.375196466180406141e+00
5.000000000000000000e-01 1.000000000000000056e-01 6.623000000000017762e-03 -9.933999999999998387e-03 -1.655499999999990313e-03 1.655499999999993782e-03 -3.220656865902392418e+00
5.066230000000000455e-01 8.675499999999999878e-02 3.311500000000022759e-03 -9.934000000000005326e-03 -1.656000000000032446e-03 0.000000000000000000e+00 -1.432746075248473794e+01
5.066230000000000455e-01 8.013199999999999490e-02 3.310999999999952870e-03 -9.933999999999998387e-03 -2.500000000349444917e-07 2.500000000037194692e-07 -1.442112614880695139e-03
5.132449999999999513e-01 6.688700000000000201e-02 3.310999999999952870e-03 -9.933499999999997887e-03 2.500000000349444917e-07 1.655749999999999236e-03 4.777647067628875810e+00
5.132449999999999513e-01 6.026499999999999913e-02 3.311500000000022759e-03 -6.622499999999999915e-03 1.656000000000046324e-03 1.655250000000000471e-03 4.051989596370998470e+01
5.198679999999999968e-01 5.364200000000000218e-02 6.623000000000045517e-03 -6.622999999999996945e-03 3.311500000000022759e-03 -4.999999999970305975e-07 2.668730242550414289e+01
