4.536419999999999897e-01 1.927149999999999974e-01 -6.622000000000016762e-03 0.000000000000000000e+00 -4.999999999866222566e-07 0.000000000000000000e+00 0.000000000000000000e+00
4.470199999999999729e-01 1.927149999999999974e-01 -6.622500000000003384e-03 0.000000000000000000e+00 -2.499999999794333405e-07 1.655749999999997502e-03 -3.775294451448651500e+01
4.403969999999999829e-01 1.927149999999999974e-01 -6.622499999999975628e-03 3.311499999999995003e-03 1.655750000000011379e-03 3.311250000000001692e-03 -6.752840203183468759e+01
4.337750000000000217e-01 1.993379999999999874e-01 -3.310999999999980625e-03 6.622500000000003384e-03 3.311249999999987814e-03 3.311000000000008381e-03 -8.103489818333696348e+01
4.337750000000000217e-01 2.059600000000000042e-01 0.000000000000000000e+00 9.933500000000011765e-03 1.655499999999990313e-03 3.311249999999994753e-03 -1.677739744759424312e+01
4.337750000000000217e-01 2.192050000000000110e-01 0.000000000000000000e+00 1.324499999999999289e-02 0.000000000000000000e+00 1.655749999999990563e-03 0.000000000000000000e+00
4.337750000000000217e-01 2.324499999999999900e-01 0.000000000000000000e+00 1.324499999999999289e-02 1.655499999999990313e-03 6.938893903907228378e-18 -9.436811058996269708e+00
4.337750000000000217e-01 2.456949999999999967e-01 3.310999999999980625e-03 1.324500000000000677e-02 3.311249999999987814e-03 -1.655499999999997252e-03 -1.938856470075868543e+01
4.403969999999999829e-01 2.589400000000000035e-01 6.622499999999975628e-03 9.933999999999998387e-03 1.655750000000011379e-03 -3.311250000000001692e-03 -2.255054701264088024e+01
4.470199999999999729e-01 2.655629999999999935e-01 6.622500000000003384e-03 6.622500000000003384e-03 1.387778780781445676e-17 -3.311499999999995003e-03 -2.669536307595300073e+01
4.536419999999999897e-01 2.721850000000000103e-01 6.622500000000003384e-03 3.311000000000008381e-03 1.655749999999997502e-03 -4.966750000000005882e-03 -9.454343360528372386e+01
4.602649999999999797e-01 2.721850000000000103e-01 9.933999999999998387e-03 -3.311000000000008381e-03 1.655500000000004190e-03 -4.966750000000005882e-03 -3.819940010041378287e+01
4.735099999999999865e-01 2.655629999999999935e-01 9.933500000000011765e-03 -6.622500000000003384e-03 -1.655749999999997502e-03 -3.311499999999995003e-03 -2.577509547413777469e+01
4.801320000000000032e-01 2.589400000000000035e-01 6.622500000000003384e-03 -9.933999999999998387e-03 -1.655500000000004190e-03 -1.655499999999997252e-03 -1.610586579671393537e+01
4.867549999999999932e-01 2.456949999999999967e-01 6.622500000000003384e-03 -9.933499999999997887e-03 0.000000000000000000e+00 1.655749999999997502e-03 6.443895497366043834e+00
4.933770000000000100e-01 2.390730000000000077e-01 6.622500000000003384e-03 -6.622500000000003384e-03 -1.655500000000004190e-03 1.655499999999997252e-03 -5.567794131832555183e-14
5.000000000000000000e-01 2.324499999999999900e-01 3.311499999999995003e-03 -6.622500000000003384e-03 -1.655499999999990313e-03 3.311250000000001692e-03 4.078602500899987035e-03
5.000000000000000000e-01 2.258280000000000010e-01 3.311500000000022759e-03 0.000000000000000000e+00 1.387778780781445676e-17 6.622500000000003384e-03 6.039103158756361154e+02
5.066230000000000455e-01 2.324499999999999900e-01 3.311500000000022759e-03 6.622500000000003384e-03 -1.655750000000011379e-03 4.966999999999999194e-03 6.753248063433501613e+01
5.066230000000000455e-01 2.390730000000000077e-01 0.000000000000000000e+00 9.933999999999998387e-03 -2.500000000349444917e-07 1.655499999999997252e-03 2.533329599221831839e-03
5.066230000000000455e-01 2.523179999999999867e-01 3.310999999999952870e-03 9.933499999999997887e-03 3.311249999999987814e-03 -1.655749999999997502e-03 -3.342766582082287385e+01
5.132449999999999513e-01 2.589400000000000035e-01 6.622499999999975628e-03 6.622500000000003384e-03 1.655750000000039135e-03 -1.655499999999997252e-03 -2.669334772316185678e+01
5.198679999999999968e-01 2.655629999999999935e-01 6.622500000000031140e-03 6.622500000000003384e-03 0.000000000000000000e+00 0.000000000000000000e+00 0.000000000000000000e+00
5.264900000000000135e-01 2.721850000000000103e-01 6.622499999999975628e-03 6.622500000000003384e-03 1.655749999999983624e-03 -1.655500000000004190e-03 -2.669334772316146598e+01
5.331129999999999480e-01 2.788080000000000003e-01 9.933999999999998387e-03 3.311499999999995003e-03 1.655500000000031946e-03 -3.311250000000001692e-03 -3.342305119979982919e+01
5.463580000000000103e-01 2.788080000000000003e-01 9.933500000000039520e-03 0.000000000000000000e+00 -2.500000000071889161e-07 -4.966999999999999194e-03 -5.033725951205110505e+01
5.529800000000000271e-01 2.788080000000000003e-01 9.933499999999984009e-03 -6.622500000000003384e-03 4.966999999999971438e-03 -9.933749999999998137e-03 -3.865850819822529161e+01
5.662249999999999783e-01 2.655629999999999935e-01 1.986749999999998240e-02 -1.986749999999999627e-02 3.311500000000022759e-03 -6.622499999999996445e-03 -2.965703596707754297e+00
5.927149999999999919e-01 2.390730000000000077e-01 1.655650000000002953e-02 -1.986749999999999627e-02 -6.622499999999975628e-03 1.655499999999997252e-03 -6.021930259439862709e+00
5.993380000000000374e-01 2.258280000000000010e-01 6.622500000000031140e-03 -1.655650000000000177e-02 -4.967000000000026949e-03 0.000000000000000000e+00 -1.450350011688902541e+01
6.059600000000000541e-01 2.059600000000000042e-01 6.622499999999975628e-03 -1.986749999999999627e-02 -1.655500000000031946e-03 -1.655499999999997252e-03 -4.774690687215102258e+00
6.125829999999999886e-01 1.860930000000000084e-01 3.311499999999967248e-03 -1.986749999999999627e-02 -3.311249999999987814e-03 -6.938893903907228378e-18 -8.051078002220375396e+00
6.125829999999999886e-01 1.662250000000000116e-01 0.000000000000000000e+00 -1.986750000000001015e-02 -1.655749999999983624e-03 1.655749999999997502e-03 -4.194771612720689546e+00
6.125829999999999886e-01 1.463579999999999881e-01 0.000000000000000000e+00 -1.655600000000000127e-02 -1.655749999999983624e-03 1.655500000000007660e-03 -6.040653549133715217e+00
6.125829999999999886e-01 1.331130000000000091e-01 -3.311499999999967248e-03 -1.655649999999999483e-02 -9.933749999999991198e-03 -1.656000000000001221e-03 -3.302901101625974434e+01
6.059600000000000541e-01 1.132449999999999984e-01 -1.986749999999998240e-02 -1.986800000000000371e-02 -1.158925000000002314e-02 1.655749999999997502e-03 -1.186352348821653635e+01
5.728480000000000238e-01 9.337700000000000167e-02 -2.649000000000001354e-02 -1.324499999999999983e-02 1.655499999999976435e-03 8.278500000000001136e-03 -7.597506063563099765e+00
5.529800000000000271e-01 8.675499999999999878e-02 -1.655650000000002953e-02 -3.311000000000001442e-03 6.622500000000003384e-03 6.622499999999999915e-03 -1.822381317231324260e+01
5.397349999999999648e-01 8.675499999999999878e-02 -1.324500000000000677e-02 0.000000000000000000e+00 1.655750000000011379e-03 3.311000000000001442e-03 -1.887362211799261758e+01
5.264900000000000135e-01 8.675499999999999878e-02 -1.324500000000000677e-02 3.311000000000001442e-03 1.655750000000011379e-03 4.966999999999999194e-03 -2.800682502689183906e+01
5.132449999999999513e-01 9.337700000000000167e-02 -9.933499999999984009e-03 9.933999999999998387e-03 4.967000000000026949e-03 4.967249999999999444e-03 -3.559292166589525408e+01
5.066230000000000455e-01 1.066229999999999956e-01 -3.310999999999952870e-03 1.324550000000000033e-02 4.966749999999992005e-03 -2.500000000002500222e-07 -2.584909798032155592e+01
5.066230000000000455e-01 1.198680000000000023e-01 0.000000000000000000e+00 9.933499999999997887e-03 3.310999999999952870e-03 -4.967250000000002913e-03 -3.355479489518829439e+01
5.066230000000000455e-01 1.264899999999999913e-01 3.310999999999952870e-03 3.310999999999994503e-03 8.277999999999979819e-03 -3.310999999999994503e-03 -3.737512104509014534e+02
5.132449999999999513e-01 1.264899999999999913e-01 1.655599999999995964e-02 3.311500000000008881e-03 8.278250000000042519e-03 -1.655499999999997252e-03 -1.139024707967201699e+01
5.397349999999999648e-01 1.331130000000000091e-01 1.986750000000003791e-02 0.000000000000000000e+00 1.655750000000039135e-03 -4.967000000000006132e-03 -1.258368147388424241e+01
5.529800000000000271e-01 1.264899999999999913e-01 1.986750000000003791e-02 -6.622500000000003384e-03 -1.655500000000031946e-03 -3.311249999999998223e-03 -8.356249478527143282e+00
5.794700000000000406e-01 1.198680000000000023e-01 1.655649999999997402e-02 -6.622499999999996445e-03 -6.622500000000031140e-03 0.000000000000000000e+00 -7.734888600441829354e+00
5.860929999999999751e-01 1.132449999999999984e-01 6.622499999999975628e-03 -6.622500000000003384e-03 -4.966999999999971438e-03 1.655749999999997502e-03 -2.669334772316146243e+01
5.927149999999999919e-01 1.066229999999999956e-01 6.622500000000031140e-03 -3.311000000000001442e-03 2.775557561562891351e-17 1.655500000000004190e-03 2.701095284777862204e+01
5.993380000000000374e-01 1.066229999999999956e-01 6.622500000000031140e-03 -3.311499999999995003e-03 -2.500000000071889161e-07 -1.655999999999994282e-03 -2.701870242040897807e+01
6.059600000000000541e-01 1.000000000000000056e-01 6.622000000000016762e-03 -6.622999999999990006e-03 -5.000000000143778323e-07 -3.311499999999995003e-03 -2.669737835263031656e+01
