4.072850000000000081e-01 1.860930000000000084e-01 -6.622999999999990006e-03 -6.623000000000017762e-03 3.311499999999995003e-03 6.623000000000017762e-03 -2.669133252251801025e+01
4.006620000000000181e-01 1.794699999999999906e-01 -3.311499999999995003e-03 0.000000000000000000e+00 3.311499999999995003e-03 6.622750000000010573e-03 -6.039331135470653180e+02
4.006620000000000181e-01 1.860930000000000084e-01 0.000000000000000000e+00 6.622500000000003384e-03 1.655749999999997502e-03 3.311249999999994753e-03 -3.775294451448651500e+01
4.006620000000000181e-01 1.927149999999999974e-01 0.000000000000000000e+00 6.622499999999989506e-03 0.000000000000000000e+00 1.655749999999997502e-03 0.000000000000000000e+00
4.006620000000000181e-01 1.993379999999999874e-01 0.000000000000000000e+00 9.933999999999998387e-03 1.655749999999997502e-03 1.655500000000011129e-03 -1.677824193330093649e+01
4.006620000000000181e-01 2.125829999999999942e-01 3.311499999999995003e-03 9.933500000000011765e-03 3.311250000000001692e-03 -2.500000000002500222e-07 -2.865160514349432219e+01
4.072850000000000081e-01 2.192050000000000110e-01 6.622500000000003384e-03 9.933499999999997887e-03 1.655500000000004190e-03 1.655749999999990563e-03 -3.220245091957795847e+00
4.139070000000000249e-01 2.324499999999999900e-01 6.622500000000003384e-03 1.324499999999999289e-02 -1.655500000000004190e-03 2.500000000002500222e-07 6.752942174404821252e+00
4.205300000000000149e-01 2.456949999999999967e-01 3.311499999999995003e-03 9.933999999999998387e-03 -1.655750000000011379e-03 -4.966749999999998944e-03 7.210236457014894537e-04
4.205300000000000149e-01 2.523179999999999867e-01 3.310999999999980625e-03 3.311499999999995003e-03 1.655500000000004190e-03 -3.311499999999995003e-03 -1.601600840565771477e+02
4.271519999999999762e-01 2.523179999999999867e-01 6.622500000000003384e-03 3.311000000000008381e-03 1.655750000000011379e-03 -2.499999999933111283e-07 -1.351057506194824320e+01
4.337750000000000217e-01 2.589400000000000035e-01 6.622500000000003384e-03 3.311000000000008381e-03 -1.387778780781445676e-17 -1.655500000000004190e-03 -2.701095284777841599e+01
4.403969999999999829e-01 2.589400000000000035e-01 6.622499999999975628e-03 0.000000000000000000e+00 1.655749999999997502e-03 -3.311000000000008381e-03 -7.549448847197128032e+01
4.470199999999999729e-01 2.589400000000000035e-01 9.933999999999998387e-03 -3.311000000000008381e-03 1.655500000000018068e-03 -3.311250000000001692e-03 -2.387561644713635545e+01
4.602649999999999797e-01 2.523179999999999867e-01 9.933500000000011765e-03 -6.622500000000003384e-03 -1.655749999999997502e-03 -1.655749999999990563e-03 -1.610949548575185730e+01
4.668869999999999965e-01 2.456949999999999967e-01 6.622500000000003384e-03 -6.622499999999989506e-03 -1.655500000000004190e-03 -1.655499999999997252e-03 -2.669133237037003781e+01
4.735099999999999865e-01 2.390730000000000077e-01 6.622500000000003384e-03 -9.933499999999997887e-03 0.000000000000000000e+00 -6.938893903907228378e-18 -2.700498697514029811e-14
4.801320000000000032e-01 2.258280000000000010e-01 6.622500000000003384e-03 -6.622500000000003384e-03 0.000000000000000000e+00 1.655499999999997252e-03 1.334566618518496206e+01
4.867549999999999932e-01 2.258280000000000010e-01 6.622500000000003384e-03 -6.622500000000003384e-03 -1.655749999999997502e-03 -1.655749999999997502e-03 -2.669536307595288704e+01
4.933770000000000100e-01 2.125829999999999942e-01 3.311000000000008381e-03 -9.933999999999998387e-03 -1.655500000000004190e-03 1.655500000000004190e-03 -9.549669733808737959e+00
4.933770000000000100e-01 2.059600000000000042e-01 3.311499999999995003e-03 -3.311499999999995003e-03 2.499999999933111283e-07 3.311499999999995003e-03 1.067733902840996905e+02
5.000000000000000000e-01 2.059600000000000042e-01 3.311499999999995003e-03 -3.311000000000008381e-03 -1.655749999999997502e-03 1.655749999999997502e-03 8.062019734843918484e-03
5.000000000000000000e-01 1.993379999999999874e-01 0.000000000000000000e+00 0.000000000000000000e+00 -1.655749999999997502e-03 4.966750000000005882e-03 0.000000000000000000e+00
5.000000000000000000e-01 2.059600000000000042e-01 0.000000000000000000e+00 6.622500000000003384e-03 0.000000000000000000e+00 3.311250000000001692e-03 0.000000000000000000e+00
5.000000000000000000e-01 2.125829999999999942e-01 0.000000000000000000e+00 6.622500000000003384e-03 0.000000000000000000e+00 1.655499999999997252e-03 0.000000000000000000e+00
5.000000000000000000e-01 2.192050000000000110e-01 0.000000000000000000e+00 9.933499999999997887e-03 1.655750000000011379e-03 1.655749999999997502e-03 -1.677993103222868854e+01
5.000000000000000000e-01 2.324499999999999900e-01 3.311500000000022759e-03 9.933999999999998387e-03 3.311249999999987814e-03 1.655750000000004440e-03 -2.387309301407178452e+01
5.066230000000000455e-01 2.390730000000000077e-01 6.622499999999975628e-03 1.324500000000000677e-02 -2.500000000349444917e-07 1.655499999999997252e-03 3.377235859815710839e+00
5.132449999999999513e-01 2.589400000000000035e-01 3.310999999999952870e-03 1.324499999999999289e-02 -1.655499999999976435e-03 -3.311250000000001692e-03 4.308316917094481724e+00
5.132449999999999513e-01 2.655629999999999935e-01 3.311500000000022759e-03 6.622500000000003384e-03 1.655750000000039135e-03 -4.966999999999992255e-03 -6.753248063433541404e+01
5.198679999999999968e-01 2.721850000000000103e-01 6.622500000000031140e-03 3.311000000000008381e-03 1.655499999999976435e-03 -1.655500000000004190e-03 -4.051540960564812366e+01
5.264900000000000135e-01 2.721850000000000103e-01 6.622499999999975628e-03 3.311499999999995003e-03 -2.775557561562891351e-17 2.499999999933111283e-07 4.078602500901012257e-03
5.331129999999999480e-01 2.788080000000000003e-01 6.622499999999975628e-03 3.311499999999995003e-03 1.655500000000031946e-03 -1.655749999999997502e-03 -4.051785681642702741e+01
5.397349999999999648e-01 2.788080000000000003e-01 9.933500000000039520e-03 0.000000000000000000e+00 1.655750000000011379e-03 -3.311499999999995003e-03 -3.355986206445681574e+01
5.529800000000000271e-01 2.788080000000000003e-01 9.933999999999998387e-03 -3.311499999999995003e-03 2.499999999794333405e-07 -3.311250000000001692e-03 -2.864771159511315091e+01
5.596029999999999616e-01 2.721850000000000103e-01 9.933999999999998387e-03 -6.622500000000003384e-03 -2.499999999794333405e-07 -1.655500000000004190e-03 -9.664589611719842210e+00
5.728480000000000238e-01 2.655629999999999935e-01 9.933500000000039520e-03 -6.622500000000003384e-03 -1.655750000000011379e-03 -1.655749999999997502e-03 -1.610949548575189283e+01
5.794700000000000406e-01 2.589400000000000035e-01 6.622499999999975628e-03 -9.933999999999998387e-03 -1.655500000000031946e-03 -3.311250000000001692e-03 -2.254908769268385527e+01
5.860929999999999751e-01 2.456949999999999967e-01 6.622499999999975628e-03 -1.324500000000000677e-02 2.775557561562891351e-17 -1.655499999999997252e-03 -3.376216162997878190e+00
5.927149999999999919e-01 2.324499999999999900e-01 6.622500000000031140e-03 -1.324499999999999289e-02 2.775557561562891351e-17 -3.311249999999994753e-03 -6.752942174404696907e+00
5.993380000000000374e-01 2.192050000000000110e-01 6.622500000000031140e-03 -1.986749999999999627e-02 -2.775557561562891351e-17 -3.311250000000008631e-03 -2.387525602241207245e+00
6.059600000000000541e-01 1.927149999999999974e-01 6.622499999999975628e-03 -1.986750000000001015e-02 -3.311250000000015570e-03 -1.655500000000004190e-03 -8.356249478527187691e+00
6.125829999999999886e-01 1.794699999999999906e-01 0.000000000000000000e+00 -2.317850000000000465e-02 -4.966999999999971438e-03 -1.655499999999990313e-03 -9.245353170813523036e+00
6.059600000000000541e-01 1.463579999999999881e-01 -3.311499999999967248e-03 -2.317849999999999078e-02 -3.311250000000015570e-03 4.966750000000005882e-03 -7.260787923597249005e+00
6.059600000000000541e-01 1.331130000000000091e-01 -6.622500000000031140e-03 -1.324499999999999289e-02 -3.311000000000036136e-03 4.966749999999992005e-03 -2.363402298939496760e+01
5.927149999999999919e-01 1.198680000000000023e-01 -9.933500000000039520e-03 -1.324500000000000677e-02 -1.655499999999976435e-03 -2.500000000037194692e-07 -4.831231360191244661e+00
5.860929999999999751e-01 1.066229999999999956e-01 -9.933499999999984009e-03 -1.324550000000000033e-02 -4.966999999999971438e-03 -1.655749999999994032e-03 -1.087226429925865823e+01
5.728480000000000238e-01 9.337700000000000167e-02 -1.986749999999998240e-02 -1.655649999999999483e-02 -4.967000000000026949e-03 2.500000000002500222e-07 -4.754558481894575195e+00
5.463580000000000103e-01 7.351000000000000589e-02 -1.986750000000003791e-02 -1.324499999999999983e-02 1.655499999999976435e-03 6.622499999999996445e-03 -8.053961904624857837e+00
5.331129999999999480e-01 6.688700000000000201e-02 -1.655650000000002953e-02 -3.311500000000001942e-03 1.655500000000031946e-03 6.622499999999999915e-03 -2.163992817297267734e+01
5.132449999999999513e-01 6.688700000000000201e-02 -1.655649999999997402e-02 0.000000000000000000e+00 2.775557561562891351e-17 1.655750000000000971e-03 -6.040288703765731348e+00
5.000000000000000000e-01 6.688700000000000201e-02 -1.655649999999997402e-02 0.000000000000000000e+00 -1.387778780781445676e-17 0.000000000000000000e+00 0.000000000000000000e+00
4.801320000000000032e-01 6.688700000000000201e-02 -1.655650000000000177e-02 0.000000000000000000e+00 3.311499999999981125e-03 1.655750000000000971e-03 -6.040288703765710920e+00
4.668869999999999965e-01 6.688700000000000201e-02 -9.933500000000011765e-03 3.311500000000001942e-03 3.311499999999995003e-03 3.311249999999998223e-03 -3.820286124037619402e+01
4.602649999999999797e-01 7.351000000000000589e-02 -9.933500000000011765e-03 6.622499999999996445e-03 -2.499999999933111283e-07 3.310999999999997973e-03 -1.932730822145336091e+01
4.470199999999999729e-01 8.013199999999999490e-02 -9.933999999999998387e-03 9.933499999999997887e-03 3.311000000000008381e-03 1.655750000000004440e-03 -1.779496802411370027e+01
4.403969999999999829e-01 9.337700000000000167e-02 -3.311499999999995003e-03 9.934000000000005326e-03 4.966999999999999194e-03 2.500000000002500222e-07 -4.297445143281856161e+01
4.403969999999999829e-01 1.000000000000000056e-01 0.000000000000000000e+00 9.933999999999998387e-03 3.311499999999995003e-03 -3.469446951953614189e-18 -3.355648386660187299e+01
4.403969999999999829e-01 1.132449999999999984e-01 3.311499999999995003e-03 9.933999999999998387e-03 3.311250000000001692e-03 -1.655750000000000971e-03 -3.342377222344532584e+01
4.470199999999999729e-01 1.198680000000000023e-01 6.622500000000003384e-03 6.622499999999996445e-03 1.655500000000004190e-03 -3.311500000000001942e-03 -4.004102926113801431e+01
4.536419999999999897e-01 1.264899999999999913e-01 6.622500000000003384e-03 3.310999999999994503e-03 0.000000000000000000e+00 -3.311249999999998223e-03 -5.402598466759685891e+01
4.602649999999999797e-01 1.264899999999999913e-01 6.622500000000003384e-03 0.000000000000000000e+00 3.311250000000001692e-03 -1.655499999999997252e-03 -3.774724423598515699e+01
4.668869999999999965e-01 1.264899999999999913e-01 1.324500000000000677e-02 0.000000000000000000e+00 3.311250000000001692e-03 -1.655499999999997252e-03 -9.436811058996289248e+00
4.867549999999999932e-01 1.264899999999999913e-01 1.324500000000000677e-02 -3.310999999999994503e-03 -1.655499999999990313e-03 -3.311249999999998223e-03 -1.938856470075872807e+01
4.933770000000000100e-01 1.198680000000000023e-01 9.934000000000026143e-03 -6.622499999999996445e-03 2.499999999933111283e-07 -4.967250000000002913e-03 -2.899425537307975276e+01
5.066230000000000455e-01 1.132449999999999984e-01 1.324549999999999339e-02 -1.324550000000000033e-02 -2.500000000210667039e-07 -3.311250000000001692e-03 -6.673336921281165068e+00
5.198679999999999968e-01 9.337700000000000167e-02 9.933499999999984009e-03 -1.324499999999999983e-02 -3.311500000000008881e-03 1.656000000000001221e-03 -6.040179290369665388e+00
5.264900000000000135e-01 8.675499999999999878e-02 6.622499999999975628e-03 -9.933499999999997887e-03 -3.311000000000008381e-03 1.655500000000000721e-03 -1.288535863847587315e+01
5.331129999999999480e-01 7.351000000000000589e-02 3.311499999999967248e-03 -9.933999999999998387e-03 -1.655749999999983624e-03 3.310999999999997973e-03 -4.776060628332208680e+00
5.331129999999999480e-01 6.688700000000000201e-02 3.311000000000008381e-03 -3.311500000000001942e-03 -2.499999999794333405e-07 3.311499999999998473e-03 1.067653273513160599e+02
5.397349999999999648e-01 6.688700000000000201e-02 3.311000000000008381e-03 -3.311000000000001442e-03 -1.655500000000004190e-03 -1.655250000000000471e-03 -1.067733902839157309e+02
5.397349999999999648e-01 6.026499999999999913e-02 0.000000000000000000e+00 -6.622000000000002884e-03 -3.311000000000008381e-03 -3.311000000000001442e-03 -7.550588945937795415e+01
