4.470199999999999729e-01 1.993379999999999874e-01 0.000000000000000000e+00 6.622000000000016762e-03 0.000000000000000000e+00 4.999999999866222566e-07 0.000000000000000000e+00
4.470199999999999729e-01 2.059600000000000042e-01 0.000000000000000000e+00 6.622500000000003384e-03 0.000000000000000000e+00 1.655999999999990813e-03 0.000000000000000000e+00
4.470199999999999729e-01 2.125829999999999942e-01 0.000000000000000000e+00 9.933999999999998387e-03 0.000000000000000000e+00 1.655499999999997252e-03 0.000000000000000000e+00
4.470199999999999729e-01 2.258280000000000010e-01 0.000000000000000000e+00 9.933499999999997887e-03 -1.655749999999997502e-03 -2.500000000002500222e-07 1.677993103222854998e+01
4.470199999999999729e-01 2.324499999999999900e-01 -3.311499999999995003e-03 9.933499999999997887e-03 -1.655749999999997502e-03 1.655750000000004440e-03 9.550534975243818891e+00
4.403969999999999829e-01 2.456949999999999967e-01 -3.311499999999995003e-03 1.324500000000000677e-02 1.655749999999997502e-03 2.500000000002500222e-07 -8.618030726448516532e+00
4.403969999999999829e-01 2.589400000000000035e-01 0.000000000000000000e+00 9.933999999999998387e-03 3.311499999999995003e-03 -3.311250000000001692e-03 -3.355648386660187299e+01
4.403969999999999829e-01 2.655629999999999935e-01 3.311499999999995003e-03 6.622500000000003384e-03 3.311250000000001692e-03 -3.311499999999995003e-03 -8.103571394078826984e+01
4.470199999999999729e-01 2.721850000000000103e-01 6.622500000000003384e-03 3.311000000000008381e-03 1.655500000000004190e-03 -3.311250000000001692e-03 -6.753044142546690409e+01
4.536419999999999897e-01 2.721850000000000103e-01 6.622500000000003384e-03 0.000000000000000000e+00 1.655749999999997502e-03 -1.655500000000004190e-03 -3.774724423598531331e+01
4.602649999999999797e-01 2.721850000000000103e-01 9.933999999999998387e-03 0.000000000000000000e+00 3.311250000000001692e-03 0.000000000000000000e+00 0.000000000000000000e+00
4.735099999999999865e-01 2.721850000000000103e-01 1.324500000000000677e-02 0.000000000000000000e+00 3.311250000000015570e-03 -4.966750000000005882e-03 -2.831185824661428541e+01
4.867549999999999932e-01 2.721850000000000103e-01 1.655650000000002953e-02 -9.933500000000011765e-03 -1.387778780781445676e-17 -8.278000000000000635e-03 -1.904118091958824266e+01
5.066230000000000455e-01 2.523179999999999867e-01 1.324499999999997901e-02 -1.655600000000000127e-02 -4.967000000000026949e-03 -2.499999999933111283e-07 -8.628342221009459578e+00
5.132449999999999513e-01 2.390730000000000077e-01 6.622499999999975628e-03 -9.933999999999998387e-03 -3.311249999999973936e-03 4.966749999999998944e-03 -9.728554877600540350e-04
5.198679999999999968e-01 2.324499999999999900e-01 6.622500000000031140e-03 -6.622500000000003384e-03 0.000000000000000000e+00 1.655750000000004440e-03 1.334768153797647194e+01
5.264900000000000135e-01 2.258280000000000010e-01 6.622499999999975628e-03 -6.622499999999989506e-03 -2.775557561562891351e-17 0.000000000000000000e+00 -2.237491071844436528e-13
5.331129999999999480e-01 2.192050000000000110e-01 6.622499999999975628e-03 -6.622500000000003384e-03 -1.655749999999983624e-03 -6.938893903907228378e-18 -1.334768153797647372e+01
5.397349999999999648e-01 2.125829999999999942e-01 3.311000000000008381e-03 -6.622500000000003384e-03 -3.311249999999987814e-03 3.311250000000001692e-03 -2.701503181981802371e+01
5.397349999999999648e-01 2.059600000000000042e-01 0.000000000000000000e+00 0.000000000000000000e+00 -1.655500000000004190e-03 8.278250000000000886e-03 0.000000000000000000e+00
5.397349999999999648e-01 2.125829999999999942e-01 0.000000000000000000e+00 9.933999999999998387e-03 0.000000000000000000e+00 4.966749999999998944e-03 0.000000000000000000e+00
5.397349999999999648e-01 2.258280000000000010e-01 0.000000000000000000e+00 9.933499999999997887e-03 0.000000000000000000e+00 -2.500000000002500222e-07 -0.000000000000000000e+00
5.397349999999999648e-01 2.324499999999999900e-01 0.000000000000000000e+00 9.933499999999997887e-03 0.000000000000000000e+00 2.500000000002500222e-07 0.000000000000000000e+00
5.397349999999999648e-01 2.456949999999999967e-01 0.000000000000000000e+00 9.933999999999998387e-03 1.655750000000011379e-03 -1.655499999999997252e-03 -1.677824193330107860e+01
5.397349999999999648e-01 2.523179999999999867e-01 3.311500000000022759e-03 6.622500000000003384e-03 1.655750000000011379e-03 -1.655749999999997502e-03 -4.051989627164460472e+01
5.463580000000000103e-01 2.589400000000000035e-01 3.311500000000022759e-03 6.622500000000003384e-03 1.655499999999976435e-03 0.000000000000000000e+00 -2.700850576018905969e+01
5.463580000000000103e-01 2.655629999999999935e-01 6.622499999999975628e-03 6.622500000000003384e-03 3.310999999999980625e-03 0.000000000000000000e+00 -2.669133237036998452e+01
5.596029999999999616e-01 2.721850000000000103e-01 9.933499999999984009e-03 6.622500000000003384e-03 2.775557561562891351e-17 -1.655500000000004190e-03 -9.664140589323938713e+00
5.662249999999999783e-01 2.788080000000000003e-01 6.622500000000031140e-03 3.311499999999995003e-03 3.311500000000022759e-03 -3.311250000000001692e-03 -8.103571394078791457e+01
5.728480000000000238e-01 2.788080000000000003e-01 1.655650000000002953e-02 0.000000000000000000e+00 6.622499999999975628e-03 -3.311499999999995003e-03 -1.208057740753135612e+01
5.993380000000000374e-01 2.788080000000000003e-01 1.986749999999998240e-02 -3.311499999999995003e-03 -3.311500000000022759e-03 -3.311250000000001692e-03 -9.393126962875657071e+00
6.125829999999999886e-01 2.721850000000000103e-01 9.933499999999984009e-03 -6.622500000000003384e-03 -4.966999999999999194e-03 -1.655500000000004190e-03 -2.899485412422782460e+01
6.192050000000000054e-01 2.655629999999999935e-01 9.933499999999984009e-03 -6.622500000000003384e-03 2.500000000071889161e-07 -1.655749999999997502e-03 -9.664627031191651341e+00
6.324499999999999567e-01 2.589400000000000035e-01 9.933999999999998387e-03 -9.933999999999998387e-03 -1.655499999999976435e-03 -3.311250000000001692e-03 -1.779422163659998546e+01
6.390730000000000022e-01 2.456949999999999967e-01 6.622500000000031140e-03 -1.324500000000000677e-02 -1.655750000000011379e-03 -3.311000000000001442e-03 -1.350588434880963007e+01
6.456950000000000189e-01 2.324499999999999900e-01 6.622499999999975628e-03 -1.655600000000000127e-02 -2.775557561562891351e-17 -6.622499999999996445e-03 -7.735492747016587067e+00
6.523179999999999534e-01 2.125829999999999942e-01 6.622499999999975628e-03 -2.648999999999999966e-02 -1.655749999999983624e-03 -4.966999999999999194e-03 -3.770215026051259688e+00
6.589399999999999702e-01 1.794699999999999906e-01 3.311000000000008381e-03 -2.648999999999999966e-02 -3.311249999999987814e-03 3.311250000000001692e-03 -4.034058865515605774e+00
6.589399999999999702e-01 1.596029999999999949e-01 0.000000000000000000e+00 -1.986749999999999627e-02 -1.655500000000004190e-03 4.966749999999998944e-03 -4.194138248442819794e+00
6.589399999999999702e-01 1.397349999999999981e-01 0.000000000000000000e+00 -1.655650000000000177e-02 -1.655500000000004190e-03 3.311249999999998223e-03 -6.039376686748696876e+00
6.589399999999999702e-01 1.264899999999999913e-01 -3.311000000000008381e-03 -1.324499999999999983e-02 -3.311249999999987814e-03 1.655750000000004440e-03 -1.938888997949914028e+01
6.523179999999999534e-01 1.132449999999999984e-01 -6.622499999999975628e-03 -1.324499999999999289e-02 -2.499999999794333405e-07 0.000000000000000000e+00 -1.019696817493284929e-03
6.456950000000000189e-01 1.000000000000000056e-01 -3.311499999999967248e-03 -1.324499999999999983e-02 1.655749999999983624e-03 1.655499999999993782e-03 6.463441715038250379e+00
6.456950000000000189e-01 8.675499999999999878e-02 -3.311000000000008381e-03 -9.934000000000005326e-03 -1.655500000000031946e-03 3.311250000000001692e-03 -2.387273243965060843e+01
6.390730000000000022e-01 8.013199999999999490e-02 -6.622500000000031140e-03 -6.622499999999996445e-03 -1.655749999999983624e-03 1.655750000000004440e-03 -2.669536307595275204e+01
6.324499999999999567e-01 7.351000000000000589e-02 -6.622499999999975628e-03 -6.622499999999996445e-03 2.775557561562891351e-17 -3.469446951953614189e-18 2.517177455824988633e-13
6.258280000000000509e-01 6.688700000000000201e-02 -6.622499999999975628e-03 -6.622500000000003384e-03 -1.655750000000011379e-03 -1.734723475976807094e-18 -1.334768153797662649e+01
6.192050000000000054e-01 6.026499999999999913e-02 -9.933999999999998387e-03 -6.622499999999999915e-03 -1.655500000000004190e-03 1.655500000000002456e-03 -1.610586579671396024e+01
6.059600000000000541e-01 5.364200000000000218e-02 -9.933499999999984009e-03 -3.311499999999998473e-03 1.655749999999983624e-03 3.311249999999999957e-03 -2.387489541259631309e+01
5.993380000000000374e-01 5.364200000000000218e-02 -6.622500000000031140e-03 0.000000000000000000e+00 -1.655750000000011379e-03 3.311499999999998473e-03 -7.550588902897247578e+01
5.927149999999999919e-01 5.364200000000000218e-02 -1.324500000000000677e-02 3.311499999999998473e-03 -1.655499999999976435e-03 3.311249999999999957e-03 -1.507984594376396359e+01
5.728480000000000238e-01 6.026499999999999913e-02 -9.933499999999984009e-03 6.622499999999999915e-03 4.966749999999992005e-03 1.655500000000002456e-03 -2.899388116703356744e+01
5.728480000000000238e-01 6.688700000000000201e-02 -3.311500000000022759e-03 6.622500000000003384e-03 1.655499999999976435e-03 -1.734723475976807094e-18 -2.700850576018904903e+01
5.662249999999999783e-01 7.351000000000000589e-02 -6.622500000000031140e-03 6.622499999999996445e-03 2.500000000071889161e-07 1.655499999999997252e-03 -1.334768153797649326e+01
5.596029999999999616e-01 8.013199999999999490e-02 -3.311000000000008381e-03 9.933499999999997887e-03 3.311250000000015570e-03 1.655750000000004440e-03 -3.342766582082303728e+01
5.596029999999999616e-01 9.337700000000000167e-02 0.000000000000000000e+00 9.934000000000005326e-03 -2.499999999794333405e-07 -1.655250000000000471e-03 2.533329598659316527e-03
5.596029999999999616e-01 1.000000000000000056e-01 -3.311499999999967248e-03 6.622999999999996945e-03 -1.655749999999983624e-03 -1.655750000000004440e-03 4.051459418692045489e+01
5.529800000000000271e-01 1.066229999999999956e-01 -3.311499999999967248e-03 6.622499999999996445e-03 1.655749999999983624e-03 -2.499999999967805753e-07 -2.701054490747228698e+01
5.529800000000000271e-01 1.132449999999999984e-01 0.000000000000000000e+00 6.622500000000003384e-03 1.655749999999983624e-03 -3.311249999999998223e-03 -3.775294451448620237e+01
5.529800000000000271e-01 1.198680000000000023e-01 0.000000000000000000e+00 0.000000000000000000e+00 0.000000000000000000e+00 -6.622500000000003384e-03 0.000000000000000000e+00
5.529800000000000271e-01 1.132449999999999984e-01 0.000000000000000000e+00 -6.622500000000003384e-03 -1.655500000000004190e-03 -3.311249999999998223e-03 -3.774724423598531331e+01
5.529800000000000271e-01 1.066229999999999956e-01 -3.311000000000008381e-03 -6.622499999999996445e-03 -1.655500000000004190e-03 -2.499999999967805753e-07 -2.700891351574025379e+01
5.463580000000000103e-01 1.000000000000000056e-01 -3.311000000000008381e-03 -6.622999999999996945e-03 -2.500000000071889161e-07 -3.469446951953614189e-18 -4.078540897083868418e-03
5.463580000000000103e-01 9.337700000000000167e-02 -3.311500000000022759e-03 -6.622500000000003384e-03 -1.655750000000011379e-03 -1.655250000000000471e-03 -1.350935136417223958e+01
5.397349999999999648e-01 8.675499999999999878e-02 -6.622500000000031140e-03 -9.933499999999997887e-03 -3.310999999999980625e-03 -3.311249999999998223e-03 -6.441463141109514901e+00
5.331129999999999480e-01 7.351000000000000589e-02 -9.933499999999984009e-03 -1.324499999999999983e-02 -3.311249999999960059e-03 -2.500000000019847457e-07 -9.663739603700163272e+00
5.198679999999999968e-01 6.026499999999999913e-02 -1.324499999999995126e-02 -9.934000000000001857e-03 -2.500000000071889161e-07 4.966750000000000678e-03 -1.449582465853273483e+01
5.066230000000000455e-01 5.364200000000000218e-02 -9.933999999999998387e-03 -3.311499999999998473e-03 -2.500000000349444917e-07 3.311500000000000207e-03 -2.865131660447444872e+01
5.000000000000000000e-01 5.364200000000000218e-02 -1.324550000000002115e-02 -3.311000000000001442e-03 -3.311250000000001692e-03 2.499999999985152987e-07 -4.309158851724189887e+00
4.801320000000000032e-01 4.701999999999999930e-02 -1.655650000000000177e-02 -3.311000000000001442e-03 1.656000000000004690e-03 1.655500000000000721e-03 -4.555265381365025235e+00
4.668869999999999965e-01 4.701999999999999930e-02 -9.933500000000011765e-03 0.000000000000000000e+00 3.311499999999995003e-03 4.966750000000000678e-03 -5.033472592741721030e+01
4.602649999999999797e-01 4.701999999999999930e-02 -9.933500000000011765e-03 6.622499999999999915e-03 -2.499999999933111283e-07 4.966750000000000678e-03 -2.899290820983925698e+01
4.470199999999999729e-01 6.026499999999999913e-02 -9.933999999999998387e-03 9.933500000000001356e-03 3.311000000000008381e-03 3.311249999999999957e-03 -2.372652448601486697e+01
4.403969999999999829e-01 6.688700000000000201e-02 -3.311499999999995003e-03 1.324499999999999983e-02 4.966999999999999194e-03 1.655749999999999236e-03 -2.800640405464811522e+01
4.403969999999999829e-01 8.675499999999999878e-02 0.000000000000000000e+00 1.324499999999999983e-02 4.966999999999999194e-03 -1.655500000000000721e-03 -2.831328331623961958e+01
4.403969999999999829e-01 9.337700000000000167e-02 6.622500000000003384e-03 9.933999999999998387e-03 8.278250000000000886e-03 -1.655500000000000721e-03 -5.476471078151359961e+01
4.536419999999999897e-01 1.066229999999999956e-01 1.655650000000000177e-02 9.933999999999998387e-03 4.966999999999999194e-03 -3.311499999999998473e-03 -1.447175415170660884e+01
4.735099999999999865e-01 1.132449999999999984e-01 1.655650000000000177e-02 3.311000000000001442e-03 -1.655749999999997502e-03 -4.966999999999999194e-03 -1.594592252934598342e+01
4.867549999999999932e-01 1.132449999999999984e-01 1.324500000000000677e-02 0.000000000000000000e+00 0.000000000000000000e+00 -1.655500000000000721e-03 -9.436811058996308788e+00
5.000000000000000000e-01 1.132449999999999984e-01 1.655650000000000177e-02 0.000000000000000000e+00 3.311249999999987814e-03 -3.311249999999998223e-03 -1.207966539051438204e+01
5.198679999999999968e-01 1.132449999999999984e-01 1.986749999999998240e-02 -6.622499999999996445e-03 -1.655749999999997502e-03 -4.966999999999999194e-03 -1.193798852847290881e+01
5.397349999999999648e-01 1.000000000000000056e-01 1.324500000000000677e-02 -9.933999999999998387e-03 -3.311249999999987814e-03 -1.655750000000004440e-03 -1.208024907920170676e+01
5.463580000000000103e-01 9.337700000000000167e-02 1.324500000000000677e-02 -9.934000000000005326e-03 3.310999999999980625e-03 -1.655500000000004190e-03 2.415940359696232331e+00
5.662249999999999783e-01 8.013199999999999490e-02 1.986699999999996802e-02 -1.324500000000000677e-02 6.621999999999961251e-03 -3.311000000000001442e-03 1.610852245509904801e+00
