4.403969999999999829e-01 1.463579999999999881e-01 0.000000000000000000e+00 6.622000000000016762e-03 0.000000000000000000e+00 4.999999999866222566e-07 0.000000000000000000e+00
4.403969999999999829e-01 1.529800000000000049e-01 0.000000000000000000e+00 6.622500000000003384e-03 -1.655499999999990313e-03 1.655999999999990813e-03 3.774724423598500067e+01
4.403969999999999829e-01 1.596029999999999949e-01 -3.310999999999980625e-03 9.933999999999998387e-03 -1.655499999999990313e-03 1.655499999999997252e-03 9.549669733808698879e+00
4.337750000000000217e-01 1.728480000000000016e-01 -3.310999999999980625e-03 9.933499999999997887e-03 1.655499999999990313e-03 -2.500000000002500222e-07 -1.432428833117620925e+01
4.337750000000000217e-01 1.794699999999999906e-01 0.000000000000000000e+00 9.933499999999997887e-03 3.310999999999980625e-03 -1.655499999999997252e-03 -3.355479489518857150e+01
4.337750000000000217e-01 1.927149999999999974e-01 3.310999999999980625e-03 6.622500000000003384e-03 3.311249999999987814e-03 -3.311000000000001442e-03 -8.103489818333690664e+01
4.403969999999999829e-01 1.927149999999999974e-01 6.622499999999975628e-03 3.311499999999995003e-03 1.655750000000011379e-03 -3.311250000000001692e-03 -6.752840203183468759e+01
4.470199999999999729e-01 1.993379999999999874e-01 6.622500000000003384e-03 0.000000000000000000e+00 1.387778780781445676e-17 -4.966999999999992255e-03 -1.132531332649581941e+02
4.536419999999999897e-01 1.927149999999999974e-01 6.622500000000003384e-03 -6.622499999999989506e-03 0.000000000000000000e+00 -3.311250000000001692e-03 -2.669334772316155124e+01
4.602649999999999797e-01 1.860930000000000084e-01 6.622500000000003384e-03 -6.622500000000003384e-03 0.000000000000000000e+00 -6.938893903907228378e-18 -5.593727679611049038e-14
4.668869999999999965e-01 1.794699999999999906e-01 6.622500000000003384e-03 -6.622500000000003384e-03 0.000000000000000000e+00 6.938893903907228378e-18 5.593727679611049038e-14
4.735099999999999865e-01 1.728480000000000016e-01 6.622500000000003384e-03 -6.622499999999989506e-03 -1.655749999999997502e-03 0.000000000000000000e+00 -1.334768153797646129e+01
4.801320000000000032e-01 1.662250000000000116e-01 3.311000000000008381e-03 -6.622500000000003384e-03 -3.311250000000001692e-03 -6.938893903907228378e-18 -5.402598466759684470e+01
4.801320000000000032e-01 1.596029999999999949e-01 0.000000000000000000e+00 -6.622500000000003384e-03 2.499999999933111283e-07 1.655500000000004190e-03 5.700278501204359728e-03
4.801320000000000032e-01 1.529800000000000049e-01 3.311499999999995003e-03 -3.311499999999995003e-03 1.655749999999997502e-03 4.966999999999999194e-03 2.135225999861170862e+02
4.867549999999999932e-01 1.529800000000000049e-01 3.311499999999995003e-03 3.311499999999995003e-03 -1.655749999999997502e-03 4.966999999999999194e-03 2.135225999861170862e+02
4.867549999999999932e-01 1.596029999999999949e-01 0.000000000000000000e+00 6.622500000000003384e-03 -1.655749999999997502e-03 1.655500000000004190e-03 3.775294451448651500e+01
4.867549999999999932e-01 1.662250000000000116e-01 0.000000000000000000e+00 6.622500000000003384e-03 1.655500000000004190e-03 1.655749999999997502e-03 -3.774724423598531331e+01
4.867549999999999932e-01 1.728480000000000016e-01 3.311000000000008381e-03 9.933999999999998387e-03 3.311250000000001692e-03 3.311249999999994753e-03 -1.910078158023204509e+01
4.933770000000000100e-01 1.860930000000000084e-01 6.622500000000003384e-03 1.324499999999999289e-02 1.656000000000004690e-03 1.655499999999997252e-03 -3.378255556633183776e+00
5.000000000000000000e-01 1.993379999999999874e-01 6.623000000000017762e-03 1.324499999999999289e-02 -1.387778780781445676e-17 -1.655749999999990563e-03 -3.376827977238479939e+00
5.066230000000000455e-01 2.125829999999999942e-01 6.622499999999975628e-03 9.933500000000011765e-03 -2.500000000210667039e-07 -4.966999999999992255e-03 -1.932925413584160879e+01
5.132449999999999513e-01 2.192050000000000110e-01 6.622499999999975628e-03 3.311000000000008381e-03 4.967000000000026949e-03 -4.966750000000005882e-03 -1.215543864530633442e+02
5.198679999999999968e-01 2.192050000000000110e-01 1.655650000000002953e-02 0.000000000000000000e+00 6.622500000000003384e-03 -3.311000000000008381e-03 -1.207875337349735290e+01
5.463580000000000103e-01 2.192050000000000110e-01 1.986749999999998240e-02 -3.311000000000008381e-03 -1.655750000000011379e-03 -4.966750000000005882e-03 -1.274739230626295061e+01
5.596029999999999616e-01 2.125829999999999942e-01 1.324500000000000677e-02 -9.933500000000011765e-03 -3.311249999999987814e-03 -4.966999999999992255e-03 -2.174482778483022472e+01
5.728480000000000238e-01 1.993379999999999874e-01 1.324500000000000677e-02 -1.324499999999999289e-02 -1.655750000000011379e-03 -1.655749999999990563e-03 -6.673840768988243966e+00
5.860929999999999751e-01 1.860930000000000084e-01 9.933499999999984009e-03 -1.324499999999999289e-02 -1.655749999999983624e-03 -6.622500000000003384e-03 -1.932857366307583646e+01
5.927149999999999919e-01 1.728480000000000016e-01 9.933500000000039520e-03 -2.648999999999999966e-02 -1.655499999999976435e-03 -9.933750000000005076e-03 -6.294387520007025394e+00
6.059600000000000541e-01 1.331130000000000091e-01 6.622500000000031140e-03 -3.311250000000000304e-02 -4.966750000000019760e-03 -2.500000000037194692e-07 -4.271129318258139129e+00
6.059600000000000541e-01 1.066229999999999956e-01 0.000000000000000000e+00 -2.649050000000000710e-02 -4.966750000000019760e-03 3.311000000000003177e-03 -7.077697375388161127e+00
6.059600000000000541e-01 8.013199999999999490e-02 -3.311000000000008381e-03 -2.649049999999999669e-02 -4.966750000000019760e-03 2.500000000037194692e-07 -6.915069338071248239e+00
5.993380000000000374e-01 5.364200000000000218e-02 -9.933500000000039520e-03 -2.648999999999999966e-02 -4.966999999999999194e-03 3.311499999999996738e-03 -7.263269444338362746e+00
5.860929999999999751e-01 2.715199999999999905e-02 -1.324500000000000677e-02 -1.986750000000000321e-02 -6.622749999999982817e-03 4.966999999999999194e-03 -1.449739897756805540e+01
5.728480000000000238e-01 1.390699999999999922e-02 -2.317900000000000515e-02 -1.655600000000000127e-02 -4.966999999999999194e-03 4.967000000000001796e-03 -8.539672687072480173e+00
5.397349999999999648e-01 -5.960000000000000020e-03 -2.317900000000000515e-02 -9.933499999999999622e-03 4.966999999999999194e-03 1.158925000000000059e-02 -1.367380083524485634e+01
5.264900000000000135e-01 -5.960000000000000020e-03 -1.324500000000000677e-02 6.622499999999999915e-03 4.966999999999999194e-03 9.933499999999999622e-03 -5.064630153542277213e+01
5.132449999999999513e-01 7.284999999999999809e-03 -1.324500000000000677e-02 9.933499999999999622e-03 1.387778780781445676e-17 3.311249999999999957e-03 -9.664286831537950206e+00
5.000000000000000000e-01 1.390699999999999922e-02 -1.324499999999997901e-02 1.324499999999999983e-02 1.655500000000004190e-03 6.622749999999999297e-03 -1.668359424607488606e+01
4.867549999999999932e-01 3.377499999999999947e-02 -9.933999999999998387e-03 2.317899999999999822e-02 4.966749999999992005e-03 1.655500000000000721e-03 -8.203933415191942302e+00
4.801320000000000032e-01 6.026499999999999913e-02 -3.311499999999995003e-03 1.655600000000000127e-02 4.966999999999999194e-03 -8.278249999999997416e-03 -1.138990306737951208e+01
4.801320000000000032e-01 6.688700000000000201e-02 0.000000000000000000e+00 6.622500000000003384e-03 3.311499999999995003e-03 -4.966750000000002413e-03 -7.550588902897303001e+01
4.801320000000000032e-01 7.351000000000000589e-02 3.311499999999995003e-03 6.622499999999996445e-03 4.966999999999999194e-03 -1.655750000000004440e-03 -9.454098639452465136e+01
4.867549999999999932e-01 8.013199999999999490e-02 9.933999999999998387e-03 3.310999999999994503e-03 3.311250000000015570e-03 -3.311249999999998223e-03 -3.819867915297807315e+01
5.000000000000000000e-01 8.013199999999999490e-02 9.934000000000026143e-03 0.000000000000000000e+00 1.655500000000004190e-03 -6.622249999999996195e-03 -6.710536774440683416e+01
5.066230000000000455e-01 8.013199999999999490e-02 1.324500000000000677e-02 -9.933499999999997887e-03 1.655499999999962557e-03 -6.622499999999998180e-03 -1.570483092210301734e+01
5.264900000000000135e-01 6.026499999999999913e-02 1.324499999999995126e-02 -1.324499999999999636e-02 -3.311250000000015570e-03 1.655499999999998986e-03 -3.336920384494183711e+00
5.331129999999999480e-01 5.364200000000000218e-02 6.622499999999975628e-03 -6.622499999999999915e-03 -1.655749999999955868e-03 1.655749999999997502e-03 2.866382904906410098e-13
5.397349999999999648e-01 4.701999999999999930e-02 9.933500000000039520e-03 -9.933500000000001356e-03 3.311250000000043325e-03 -3.311249999999999957e-03 1.099894226666655780e-13
5.529800000000000271e-01 3.377499999999999947e-02 1.324500000000006228e-02 -1.324499999999999983e-02 3.311500000000022759e-03 -3.311499999999998473e-03 1.752824078539868643e-14
