4.470199999999999729e-01 6.688700000000000201e-02 -6.622999999999990006e-03 0.000000000000000000e+00 3.311499999999995003e-03 -3.311000000000001442e-03 7.548309006660115017e+01
4.403969999999999829e-01 6.688700000000000201e-02 -3.311499999999995003e-03 -3.311000000000001442e-03 3.311499999999995003e-03 0.000000000000000000e+00 1.067733893710508255e+02
4.403969999999999829e-01 6.026499999999999913e-02 0.000000000000000000e+00 0.000000000000000000e+00 1.655749999999997502e-03 4.966750000000002413e-03 0.000000000000000000e+00
4.403969999999999829e-01 6.688700000000000201e-02 0.000000000000000000e+00 6.622500000000003384e-03 0.000000000000000000e+00 3.311249999999998223e-03 0.000000000000000000e+00
4.403969999999999829e-01 7.351000000000000589e-02 0.000000000000000000e+00 6.622499999999996445e-03 0.000000000000000000e+00 -3.469446951953614189e-18 -0.000000000000000000e+00
4.403969999999999829e-01 8.013199999999999490e-02 0.000000000000000000e+00 6.622499999999996445e-03 1.655749999999997502e-03 3.469446951953614189e-18 -3.775294451448660027e+01
4.403969999999999829e-01 8.675499999999999878e-02 3.311499999999995003e-03 6.622500000000003384e-03 3.311250000000001692e-03 3.469446951953614189e-18 -5.402109012287995427e+01
4.470199999999999729e-01 9.337700000000000167e-02 6.622500000000003384e-03 6.622500000000003384e-03 1.655500000000004190e-03 2.499999999967805753e-07 -1.334365083239356231e+01
4.536419999999999897e-01 1.000000000000000056e-01 6.622500000000003384e-03 6.622999999999996945e-03 0.000000000000000000e+00 -3.469446951953614189e-18 -2.796547112119196351e-14
4.602649999999999797e-01 1.066229999999999956e-01 6.622500000000003384e-03 6.622499999999996445e-03 0.000000000000000000e+00 -1.655999999999997752e-03 -1.334969689076794808e+01
4.668869999999999965e-01 1.132449999999999984e-01 6.622500000000003384e-03 3.311000000000001442e-03 0.000000000000000000e+00 -3.311249999999998223e-03 -5.402598466759678075e+01
4.735099999999999865e-01 1.132449999999999984e-01 6.622500000000003384e-03 0.000000000000000000e+00 0.000000000000000000e+00 2.500000000002500222e-07 5.700278501362575183e-03
4.801320000000000032e-01 1.132449999999999984e-01 6.622500000000003384e-03 3.311500000000001942e-03 1.655749999999997502e-03 1.655750000000000971e-03 1.350527245373619323e+01
4.867549999999999932e-01 1.198680000000000023e-01 9.933999999999998387e-03 3.311500000000001942e-03 1.655750000000011379e-03 -1.655750000000000971e-03 -1.910063739510107439e+01
5.000000000000000000e-01 1.198680000000000023e-01 9.934000000000026143e-03 0.000000000000000000e+00 -1.655750000000011379e-03 -1.655750000000000971e-03 -1.677824193330087965e+01
5.066230000000000455e-01 1.198680000000000023e-01 6.622499999999975628e-03 0.000000000000000000e+00 -1.655750000000025257e-03 0.000000000000000000e+00 0.000000000000000000e+00
5.132449999999999513e-01 1.198680000000000023e-01 6.622499999999975628e-03 0.000000000000000000e+00 -1.655499999999976435e-03 -1.655750000000000971e-03 -3.775294451448692001e+01
5.198679999999999968e-01 1.198680000000000023e-01 3.311500000000022759e-03 -3.311500000000001942e-03 -3.311249999999987814e-03 -3.311250000000001692e-03 -2.135145397920870494e+02
5.198679999999999968e-01 1.132449999999999984e-01 0.000000000000000000e+00 -6.622500000000003384e-03 -1.655750000000011379e-03 -1.655499999999997252e-03 -3.775294451448683475e+01
5.198679999999999968e-01 1.066229999999999956e-01 0.000000000000000000e+00 -6.622499999999996445e-03 0.000000000000000000e+00 -2.499999999967805753e-07 0.000000000000000000e+00
5.198679999999999968e-01 1.000000000000000056e-01 0.000000000000000000e+00 -6.622999999999996945e-03 0.000000000000000000e+00 -3.469446951953614189e-18 0.000000000000000000e+00
5.198679999999999968e-01 9.337700000000000167e-02 0.000000000000000000e+00 -6.622500000000003384e-03 0.000000000000000000e+00 2.499999999967805753e-07 0.000000000000000000e+00
5.198679999999999968e-01 8.675499999999999878e-02 0.000000000000000000e+00 -6.622500000000003384e-03 0.000000000000000000e+00 -1.655749999999997502e-03 0.000000000000000000e+00
5.198679999999999968e-01 8.013199999999999490e-02 0.000000000000000000e+00 -9.933999999999998387e-03 -1.655750000000011379e-03 -1.655499999999997252e-03 -1.677824193330107860e+01
5.198679999999999968e-01 6.688700000000000201e-02 -3.311500000000022759e-03 -9.933499999999997887e-03 -1.655750000000011379e-03 1.655749999999999236e-03 -1.910251219376401366e+01
5.132449999999999513e-01 6.026499999999999913e-02 -3.311500000000022759e-03 -6.622499999999999915e-03 1.655750000000011379e-03 4.966749999999998944e-03 -1.350527245373619500e+01
5.132449999999999513e-01 5.364200000000000218e-02 0.000000000000000000e+00 0.000000000000000000e+00 1.655750000000011379e-03 6.622499999999999915e-03 0.000000000000000000e+00
5.132449999999999513e-01 6.026499999999999913e-02 0.000000000000000000e+00 6.622499999999999915e-03 0.000000000000000000e+00 3.311250000000001692e-03 0.000000000000000000e+00
5.132449999999999513e-01 6.688700000000000201e-02 0.000000000000000000e+00 6.622500000000003384e-03 0.000000000000000000e+00 -1.734723475976807094e-18 -0.000000000000000000e+00
5.132449999999999513e-01 7.351000000000000589e-02 0.000000000000000000e+00 6.622499999999996445e-03 1.655750000000011379e-03 1.655499999999997252e-03 -3.775294451448692001e+01
5.132449999999999513e-01 8.013199999999999490e-02 3.311500000000022759e-03 9.933499999999997887e-03 3.311250000000015570e-03 1.655750000000004440e-03 -2.387489541259624204e+01
5.198679999999999968e-01 9.337700000000000167e-02 6.622500000000031140e-03 9.934000000000005326e-03 -2.500000000071889161e-07 -1.655250000000000471e-03 -6.439816865036830151e+00
5.264900000000000135e-01 1.000000000000000056e-01 3.311000000000008381e-03 6.622999999999996945e-03 -1.655500000000031946e-03 -1.655750000000004440e-03 1.350404890995050344e+01
5.264900000000000135e-01 1.066229999999999956e-01 3.311499999999967248e-03 6.622499999999996445e-03 1.655749999999983624e-03 -2.499999999967805753e-07 -2.701462381790827294e+01
5.331129999999999480e-01 1.132449999999999984e-01 6.622499999999975628e-03 6.622500000000003384e-03 -2.499999999794333405e-07 0.000000000000000000e+00 2.015352791314884914e-03
5.397349999999999648e-01 1.198680000000000023e-01 3.311000000000008381e-03 6.622499999999996445e-03 -1.655499999999976435e-03 -1.655750000000004440e-03 1.350445675786961885e+01
5.397349999999999648e-01 1.264899999999999913e-01 3.311500000000022759e-03 3.310999999999994503e-03 3.311499999999995003e-03 -1.655499999999993782e-03 -1.601600840565747319e+02
5.463580000000000103e-01 1.264899999999999913e-01 9.933999999999998387e-03 3.311500000000008881e-03 3.310999999999980625e-03 1.655750000000004440e-03 4.776060628332300162e+00
5.596029999999999616e-01 1.331130000000000091e-01 9.933499999999984009e-03 6.622500000000003384e-03 -1.655749999999983624e-03 -2.500000000071889161e-07 6.442436098303853775e+00
5.662249999999999783e-01 1.397349999999999981e-01 6.622500000000031140e-03 3.310999999999994503e-03 -1.655499999999976435e-03 -3.311250000000001692e-03 -4.052152790972687058e+01
5.728480000000000238e-01 1.397349999999999981e-01 6.622500000000031140e-03 0.000000000000000000e+00 -2.775557561562891351e-17 -3.310999999999994503e-03 -7.549448847196967449e+01
5.794700000000000406e-01 1.397349999999999981e-01 6.622499999999975628e-03 -3.310999999999994503e-03 -1.655500000000031946e-03 -3.311250000000001692e-03 -6.753044142546768569e+01
5.860929999999999751e-01 1.331130000000000091e-01 3.311499999999967248e-03 -6.622500000000003384e-03 -1.655749999999983624e-03 -2.500000000071889161e-07 -2.701462381790831913e+01
5.860929999999999751e-01 1.264899999999999913e-01 3.311000000000008381e-03 -3.311500000000008881e-03 1.655500000000031946e-03 1.655750000000004440e-03 1.067733893710513655e+02
5.927149999999999919e-01 1.264899999999999913e-01 6.622500000000031140e-03 -3.310999999999994503e-03 2.500000000071889161e-07 -1.655499999999993782e-03 -2.700891351573987720e+01
5.993380000000000374e-01 1.198680000000000023e-01 3.311500000000022759e-03 -6.622499999999996445e-03 -3.311250000000015570e-03 -1.655750000000004440e-03 -6.752840203183428969e+01
5.993380000000000374e-01 1.132449999999999984e-01 0.000000000000000000e+00 -6.622500000000003384e-03 -2.500000000071889161e-07 0.000000000000000000e+00 -5.700278501520788903e-03
5.993380000000000374e-01 1.066229999999999956e-01 3.311000000000008381e-03 -6.622499999999996445e-03 1.655500000000004190e-03 -1.655749999999997502e-03 1.350445675787012689e+01
6.059600000000000541e-01 1.000000000000000056e-01 3.311000000000008381e-03 -9.933999999999998387e-03 -1.655500000000004190e-03 -1.655750000000004440e-03 -1.909861852018177686e+01
6.059600000000000541e-01 8.675499999999999878e-02 0.000000000000000000e+00 -9.934000000000005326e-03 -1.655500000000004190e-03 1.655750000000000971e-03 -1.677570860370211747e+01
6.059600000000000541e-01 8.013199999999999490e-02 0.000000000000000000e+00 -6.622499999999996445e-03 0.000000000000000000e+00 1.655750000000004440e-03 0.000000000000000000e+00
6.059600000000000541e-01 7.351000000000000589e-02 0.000000000000000000e+00 -6.622499999999996445e-03 0.000000000000000000e+00 -3.469446951953614189e-18 0.000000000000000000e+00
6.059600000000000541e-01 6.688700000000000201e-02 0.000000000000000000e+00 -6.622500000000003384e-03 0.000000000000000000e+00 -1.655500000000002456e-03 0.000000000000000000e+00
6.059600000000000541e-01 6.026499999999999913e-02 0.000000000000000000e+00 -9.933500000000001356e-03 0.000000000000000000e+00 -1.655749999999997502e-03 0.000000000000000000e+00
6.059600000000000541e-01 4.701999999999999930e-02 0.000000000000000000e+00 -9.933999999999998387e-03 0.000000000000000000e+00 1.655500000000000721e-03 0.000000000000000000e+00
6.059600000000000541e-01 4.039700000000000235e-02 0.000000000000000000e+00 -6.622499999999999915e-03 0.000000000000000000e+00 1.655749999999998369e-03 0.000000000000000000e+00
6.059600000000000541e-01 3.377499999999999947e-02 0.000000000000000000e+00 -6.622500000000001649e-03 -1.655500000000004190e-03 0.000000000000000000e+00 -3.774724423598533463e+01
6.059600000000000541e-01 2.715199999999999905e-02 -3.311000000000008381e-03 -6.622499999999999915e-03 -1.655500000000004190e-03 8.673617379884035472e-19 -2.701095284777855809e+01
5.993380000000000374e-01 2.052999999999999964e-02 -3.311000000000008381e-03 -6.622499999999999915e-03 1.655500000000004190e-03 -1.655750000000000104e-03 4.051744893768699285e+01
5.993380000000000374e-01 1.390699999999999922e-02 0.000000000000000000e+00 -9.934000000000000122e-03 -2.500000000071889161e-07 -1.655499999999999854e-03 -2.533329598940574617e-03
5.993380000000000374e-01 6.620000000000000450e-04 -3.311500000000022759e-03 -9.933499999999999622e-03 -1.655750000000011379e-03 1.655750000000000104e-03 -1.910251219376401011e+01
5.927149999999999919e-01 -5.960000000000000020e-03 -3.311500000000022759e-03 -6.622499999999999915e-03 1.655750000000011379e-03 1.655499999999999854e-03 1.350731190895422884e+01
5.927149999999999919e-01 -1.258300000000000043e-02 0.000000000000000000e+00 -6.622499999999999915e-03 2.500000000071889161e-07 0.000000000000000000e+00 5.700278501520795842e-03
5.927149999999999919e-01 -1.920499999999999985e-02 -3.311000000000008381e-03 -6.622499999999999915e-03 -3.311249999999987814e-03 0.000000000000000000e+00 -5.402598466759659601e+01
5.860929999999999751e-01 -2.582800000000000026e-02 -6.622499999999975628e-03 -6.622499999999999915e-03 -2.499999999794333405e-07 8.673617379884035472e-19 -2.015352791321877151e-03
5.794700000000000406e-01 -3.244999999999999968e-02 -3.311499999999967248e-03 -6.622499999999998180e-03 1.655749999999983624e-03 0.000000000000000000e+00 2.701258436269026930e+01
5.794700000000000406e-01 -3.907299999999999662e-02 -3.311000000000008381e-03 -6.622499999999999915e-03 -1.655500000000031946e-03 -2.602085213965210642e-18 -2.701095284777898087e+01
5.728480000000000238e-01 -4.569499999999999951e-02 -6.622500000000031140e-03 -6.622500000000003384e-03 -2.500000000071889161e-07 0.000000000000000000e+00 -2.015352791538608298e-03
5.662249999999999783e-01 -5.231800000000000339e-02 -3.311500000000022759e-03 -6.622499999999999915e-03 1.655750000000011379e-03 1.655750000000002706e-03 1.350527245373618435e+01
5.662249999999999783e-01 -5.893999999999999934e-02 -3.311000000000008381e-03 -3.310999999999997973e-03 -1.655499999999976435e-03 1.655500000000000721e-03 -1.067814529124949274e+02
5.596029999999999616e-01 -5.893999999999999934e-02 -6.622499999999975628e-03 -3.311499999999998473e-03 -1.655749999999983624e-03 -1.655750000000000971e-03 1.350527245373635488e+01
5.529800000000000271e-01 -6.556299999999999628e-02 -6.622499999999975628e-03 -6.622499999999999915e-03 -2.775557561562891351e-17 2.499999999985152987e-07 -2.015352791692454418e-03
5.463580000000000103e-01 -7.218499999999999917e-02 -6.622500000000031140e-03 -3.311000000000001442e-03 -2.775557561562891351e-17 3.311249999999999957e-03 -5.402598466759671680e+01
5.397349999999999648e-01 -7.218499999999999917e-02 -6.622500000000031140e-03 0.000000000000000000e+00 2.775557561562891351e-17 1.655500000000000721e-03 -3.774724423598492251e+01
5.331129999999999480e-01 -7.218499999999999917e-02 -6.622499999999975628e-03 0.000000000000000000e+00 2.775557561562891351e-17 0.000000000000000000e+00 -0.000000000000000000e+00
5.264900000000000135e-01 -7.218499999999999917e-02 -6.622499999999975628e-03 0.000000000000000000e+00 -2.775557561562891351e-17 0.000000000000000000e+00 0.000000000000000000e+00
5.198679999999999968e-01 -7.218499999999999917e-02 -6.622500000000031140e-03 0.000000000000000000e+00 0.000000000000000000e+00 0.000000000000000000e+00 -0.000000000000000000e+00
5.132449999999999513e-01 -7.218499999999999917e-02 -6.622499999999975628e-03 0.000000000000000000e+00 2.775557561562891351e-17 0.000000000000000000e+00 -0.000000000000000000e+00
5.066230000000000455e-01 -7.218499999999999917e-02 -6.622499999999975628e-03 0.000000000000000000e+00 -2.500000000210667039e-07 0.000000000000000000e+00 0.000000000000000000e+00
5.000000000000000000e-01 -7.218499999999999917e-02 -6.623000000000017762e-03 0.000000000000000000e+00 -1.387778780781445676e-17 1.655500000000000721e-03 -3.774154503330025534e+01
4.933770000000000100e-01 -7.218499999999999917e-02 -6.622500000000003384e-03 3.311000000000001442e-03 2.500000000071889161e-07 1.655500000000000721e-03 -2.701299217981689438e+01
4.867549999999999932e-01 -6.556299999999999628e-02 -6.622500000000003384e-03 3.311000000000001442e-03 0.000000000000000000e+00 2.499999999985152987e-07 -4.078972039809434548e-03
4.801320000000000032e-01 -6.556299999999999628e-02 -6.622500000000003384e-03 3.311499999999998473e-03 1.655749999999997502e-03 1.655749999999997502e-03 -4.051989627164446262e+01
4.735099999999999865e-01 -5.893999999999999934e-02 -3.311000000000008381e-03 6.622499999999996445e-03 3.311250000000001692e-03 1.655500000000000721e-03 -6.753044142546698936e+01
4.735099999999999865e-01 -5.231800000000000339e-02 0.000000000000000000e+00 6.622499999999999915e-03 3.311000000000008381e-03 1.655750000000002706e-03 -7.549448847197071188e+01
4.735099999999999865e-01 -4.569499999999999951e-02 3.311000000000008381e-03 9.934000000000001857e-03 3.311250000000001692e-03 1.655499999999999854e-03 -2.387561644713639453e+01
4.801320000000000032e-01 -3.244999999999999968e-02 6.622500000000003384e-03 9.933499999999999622e-03 1.655749999999997502e-03 -3.311500000000001075e-03 -2.255339098311800328e+01
4.867549999999999932e-01 -2.582800000000000026e-02 6.622500000000003384e-03 3.310999999999999707e-03 0.000000000000000000e+00 -3.310999999999999707e-03 -5.402190569555698829e+01
4.933770000000000100e-01 -2.582800000000000026e-02 6.622500000000003384e-03 3.311500000000000207e-03 2.500000000071889161e-07 2.500000000002500222e-07 2.039147282707952803e-03
5.000000000000000000e-01 -1.920499999999999985e-02 6.623000000000017762e-03 3.311500000000000207e-03 -1.387778780781445676e-17 -2.500000000002500222e-07 -4.078171441525633122e-03
5.066230000000000455e-01 -1.920499999999999985e-02 6.622499999999975628e-03 3.310999999999999707e-03 -2.500000000210667039e-07 -2.500000000002500222e-07 -2.039640001328524212e-03
5.132449999999999513e-01 -1.258300000000000043e-02 6.622499999999975628e-03 3.310999999999999707e-03 2.775557561562891351e-17 -1.655499999999999854e-03 -2.701095284777888139e+01
5.198679999999999968e-01 -1.258300000000000043e-02 6.622500000000031140e-03 0.000000000000000000e+00 0.000000000000000000e+00 -1.655499999999999854e-03 -3.774724423598489409e+01
5.264900000000000135e-01 -1.258300000000000043e-02 6.622499999999975628e-03 0.000000000000000000e+00 -2.775557561562891351e-17 -3.311249999999999957e-03 -7.550018875047243228e+01
5.331129999999999480e-01 -1.258300000000000043e-02 6.622499999999975628e-03 -6.622499999999999915e-03 2.775557561562891351e-17 -3.311249999999999957e-03 -2.669334772316130255e+01
5.397349999999999648e-01 -2.582800000000000026e-02 6.622500000000031140e-03 -6.622499999999999915e-03 -1.655499999999976435e-03 8.673617379884035472e-19 -1.334566618518470449e+01
5.463580000000000103e-01 -2.582800000000000026e-02 3.311500000000022759e-03 -6.622499999999998180e-03 -3.311250000000015570e-03 -1.655499999999999854e-03 -6.752636257661620789e+01
5.463580000000000103e-01 -3.907299999999999662e-02 0.000000000000000000e+00 -9.933499999999999622e-03 -1.655750000000011379e-03 -2.602085213965210642e-18 -1.677993103222868498e+01
5.463580000000000103e-01 -4.569499999999999951e-02 0.000000000000000000e+00 -6.622500000000003384e-03 0.000000000000000000e+00 1.655499999999999854e-03 0.000000000000000000e+00
5.463580000000000103e-01 -5.231800000000000339e-02 0.000000000000000000e+00 -6.622499999999999915e-03 0.000000000000000000e+00 3.469446951953614189e-18 0.000000000000000000e+00
5.463580000000000103e-01 -5.893999999999999934e-02 0.000000000000000000e+00 -6.622499999999996445e-03 0.000000000000000000e+00 -2.499999999985152987e-07 0.000000000000000000e+00
5.463580000000000103e-01 -6.556299999999999628e-02 0.000000000000000000e+00 -6.622999999999996945e-03 0.000000000000000000e+00 -5.000000000005000445e-07 0.000000000000000000e+00
