4.536419999999999897e-01 1.331130000000000091e-01 0.000000000000000000e+00 6.621999999999989006e-03 -3.311000000000008381e-03 3.311500000000008881e-03 7.550588945937828100e+01
4.536419999999999897e-01 1.397349999999999981e-01 -3.311000000000008381e-03 9.933499999999997887e-03 -1.655500000000004190e-03 3.311500000000008881e-03 4.774041731637854724e+00
4.470199999999999729e-01 1.529800000000000049e-01 -3.311000000000008381e-03 1.324500000000000677e-02 1.655500000000004190e-03 1.655749999999997502e-03 -1.077095493210655519e+01
4.470199999999999729e-01 1.662250000000000116e-01 0.000000000000000000e+00 1.324499999999999289e-02 1.655500000000004190e-03 -6.938893903907228378e-18 -9.436811058996349644e+00
4.470199999999999729e-01 1.794699999999999906e-01 0.000000000000000000e+00 1.324499999999999289e-02 0.000000000000000000e+00 6.938893903907228378e-18 0.000000000000000000e+00
4.470199999999999729e-01 1.927149999999999974e-01 0.000000000000000000e+00 1.324500000000000677e-02 1.655500000000004190e-03 -1.655499999999997252e-03 -9.436811058996328327e+00
4.470199999999999729e-01 2.059600000000000042e-01 3.311000000000008381e-03 9.933999999999998387e-03 1.655500000000004190e-03 -3.311250000000001692e-03 -2.387273243965040237e+01
4.536419999999999897e-01 2.125829999999999942e-01 3.311000000000008381e-03 6.622500000000003384e-03 2.499999999933111283e-07 -3.311499999999995003e-03 -2.701707115185653407e+01
4.536419999999999897e-01 2.192050000000000110e-01 3.311499999999995003e-03 3.311000000000008381e-03 1.655749999999997502e-03 -3.311250000000001692e-03 -1.601681460763108760e+02
4.602649999999999797e-01 2.192050000000000110e-01 6.622500000000003384e-03 0.000000000000000000e+00 1.655500000000004190e-03 -3.311000000000008381e-03 -7.549448847197062662e+01
4.668869999999999965e-01 2.192050000000000110e-01 6.622500000000003384e-03 -3.311000000000008381e-03 -1.655500000000004190e-03 -3.311250000000001692e-03 -6.753044142546690409e+01
4.735099999999999865e-01 2.125829999999999942e-01 3.311499999999995003e-03 -6.622500000000003384e-03 -1.655749999999997502e-03 -1.655749999999997502e-03 -4.051989627164446972e+01
4.735099999999999865e-01 2.059600000000000042e-01 3.311000000000008381e-03 -6.622500000000003384e-03 1.655500000000004190e-03 0.000000000000000000e+00 2.701095284777852612e+01
4.801320000000000032e-01 1.993379999999999874e-01 6.622500000000003384e-03 -6.622500000000003384e-03 2.499999999933111283e-07 6.938893903907228378e-18 2.015352791482683415e-03
4.867549999999999932e-01 1.927149999999999974e-01 3.311499999999995003e-03 -6.622499999999989506e-03 -1.655749999999997502e-03 1.655750000000004440e-03 -1.350527245373613816e+01
4.867549999999999932e-01 1.860930000000000084e-01 3.311000000000008381e-03 -3.310999999999994503e-03 1.655500000000004190e-03 3.311249999999994753e-03 1.601802419973236340e+02
4.933770000000000100e-01 1.860930000000000084e-01 6.622500000000003384e-03 0.000000000000000000e+00 2.499999999933111283e-07 3.310999999999994503e-03 7.549448847197031398e+01
5.000000000000000000e-01 1.860930000000000084e-01 3.311499999999995003e-03 3.310999999999994503e-03 -1.655499999999990313e-03 3.311249999999994753e-03 1.601600852738523315e+02
5.000000000000000000e-01 1.927149999999999974e-01 3.311500000000022759e-03 6.622499999999989506e-03 1.655499999999990313e-03 3.311500000000001942e-03 6.118057719210308158e-03
5.066230000000000455e-01 1.993379999999999874e-01 6.622499999999975628e-03 9.933999999999998387e-03 1.655499999999976435e-03 1.655500000000011129e-03 -3.221367715750052430e+00
5.132449999999999513e-01 2.125829999999999942e-01 6.622499999999975628e-03 9.933500000000011765e-03 2.775557561562891351e-17 -1.655749999999997502e-03 -6.443895497366187719e+00
5.198679999999999968e-01 2.192050000000000110e-01 6.622500000000031140e-03 6.622500000000003384e-03 0.000000000000000000e+00 -1.655500000000011129e-03 -1.334566618518504377e+01
5.264900000000000135e-01 2.258280000000000010e-01 6.622499999999975628e-03 6.622499999999989506e-03 1.655749999999983624e-03 -1.655750000000004440e-03 -2.669536307595300784e+01
5.331129999999999480e-01 2.324499999999999900e-01 9.933999999999998387e-03 3.310999999999994503e-03 1.655500000000031946e-03 -3.311249999999994753e-03 -3.342384428607373081e+01
5.463580000000000103e-01 2.324499999999999900e-01 9.933500000000039520e-03 0.000000000000000000e+00 -2.500000000071889161e-07 -3.310999999999994503e-03 -3.355479489518842939e+01
5.529800000000000271e-01 2.324499999999999900e-01 9.933499999999984009e-03 -3.310999999999994503e-03 1.655749999999983624e-03 -4.966749999999998944e-03 -3.820170755246093819e+01
5.662249999999999783e-01 2.258280000000000010e-01 1.324500000000000677e-02 -9.933499999999997887e-03 3.311500000000022759e-03 -8.278250000000000886e-03 -1.691250196896359981e+01
5.794700000000000406e-01 2.125829999999999942e-01 1.655650000000002953e-02 -1.986749999999999627e-02 1.655749999999983624e-03 -6.622749999999996695e-03 -4.437332676456299474e+00
5.993380000000000374e-01 1.860930000000000084e-01 1.655649999999997402e-02 -2.317899999999999128e-02 -3.311500000000022759e-03 -6.938893903907228378e-18 -3.321085143731531186e+00
6.125829999999999886e-01 1.662250000000000116e-01 9.933499999999984009e-03 -1.986750000000001015e-02 -6.622749999999982817e-03 1.655749999999990563e-03 -1.050511300928789282e+01
6.192050000000000054e-01 1.463579999999999881e-01 3.311000000000008381e-03 -1.986750000000001015e-02 -4.966749999999992005e-03 6.938893903907228378e-18 -1.207646092888931832e+01
6.192050000000000054e-01 1.264899999999999913e-01 0.000000000000000000e+00 -1.986749999999999627e-02 -3.311000000000008381e-03 -1.655749999999994032e-03 -8.388276496885639588e+00
6.192050000000000054e-01 1.066229999999999956e-01 -3.311000000000008381e-03 -2.317899999999999822e-02 -4.966749999999992005e-03 -2.500000000002500222e-07 -8.968527594187717611e+00
6.125829999999999886e-01 8.013199999999999490e-02 -9.933499999999984009e-03 -1.986799999999999677e-02 -4.966999999999999194e-03 4.967000000000000928e-03 -1.350572572189143195e+01
5.993380000000000374e-01 6.688700000000000201e-02 -1.324500000000000677e-02 -1.324499999999999636e-02 -1.655750000000011379e-03 6.622749999999998430e-03 -1.668409808427274754e+01
5.860929999999999751e-01 5.364200000000000218e-02 -1.324500000000000677e-02 -6.622499999999999915e-03 -1.655749999999983624e-03 6.622499999999998180e-03 -3.038849470902593097e+01
5.728480000000000238e-01 5.364200000000000218e-02 -1.655649999999997402e-02 0.000000000000000000e+00 -1.655750000000011379e-03 3.311249999999999957e-03 -1.207966539051443000e+01
5.529800000000000271e-01 5.364200000000000218e-02 -1.655650000000002953e-02 0.000000000000000000e+00 1.655749999999983624e-03 3.311249999999999957e-03 -1.207966539051434829e+01
5.397349999999999648e-01 5.364200000000000218e-02 -1.324500000000000677e-02 6.622499999999999915e-03 4.967000000000026949e-03 4.967000000000000928e-03 -3.038900455743481643e+01
5.264900000000000135e-01 6.688700000000000201e-02 -6.622499999999975628e-03 9.934000000000001857e-03 6.622500000000003384e-03 -1.734723475976807094e-18 -3.865738566484266414e+01
5.264900000000000135e-01 7.351000000000000589e-02 0.000000000000000000e+00 6.622499999999996445e-03 3.311249999999987814e-03 -2.500000000019847457e-07 -7.550018875047169331e+01
5.264900000000000135e-01 8.013199999999999490e-02 0.000000000000000000e+00 9.933499999999997887e-03 1.655749999999983624e-03 1.655750000000004440e-03 -1.677993103222840787e+01
5.264900000000000135e-01 9.337700000000000167e-02 3.311499999999967248e-03 9.934000000000005326e-03 3.311249999999987814e-03 -3.310999999999997973e-03 -3.819766978084064846e+01
5.331129999999999480e-01 1.000000000000000056e-01 6.622499999999975628e-03 3.311500000000001942e-03 1.655500000000031946e-03 -4.967000000000002663e-03 -9.453894693930729431e+01
5.397349999999999648e-01 1.000000000000000056e-01 6.622500000000031140e-03 0.000000000000000000e+00 1.655750000000011379e-03 -1.655750000000000971e-03 -3.775294451448628053e+01
5.463580000000000103e-01 1.000000000000000056e-01 9.933999999999998387e-03 0.000000000000000000e+00 1.655499999999976435e-03 -1.655750000000000971e-03 -1.677824193330097202e+01
5.596029999999999616e-01 1.000000000000000056e-01 9.933499999999984009e-03 -3.311500000000001942e-03 1.655500000000004190e-03 -4.967000000000002663e-03 -3.820214011873829207e+01
5.662249999999999783e-01 9.337700000000000167e-02 1.324500000000000677e-02 -9.934000000000005326e-03 1.655750000000011379e-03 -3.310999999999997973e-03 -6.038756503058510638e+00
5.860929999999999751e-01 8.013199999999999490e-02 1.324500000000000677e-02 -9.933499999999997887e-03 -3.311249999999987814e-03 3.311500000000005411e-03 2.416983777234426256e+00
5.927149999999999919e-01 7.351000000000000589e-02 6.622500000000031140e-03 -3.310999999999994503e-03 -3.310999999999980625e-03 4.966749999999998944e-03 5.402802399963521651e+01
5.993380000000000374e-01 7.351000000000000589e-02 6.623000000000045517e-03 0.000000000000000000e+00 5.000000000143778323e-07 3.310999999999994503e-03 7.548309006659972908e+01
