3.741720000000000046e-01 2.390730000000000077e-01 0.000000000000000000e+00 1.324499999999997901e-02 0.000000000000000000e+00 1.387778780781445676e-17 0.000000000000000000e+00
3.741720000000000046e-01 2.523179999999999867e-01 0.000000000000000000e+00 1.324499999999999289e-02 0.000000000000000000e+00 1.387778780781445676e-17 0.000000000000000000e+00
3.741720000000000046e-01 2.655629999999999935e-01 0.000000000000000000e+00 1.324500000000000677e-02 0.000000000000000000e+00 6.938893903907228378e-18 0.000000000000000000e+00
3.741720000000000046e-01 2.788080000000000003e-01 0.000000000000000000e+00 1.324500000000000677e-02 1.655749999999997502e-03 0.000000000000000000e+00 -9.438236128621628751e+00
3.741720000000000046e-01 2.920530000000000070e-01 3.311499999999995003e-03 1.324500000000000677e-02 4.966999999999999194e-03 -1.655500000000004190e-03 -2.800607873545567372e+01
3.807949999999999946e-01 3.052980000000000138e-01 9.933999999999998387e-03 9.933999999999998387e-03 3.311000000000008381e-03 -1.655500000000004190e-03 -1.779332596933093669e+01
3.940400000000000014e-01 3.119210000000000038e-01 9.933500000000011765e-03 9.933999999999998387e-03 -2.499999999933111283e-07 -2.499999999933111283e-07 4.508430103796723466e-08
4.006620000000000181e-01 3.251660000000000106e-01 9.933500000000011765e-03 9.933500000000011765e-03 2.499999999933111283e-07 -1.655749999999997502e-03 -5.933497267803426567e+00
4.139070000000000249e-01 3.317880000000000273e-01 9.933999999999998387e-03 6.622500000000003384e-03 2.499999999933111283e-07 -3.311000000000008381e-03 -1.932820636795197800e+01
4.205300000000000149e-01 3.384110000000000174e-01 9.933999999999998387e-03 3.311499999999995003e-03 -2.500000000071889161e-07 -4.966999999999999194e-03 -4.297300938552743332e+01
4.337750000000000217e-01 3.384110000000000174e-01 9.933499999999984009e-03 -3.311499999999995003e-03 -1.655750000000011379e-03 -4.966999999999999194e-03 -4.775339621562032733e+01
4.403969999999999829e-01 3.317880000000000273e-01 6.622499999999975628e-03 -6.622500000000003384e-03 -1.655499999999990313e-03 -3.311000000000008381e-03 -4.003699855555508691e+01
4.470199999999999729e-01 3.251660000000000106e-01 6.622500000000003384e-03 -9.933500000000011765e-03 1.387778780781445676e-17 -3.311499999999995003e-03 -1.288779099473196865e+01
4.536419999999999897e-01 3.119210000000000038e-01 6.622500000000003384e-03 -1.324549999999999339e-02 -1.655500000000004190e-03 -1.655999999999990813e-03 -1.012900536940949259e+01
4.602649999999999797e-01 2.986750000000000238e-01 3.311499999999995003e-03 -1.324549999999999339e-02 -1.655749999999997502e-03 2.499999999933111283e-07 -8.616786931353516366e+00
4.602649999999999797e-01 2.854300000000000170e-01 3.311000000000008381e-03 -1.324500000000000677e-02 -2.499999999933111283e-07 2.499999999933111283e-07 -9.759344631288267629e-04
4.668869999999999965e-01 2.721850000000000103e-01 3.311000000000008381e-03 -1.324500000000000677e-02 2.499999999933111283e-07 1.655749999999997502e-03 2.155622311121040191e+00
4.668869999999999965e-01 2.589400000000000035e-01 3.311499999999995003e-03 -9.933500000000011765e-03 2.499999999933111283e-07 1.655750000000004440e-03 4.778151756411491036e+00
4.735099999999999865e-01 2.523179999999999867e-01 3.311499999999995003e-03 -9.933499999999997887e-03 -1.655749999999997502e-03 -2.499999999933111283e-07 -1.432724470614196655e+01
4.735099999999999865e-01 2.390730000000000077e-01 0.000000000000000000e+00 -9.933999999999998387e-03 -1.655749999999997502e-03 4.966749999999998944e-03 -1.677824193330093649e+01
4.735099999999999865e-01 2.324499999999999900e-01 0.000000000000000000e+00 0.000000000000000000e+00 0.000000000000000000e+00 9.933999999999998387e-03 0.000000000000000000e+00
4.735099999999999865e-01 2.390730000000000077e-01 0.000000000000000000e+00 9.933999999999998387e-03 1.655500000000004190e-03 4.966749999999998944e-03 -1.677570860370213879e+01
4.735099999999999865e-01 2.523179999999999867e-01 3.311000000000008381e-03 9.933499999999997887e-03 1.655500000000004190e-03 -2.499999999933111283e-07 -1.432573042201802593e+01
4.801320000000000032e-01 2.589400000000000035e-01 3.311000000000008381e-03 9.933500000000011765e-03 2.499999999933111283e-07 1.655750000000004440e-03 4.773320577330707692e+00
4.801320000000000032e-01 2.721850000000000103e-01 3.311499999999995003e-03 1.324500000000000677e-02 1.655749999999997502e-03 1.655749999999997502e-03 -6.463116395845863948e+00
4.867549999999999932e-01 2.854300000000000170e-01 6.622500000000003384e-03 1.324500000000000677e-02 1.655500000000004190e-03 2.499999999933111283e-07 -6.751922477587247506e+00
4.933770000000000100e-01 2.986750000000000238e-01 6.622500000000003384e-03 1.324549999999999339e-02 2.500000000071889161e-07 -1.655500000000004190e-03 -3.376929937297255435e+00
5.000000000000000000e-01 3.119210000000000038e-01 6.623000000000017762e-03 9.933999999999998387e-03 -1.387778780781445676e-17 -1.655999999999990813e-03 -6.444232168323047460e+00
5.066230000000000455e-01 3.185430000000000206e-01 6.622499999999975628e-03 9.933500000000011765e-03 -2.500000000210667039e-07 0.000000000000000000e+00 1.459399062237719865e-03
5.132449999999999513e-01 3.317880000000000273e-01 6.622499999999975628e-03 9.933999999999998387e-03 1.655750000000011379e-03 -3.311000000000008381e-03 -2.254957415715306723e+01
5.198679999999999968e-01 3.384110000000000174e-01 9.933999999999998387e-03 3.311499999999995003e-03 1.655500000000004190e-03 -3.311500000000008881e-03 -3.342521416186993832e+01
5.331129999999999480e-01 3.384110000000000174e-01 9.933499999999984009e-03 3.310999999999980625e-03 -1.655749999999983624e-03 -2.500000000071889161e-07 4.773320577330536274e+00
5.397349999999999648e-01 3.450329999999999786e-01 6.622500000000031140e-03 3.310999999999980625e-03 2.500000000071889161e-07 -1.655499999999990313e-03 -2.701299217981667056e+01
5.463580000000000103e-01 3.450329999999999786e-01 9.933999999999998387e-03 0.000000000000000000e+00 1.655499999999976435e-03 -1.655499999999990313e-03 -1.677570860370199668e+01
5.596029999999999616e-01 3.450329999999999786e-01 9.933499999999984009e-03 0.000000000000000000e+00 1.655500000000004190e-03 -3.311249999999987814e-03 -3.355732847982293521e+01
5.662249999999999783e-01 3.450329999999999786e-01 1.324500000000000677e-02 -6.622499999999975628e-03 1.655750000000011379e-03 -6.622499999999989506e-03 -2.363504268621239035e+01
5.860929999999999751e-01 3.317880000000000273e-01 1.324500000000000677e-02 -1.324499999999997901e-02 -3.311249999999987814e-03 -3.311250000000015570e-03 -1.334667386158075963e+01
5.927149999999999919e-01 3.185430000000000206e-01 6.622500000000031140e-03 -1.324500000000000677e-02 -3.311249999999987814e-03 -1.387778780781445676e-17 -1.350588434880953059e+01
5.993380000000000374e-01 3.052980000000000138e-01 6.622500000000031140e-03 -1.324500000000000677e-02 -2.775557561562891351e-17 0.000000000000000000e+00 -1.132090885011166748e-13
6.059600000000000541e-01 2.920530000000000070e-01 6.622499999999975628e-03 -1.324500000000000677e-02 -2.775557561562891351e-17 0.000000000000000000e+00 -1.132090885011172554e-13
6.125829999999999886e-01 2.788080000000000003e-01 6.622499999999975628e-03 -1.324500000000000677e-02 2.775557561562891351e-17 -3.311249999999994753e-03 -6.752942174404658715e+00
6.192050000000000054e-01 2.655629999999999935e-01 6.622500000000031140e-03 -1.986749999999999627e-02 -1.655499999999976435e-03 -3.311249999999994753e-03 -5.968543617652356303e+00
6.258280000000000509e-01 2.390730000000000077e-01 3.311500000000022759e-03 -1.986749999999999627e-02 -3.311250000000015570e-03 3.311249999999994753e-03 -6.709130358865555976e+00
6.258280000000000509e-01 2.258280000000000010e-01 0.000000000000000000e+00 -1.324500000000000677e-02 -1.655750000000011379e-03 0.000000000000000000e+00 -9.438236128621708687e+00
6.258280000000000509e-01 2.125829999999999942e-01 0.000000000000000000e+00 -1.986749999999999627e-02 0.000000000000000000e+00 -1.655749999999997502e-03 0.000000000000000000e+00
6.258280000000000509e-01 1.860930000000000084e-01 0.000000000000000000e+00 -1.655650000000000177e-02 0.000000000000000000e+00 4.966749999999998944e-03 0.000000000000000000e+00
6.258280000000000509e-01 1.794699999999999906e-01 0.000000000000000000e+00 -9.933999999999998387e-03 -1.655750000000011379e-03 3.311500000000001942e-03 -1.677824193330107860e+01
6.258280000000000509e-01 1.662250000000000116e-01 -3.311500000000022759e-03 -9.933499999999997887e-03 -1.655750000000011379e-03 2.499999999933111283e-07 -1.432724470614205003e+01
6.192050000000000054e-01 1.596029999999999949e-01 -3.311500000000022759e-03 -9.933500000000011765e-03 -1.655499999999976435e-03 -1.655749999999997502e-03 -9.548371828092060198e+00
6.192050000000000054e-01 1.463579999999999881e-01 -6.622499999999975628e-03 -1.324499999999999289e-02 -3.310999999999980625e-03 -2.499999999933111283e-07 -1.350435480358321172e+01
6.059600000000000541e-01 1.331130000000000091e-01 -9.933499999999984009e-03 -9.933999999999998387e-03 -2.775557561562891351e-17 3.311249999999994753e-03 -1.186341151712825770e+01
5.993380000000000374e-01 1.264899999999999913e-01 -6.622500000000031140e-03 -6.622500000000003384e-03 1.655499999999976435e-03 2.500000000002500222e-07 1.334365083239322836e+01
5.927149999999999919e-01 1.198680000000000023e-01 -6.622500000000031140e-03 -9.933499999999997887e-03 2.775557561562891351e-17 0.000000000000000000e+00 1.620258440876134248e-13
5.860929999999999751e-01 1.066229999999999956e-01 -6.622499999999975628e-03 -6.622500000000003384e-03 2.775557561562891351e-17 3.311000000000001442e-03 -2.669133237036981399e+01
5.794700000000000406e-01 1.066229999999999956e-01 -6.622499999999975628e-03 -3.311499999999995003e-03 -1.655500000000031946e-03 -2.499999999967805753e-07 -1.350119385123581139e+01
5.728480000000000238e-01 1.000000000000000056e-01 -9.933500000000039520e-03 -6.622999999999996945e-03 -1.655750000000011379e-03 -3.469446951953614189e-18 -6.443932881195904017e+00
5.596029999999999616e-01 9.337700000000000167e-02 -9.933999999999998387e-03 -3.311500000000001942e-03 1.655500000000031946e-03 3.311499999999998473e-03 -2.387597699978757504e+01
5.529800000000000271e-01 9.337700000000000167e-02 -6.622499999999975628e-03 0.000000000000000000e+00 1.655749999999983624e-03 2.500000000002500222e-07 -5.700278501362622888e-03
5.463580000000000103e-01 9.337700000000000167e-02 -6.622500000000031140e-03 -3.311000000000001442e-03 -2.775557561562891351e-17 -1.655500000000000721e-03 2.701095284777811756e+01
5.397349999999999648e-01 8.675499999999999878e-02 -6.622500000000031140e-03 -3.311000000000001442e-03 1.655750000000011379e-03 3.311000000000001442e-03 -4.051540960564831551e+01
5.331129999999999480e-01 8.675499999999999878e-02 -3.311000000000008381e-03 3.311000000000001442e-03 3.311250000000015570e-03 4.966750000000002413e-03 -2.669697575383992785e+02
5.331129999999999480e-01 9.337700000000000167e-02 0.000000000000000000e+00 6.622500000000003384e-03 1.655500000000004190e-03 1.655999999999997752e-03 -3.774724423598531331e+01
5.331129999999999480e-01 1.000000000000000056e-01 0.000000000000000000e+00 6.622999999999996945e-03 0.000000000000000000e+00 -3.469446951953614189e-18 -0.000000000000000000e+00
5.331129999999999480e-01 1.066229999999999956e-01 0.000000000000000000e+00 6.622499999999996445e-03 0.000000000000000000e+00 -2.499999999967805753e-07 -0.000000000000000000e+00
5.331129999999999480e-01 1.132449999999999984e-01 0.000000000000000000e+00 6.622500000000003384e-03 0.000000000000000000e+00 1.655750000000004440e-03 0.000000000000000000e+00
5.331129999999999480e-01 1.198680000000000023e-01 0.000000000000000000e+00 9.934000000000005326e-03 -1.655749999999983624e-03 1.655499999999997252e-03 1.677824193330077662e+01
5.331129999999999480e-01 1.331130000000000091e-01 -3.311499999999967248e-03 9.933499999999997887e-03 -3.311249999999987814e-03 -1.655750000000007910e-03 3.342687263111625384e+01
5.264900000000000135e-01 1.397349999999999981e-01 -6.622499999999975628e-03 6.622499999999989506e-03 2.499999999794333405e-07 -1.655499999999997252e-03 1.334365083239372041e+01
5.198679999999999968e-01 1.463579999999999881e-01 -3.311000000000008381e-03 6.622500000000003384e-03 1.655499999999976435e-03 -1.655749999999990563e-03 -1.350445675786972899e+01
5.198679999999999968e-01 1.529800000000000049e-01 -3.311500000000022759e-03 3.311000000000008381e-03 -3.311499999999995003e-03 0.000000000000000000e+00 1.067733893710493618e+02
5.132449999999999513e-01 1.529800000000000049e-01 -9.933999999999998387e-03 6.622500000000003384e-03 -3.311249999999973936e-03 1.655749999999997502e-03 3.220394860262277614e+00
5.000000000000000000e-01 1.662250000000000116e-01 -9.933999999999970631e-03 6.622500000000003384e-03 1.655749999999997502e-03 -3.311250000000001692e-03 1.288547093645159514e+01
4.933770000000000100e-01 1.662250000000000116e-01 -6.622500000000003384e-03 0.000000000000000000e+00 2.499999999794333405e-07 -3.311250000000001692e-03 7.550018875047183542e+01
4.867549999999999932e-01 1.662250000000000116e-01 -9.933500000000011765e-03 0.000000000000000000e+00 -1.655749999999997502e-03 0.000000000000000000e+00 0.000000000000000000e+00
4.735099999999999865e-01 1.662250000000000116e-01 -9.933999999999998387e-03 0.000000000000000000e+00 1.655500000000004190e-03 0.000000000000000000e+00 -0.000000000000000000e+00
4.668869999999999965e-01 1.662250000000000116e-01 -6.622500000000003384e-03 0.000000000000000000e+00 2.499999999933111283e-07 0.000000000000000000e+00 -0.000000000000000000e+00
4.602649999999999797e-01 1.662250000000000116e-01 -9.933500000000011765e-03 0.000000000000000000e+00 -3.311249999999987814e-03 -3.311250000000001692e-03 3.355732847982288547e+01
4.470199999999999729e-01 1.662250000000000116e-01 -1.324499999999997901e-02 -6.622500000000003384e-03 -2.499999999933111283e-07 -3.311250000000001692e-03 1.350537450040086007e+01
4.337750000000000217e-01 1.529800000000000049e-01 -9.933999999999998387e-03 -6.622500000000003384e-03 4.966749999999978127e-03 1.655749999999997502e-03 9.662643900744159353e+00
4.271519999999999762e-01 1.529800000000000049e-01 -3.311500000000022759e-03 -3.311000000000008381e-03 3.311500000000008881e-03 0.000000000000000000e+00 1.067733893710498165e+02
4.271519999999999762e-01 1.463579999999999881e-01 -3.310999999999980625e-03 -6.622500000000003384e-03 2.500000000210667039e-07 -3.311499999999995003e-03 2.701707115185689290e+01
4.205300000000000149e-01 1.397349999999999981e-01 -3.310999999999980625e-03 -9.933999999999998387e-03 1.655499999999990313e-03 -3.311249999999998223e-03 2.387273243965024605e+01
4.205300000000000149e-01 1.264899999999999913e-01 0.000000000000000000e+00 -1.324499999999999983e-02 1.655499999999990313e-03 2.500000000002500222e-07 9.436811058996259050e+00
4.205300000000000149e-01 1.132449999999999984e-01 0.000000000000000000e+00 -9.933499999999997887e-03 1.655499999999990313e-03 1.655500000000000721e-03 1.677739744759428575e+01
4.205300000000000149e-01 1.066229999999999956e-01 3.310999999999980625e-03 -9.933999999999998387e-03 3.311250000000001692e-03 -2.500000000002500222e-07 2.864900941916937427e+01
4.271519999999999762e-01 9.337700000000000167e-02 6.622500000000003384e-03 -9.933999999999998387e-03 1.655750000000011379e-03 2.500000000002500222e-07 9.666048931677112321e+00
4.337750000000000217e-01 8.675499999999999878e-02 6.622500000000003384e-03 -9.933499999999997887e-03 1.655499999999990313e-03 0.000000000000000000e+00 9.664140589323732655e+00
4.403969999999999829e-01 7.351000000000000589e-02 9.933499999999984009e-03 -9.933999999999998387e-03 3.311250000000001692e-03 1.655499999999997252e-03 1.779526657235517462e+01
4.536419999999999897e-01 6.688700000000000201e-02 1.324500000000000677e-02 -6.622500000000003384e-03 2.500000000071889161e-07 3.311499999999998473e-03 1.350741389403596138e+01
4.668869999999999965e-01 6.026499999999999913e-02 9.933999999999998387e-03 -3.311000000000001442e-03 0.000000000000000000e+00 3.311250000000001692e-03 2.864973036660506267e+01
4.735099999999999865e-01 6.026499999999999913e-02 1.324500000000000677e-02 0.000000000000000000e+00 3.311250000000015570e-03 1.655500000000000721e-03 9.436811058996308788e+00
4.933770000000000100e-01 6.026499999999999913e-02 1.655650000000002953e-02 0.000000000000000000e+00 -1.655500000000018068e-03 0.000000000000000000e+00 0.000000000000000000e+00
5.066230000000000455e-01 6.026499999999999913e-02 9.933999999999970631e-03 0.000000000000000000e+00 -3.311500000000022759e-03 3.311250000000001692e-03 3.355395053700326713e+01
5.132449999999999513e-01 6.026499999999999913e-02 9.933499999999984009e-03 6.622500000000003384e-03 1.655500000000018068e-03 4.966749999999998944e-03 2.255095862686161112e+01
5.264900000000000135e-01 7.351000000000000589e-02 1.324500000000000677e-02 9.933499999999997887e-03 2.500000000071889161e-07 1.655499999999997252e-03 4.831231360191318380e+00
5.397349999999999648e-01 8.013199999999999490e-02 9.933999999999998387e-03 9.933499999999997887e-03 -4.966749999999992005e-03 2.500000000037194692e-07 1.779556516568091951e+01
5.463580000000000103e-01 9.337700000000000167e-02 3.311500000000022759e-03 9.934000000000005326e-03 -3.311499999999995003e-03 -1.655250000000000471e-03 2.387669802343312142e+01
5.463580000000000103e-01 1.000000000000000056e-01 3.311000000000008381e-03 6.622999999999996945e-03 -2.500000000071889161e-07 -1.655750000000004440e-03 -1.349997036905302394e+01
5.529800000000000271e-01 1.066229999999999956e-01 3.311000000000008381e-03 6.622499999999996445e-03 -1.655500000000004190e-03 -2.499999999967805753e-07 2.700891351574025379e+01
5.529800000000000271e-01 1.132449999999999984e-01 0.000000000000000000e+00 6.622500000000003384e-03 2.499999999794333405e-07 -1.655499999999997252e-03 -5.700278500887930554e-03
5.529800000000000271e-01 1.198680000000000023e-01 3.311499999999967248e-03 3.311500000000001942e-03 1.655749999999983624e-03 -1.655750000000004440e-03 -1.067653300900727089e+02
5.596029999999999616e-01 1.198680000000000023e-01 3.311499999999967248e-03 3.310999999999994503e-03 -1.655749999999983624e-03 1.655249999999993532e-03 1.067653273513162020e+02
5.596029999999999616e-01 1.264899999999999913e-01 0.000000000000000000e+00 6.621999999999989006e-03 -3.311499999999967248e-03 3.310999999999994503e-03 7.551729173806343454e+01
