3.410599999999999743e-01 1.927149999999999974e-01 -6.622999999999990006e-03 6.622999999999990006e-03 3.311499999999995003e-03 -4.999999999866222566e-07 -2.668730242550435605e+01
3.344369999999999843e-01 1.993379999999999874e-01 -3.311499999999995003e-03 6.622500000000003384e-03 1.656000000000004690e-03 -2.499999999933111283e-07 -2.701462350997325501e+01
3.344369999999999843e-01 2.059600000000000042e-01 -3.310999999999980625e-03 6.622500000000003384e-03 2.500000000071889161e-07 1.655749999999997502e-03 -1.351057506194830893e+01
3.278150000000000230e-01 2.125829999999999942e-01 -3.310999999999980625e-03 9.933999999999998387e-03 1.655499999999990313e-03 1.655499999999997252e-03 -1.909789757274590016e+01
3.278150000000000230e-01 2.258280000000000010e-01 0.000000000000000000e+00 9.933499999999997887e-03 1.655499999999990313e-03 -2.500000000002500222e-07 -1.677739744759428575e+01
3.278150000000000230e-01 2.324499999999999900e-01 0.000000000000000000e+00 9.933499999999997887e-03 0.000000000000000000e+00 1.655750000000004440e-03 0.000000000000000000e+00
3.278150000000000230e-01 2.456949999999999967e-01 0.000000000000000000e+00 1.324500000000000677e-02 1.655499999999990313e-03 2.500000000002500222e-07 -9.436811058996250168e+00
3.278150000000000230e-01 2.589400000000000035e-01 3.310999999999980625e-03 9.933999999999998387e-03 3.311249999999987814e-03 -1.655500000000004190e-03 -3.342384428607361002e+01
3.344369999999999843e-01 2.655629999999999935e-01 6.622499999999975628e-03 9.933999999999998387e-03 1.655750000000011379e-03 -2.499999999933111283e-07 -9.666048931677122980e+00
3.410599999999999743e-01 2.788080000000000003e-01 6.622500000000003384e-03 9.933500000000011765e-03 1.655500000000018068e-03 -2.499999999933111283e-07 -9.665113546518080412e+00
3.476819999999999911e-01 2.854300000000000170e-01 9.933500000000011765e-03 9.933500000000011765e-03 3.311250000000001692e-03 -1.655500000000004190e-03 -1.779601301622153997e+01
3.609269999999999978e-01 2.986750000000000238e-01 1.324500000000000677e-02 6.622500000000003384e-03 2.499999999933111283e-07 -4.966750000000005882e-03 -2.025882652321439181e+01
3.741720000000000046e-01 2.986750000000000238e-01 9.933999999999998387e-03 0.000000000000000000e+00 -1.655500000000004190e-03 -4.966750000000005882e-03 -5.032965914070521762e+01
3.807949999999999946e-01 2.986750000000000238e-01 9.933999999999998387e-03 -3.311000000000008381e-03 -2.499999999933111283e-07 -3.311250000000001692e-03 -2.865045131404076528e+01
3.940400000000000014e-01 2.920530000000000070e-01 9.933500000000011765e-03 -6.622500000000003384e-03 -1.655749999999997502e-03 -3.311499999999995003e-03 -2.577509547413777469e+01
4.006620000000000181e-01 2.854300000000000170e-01 6.622500000000003384e-03 -9.933999999999998387e-03 -1.655500000000004190e-03 -3.311250000000001692e-03 -2.254908769268365631e+01
4.072850000000000081e-01 2.721850000000000103e-01 6.622500000000003384e-03 -1.324500000000000677e-02 0.000000000000000000e+00 2.499999999933111283e-07 5.098484087749426347e-04
4.139070000000000249e-01 2.589400000000000035e-01 6.622500000000003384e-03 -9.933500000000011765e-03 -1.655500000000004190e-03 1.655750000000004440e-03 -3.220245091957746553e+00
4.205300000000000149e-01 2.523179999999999867e-01 3.311499999999995003e-03 -9.933499999999997887e-03 -1.655750000000011379e-03 -2.499999999933111283e-07 -1.432724470614208379e+01
4.205300000000000149e-01 2.390730000000000077e-01 3.310999999999980625e-03 -9.933999999999998387e-03 -2.500000000071889161e-07 1.655499999999997252e-03 4.771950859418208069e+00
4.271519999999999762e-01 2.324499999999999900e-01 3.310999999999980625e-03 -6.622500000000003384e-03 2.500000000210667039e-07 1.655750000000004440e-03 1.351057506194859315e+01
4.271519999999999762e-01 2.258280000000000010e-01 3.311500000000022759e-03 -6.622499999999989506e-03 2.500000000210667039e-07 3.311250000000001692e-03 2.701666296519167787e+01
4.337750000000000217e-01 2.192050000000000110e-01 3.311500000000022759e-03 0.000000000000000000e+00 -2.500000000210667039e-07 6.622499999999989506e-03 6.039103158756348648e+02
4.337750000000000217e-01 2.258280000000000010e-01 3.310999999999980625e-03 6.622499999999989506e-03 -2.500000000210667039e-07 4.966749999999998944e-03 4.051948857768884693e+01
4.403969999999999829e-01 2.324499999999999900e-01 3.310999999999980625e-03 9.933499999999997887e-03 2.500000000071889161e-07 1.655750000000004440e-03 4.773320577330578907e+00
4.403969999999999829e-01 2.456949999999999967e-01 3.311499999999995003e-03 9.933999999999998387e-03 1.655750000000011379e-03 2.500000000002500222e-07 -1.432457676676890479e+01
4.470199999999999729e-01 2.523179999999999867e-01 6.622500000000003384e-03 9.933999999999998387e-03 -2.499999999933111283e-07 1.655500000000004190e-03 6.443708360438989757e+00
4.536419999999999897e-01 2.655629999999999935e-01 3.311000000000008381e-03 1.324500000000000677e-02 -1.655500000000004190e-03 1.655500000000004190e-03 1.077062965336612521e+01
4.536419999999999897e-01 2.788080000000000003e-01 3.311499999999995003e-03 1.324500000000000677e-02 1.655749999999997502e-03 0.000000000000000000e+00 -8.617705407256094574e+00
4.602649999999999797e-01 2.920530000000000070e-01 6.622500000000003384e-03 1.324500000000000677e-02 1.655500000000004190e-03 -1.655500000000004190e-03 -1.012864848899403292e+01
4.668869999999999965e-01 3.052980000000000138e-01 6.622500000000003384e-03 9.933999999999998387e-03 0.000000000000000000e+00 -3.311250000000001692e-03 -1.288547093645157737e+01
4.735099999999999865e-01 3.119210000000000038e-01 6.622500000000003384e-03 6.622500000000003384e-03 3.311250000000001692e-03 -1.655749999999997502e-03 -4.004102926113790772e+01
4.801320000000000032e-01 3.185430000000000206e-01 1.324500000000000677e-02 6.622500000000003384e-03 3.311500000000008881e-03 -1.655500000000004190e-03 -1.350588434880962119e+01
5.000000000000000000e-01 3.251660000000000106e-01 1.324550000000002115e-02 3.311499999999995003e-03 -3.311250000000015570e-03 -3.311250000000001692e-03 -1.292452987710487200e+01
5.066230000000000455e-01 3.251660000000000106e-01 6.622499999999975628e-03 0.000000000000000000e+00 -1.656000000000018568e-03 -3.311499999999995003e-03 -7.550588902897368371e+01
5.132449999999999513e-01 3.251660000000000106e-01 9.933499999999984009e-03 -3.311499999999995003e-03 3.311250000000015570e-03 -3.311250000000001692e-03 -1.909962792497430684e+01
5.264900000000000135e-01 3.185430000000000206e-01 1.324500000000000677e-02 -6.622500000000003384e-03 1.655750000000011379e-03 -1.655500000000004190e-03 -3.375706314589207668e+00
5.397349999999999648e-01 3.119210000000000038e-01 1.324500000000000677e-02 -6.622500000000003384e-03 -1.655500000000004190e-03 -1.655749999999997502e-03 -1.012966818581158179e+01
5.529800000000000271e-01 3.052980000000000138e-01 9.933999999999998387e-03 -9.933999999999998387e-03 0.000000000000000000e+00 -6.622500000000003384e-03 -2.372622596031287401e+01
5.596029999999999616e-01 2.920530000000000070e-01 1.324500000000000677e-02 -1.986750000000001015e-02 1.655500000000004190e-03 -4.966750000000005882e-03 -2.416212894045939308e+00
5.794700000000000406e-01 2.655629999999999935e-01 1.324500000000000677e-02 -1.986750000000001015e-02 -4.966750000000019760e-03 3.311250000000008631e-03 -4.026737725727578265e+00
5.860929999999999751e-01 2.523179999999999867e-01 3.311499999999967248e-03 -1.324499999999999289e-02 -3.311249999999987814e-03 6.938893903907228378e-18 -1.723410963598173851e+01
5.860929999999999751e-01 2.390730000000000077e-01 6.622500000000031140e-03 -1.986749999999999627e-02 1.655500000000031946e-03 -3.311250000000008631e-03 1.193492413170192279e+00
5.993380000000000374e-01 2.125829999999999942e-01 6.622500000000031140e-03 -1.986750000000001015e-02 -1.655750000000011379e-03 3.311250000000001692e-03 -1.194033189071000089e+00
5.993380000000000374e-01 1.993379999999999874e-01 3.311000000000008381e-03 -1.324499999999999289e-02 -1.655750000000011379e-03 6.938893903907228378e-18 -8.617935047392711212e+00
6.059600000000000541e-01 1.860930000000000084e-01 3.311000000000008381e-03 -1.986749999999999627e-02 -1.655500000000004190e-03 -1.655750000000004440e-03 -4.696215731886343114e+00
6.059600000000000541e-01 1.596029999999999949e-01 0.000000000000000000e+00 -1.655650000000000177e-02 -1.655500000000004190e-03 4.966749999999998944e-03 -6.039376686748696876e+00
6.059600000000000541e-01 1.529800000000000049e-01 0.000000000000000000e+00 -9.933999999999998387e-03 0.000000000000000000e+00 1.655749999999997502e-03 0.000000000000000000e+00
6.059600000000000541e-01 1.397349999999999981e-01 0.000000000000000000e+00 -1.324500000000000677e-02 -3.311250000000015570e-03 -3.311000000000001442e-03 -1.887504718761803701e+01
6.059600000000000541e-01 1.264899999999999913e-01 -6.622500000000031140e-03 -1.655600000000000127e-02 -4.966750000000019760e-03 6.938893903907228378e-18 -1.450346487500535453e+01
5.927149999999999919e-01 1.066229999999999956e-01 -9.933500000000039520e-03 -1.324499999999999289e-02 1.655750000000011379e-03 3.311000000000001442e-03 -2.414977238436876839e+00
5.860929999999999751e-01 1.000000000000000056e-01 -3.311000000000008381e-03 -9.933999999999998387e-03 1.655500000000031946e-03 -3.469446951953614189e-18 1.432378365327763348e+01
5.860929999999999751e-01 8.675499999999999878e-02 -6.622499999999975628e-03 -1.324499999999999983e-02 -3.311499999999995003e-03 0.000000000000000000e+00 -1.350690404562718960e+01
5.728480000000000238e-01 7.351000000000000589e-02 -9.933999999999998387e-03 -9.933999999999998387e-03 -2.775557561562891351e-17 4.966749999999998944e-03 -1.779422163660015599e+01
5.662249999999999783e-01 6.688700000000000201e-02 -6.622500000000031140e-03 -3.311500000000001942e-03 2.500000000071889161e-07 4.966999999999999194e-03 -8.103163503035165149e+01
5.596029999999999616e-01 6.688700000000000201e-02 -9.933499999999984009e-03 0.000000000000000000e+00 -1.655749999999983624e-03 1.655750000000000971e-03 -1.677993103222863169e+01
5.463580000000000103e-01 6.688700000000000201e-02 -9.933999999999998387e-03 0.000000000000000000e+00 1.655499999999976435e-03 0.000000000000000000e+00 -0.000000000000000000e+00
5.397349999999999648e-01 6.688700000000000201e-02 -6.622500000000031140e-03 0.000000000000000000e+00 1.655750000000011379e-03 1.655750000000000971e-03 -3.775294451448628053e+01
5.331129999999999480e-01 6.688700000000000201e-02 -6.622499999999975628e-03 3.311500000000001942e-03 2.775557561562891351e-17 3.311249999999998223e-03 -5.402109012288039480e+01
5.264900000000000135e-01 7.351000000000000589e-02 -6.622499999999975628e-03 6.622499999999996445e-03 1.655749999999983624e-03 1.655499999999997252e-03 -2.669334772316143400e+01
5.198679999999999968e-01 8.013199999999999490e-02 -3.311000000000008381e-03 6.622499999999996445e-03 3.311249999999987814e-03 3.469446951953614189e-18 -5.402598466759665996e+01
5.198679999999999968e-01 8.675499999999999878e-02 0.000000000000000000e+00 6.622500000000003384e-03 1.655500000000004190e-03 3.469446951953614189e-18 -3.774724423598531331e+01
5.198679999999999968e-01 9.337700000000000167e-02 0.000000000000000000e+00 6.622500000000003384e-03 0.000000000000000000e+00 1.655749999999997502e-03 0.000000000000000000e+00
5.198679999999999968e-01 1.000000000000000056e-01 0.000000000000000000e+00 9.933999999999998387e-03 -1.655750000000011379e-03 1.655749999999997502e-03 1.677824193330107860e+01
5.198679999999999968e-01 1.132449999999999984e-01 -3.311500000000022759e-03 9.933999999999998387e-03 -3.311249999999987814e-03 3.469446951953614189e-18 2.864843261875846281e+01
5.132449999999999513e-01 1.198680000000000023e-01 -6.622499999999975628e-03 9.934000000000005326e-03 2.500000000349444917e-07 -2.500000000002500222e-07 -4.864644695098992578e-04
5.066230000000000455e-01 1.331130000000000091e-01 -3.310999999999952870e-03 9.933499999999997887e-03 -2.500000000210667039e-07 -2.500000000037194692e-07 2.884290570059509871e-03
5.066230000000000455e-01 1.397349999999999981e-01 -6.623000000000017762e-03 9.933499999999997887e-03 -3.311500000000036636e-03 -1.655499999999997252e-03 2.577281263626757379e+01
4.933770000000000100e-01 1.529800000000000049e-01 -9.934000000000026143e-03 6.622500000000003384e-03 2.500000000071889161e-07 -3.311000000000001442e-03 1.932626065697619566e+01
4.867549999999999932e-01 1.529800000000000049e-01 -6.622500000000003384e-03 3.311499999999995003e-03 1.655750000000011379e-03 -1.655500000000004190e-03 1.350119385123539040e+01
4.801320000000000032e-01 1.596029999999999949e-01 -6.622500000000003384e-03 3.311499999999995003e-03 -1.655500000000004190e-03 -1.655749999999997502e-03 4.051785681642650161e+01
4.735099999999999865e-01 1.596029999999999949e-01 -9.933500000000011765e-03 0.000000000000000000e+00 -1.655749999999997502e-03 -1.655749999999997502e-03 1.677993103222850024e+01
4.602649999999999797e-01 1.596029999999999949e-01 -9.933999999999998387e-03 0.000000000000000000e+00 1.655500000000004190e-03 -1.655749999999997502e-03 1.677824193330093649e+01
4.536419999999999897e-01 1.596029999999999949e-01 -6.622500000000003384e-03 -3.311499999999995003e-03 1.655749999999997502e-03 -3.311250000000001692e-03 6.752840203183411916e+01
4.470199999999999729e-01 1.529800000000000049e-01 -6.622500000000003384e-03 -6.622500000000003384e-03 1.655500000000004190e-03 -1.655500000000004190e-03 2.669133237037003425e+01
4.403969999999999829e-01 1.463579999999999881e-01 -3.311499999999995003e-03 -6.622500000000003384e-03 3.311250000000001692e-03 6.938893903907228378e-18 5.402109012287991874e+01
4.403969999999999829e-01 1.397349999999999981e-01 0.000000000000000000e+00 -6.622499999999989506e-03 2.500000000071889161e-07 -1.655499999999997252e-03 5.700278501520814056e-03
4.403969999999999829e-01 1.331130000000000091e-01 -3.310999999999980625e-03 -9.933499999999997887e-03 -1.655499999999990313e-03 -1.655750000000007910e-03 -9.549525554117449744e+00
4.337750000000000217e-01 1.198680000000000023e-01 -3.310999999999980625e-03 -9.934000000000005326e-03 1.655499999999990313e-03 -2.500000000002500222e-07 1.432450460071302345e+01
4.337750000000000217e-01 1.132449999999999984e-01 0.000000000000000000e+00 -9.933999999999998387e-03 3.310999999999980625e-03 -3.311249999999998223e-03 3.355141720740399336e+01
4.337750000000000217e-01 1.000000000000000056e-01 3.310999999999980625e-03 -1.655650000000000177e-02 1.655499999999990313e-03 -3.311250000000001692e-03 3.416663996261083192e+00
4.403969999999999829e-01 8.013199999999999490e-02 3.310999999999980625e-03 -1.655650000000000177e-02 1.655750000000011379e-03 1.655750000000002706e-03 6.834187911379240532e+00
4.403969999999999829e-01 6.688700000000000201e-02 6.622500000000003384e-03 -1.324499999999999636e-02 3.311500000000008881e-03 2.500000000002500222e-07 1.350741389403600756e+01
4.536419999999999897e-01 5.364200000000000218e-02 9.933999999999998387e-03 -1.655600000000000127e-02 0.000000000000000000e+00 -2.602085213965210642e-18 -3.591345329927743027e-15
4.602649999999999797e-01 3.377499999999999947e-02 6.622500000000003384e-03 -1.324500000000000156e-02 -2.499999999933111283e-07 4.966750000000000678e-03 1.012813864058526114e+01
4.668869999999999965e-01 2.715199999999999905e-02 9.933500000000011765e-03 -6.622499999999999915e-03 3.311250000000001692e-03 4.967000000000000928e-03 4.188215860363342813e+01
4.801320000000000032e-01 2.052999999999999964e-02 1.324500000000000677e-02 -3.310999999999999707e-03 1.656000000000004690e-03 3.311249999999999957e-03 1.938921525823962710e+01
4.933770000000000100e-01 2.052999999999999964e-02 1.324550000000002115e-02 0.000000000000000000e+00 -1.655500000000018068e-03 3.310999999999999707e-03 1.887219723664486892e+01
5.066230000000000455e-01 2.052999999999999964e-02 9.933999999999970631e-03 3.310999999999999707e-03 -1.656000000000018568e-03 3.311249999999999957e-03 3.342528618094537762e+01
5.132449999999999513e-01 2.715199999999999905e-02 9.933499999999984009e-03 6.622499999999999915e-03 1.387778780781445676e-17 3.311500000000000207e-03 1.933119997677179569e+01
5.264900000000000135e-01 3.377499999999999947e-02 9.933999999999998387e-03 9.934000000000000122e-03 -3.311000000000008381e-03 3.311249999999999957e-03 2.372533029304371155e+01
5.331129999999999480e-01 4.701999999999999930e-02 3.311499999999967248e-03 1.324499999999999983e-02 -4.966999999999999194e-03 -2.499999999993826605e-07 2.585148972404549284e+01
5.331129999999999480e-01 6.026499999999999913e-02 0.000000000000000000e+00 9.933500000000001356e-03 -2.499999999794333405e-07 -1.655750000000000971e-03 2.533584633979787688e-03
5.331129999999999480e-01 6.688700000000000201e-02 3.311000000000008381e-03 9.933499999999997887e-03 1.655500000000004190e-03 2.499999999985152987e-07 -1.432428833117629097e+01
5.397349999999999648e-01 8.013199999999999490e-02 3.311000000000008381e-03 9.933999999999998387e-03 -3.311000000000008381e-03 -1.655499999999997252e-03 2.387345338708614051e+01
5.397349999999999648e-01 8.675499999999999878e-02 -3.311000000000008381e-03 6.622500000000003384e-03 -3.311000000000008381e-03 -1.655749999999997502e-03 6.752840178546546213e+01
5.331129999999999480e-01 9.337700000000000167e-02 -3.311000000000008381e-03 6.622500000000003384e-03 -2.499999999794333405e-07 2.499999999967805753e-07 2.039640001186979450e-03
5.331129999999999480e-01 1.000000000000000056e-01 -3.311499999999967248e-03 6.622999999999996945e-03 -1.655749999999983624e-03 -3.469446951953614189e-18 2.700972945794697111e+01
5.264900000000000135e-01 1.066229999999999956e-01 -6.622499999999975628e-03 6.622499999999996445e-03 -1.655500000000031946e-03 -1.655999999999997752e-03 2.669536307595330982e+01
5.198679999999999968e-01 1.132449999999999984e-01 -6.622500000000031140e-03 3.311000000000001442e-03 1.655499999999976435e-03 -1.655499999999997252e-03 1.350649608990853778e+01
5.132449999999999513e-01 1.132449999999999984e-01 -3.311500000000022759e-03 3.311500000000001942e-03 3.311250000000015570e-03 1.656000000000001221e-03 -1.601479951351073510e+02
5.132449999999999513e-01 1.198680000000000023e-01 0.000000000000000000e+00 6.623000000000003884e-03 3.311500000000022759e-03 3.311500000000001942e-03 -7.549448890231056453e+01
