4.271519999999999762e-01 1.662250000000000116e-01 0.000000000000000000e+00 6.622999999999990006e-03 0.000000000000000000e+00 -5.000000000005000445e-07 -0.000000000000000000e+00
4.271519999999999762e-01 1.728480000000000016e-01 0.000000000000000000e+00 6.622499999999989506e-03 0.000000000000000000e+00 -2.499999999933111283e-07 -0.000000000000000000e+00
4.271519999999999762e-01 1.794699999999999906e-01 0.000000000000000000e+00 6.622500000000003384e-03 0.000000000000000000e+00 1.655750000000004440e-03 0.000000000000000000e+00
4.271519999999999762e-01 1.860930000000000084e-01 0.000000000000000000e+00 9.933999999999998387e-03 1.655750000000011379e-03 1.655499999999997252e-03 -1.677824193330107860e+01
4.271519999999999762e-01 1.993379999999999874e-01 3.311500000000022759e-03 9.933499999999997887e-03 3.311250000000001692e-03 -3.311499999999995003e-03 -3.820286124037631481e+01
4.337750000000000217e-01 2.059600000000000042e-01 6.622500000000003384e-03 3.311000000000008381e-03 1.655499999999976435e-03 -4.966749999999998944e-03 -9.454139427324510336e+01
4.403969999999999829e-01 2.059600000000000042e-01 6.622499999999975628e-03 0.000000000000000000e+00 3.311250000000001692e-03 2.499999999933111283e-07 5.700278501204409168e-03
4.470199999999999729e-01 2.059600000000000042e-01 1.324500000000000677e-02 3.311499999999995003e-03 3.311250000000015570e-03 1.655749999999997502e-03 4.308852703628029523e+00
4.668869999999999965e-01 2.125829999999999942e-01 1.324500000000000677e-02 3.311499999999995003e-03 -3.311250000000001692e-03 -3.311499999999995003e-03 -1.292655811088414097e+01
4.735099999999999865e-01 2.125829999999999942e-01 6.622500000000003384e-03 -3.311499999999995003e-03 -1.655749999999997502e-03 -4.966999999999999194e-03 -9.454098639452445241e+01
4.801320000000000032e-01 2.059600000000000042e-01 9.933500000000011765e-03 -6.622500000000003384e-03 1.655749999999997502e-03 -1.655500000000004190e-03 -3.220245091957773642e+00
4.933770000000000100e-01 1.993379999999999874e-01 9.933999999999998387e-03 -6.622500000000003384e-03 -3.311000000000008381e-03 6.938893903907228378e-18 -1.288449808096372173e+01
5.000000000000000000e-01 1.927149999999999974e-01 3.311499999999995003e-03 -6.622499999999989506e-03 -3.311249999999987814e-03 0.000000000000000000e+00 -5.402109012287991874e+01
5.000000000000000000e-01 1.860930000000000084e-01 3.311500000000022759e-03 -6.622500000000003384e-03 1.387778780781445676e-17 -6.938893903907228378e-18 1.698016667147129873e-13
5.066230000000000455e-01 1.794699999999999906e-01 3.311500000000022759e-03 -6.622500000000003384e-03 -2.500000000349444917e-07 1.655750000000004440e-03 1.350323330645289310e+01
5.066230000000000455e-01 1.728480000000000016e-01 3.310999999999952870e-03 -3.310999999999994503e-03 1.655499999999976435e-03 1.655500000000004190e-03 1.067814529124969027e+02
5.132449999999999513e-01 1.728480000000000016e-01 6.622499999999975628e-03 -3.311499999999995003e-03 1.655750000000039135e-03 1.655499999999997252e-03 4.051581766914431881e+01
5.198679999999999968e-01 1.662250000000000116e-01 6.622500000000031140e-03 0.000000000000000000e+00 0.000000000000000000e+00 6.622749999999996695e-03 1.510060777794435865e+02
5.264900000000000135e-01 1.728480000000000016e-01 6.622499999999975628e-03 9.933999999999998387e-03 -1.655500000000031946e-03 4.966749999999998944e-03 2.899133673316570992e+01
5.331129999999999480e-01 1.860930000000000084e-01 3.311499999999967248e-03 9.933499999999997887e-03 2.775557561562891351e-17 -2.500000000002500222e-07 -7.211216383595572951e-04
5.331129999999999480e-01 1.927149999999999974e-01 6.622500000000031140e-03 9.933499999999997887e-03 3.311000000000036136e-03 2.500000000002500222e-07 -1.932730822145348881e+01
5.463580000000000103e-01 2.059600000000000042e-01 9.933500000000039520e-03 9.933999999999998387e-03 -2.775557561562891351e-17 -1.655499999999997252e-03 -5.931257913659578662e+00
5.529800000000000271e-01 2.125829999999999942e-01 6.622499999999975628e-03 6.622500000000003384e-03 3.311499999999967248e-03 -2.500000000002500222e-07 -2.669737842874431877e+01
5.596029999999999616e-01 2.192050000000000110e-01 1.655649999999997402e-02 9.933499999999997887e-03 4.966750000000019760e-03 -6.938893903907228378e-18 -6.854480109895517259e+00
5.860929999999999751e-01 2.324499999999999900e-01 1.655600000000001515e-02 6.622499999999989506e-03 -3.311499999999967248e-03 -4.966749999999998944e-03 -1.063542648591585227e+01
5.927149999999999919e-01 2.324499999999999900e-01 9.933500000000039520e-03 0.000000000000000000e+00 -3.311000000000008381e-03 -3.311249999999994753e-03 -3.355732847982262257e+01
6.059600000000000541e-01 2.324499999999999900e-01 9.933999999999998387e-03 0.000000000000000000e+00 -1.655500000000031946e-03 -1.655499999999997252e-03 -1.677570860370207129e+01
6.125829999999999886e-01 2.324499999999999900e-01 6.622499999999975628e-03 -3.310999999999994503e-03 -2.500000000071889161e-07 -4.966749999999998944e-03 -8.103897684741427554e+01
6.192050000000000054e-01 2.258280000000000010e-01 9.933499999999984009e-03 -9.933499999999997887e-03 1.655750000000011379e-03 -4.967000000000006132e-03 -1.186430726329361995e+01
6.324499999999999567e-01 2.125829999999999942e-01 9.933999999999998387e-03 -1.324500000000000677e-02 -1.655499999999976435e-03 -1.655749999999997502e-03 -8.455791314023064942e+00
6.390730000000000022e-01 1.993379999999999874e-01 6.622500000000031140e-03 -1.324499999999999289e-02 -3.311499999999995003e-03 6.938893903907228378e-18 -1.350690404562711322e+01
6.456950000000000189e-01 1.860930000000000084e-01 3.311000000000008381e-03 -1.324499999999999289e-02 -1.655500000000031946e-03 -6.938893903907228378e-18 -8.616633834189244112e+00
6.456950000000000189e-01 1.728480000000000016e-01 3.311499999999967248e-03 -1.324500000000000677e-02 2.499999999794333405e-07 -6.938893903907228378e-18 1.301178530346877148e-03
6.523179999999999534e-01 1.596029999999999949e-01 3.311499999999967248e-03 -1.324500000000000677e-02 -1.655749999999983624e-03 6.938893903907228378e-18 -8.617705407256025296e+00
6.523179999999999534e-01 1.463579999999999881e-01 0.000000000000000000e+00 -1.324499999999999289e-02 -1.655749999999983624e-03 -1.655749999999994032e-03 -9.438236128621571908e+00
6.523179999999999534e-01 1.331130000000000091e-01 0.000000000000000000e+00 -1.655649999999999483e-02 -3.311249999999987814e-03 -4.967000000000006132e-03 -1.207966539051435539e+01
6.523179999999999534e-01 1.132449999999999984e-01 -6.622499999999975628e-03 -2.317900000000000515e-02 -3.311249999999987814e-03 -1.655500000000000721e-03 -4.696165701907129453e+00
6.390730000000000022e-01 8.675499999999999878e-02 -6.622499999999975628e-03 -1.986749999999999627e-02 1.655499999999976435e-03 4.967000000000002663e-03 -3.605172672724774562e-04
6.390730000000000022e-01 7.351000000000000589e-02 -3.311500000000022759e-03 -1.324499999999999983e-02 0.000000000000000000e+00 3.311249999999996488e-03 -4.308852703628076597e+00
6.324499999999999567e-01 6.026499999999999913e-02 -6.622499999999975628e-03 -1.324500000000000330e-02 -1.655499999999976435e-03 1.655500000000000721e-03 -1.012864848899393166e+01
6.258280000000000509e-01 4.701999999999999930e-02 -6.622499999999975628e-03 -9.933999999999998387e-03 -2.775557561562891351e-17 1.655500000000001588e-03 -6.442249040482031397e+00
6.192050000000000054e-01 4.039700000000000235e-02 -6.622500000000031140e-03 -9.934000000000000122e-03 -1.655500000000004190e-03 2.499999999985152987e-07 -9.664589611719877738e+00
6.125829999999999886e-01 2.715199999999999905e-02 -9.933499999999984009e-03 -9.933500000000001356e-03 -1.655749999999983624e-03 1.655750000000000104e-03 -1.186520302073136435e+01
5.993380000000000374e-01 2.052999999999999964e-02 -9.933999999999998387e-03 -6.622499999999999915e-03 1.655499999999976435e-03 1.655500000000000721e-03 -3.221367715750294458e+00
5.927149999999999919e-01 1.390699999999999922e-02 -6.622500000000031140e-03 -6.622499999999999915e-03 2.500000000071889161e-07 1.655750000000000104e-03 -1.334566618518490699e+01
5.860929999999999751e-01 7.284999999999999809e-03 -9.933499999999984009e-03 -3.310999999999999707e-03 -1.655749999999983624e-03 3.311249999999999957e-03 -3.342766582082295201e+01
5.728480000000000238e-01 7.284999999999999809e-03 -9.933999999999998387e-03 0.000000000000000000e+00 1.655499999999976435e-03 1.655499999999999854e-03 -1.677570860370209260e+01
5.662249999999999783e-01 7.284999999999999809e-03 -6.622500000000031140e-03 0.000000000000000000e+00 2.500000000071889161e-07 0.000000000000000000e+00 -0.000000000000000000e+00
5.596029999999999616e-01 7.284999999999999809e-03 -9.933499999999984009e-03 0.000000000000000000e+00 -1.655749999999983624e-03 1.655499999999999854e-03 -1.677739744759443141e+01
5.463580000000000103e-01 7.284999999999999809e-03 -9.933999999999998387e-03 3.310999999999999707e-03 1.655499999999976435e-03 3.311249999999999957e-03 -3.342384428607360292e+01
5.397349999999999648e-01 1.390699999999999922e-02 -6.622500000000031140e-03 6.622499999999999915e-03 1.655750000000011379e-03 1.655750000000000104e-03 -2.669536307595291902e+01
5.331129999999999480e-01 2.052999999999999964e-02 -6.622499999999975628e-03 6.622499999999999915e-03 1.655500000000031946e-03 0.000000000000000000e+00 -1.334566618518532799e+01
5.264900000000000135e-01 2.715199999999999905e-02 -3.311499999999967248e-03 6.622499999999999915e-03 1.655749999999983624e-03 8.673617379884035472e-19 -2.701258436269025864e+01
5.264900000000000135e-01 3.377499999999999947e-02 -3.311000000000008381e-03 6.622500000000001649e-03 -1.655500000000031946e-03 1.655500000000000721e-03 1.350649608990888950e+01
5.198679999999999968e-01 4.039700000000000235e-02 -6.622500000000031140e-03 9.933500000000001356e-03 -2.500000000071889161e-07 1.655749999999998369e-03 -6.442436098303889302e+00
5.132449999999999513e-01 5.364200000000000218e-02 -3.311500000000022759e-03 9.933999999999998387e-03 1.655750000000039135e-03 2.500000000002500222e-07 -1.432601881406027289e+01
5.132449999999999513e-01 6.026499999999999913e-02 -3.310999999999952870e-03 9.934000000000001857e-03 2.500000000349444917e-07 -2.500000000002500222e-07 -1.442112614890699506e-03
5.066230000000000455e-01 7.351000000000000589e-02 -3.310999999999952870e-03 9.933499999999997887e-03 -2.500000000349444917e-07 -3.311500000000003677e-03 9.553130890108475270e+00
5.066230000000000455e-01 8.013199999999999490e-02 -3.311500000000022759e-03 3.310999999999994503e-03 -1.656000000000032446e-03 -1.655499999999997252e-03 1.067814501735101089e+02
5.000000000000000000e-01 8.013199999999999490e-02 -6.623000000000017762e-03 6.622500000000003384e-03 1.387778780781445676e-17 3.311500000000005411e-03 -2.669435526642276457e+01
4.933770000000000100e-01 9.337700000000000167e-02 -3.311499999999995003e-03 9.934000000000005326e-03 2.500000000071889161e-07 2.499999999967805753e-07 -2.883985715755918444e-03
4.933770000000000100e-01 1.000000000000000056e-01 -6.622500000000003384e-03 6.622999999999996945e-03 -3.311000000000008381e-03 -3.311250000000005161e-03 5.338064957815806366e+01
4.801320000000000032e-01 1.066229999999999956e-01 -9.933500000000011765e-03 3.311499999999995003e-03 -3.311250000000001692e-03 -3.311499999999998473e-03 3.820430326588961378e+01
4.735099999999999865e-01 1.066229999999999956e-01 -1.324500000000000677e-02 0.000000000000000000e+00 -1.655749999999997502e-03 -1.655749999999997502e-03 9.438236128621628751e+00
4.536419999999999897e-01 1.066229999999999956e-01 -1.324500000000000677e-02 0.000000000000000000e+00 1.655750000000011379e-03 -1.655749999999997502e-03 9.438236128621628751e+00
4.470199999999999729e-01 1.066229999999999956e-01 -9.933499999999984009e-03 -3.311499999999995003e-03 1.655500000000004190e-03 -3.311499999999998473e-03 3.342831465662978019e+01
4.337750000000000217e-01 1.000000000000000056e-01 -9.933999999999998387e-03 -6.622999999999996945e-03 -2.500000000071889161e-07 -3.311250000000005161e-03 1.932637298102775603e+01
4.271519999999999762e-01 9.337700000000000167e-02 -9.933999999999998387e-03 -9.934000000000005326e-03 1.655750000000011379e-03 -1.655250000000000471e-03 1.186221731288729409e+01
4.139070000000000249e-01 8.013199999999999490e-02 -6.622499999999975628e-03 -9.933499999999997887e-03 6.622749999999996695e-03 -1.655499999999995517e-03 4.510386309465344112e+01
4.139070000000000249e-01 7.351000000000000589e-02 3.311499999999995003e-03 -1.324499999999999636e-02 6.622499999999975628e-03 -3.311500000000001942e-03 3.015904124914294471e+01
4.205300000000000149e-01 5.364200000000000218e-02 6.622499999999975628e-03 -1.655650000000000177e-02 4.966749999999992005e-03 -2.602085213965210642e-18 1.450277012392959719e+01
4.271519999999999762e-01 4.039700000000000235e-02 1.324499999999997901e-02 -1.324500000000000156e-02 4.967000000000013071e-03 3.311500000000000207e-03 1.668409808427278307e+01
4.470199999999999729e-01 2.715199999999999905e-02 1.655650000000000177e-02 -9.933500000000001356e-03 3.311250000000015570e-03 4.967000000000000928e-03 1.599493700750363345e+01
4.602649999999999797e-01 2.052999999999999964e-02 1.986750000000001015e-02 -3.310999999999999707e-03 1.655500000000004190e-03 4.966750000000000678e-03 1.274729100302005058e+01
4.867549999999999932e-01 2.052999999999999964e-02 1.986750000000001015e-02 0.000000000000000000e+00 0.000000000000000000e+00 6.622250000000000532e-03 1.677718635804913916e+01
5.000000000000000000e-01 2.052999999999999964e-02 1.986750000000001015e-02 9.933500000000001356e-03 -1.387778780781445676e-17 8.278000000000000635e-03 1.500653816192230572e+01
5.264900000000000135e-01 4.039700000000000235e-02 1.986749999999998240e-02 1.655600000000000127e-02 -3.311250000000001692e-03 1.655749999999999236e-03 5.071302577589380967e+00
5.397349999999999648e-01 5.364200000000000218e-02 1.324500000000000677e-02 1.324499999999999983e-02 -6.622499999999975628e-03 -1.655500000000002456e-03 1.001025731528442719e+01
5.529800000000000271e-01 6.688700000000000201e-02 6.622500000000031140e-03 1.324499999999999636e-02 -6.622500000000003384e-03 -3.469446951953614189e-18 2.701176869761914645e+01
5.529800000000000271e-01 8.013199999999999490e-02 0.000000000000000000e+00 1.324499999999999289e-02 -6.622500000000031140e-03 -3.469446951953614189e-18 3.775009437523615929e+01
