4.072850000000000081e-01 2.854300000000000170e-01 6.622000000000016762e-03 -6.622000000000016762e-03 -3.311000000000008381e-03 6.622000000000016762e-03 2.669536322812389528e+01
4.139070000000000249e-01 2.788080000000000003e-01 3.311000000000008381e-03 0.000000000000000000e+00 -3.311000000000008381e-03 6.622250000000010073e-03 6.040699202323926329e+02
4.139070000000000249e-01 2.854300000000000170e-01 0.000000000000000000e+00 6.622500000000003384e-03 -1.655500000000004190e-03 3.311250000000001692e-03 3.774724423598531331e+01
4.139070000000000249e-01 2.920530000000000070e-01 0.000000000000000000e+00 6.622500000000003384e-03 0.000000000000000000e+00 0.000000000000000000e+00 0.000000000000000000e+00
4.139070000000000249e-01 2.986750000000000238e-01 0.000000000000000000e+00 6.622500000000003384e-03 3.311249999999987814e-03 1.655749999999997502e-03 -7.550018875047150857e+01
4.139070000000000249e-01 3.052980000000000138e-01 6.622499999999975628e-03 9.933999999999998387e-03 4.966999999999999194e-03 1.655749999999997502e-03 -2.255054701264088024e+01
4.271519999999999762e-01 3.185430000000000206e-01 9.933999999999998387e-03 9.933999999999998387e-03 1.387778780781445676e-17 -3.311250000000001692e-03 -1.186311298015648674e+01
4.337750000000000217e-01 3.251660000000000106e-01 6.622500000000003384e-03 3.311499999999995003e-03 -2.500000000071889161e-07 -3.311499999999995003e-03 -5.402312927016257049e+01
4.403969999999999829e-01 3.251660000000000106e-01 9.933499999999984009e-03 3.311000000000008381e-03 3.311250000000001692e-03 -2.499999999933111283e-07 -9.552409844687380414e+00
4.536419999999999897e-01 3.317880000000000273e-01 1.324500000000000677e-02 3.311000000000008381e-03 6.622750000000010573e-03 -3.311000000000008381e-03 -2.585022678130766494e+01
4.668869999999999965e-01 3.317880000000000273e-01 2.317900000000000515e-02 -3.311000000000008381e-03 4.966999999999985316e-03 -4.966750000000005882e-03 -7.687410705060097271e+00
5.000000000000000000e-01 3.251660000000000106e-01 2.317899999999997740e-02 -6.622500000000003384e-03 -4.966999999999999194e-03 -3.311499999999995003e-03 -7.827277696087685754e+00
5.132449999999999513e-01 3.185430000000000206e-01 1.324500000000000677e-02 -9.933999999999998387e-03 -6.622499999999989506e-03 -3.311250000000001692e-03 -2.415976854258659756e+01
5.264900000000000135e-01 3.052980000000000138e-01 9.933999999999998387e-03 -1.324500000000000677e-02 -1.655500000000004190e-03 -1.655500000000004190e-03 -8.455244088389006762e+00
5.331129999999999480e-01 2.920530000000000070e-01 9.933999999999998387e-03 -1.324500000000000677e-02 -2.499999999794333405e-07 0.000000000000000000e+00 -7.296158167668010839e-04
5.463580000000000103e-01 2.788080000000000003e-01 9.933500000000039520e-03 -1.324500000000000677e-02 -3.311499999999995003e-03 -1.655749999999997502e-03 -1.328930645582833314e+01
5.529800000000000271e-01 2.655629999999999935e-01 3.311000000000008381e-03 -1.655650000000000177e-02 -3.311000000000036136e-03 6.938893903907228378e-18 -1.138876534207721392e+01
5.529800000000000271e-01 2.456949999999999967e-01 3.311499999999967248e-03 -1.324499999999999289e-02 1.655749999999983624e-03 1.655750000000004440e-03 1.077229441866628079e+01
5.596029999999999616e-01 2.390730000000000077e-01 6.622499999999975628e-03 -1.324499999999999289e-02 1.655500000000031946e-03 1.655499999999997252e-03 1.012864848899416259e+01
5.662249999999999783e-01 2.192050000000000110e-01 6.622500000000031140e-03 -9.933999999999998387e-03 2.775557561562891351e-17 8.278249999999993947e-03 3.221416376887298583e+01
5.728480000000000238e-01 2.192050000000000110e-01 6.622500000000031140e-03 3.311499999999995003e-03 -2.775557561562891351e-17 9.933999999999998387e-03 1.620673489711398929e+02
5.794700000000000406e-01 2.258280000000000010e-01 6.622499999999975628e-03 9.933999999999998387e-03 1.655749999999983624e-03 4.966749999999998944e-03 9.662643900744278369e+00
5.860929999999999751e-01 2.390730000000000077e-01 9.933999999999998387e-03 1.324499999999999289e-02 1.655500000000031946e-03 1.655499999999997252e-03 -1.207787789665569322e+00
5.993380000000000374e-01 2.523179999999999867e-01 9.933500000000039520e-03 1.324499999999999289e-02 -2.500000000071889161e-07 -1.655749999999990563e-03 -3.623560313330602689e+00
6.059600000000000541e-01 2.655629999999999935e-01 9.933499999999984009e-03 9.933500000000011765e-03 2.499999999794333405e-07 -1.655749999999990563e-03 -5.933497267803359954e+00
6.192050000000000054e-01 2.721850000000000103e-01 9.933999999999998387e-03 9.933500000000011765e-03 2.500000000071889161e-07 2.499999999933111283e-07 4.508425131718738801e-08
6.258280000000000509e-01 2.854300000000000170e-01 9.933999999999998387e-03 9.933999999999998387e-03 1.655499999999976435e-03 -1.655500000000004190e-03 -1.186221731288719283e+01
6.390730000000000022e-01 2.920530000000000070e-01 1.324499999999995126e-02 6.622500000000003384e-03 1.655500000000004190e-03 -3.311499999999995003e-03 -1.688312020862526808e+01
6.523179999999999534e-01 2.986750000000000238e-01 1.324500000000000677e-02 3.311000000000008381e-03 3.311250000000043325e-03 -1.655500000000004190e-03 -1.292495075128366189e+01
6.655630000000000157e-01 2.986750000000000238e-01 1.986750000000003791e-02 3.311499999999995003e-03 1.655500000000004190e-03 -1.655500000000004190e-03 -4.696158235183033547e+00
6.920530000000000292e-01 3.052980000000000138e-01 1.655600000000001515e-02 0.000000000000000000e+00 -6.622500000000031140e-03 -4.966999999999999194e-03 -1.812104857529664059e+01
6.986750000000000460e-01 2.986750000000000238e-01 6.622499999999975628e-03 -6.622500000000003384e-03 -4.966500000000012571e-03 -6.622500000000003384e-03 -9.342369400187834572e+01
7.052979999999999805e-01 2.920530000000000070e-01 6.622999999999990006e-03 -1.324500000000000677e-02 -1.655499999999976435e-03 -6.622500000000003384e-03 -2.025841862139246530e+01
7.119210000000000260e-01 2.721850000000000103e-01 3.311500000000022759e-03 -1.986750000000001015e-02 -3.311499999999995003e-03 -1.158925000000000233e-02 -1.274845195322105518e+01
7.119210000000000260e-01 2.523179999999999867e-01 0.000000000000000000e+00 -3.642350000000001142e-02 -3.311500000000022759e-03 -8.278249999999993947e-03 -2.496096711807187951e+00
7.119210000000000260e-01 1.993379999999999874e-01 -3.311500000000022759e-03 -3.642399999999999805e-02 -3.311499999999995003e-03 6.622250000000010073e-03 -2.913632330557910155e+00
7.052979999999999805e-01 1.794699999999999906e-01 -6.622999999999990006e-03 -2.317899999999999128e-02 -3.311249999999987814e-03 6.622750000000003634e-03 -8.609686922362428163e+00
6.986750000000000460e-01 1.529800000000000049e-01 -9.933999999999998387e-03 -2.317849999999999078e-02 -6.622250000000023951e-03 -1.655500000000004190e-03 -8.545979562742321178e+00
6.854299999999999837e-01 1.331130000000000091e-01 -1.986750000000003791e-02 -2.648999999999999966e-02 -8.278000000000007574e-03 -3.311500000000005411e-03 -4.227782558886361564e+00
6.589399999999999702e-01 1.000000000000000056e-01 -2.649000000000001354e-02 -2.980150000000000160e-02 2.775557561562891351e-17 4.966749999999998944e-03 -2.075488043761728907e+00
6.324499999999999567e-01 7.351000000000000589e-02 -1.986749999999998240e-02 -1.655650000000000177e-02 6.622500000000031140e-03 1.158949999999999911e-02 -6.972698380078851343e+00
6.192050000000000054e-01 6.688700000000000201e-02 -1.324499999999995126e-02 -6.622500000000003384e-03 3.311249999999987814e-03 4.967000000000000928e-03 -1.350639419721845691e+01
6.059600000000000541e-01 6.026499999999999913e-02 -1.324500000000000677e-02 -6.622499999999999915e-03 1.655749999999955868e-03 1.655500000000002456e-03 -3.375706314589316470e+00
5.927149999999999919e-01 5.364200000000000218e-02 -9.933500000000039520e-03 -3.311499999999998473e-03 1.655750000000011379e-03 4.966999999999999194e-03 -3.820141899709980748e+01
5.860929999999999751e-01 5.364200000000000218e-02 -9.933499999999984009e-03 3.311499999999998473e-03 1.655500000000031946e-03 6.622750000000000165e-03 -6.207919867848619333e+01
5.728480000000000238e-01 6.026499999999999913e-02 -6.622499999999975628e-03 9.934000000000001857e-03 4.966749999999992005e-03 3.310999999999999707e-03 -4.187680766961708656e+01
5.728480000000000238e-01 7.351000000000000589e-02 0.000000000000000000e+00 9.933499999999997887e-03 3.311249999999987814e-03 -1.655750000000002706e-03 -3.355732847982283573e+01
5.728480000000000238e-01 8.013199999999999490e-02 0.000000000000000000e+00 6.622499999999996445e-03 1.655500000000004190e-03 -1.655499999999997252e-03 -3.774724423598539857e+01
5.728480000000000238e-01 8.675499999999999878e-02 3.311000000000008381e-03 6.622500000000003384e-03 3.311249999999987814e-03 3.469446951953614189e-18 -5.402598466759652496e+01
5.794700000000000406e-01 9.337700000000000167e-02 6.622499999999975628e-03 6.622500000000003384e-03 2.499999999794333405e-07 2.499999999967805753e-07 1.398347428304609743e-13
5.860929999999999751e-01 1.000000000000000056e-01 3.311499999999967248e-03 6.622999999999996945e-03 -3.311249999999987814e-03 -3.311250000000001692e-03 2.700769037222643831e+01
5.860929999999999751e-01 1.066229999999999956e-01 0.000000000000000000e+00 0.000000000000000000e+00 -1.655749999999983624e-03 -6.622999999999996945e-03 0.000000000000000000e+00
5.860929999999999751e-01 1.000000000000000056e-01 0.000000000000000000e+00 -6.622999999999996945e-03 -1.655749999999983624e-03 -3.311250000000001692e-03 -3.774724445115472804e+01
5.860929999999999751e-01 9.337700000000000167e-02 -3.311499999999967248e-03 -6.622500000000003384e-03 -4.966999999999999194e-03 2.499999999967805753e-07 -8.103571394078872459e+01
5.794700000000000406e-01 8.675499999999999878e-02 -9.933999999999998387e-03 -6.622500000000003384e-03 -6.622250000000023951e-03 -1.655749999999997502e-03 -1.610489294122620052e+01
5.662249999999999783e-01 8.013199999999999490e-02 -1.655600000000001515e-02 -9.933999999999998387e-03 -1.655500000000004190e-03 -1.655499999999997252e-03 1.523105050387551174e+00
5.463580000000000103e-01 6.688700000000000201e-02 -1.324500000000000677e-02 -9.933499999999997887e-03 3.311000000000008381e-03 3.311499999999998473e-03 -2.417531005072021344e+00
5.397349999999999648e-01 6.026499999999999913e-02 -9.933999999999998387e-03 -3.311000000000001442e-03 -4.966999999999985316e-03 4.966749999999998944e-03 -5.729729767315971145e+01
5.264900000000000135e-01 6.026499999999999913e-02 -2.317899999999997740e-02 0.000000000000000000e+00 -6.622500000000003384e-03 1.655500000000000721e-03 -3.081341223276763408e+00
4.933770000000000100e-01 6.026499999999999913e-02 -2.317900000000000515e-02 0.000000000000000000e+00 3.311499999999981125e-03 1.655500000000000721e-03 -3.081341223276756303e+00
4.801320000000000032e-01 6.026499999999999913e-02 -1.655600000000001515e-02 3.311000000000001442e-03 1.655749999999997502e-03 4.966749999999998944e-03 -1.822402485989042020e+01
4.602649999999999797e-01 6.688700000000000201e-02 -1.986750000000001015e-02 9.933499999999997887e-03 3.311000000000008381e-03 8.278499999999997666e-03 -1.800849539445770375e+01
4.403969999999999829e-01 8.013199999999999490e-02 -9.933999999999998387e-03 1.986799999999999677e-02 9.933750000000005076e-03 3.311500000000001942e-03 -2.100832259592094076e+01
4.403969999999999829e-01 1.066229999999999956e-01 0.000000000000000000e+00 1.655650000000000177e-02 9.933999999999998387e-03 -1.655999999999997752e-03 -3.623990818856018592e+01
4.403969999999999829e-01 1.132449999999999984e-01 9.933999999999998387e-03 1.655600000000000127e-02 8.278250000000000886e-03 -3.469446951953614189e-18 -1.904168831908498660e+01
4.602649999999999797e-01 1.397349999999999981e-01 1.655650000000000177e-02 1.655649999999999483e-02 8.277999999999993697e-03 -6.622250000000003134e-03 -1.921814628215566145e+01
4.735099999999999865e-01 1.463579999999999881e-01 2.648999999999998578e-02 3.311499999999995003e-03 4.966750000000005882e-03 -8.278249999999997416e-03 -1.239032121704781098e+01
5.132449999999999513e-01 1.463579999999999881e-01 2.649000000000001354e-02 0.000000000000000000e+00 -3.311249999999973936e-03 -6.622749999999996695e-03 -9.437879861215304089e+00
5.264900000000000135e-01 1.463579999999999881e-01 1.986750000000003791e-02 -9.933999999999998387e-03 -3.311250000000015570e-03 -9.933749999999998137e-03 -2.100891172442873511e+01
5.529800000000000271e-01 1.264899999999999913e-01 1.986749999999998240e-02 -1.986749999999999627e-02 -6.622500000000031140e-03 -3.311249999999998223e-03 -8.897782574387196775e+00
5.662249999999999783e-01 1.066229999999999956e-01 6.622499999999975628e-03 -1.655649999999999483e-02 -9.933749999999991198e-03 1.655500000000000721e-03 -2.707269408709549907e+01
5.662249999999999783e-01 9.337700000000000167e-02 0.000000000000000000e+00 -1.655649999999999483e-02 -3.311249999999987814e-03 -1.655250000000000471e-03 -1.207966539051435539e+01
5.662249999999999783e-01 7.351000000000000589e-02 0.000000000000000000e+00 -1.986699999999999577e-02 0.000000000000000000e+00 -3.310500000000000942e-03 0.000000000000000000e+00
