5.264900000000000135e-01 1.463579999999999881e-01 0.000000000000000000e+00 6.622000000000016762e-03 3.311499999999967248e-03 -3.311000000000008381e-03 -7.551729173806279505e+01
5.264900000000000135e-01 1.529800000000000049e-01 3.311499999999967248e-03 3.311000000000008381e-03 1.655749999999983624e-03 -1.655250000000010879e-03 -1.067653273513163015e+02
5.331129999999999480e-01 1.529800000000000049e-01 3.311499999999967248e-03 3.311499999999995003e-03 -2.499999999794333405e-07 2.499999999933111283e-07 1.612038805439429748e-02
5.331129999999999480e-01 1.596029999999999949e-01 3.311000000000008381e-03 3.311499999999995003e-03 1.655500000000031946e-03 -2.499999999933111283e-07 -5.339475548798496618e+01
5.397349999999999648e-01 1.596029999999999949e-01 6.622500000000031140e-03 3.311000000000008381e-03 1.655750000000011379e-03 1.655500000000004190e-03 1.350445675786998478e+01
5.463580000000000103e-01 1.662250000000000116e-01 6.622500000000031140e-03 6.622500000000003384e-03 -2.775557561562891351e-17 2.499999999933111283e-07 2.015352791650491023e-03
5.529800000000000271e-01 1.728480000000000016e-01 6.622499999999975628e-03 3.311499999999995003e-03 -2.775557561562891351e-17 -3.311250000000001692e-03 -5.402109012288006795e+01
5.596029999999999616e-01 1.728480000000000016e-01 6.622499999999975628e-03 0.000000000000000000e+00 2.775557561562891351e-17 -2.500000000002500222e-07 -5.700278501362622888e-03
5.662249999999999783e-01 1.728480000000000016e-01 6.622500000000031140e-03 3.310999999999994503e-03 2.775557561562891351e-17 1.655499999999997252e-03 2.701095284777809979e+01
5.728480000000000238e-01 1.794699999999999906e-01 6.622500000000031140e-03 3.310999999999994503e-03 -2.775557561562891351e-17 -1.655499999999997252e-03 -2.701095284777809979e+01
5.794700000000000406e-01 1.794699999999999906e-01 6.622499999999975628e-03 0.000000000000000000e+00 -2.775557561562891351e-17 -3.310999999999994503e-03 -7.549448847197095347e+01
5.860929999999999751e-01 1.794699999999999906e-01 6.622499999999975628e-03 -3.310999999999994503e-03 2.775557561562891351e-17 -3.311249999999994753e-03 -5.402598466759689444e+01
5.927149999999999919e-01 1.728480000000000016e-01 6.622500000000031140e-03 -6.622499999999989506e-03 2.775557561562891351e-17 -2.500000000002500222e-07 -2.015352791258936613e-03
5.993380000000000374e-01 1.662250000000000116e-01 6.622500000000031140e-03 -3.311499999999995003e-03 -1.655750000000011379e-03 1.655749999999990563e-03 1.350527245373593033e+01
6.059600000000000541e-01 1.662250000000000116e-01 3.311000000000008381e-03 -3.311000000000008381e-03 -1.655500000000031946e-03 -1.655500000000004190e-03 -1.067814529124964764e+02
6.059600000000000541e-01 1.596029999999999949e-01 3.311499999999967248e-03 -6.622500000000003384e-03 2.499999999794333405e-07 -1.655749999999997502e-03 -1.350323330645365516e+01
6.125829999999999886e-01 1.529800000000000049e-01 3.311499999999967248e-03 -6.622500000000003384e-03 -1.655749999999983624e-03 0.000000000000000000e+00 -2.701258436269024088e+01
6.125829999999999886e-01 1.463579999999999881e-01 0.000000000000000000e+00 -6.622500000000003384e-03 -1.655749999999983624e-03 6.938893903907228378e-18 -3.775294451448620237e+01
6.125829999999999886e-01 1.397349999999999981e-01 0.000000000000000000e+00 -6.622499999999989506e-03 0.000000000000000000e+00 0.000000000000000000e+00 0.000000000000000000e+00
6.125829999999999886e-01 1.331130000000000091e-01 0.000000000000000000e+00 -6.622500000000003384e-03 0.000000000000000000e+00 -6.938893903907228378e-18 0.000000000000000000e+00
6.125829999999999886e-01 1.264899999999999913e-01 0.000000000000000000e+00 -6.622500000000003384e-03 0.000000000000000000e+00 3.311250000000001692e-03 0.000000000000000000e+00
6.125829999999999886e-01 1.198680000000000023e-01 0.000000000000000000e+00 0.000000000000000000e+00 1.655500000000004190e-03 6.622500000000003384e-03 0.000000000000000000e+00
6.125829999999999886e-01 1.264899999999999913e-01 3.311000000000008381e-03 6.622500000000003384e-03 1.655500000000004190e-03 3.311250000000001692e-03 0.000000000000000000e+00
6.192050000000000054e-01 1.331130000000000091e-01 3.311000000000008381e-03 6.622500000000003384e-03 2.500000000071889161e-07 -6.938893903907228378e-18 -4.078972040007551245e-03
6.192050000000000054e-01 1.397349999999999981e-01 3.311500000000022759e-03 6.622499999999989506e-03 1.655749999999983624e-03 0.000000000000000000e+00 -2.701258436269004193e+01
6.258280000000000509e-01 1.463579999999999881e-01 6.622499999999975628e-03 6.622500000000003384e-03 1.655499999999976435e-03 6.938893903907228378e-18 -1.334566618518482528e+01
6.324499999999999567e-01 1.529800000000000049e-01 6.622499999999975628e-03 6.622500000000003384e-03 -1.655499999999976435e-03 0.000000000000000000e+00 1.334566618518488035e+01
6.390730000000000022e-01 1.596029999999999949e-01 3.311500000000022759e-03 6.622500000000003384e-03 -1.655749999999983624e-03 -1.655749999999997502e-03 1.350527245373577045e+01
6.390730000000000022e-01 1.662250000000000116e-01 3.311000000000008381e-03 3.311000000000008381e-03 1.655499999999976435e-03 -1.655500000000004190e-03 -1.067814529124946716e+02
6.456950000000000189e-01 1.662250000000000116e-01 6.622499999999975628e-03 3.311499999999995003e-03 1.655749999999983624e-03 1.655749999999990563e-03 1.350527245373620389e+01
6.523179999999999534e-01 1.728480000000000016e-01 6.622499999999975628e-03 6.622499999999989506e-03 2.775557561562891351e-17 -2.500000000002500222e-07 -2.015352791706443662e-03
6.589399999999999702e-01 1.794699999999999906e-01 6.622500000000031140e-03 3.310999999999994503e-03 -1.655499999999976435e-03 -1.655499999999990313e-03 -1.350649608990847561e+01
6.655630000000000157e-01 1.794699999999999906e-01 3.311500000000022759e-03 3.311500000000008881e-03 -1.655750000000011379e-03 2.500000000071889161e-07 5.339072523906366285e+01
6.655630000000000157e-01 1.860930000000000084e-01 3.311000000000008381e-03 3.311500000000008881e-03 1.655499999999976435e-03 -2.500000000071889161e-07 -5.339475548798350957e+01
6.721850000000000325e-01 1.860930000000000084e-01 6.622499999999975628e-03 3.310999999999994503e-03 1.655749999999983624e-03 -2.500000000071889161e-07 -1.351057506194835511e+01
6.788079999999999670e-01 1.927149999999999974e-01 6.622499999999975628e-03 3.310999999999994503e-03 2.775557561562891351e-17 -1.655499999999997252e-03 -2.701095284777886718e+01
6.854299999999999837e-01 1.927149999999999974e-01 6.622500000000031140e-03 0.000000000000000000e+00 2.775557561562891351e-17 -3.310999999999994503e-03 -7.549448847196967449e+01
6.920530000000000292e-01 1.927149999999999974e-01 6.622500000000031140e-03 -3.310999999999994503e-03 -2.775557561562891351e-17 -3.311250000000001692e-03 -5.402598466759683049e+01
6.986750000000000460e-01 1.860930000000000084e-01 6.622499999999975628e-03 -6.622500000000003384e-03 -1.655500000000031946e-03 -1.655750000000004440e-03 -2.669334772316185678e+01
7.052979999999999805e-01 1.794699999999999906e-01 3.311499999999967248e-03 -6.622500000000003384e-03 -3.311249999999987814e-03 6.938893903907228378e-18 -5.402109012287996848e+01
7.052979999999999805e-01 1.728480000000000016e-01 0.000000000000000000e+00 -6.622499999999989506e-03 -1.655749999999983624e-03 0.000000000000000000e+00 -3.775294451448636579e+01
7.052979999999999805e-01 1.662250000000000116e-01 0.000000000000000000e+00 -6.622500000000003384e-03 0.000000000000000000e+00 -6.938893903907228378e-18 0.000000000000000000e+00
7.052979999999999805e-01 1.596029999999999949e-01 0.000000000000000000e+00 -6.622500000000003384e-03 0.000000000000000000e+00 0.000000000000000000e+00 0.000000000000000000e+00
7.052979999999999805e-01 1.529800000000000049e-01 0.000000000000000000e+00 -6.622500000000003384e-03 0.000000000000000000e+00 0.000000000000000000e+00 0.000000000000000000e+00
7.052979999999999805e-01 1.463579999999999881e-01 0.000000000000000000e+00 -6.622500000000003384e-03 0.000000000000000000e+00 6.938893903907228378e-18 0.000000000000000000e+00
7.052979999999999805e-01 1.397349999999999981e-01 0.000000000000000000e+00 -6.622499999999989506e-03 0.000000000000000000e+00 0.000000000000000000e+00 0.000000000000000000e+00
7.052979999999999805e-01 1.331130000000000091e-01 0.000000000000000000e+00 -6.622500000000003384e-03 0.000000000000000000e+00 -6.938893903907228378e-18 0.000000000000000000e+00
7.052979999999999805e-01 1.264899999999999913e-01 0.000000000000000000e+00 -6.622500000000003384e-03 0.000000000000000000e+00 3.469446951953614189e-18 0.000000000000000000e+00
7.052979999999999805e-01 1.198680000000000023e-01 0.000000000000000000e+00 -6.622499999999996445e-03 0.000000000000000000e+00 0.000000000000000000e+00 0.000000000000000000e+00
7.052979999999999805e-01 1.132449999999999984e-01 0.000000000000000000e+00 -6.622500000000003384e-03 0.000000000000000000e+00 0.000000000000000000e+00 0.000000000000000000e+00
7.052979999999999805e-01 1.066229999999999956e-01 0.000000000000000000e+00 -6.622499999999996445e-03 0.000000000000000000e+00 -2.499999999967805753e-07 0.000000000000000000e+00
7.052979999999999805e-01 1.000000000000000056e-01 0.000000000000000000e+00 -6.622999999999996945e-03 0.000000000000000000e+00 -3.469446951953614189e-18 0.000000000000000000e+00
7.052979999999999805e-01 9.337700000000000167e-02 0.000000000000000000e+00 -6.622500000000003384e-03 -1.655749999999983624e-03 2.499999999967805753e-07 -3.775294451448620237e+01
7.052979999999999805e-01 8.675499999999999878e-02 -3.311499999999967248e-03 -6.622500000000003384e-03 -1.655749999999983624e-03 3.469446951953614189e-18 -2.701258436269026930e+01
6.986750000000000460e-01 8.013199999999999490e-02 -3.311499999999967248e-03 -6.622499999999996445e-03 1.655749999999983624e-03 3.469446951953614189e-18 2.701258436269025154e+01
6.986750000000000460e-01 7.351000000000000589e-02 0.000000000000000000e+00 -6.622499999999996445e-03 2.499999999794333405e-07 -3.469446951953614189e-18 5.700278500887943564e-03
6.986750000000000460e-01 6.688700000000000201e-02 -3.311000000000008381e-03 -6.622500000000003384e-03 -1.655500000000004190e-03 -1.734723475976807094e-18 -2.701095284777851546e+01
6.920530000000000292e-01 6.026499999999999913e-02 -3.311000000000008381e-03 -6.622499999999999915e-03 -2.500000000071889161e-07 1.655500000000002456e-03 -1.350853572991007567e+01
6.920530000000000292e-01 5.364200000000000218e-02 -3.311500000000022759e-03 -3.311499999999998473e-03 -2.500000000071889161e-07 1.655749999999999236e-03 -5.339072523906374812e+01
6.854299999999999837e-01 5.364200000000000218e-02 -3.311500000000022759e-03 -3.311000000000001442e-03 2.500000000071889161e-07 -1.655500000000000721e-03 5.339475548798435511e+01
6.854299999999999837e-01 4.701999999999999930e-02 -3.311000000000008381e-03 -6.622499999999999915e-03 -1.655499999999976435e-03 -1.655749999999999236e-03 -1.350445675786965793e+01
6.788079999999999670e-01 4.039700000000000235e-02 -6.622499999999975628e-03 -6.622499999999999915e-03 -1.655749999999983624e-03 1.655749999999999236e-03 -2.669536307595291547e+01
6.721850000000000325e-01 3.377499999999999947e-02 -6.622499999999975628e-03 -3.311000000000001442e-03 1.655749999999983624e-03 1.655499999999999854e-03 -1.350445675787023347e+01
6.655630000000000157e-01 3.377499999999999947e-02 -3.311000000000008381e-03 -3.311500000000000207e-03 1.655499999999976435e-03 -2.499999999993826605e-07 5.339475548798332483e+01
6.655630000000000157e-01 2.715199999999999905e-02 -3.311500000000022759e-03 -3.311500000000000207e-03 -1.655750000000011379e-03 1.655750000000000104e-03 -1.067653300900717284e+02
6.589399999999999702e-01 2.715199999999999905e-02 -6.622500000000031140e-03 0.000000000000000000e+00 -1.655499999999976435e-03 2.500000000002500222e-07 -5.700278501362526611e-03
6.523179999999999534e-01 2.715199999999999905e-02 -6.622499999999975628e-03 -3.310999999999999707e-03 2.775557561562891351e-17 -1.655499999999999854e-03 2.701095284777888139e+01
6.456950000000000189e-01 2.052999999999999964e-02 -6.622499999999975628e-03 -3.310999999999999707e-03 -2.775557561562891351e-17 1.655499999999999854e-03 -2.701095284777888139e+01
6.390730000000000022e-01 2.052999999999999964e-02 -6.622500000000031140e-03 0.000000000000000000e+00 0.000000000000000000e+00 1.655499999999999854e-03 -3.774724423598489409e+01
6.324499999999999567e-01 2.052999999999999964e-02 -6.622499999999975628e-03 0.000000000000000000e+00 2.775557561562891351e-17 0.000000000000000000e+00 -0.000000000000000000e+00
6.258280000000000509e-01 2.052999999999999964e-02 -6.622499999999975628e-03 0.000000000000000000e+00 -2.775557561562891351e-17 0.000000000000000000e+00 0.000000000000000000e+00
6.192050000000000054e-01 2.052999999999999964e-02 -6.622500000000031140e-03 0.000000000000000000e+00 0.000000000000000000e+00 0.000000000000000000e+00 -0.000000000000000000e+00
6.125829999999999886e-01 2.052999999999999964e-02 -6.622499999999975628e-03 0.000000000000000000e+00 2.775557561562891351e-17 0.000000000000000000e+00 -0.000000000000000000e+00
6.059600000000000541e-01 2.052999999999999964e-02 -6.622499999999975628e-03 0.000000000000000000e+00 -2.775557561562891351e-17 0.000000000000000000e+00 0.000000000000000000e+00
5.993380000000000374e-01 2.052999999999999964e-02 -6.622500000000031140e-03 0.000000000000000000e+00 -2.775557561562891351e-17 1.655499999999999854e-03 -3.774724423598489409e+01
5.927149999999999919e-01 2.052999999999999964e-02 -6.622500000000031140e-03 3.310999999999999707e-03 1.655750000000011379e-03 3.311249999999999957e-03 -6.753248075750487089e+01
5.860929999999999751e-01 2.715199999999999905e-02 -3.311000000000008381e-03 6.622499999999999915e-03 3.311250000000015570e-03 1.655750000000000971e-03 -6.753248075750549617e+01
5.860929999999999751e-01 3.377499999999999947e-02 0.000000000000000000e+00 6.622500000000001649e-03 3.311000000000008381e-03 0.000000000000000000e+00 -7.549448847197066925e+01
5.860929999999999751e-01 4.039700000000000235e-02 3.311000000000008381e-03 6.622499999999999915e-03 1.655500000000004190e-03 -8.673617379884035472e-19 -2.701095284777855809e+01
5.927149999999999919e-01 4.701999999999999930e-02 3.311000000000008381e-03 6.622499999999999915e-03 2.500000000071889161e-07 0.000000000000000000e+00 -4.078972039950951554e-03
5.927149999999999919e-01 5.364200000000000218e-02 3.311500000000022759e-03 6.622499999999999915e-03 1.655750000000011379e-03 0.000000000000000000e+00 -2.701258436269043273e+01
5.993380000000000374e-01 6.026499999999999913e-02 6.622500000000031140e-03 6.622499999999999915e-03 -2.500000000071889161e-07 -3.311249999999999957e-03 -2.669133237036986728e+01
6.059600000000000541e-01 6.688700000000000201e-02 3.311000000000008381e-03 0.000000000000000000e+00 -3.311250000000015570e-03 -6.622499999999999915e-03 -6.040927247897639063e+02
6.059600000000000541e-01 6.026499999999999913e-02 0.000000000000000000e+00 -6.622499999999999915e-03 -1.655500000000004190e-03 -3.311249999999999957e-03 -3.774724423598535594e+01
6.059600000000000541e-01 5.364200000000000218e-02 0.000000000000000000e+00 -6.622499999999999915e-03 -1.655500000000004190e-03 1.655749999999999236e-03 -3.774724423598535594e+01
6.059600000000000541e-01 4.701999999999999930e-02 -3.311000000000008381e-03 -3.311000000000001442e-03 -3.311250000000015570e-03 1.655500000000000721e-03 -1.601802419973236624e+02
5.993380000000000374e-01 4.701999999999999930e-02 -6.622500000000031140e-03 -3.311499999999998473e-03 -1.655750000000011379e-03 -1.655749999999999236e-03 1.350527245373604934e+01
5.927149999999999919e-01 4.039700000000000235e-02 -6.622500000000031140e-03 -6.622499999999999915e-03 2.775557561562891351e-17 2.499999999985152987e-07 -2.015352791244947369e-03
5.860929999999999751e-01 3.377499999999999947e-02 -6.622499999999975628e-03 -3.311000000000001442e-03 1.655500000000031946e-03 1.655499999999999854e-03 -1.350649608990817718e+01
5.794700000000000406e-01 3.377499999999999947e-02 -3.311499999999967248e-03 -3.311500000000000207e-03 1.655749999999983624e-03 -2.499999999993826605e-07 5.339072523906393997e+01
5.794700000000000406e-01 2.715199999999999905e-02 -3.311000000000008381e-03 -3.311500000000000207e-03 -1.655500000000031946e-03 1.655750000000000104e-03 -1.067733893710515218e+02
5.728480000000000238e-01 2.715199999999999905e-02 -6.622500000000031140e-03 0.000000000000000000e+00 -1.655750000000011379e-03 1.655750000000000104e-03 -3.775294451448625921e+01
5.662249999999999783e-01 2.715199999999999905e-02 -6.622500000000031140e-03 0.000000000000000000e+00 2.775557561562891351e-17 0.000000000000000000e+00 -0.000000000000000000e+00
5.596029999999999616e-01 2.715199999999999905e-02 -6.622499999999975628e-03 0.000000000000000000e+00 2.775557561562891351e-17 0.000000000000000000e+00 -0.000000000000000000e+00
5.529800000000000271e-01 2.715199999999999905e-02 -6.622499999999975628e-03 0.000000000000000000e+00 1.655749999999983624e-03 1.655750000000000104e-03 -3.775294451448689870e+01
5.463580000000000103e-01 2.715199999999999905e-02 -3.311000000000008381e-03 3.311500000000000207e-03 3.311249999999987814e-03 3.311250000000000825e-03 -2.135467799593766927e+02
5.463580000000000103e-01 3.377499999999999947e-02 0.000000000000000000e+00 6.622500000000001649e-03 1.655500000000004190e-03 1.655499999999999854e-03 -3.774724423598533463e+01
5.463580000000000103e-01 4.039700000000000235e-02 0.000000000000000000e+00 6.622499999999999915e-03 0.000000000000000000e+00 -8.673617379884035472e-19 -0.000000000000000000e+00
5.463580000000000103e-01 4.701999999999999930e-02 0.000000000000000000e+00 6.622499999999999915e-03 0.000000000000000000e+00 0.000000000000000000e+00 0.000000000000000000e+00
5.463580000000000103e-01 5.364200000000000218e-02 0.000000000000000000e+00 6.622499999999999915e-03 1.655500000000004190e-03 1.655750000000000971e-03 -3.774724423598535594e+01
5.463580000000000103e-01 6.026499999999999913e-02 3.311000000000008381e-03 9.934000000000001857e-03 3.311249999999987814e-03 1.734723475976807094e-18 -2.864973036660489925e+01
5.529800000000000271e-01 7.351000000000000589e-02 6.622499999999975628e-03 6.622500000000003384e-03 1.655749999999983624e-03 -3.311500000000003677e-03 -4.004304461392943892e+01
5.596029999999999616e-01 7.351000000000000589e-02 6.622499999999975628e-03 3.310999999999994503e-03 2.775557561562891351e-17 -3.469446951953614189e-18 -2.830184468246123634e-13
5.662249999999999783e-01 8.013199999999999490e-02 6.622500000000031140e-03 6.622499999999996445e-03 2.775557561562891351e-17 2.500000000037194692e-07 2.015352791286902090e-03
5.728480000000000238e-01 8.675499999999999878e-02 6.622500000000031140e-03 3.311500000000001942e-03 -2.775557561562891351e-17 -3.311249999999998223e-03 -5.402109012287932188e+01
5.794700000000000406e-01 8.675499999999999878e-02 6.622499999999975628e-03 0.000000000000000000e+00 -2.775557561562891351e-17 -1.655750000000000971e-03 -3.775294451448692001e+01
5.860929999999999751e-01 8.675499999999999878e-02 6.622499999999975628e-03 0.000000000000000000e+00 2.775557561562891351e-17 -1.655750000000000971e-03 -3.775294451448692001e+01
5.927149999999999919e-01 8.675499999999999878e-02 6.622500000000031140e-03 -3.311500000000001942e-03 -1.655499999999976435e-03 -3.311249999999998223e-03 -6.752636257661536945e+01
5.993380000000000374e-01 8.013199999999999490e-02 3.311500000000022759e-03 -6.622499999999996445e-03 -1.655750000000011379e-03 -1.655499999999997252e-03 -4.051785681642665793e+01
5.993380000000000374e-01 7.351000000000000589e-02 3.311000000000008381e-03 -6.622499999999996445e-03 -2.500000000071889161e-07 -3.469446951953614189e-18 -4.078972039979254435e-03
6.059600000000000541e-01 6.688700000000000201e-02 3.311000000000008381e-03 -6.622500000000003384e-03 -1.655500000000004190e-03 -1.734723475976807094e-18 -2.701095284777854033e+01
6.059600000000000541e-01 6.026499999999999913e-02 0.000000000000000000e+00 -6.622499999999999915e-03 -1.655500000000004190e-03 1.734723475976807094e-18 -3.774724423598535594e+01
6.059600000000000541e-01 5.364200000000000218e-02 0.000000000000000000e+00 -6.622499999999999915e-03 0.000000000000000000e+00 2.499999999985152987e-07 0.000000000000000000e+00
6.059600000000000541e-01 4.701999999999999930e-02 0.000000000000000000e+00 -6.622000000000002884e-03 0.000000000000000000e+00 4.999999999970305975e-07 0.000000000000000000e+00
