4.205300000000000149e-01 2.854300000000000170e-01 0.000000000000000000e+00 6.622999999999990006e-03 0.000000000000000000e+00 -4.999999999866222566e-07 -0.000000000000000000e+00
4.205300000000000149e-01 2.920530000000000070e-01 0.000000000000000000e+00 6.622500000000003384e-03 0.000000000000000000e+00 1.655500000000004190e-03 0.000000000000000000e+00
4.205300000000000149e-01 2.986750000000000238e-01 0.000000000000000000e+00 9.933999999999998387e-03 -1.655749999999997502e-03 3.311499999999995003e-03 1.677824193330093649e+01
4.205300000000000149e-01 3.119210000000000038e-01 -3.311499999999995003e-03 1.324549999999999339e-02 -1.655749999999997502e-03 3.310999999999994503e-03 4.309044034716498217e+00
4.139070000000000249e-01 3.251660000000000106e-01 -3.311499999999995003e-03 1.655599999999998739e-02 3.311499999999995003e-03 4.966499999999998693e-03 -1.480800912687129234e+01
4.139070000000000249e-01 3.450329999999999786e-01 3.311499999999995003e-03 2.317849999999999078e-02 3.311499999999995003e-03 2.500000000071889161e-07 -5.979794865145914073e+00
4.205300000000000149e-01 3.715229999999999921e-01 3.311499999999995003e-03 1.655650000000000177e-02 1.655500000000004190e-03 -8.277999999999993697e-03 -1.138925483444945641e+01
4.205300000000000149e-01 3.781459999999999821e-01 6.622500000000003384e-03 6.622500000000003384e-03 3.310999999999994503e-03 -4.966999999999999194e-03 -6.673236163150784250e+01
4.337750000000000217e-01 3.847679999999999989e-01 9.933499999999984009e-03 6.622500000000003384e-03 3.311249999999987814e-03 -1.655500000000004190e-03 -2.255095862686170705e+01
4.403969999999999829e-01 3.913909999999999889e-01 1.324499999999997901e-02 3.311499999999995003e-03 4.967000000000013071e-03 -9.933750000000005076e-03 -5.816577062298382828e+01
4.602649999999999797e-01 3.913909999999999889e-01 1.986750000000001015e-02 -1.324500000000000677e-02 -1.655749999999983624e-03 -1.158949999999998870e-02 -1.852413670329559636e+01
4.801320000000000032e-01 3.649009999999999754e-01 9.933500000000011765e-03 -1.986749999999998240e-02 -8.278000000000007574e-03 -1.655749999999983624e-03 -1.650729016977271968e+01
4.801320000000000032e-01 3.516560000000000241e-01 3.311499999999995003e-03 -1.655649999999997402e-02 -1.655500000000004190e-03 1.655499999999990313e-03 -4.555357982617288748e+00
4.867549999999999932e-01 3.317880000000000273e-01 6.622500000000003384e-03 -1.655650000000000177e-02 -2.499999999933111283e-07 3.311499999999981125e-03 3.867006300036150979e+00
4.933770000000000100e-01 3.185430000000000206e-01 3.311000000000008381e-03 -9.933500000000011765e-03 -3.311250000000001692e-03 8.278250000000000886e-03 -4.776204976786829981e+00
4.933770000000000100e-01 3.119210000000000038e-01 0.000000000000000000e+00 0.000000000000000000e+00 2.499999999933111283e-07 9.933500000000011765e-03 0.000000000000000000e+00
4.933770000000000100e-01 3.185430000000000206e-01 3.311499999999995003e-03 9.933500000000011765e-03 1.655749999999997502e-03 8.278250000000000886e-03 9.551977218520022461e+00
5.000000000000000000e-01 3.317880000000000273e-01 3.311499999999995003e-03 1.655650000000000177e-02 1.655499999999990313e-03 4.966999999999985316e-03 -2.277163043789798724e+00
5.000000000000000000e-01 3.516560000000000241e-01 6.622499999999975628e-03 1.986749999999998240e-02 4.966750000000005882e-03 -2.500000000071889161e-07 -1.074377508076833365e+01
5.132449999999999513e-01 3.715229999999999921e-01 1.324500000000000677e-02 1.655599999999998739e-02 1.655750000000011379e-03 -4.966749999999992005e-03 -9.778295675468243076e+00
5.264900000000000135e-01 3.847679999999999989e-01 9.933999999999998387e-03 9.933999999999998387e-03 0.000000000000000000e+00 -6.622249999999996195e-03 -2.372533029304367602e+01
5.331129999999999480e-01 3.913909999999999889e-01 1.324500000000000677e-02 3.311499999999995003e-03 6.622250000000023951e-03 -8.278250000000000886e-03 -5.170330476728331348e+01
5.529800000000000271e-01 3.913909999999999889e-01 2.317850000000004629e-02 -6.622500000000003384e-03 3.311249999999987814e-03 -1.158949999999998870e-02 -1.761123184376628714e+01
5.794700000000000406e-01 3.781459999999999821e-01 1.986749999999998240e-02 -1.986749999999998240e-02 -3.311000000000036136e-03 -1.158949999999998870e-02 -1.334656189753681410e+01
5.927149999999999919e-01 3.516560000000000241e-01 1.655649999999997402e-02 -2.980149999999998078e-02 -4.966749999999992005e-03 -3.311500000000008881e-03 -5.119331871122647648e+00
6.125829999999999886e-01 3.185430000000000206e-01 9.933999999999998387e-03 -2.649050000000000016e-02 -6.622749999999982817e-03 -1.387778780781445676e-17 -7.747163299703442974e+00
6.125829999999999886e-01 2.986750000000000238e-01 3.311000000000008381e-03 -2.980150000000000854e-02 -4.966999999999999194e-03 -6.622250000000003134e-03 -6.303992646853918025e+00
6.192050000000000054e-01 2.589400000000000035e-01 0.000000000000000000e+00 -3.973500000000000643e-02 -4.966749999999992005e-03 -3.310999999999994503e-03 -3.145762027401580951e+00
6.125829999999999886e-01 2.192050000000000110e-01 -6.622499999999975628e-03 -3.642349999999999755e-02 -6.622500000000003384e-03 4.966999999999999194e-03 -5.402445105452544638e+00
6.059600000000000541e-01 1.860930000000000084e-01 -1.324500000000000677e-02 -2.980100000000000804e-02 -4.966750000000019760e-03 8.277999999999993697e-03 -7.428758738064083822e+00
5.860929999999999751e-01 1.596029999999999949e-01 -1.655600000000001515e-02 -1.986750000000001015e-02 -4.966999999999999194e-03 8.278000000000007574e-03 -1.362877271427463022e+01
5.728480000000000238e-01 1.463579999999999881e-01 -2.317900000000000515e-02 -1.324499999999999289e-02 -6.622750000000010573e-03 6.622500000000010323e-03 -1.267824160032465208e+01
5.397349999999999648e-01 1.331130000000000091e-01 -2.980150000000003629e-02 -6.622499999999989506e-03 -1.655499999999990313e-03 8.277999999999993697e-03 -9.055926751024347965e+00
5.132449999999999513e-01 1.331130000000000091e-01 -2.648999999999998578e-02 3.310999999999994503e-03 3.311250000000029448e-03 9.933749999999991198e-03 -1.440715418897489997e+01
4.867549999999999932e-01 1.397349999999999981e-01 -2.317899999999997740e-02 1.324499999999999289e-02 4.966749999999992005e-03 8.278250000000000886e-03 -1.354256234937355607e+01
4.668869999999999965e-01 1.596029999999999949e-01 -1.655650000000000177e-02 1.986749999999999627e-02 8.278249999999987008e-03 1.655500000000004190e-03 -1.109290095958497879e+01
4.536419999999999897e-01 1.794699999999999906e-01 -6.622500000000003384e-03 1.655600000000000127e-02 8.278250000000000886e-03 -3.311249999999994753e-03 -2.030566845540657894e+01
4.536419999999999897e-01 1.927149999999999974e-01 0.000000000000000000e+00 1.324500000000000677e-02 6.622500000000003384e-03 -1.655499999999997252e-03 -3.775009437523591771e+01
4.536419999999999897e-01 2.059600000000000042e-01 6.622500000000003384e-03 1.324500000000000677e-02 8.278250000000000886e-03 -6.938893903907228378e-18 -3.376522072043277234e+01
4.668869999999999965e-01 2.192050000000000110e-01 1.655650000000000177e-02 1.324499999999999289e-02 4.966999999999999194e-03 -3.311250000000008631e-03 -1.265382649168381235e+01
4.867549999999999932e-01 2.324499999999999900e-01 1.655650000000000177e-02 6.622499999999989506e-03 1.655500000000004190e-03 -9.933749999999991198e-03 -3.093984639454168573e+01
5.000000000000000000e-01 2.324499999999999900e-01 1.986750000000001015e-02 -6.622499999999989506e-03 3.311250000000001692e-03 -9.933749999999991198e-03 -1.910020481792903269e+01
5.264900000000000135e-01 2.192050000000000110e-01 2.317900000000000515e-02 -1.324499999999999289e-02 -1.655500000000018068e-03 -4.966750000000005882e-03 -7.203224002761694500e+00
5.463580000000000103e-01 2.059600000000000042e-01 1.655649999999997402e-02 -1.655600000000000127e-02 -6.622750000000010573e-03 -1.655500000000004190e-03 -1.067740356959845016e+01
5.596029999999999616e-01 1.860930000000000084e-01 9.933499999999984009e-03 -1.655600000000000127e-02 -4.966999999999971438e-03 1.655499999999997252e-03 -9.140720784527568199e+00
5.662249999999999783e-01 1.728480000000000016e-01 6.622500000000031140e-03 -1.324500000000000677e-02 -1.655499999999976435e-03 3.311000000000001442e-03 1.272914454483139610e-13
5.728480000000000238e-01 1.596029999999999949e-01 6.622500000000031140e-03 -9.933999999999998387e-03 -2.500000000071889161e-07 3.311000000000008381e-03 1.288303876100657419e+01
5.794700000000000406e-01 1.529800000000000049e-01 6.622000000000016762e-03 -6.622999999999990006e-03 -5.000000000143778323e-07 3.311000000000008381e-03 2.668528593166567120e+01
