4.006620000000000181e-01 2.125829999999999942e-01 0.000000000000000000e+00 1.324500000000000677e-02 0.000000000000000000e+00 0.000000000000000000e+00 0.000000000000000000e+00
4.006620000000000181e-01 2.258280000000000010e-01 0.000000000000000000e+00 1.324500000000000677e-02 0.000000000000000000e+00 1.655499999999997252e-03 0.000000000000000000e+00
4.006620000000000181e-01 2.390730000000000077e-01 0.000000000000000000e+00 1.655600000000000127e-02 0.000000000000000000e+00 1.655499999999997252e-03 0.000000000000000000e+00
4.006620000000000181e-01 2.589400000000000035e-01 0.000000000000000000e+00 1.655600000000000127e-02 6.622499999999989506e-03 -1.655499999999997252e-03 -2.416079005232575128e+01
4.006620000000000181e-01 2.721850000000000103e-01 1.324499999999997901e-02 1.324500000000000677e-02 8.278250000000000886e-03 -6.622250000000003134e-03 -3.002976426945776822e+01
4.271519999999999762e-01 2.854300000000000170e-01 1.655650000000000177e-02 3.311499999999995003e-03 -1.655499999999990313e-03 -1.324500000000000677e-02 -4.441878182419677046e+01
4.337750000000000217e-01 2.788080000000000003e-01 9.933999999999998387e-03 -1.324500000000000677e-02 -3.311500000000008881e-03 -9.933999999999998387e-03 -3.140904890839528463e+01
4.470199999999999729e-01 2.589400000000000035e-01 9.933499999999984009e-03 -1.655650000000000177e-02 -1.655749999999997502e-03 1.655750000000004440e-03 -1.523524500638193890e+00
4.536419999999999897e-01 2.456949999999999967e-01 6.622500000000003384e-03 -9.933499999999997887e-03 -1.655499999999990313e-03 6.622750000000003634e-03 1.611046844294626723e+01
4.602649999999999797e-01 2.390730000000000077e-01 6.622500000000003384e-03 -3.310999999999994503e-03 0.000000000000000000e+00 9.933499999999997887e-03 1.620738750307507985e+02
4.668869999999999965e-01 2.390730000000000077e-01 6.622500000000003384e-03 9.933499999999997887e-03 -1.655500000000004190e-03 9.933499999999997887e-03 4.832362174474321392e+01
4.735099999999999865e-01 2.589400000000000035e-01 3.311499999999995003e-03 1.655600000000000127e-02 1.655500000000004190e-03 4.967000000000006132e-03 -2.277189447533845446e+00
4.735099999999999865e-01 2.721850000000000103e-01 9.933500000000011765e-03 1.986750000000001015e-02 4.966750000000005882e-03 2.500000000002500222e-07 -9.003605659055995858e+00
4.933770000000000100e-01 2.986750000000000238e-01 1.324500000000000677e-02 1.655650000000000177e-02 3.311499999999995003e-03 -6.622250000000010073e-03 -1.495438800174967220e+01
5.000000000000000000e-01 3.052980000000000138e-01 1.655650000000000177e-02 6.622999999999990006e-03 8.278249999999987008e-03 -1.158950000000000258e-02 -4.350914103868808525e+01
5.264900000000000135e-01 3.119210000000000038e-01 2.980149999999998078e-02 -6.622500000000003384e-03 4.966750000000005882e-03 -1.821224999999999927e-02 -1.791992882590411540e+01
5.596029999999999616e-01 2.920530000000000070e-01 2.649000000000001354e-02 -2.980150000000000854e-02 -8.278249999999987008e-03 -1.821199999999999902e-02 -1.150209602124027164e+01
5.794700000000000406e-01 2.523179999999999867e-01 1.324500000000000677e-02 -4.304650000000000143e-02 -1.158925000000002314e-02 -1.655499999999990313e-03 -5.700772130190988385e+00
5.860929999999999751e-01 2.059600000000000042e-01 3.311499999999967248e-03 -3.311249999999998916e-02 -1.158950000000000258e-02 6.622749999999996695e-03 -9.818404518471847808e+00
5.860929999999999751e-01 1.860930000000000084e-01 -9.933999999999998387e-03 -2.980100000000000804e-02 -1.655649999999997402e-02 1.655499999999990313e-03 -1.644772706268987505e+01
5.662249999999999783e-01 1.463579999999999881e-01 -2.980149999999998078e-02 -2.980150000000000854e-02 -1.324499999999999289e-02 8.278000000000007574e-03 -8.568041556175192142e+00
5.264900000000000135e-01 1.264899999999999913e-01 -3.642399999999998417e-02 -1.324499999999999289e-02 -1.387778780781445676e-17 1.821200000000000596e-02 -1.139411546447919754e+01
4.933770000000000100e-01 1.198680000000000023e-01 -2.980150000000000854e-02 6.622500000000003384e-03 9.933999999999984509e-03 1.324499999999999289e-02 -1.618539114614840457e+01
4.668869999999999965e-01 1.397349999999999981e-01 -1.655600000000001515e-02 1.324499999999999289e-02 1.324525000000000008e-02 1.655749999999997502e-03 -2.128269407152541248e+01
4.602649999999999797e-01 1.463579999999999881e-01 -3.311000000000008381e-03 9.933999999999998387e-03 9.933500000000011765e-03 6.938893903907228378e-18 -8.594702803976488781e+01
4.602649999999999797e-01 1.596029999999999949e-01 3.311000000000008381e-03 1.324500000000000677e-02 8.278000000000007574e-03 -3.311499999999995003e-03 -4.739441379318744652e+01
4.668869999999999965e-01 1.728480000000000016e-01 1.324500000000000677e-02 3.311000000000008381e-03 1.158974999999999589e-02 -1.158950000000000258e-02 -7.540123882007925715e+01
4.867549999999999932e-01 1.662250000000000116e-01 2.649050000000000016e-02 -9.933999999999998387e-03 9.933750000000005076e-03 -9.933500000000004826e-03 -7.262371564868171703e+00
5.198679999999999968e-01 1.529800000000000049e-01 3.311250000000001692e-02 -1.655600000000000127e-02 -3.311500000000008881e-03 -1.655500000000004190e-03 -2.160944757459731136e+00
5.529800000000000271e-01 1.331130000000000091e-01 1.986749999999998240e-02 -1.324500000000000677e-02 -1.158925000000000927e-02 4.966749999999998944e-03 -4.026980952312453788e+00
5.596029999999999616e-01 1.264899999999999913e-01 9.933999999999998387e-03 -6.622500000000003384e-03 -3.311249999999960059e-03 3.311500000000008881e-03 6.444681215927048790e+00
5.728480000000000238e-01 1.198680000000000023e-01 1.324500000000006228e-02 -6.621999999999989006e-03 3.311000000000063892e-03 5.000000000143778323e-07 6.754267864955070699e+00
