4.933770000000000100e-01 2.854300000000000170e-01 6.622999999999990006e-03 3.311300000000000354e-02 2.648999999999998578e-02 3.310999999999980625e-03 -2.220939091209836036e+01
5.000000000000000000e-01 3.185430000000000206e-01 3.311299999999997579e-02 3.642399999999998417e-02 1.655600000000001515e-02 -1.655650000000000177e-02 -9.651603916705425945e+00
5.596029999999999616e-01 3.582779999999999854e-01 3.973500000000002030e-02 0.000000000000000000e+00 -9.933999999999984509e-03 -4.304649999999998755e-02 -2.726411538985095717e+01
5.794700000000000406e-01 3.185430000000000206e-01 1.324500000000000677e-02 -4.966899999999999094e-02 -1.324500000000000677e-02 -6.622500000000003384e-03 -5.488923573964280322e+00
5.860929999999999751e-01 2.589400000000000035e-01 1.324500000000000677e-02 -1.324500000000000677e-02 8.278000000000007574e-03 4.470224999999999893e-02 1.067738947308436792e+02
6.059600000000000541e-01 2.920530000000000070e-01 2.980100000000002192e-02 3.973550000000000693e-02 1.324499999999997901e-02 1.490075000000000427e-02 -6.711567015885961940e-01
6.456950000000000189e-01 3.384110000000000174e-01 3.973499999999996479e-02 1.655650000000000177e-02 -4.966750000000019760e-03 -3.807975000000000942e-02 -1.793867439448804291e+01
6.854299999999999837e-01 3.251660000000000106e-01 1.986749999999998240e-02 -3.642400000000001192e-02 -2.648999999999998578e-02 -4.470225000000000587e-02 -2.594428228526277991e+01
6.854299999999999837e-01 2.655629999999999935e-01 -1.324500000000000677e-02 -7.284800000000000997e-02 -2.648999999999998578e-02 -1.490049999999999014e-02 -4.267811096511298530e+00
6.589399999999999702e-01 1.794699999999999906e-01 -3.311249999999998916e-02 -6.622499999999999221e-02 -1.158924999999999539e-02 2.814600000000000435e-02 -4.186834345099152976e+00
6.192050000000000054e-01 1.331130000000000091e-01 -3.642349999999999755e-02 -1.655600000000000127e-02 8.278249999999987008e-03 4.635749999999999593e-02 -2.422382502391560521e+01
5.860929999999999751e-01 1.463579999999999881e-01 -1.655600000000001515e-02 2.648999999999999966e-02 1.821174999999999877e-02 2.152300000000000046e-02 -2.751594344132836767e+01
5.860929999999999751e-01 1.860930000000000084e-01 0.000000000000000000e+00 2.648999999999999966e-02 1.655500000000004190e-03 -1.821199999999999902e-02 -2.359202764749084746e+00
5.860929999999999751e-01 1.993379999999999874e-01 -1.324500000000000677e-02 -9.933999999999998387e-03 -1.655624999999999458e-02 -2.317874999999999797e-02 3.140631283531066842e+01
5.596029999999999616e-01 1.662250000000000116e-01 -3.311249999999998916e-02 -1.986749999999999627e-02 -3.311249999999987814e-03 1.821199999999999902e-02 -1.161534700616302018e+01
5.198679999999999968e-01 1.596029999999999949e-01 -1.986749999999998240e-02 2.648999999999999966e-02 2.483425000000000216e-02 3.311249999999999610e-02 -3.623999939577049645e+01
5.198679999999999968e-01 2.192050000000000110e-01 1.655600000000001515e-02 4.635749999999999593e-02 2.483425000000000216e-02 -1.158925000000000233e-02 -1.126041645337499553e+01
5.529800000000000271e-01 2.523179999999999867e-01 2.980100000000002192e-02 3.311499999999995003e-03 2.499999999794333405e-07 -4.304624999999999424e-02 -4.758601593799154017e+01
5.794700000000000406e-01 2.258280000000000010e-01 1.655649999999997402e-02 -3.973499999999999255e-02 -1.158900000000004371e-02 -2.814574999999999716e-02 -1.161526316936760850e+01
5.860929999999999751e-01 1.728480000000000016e-01 6.622999999999934495e-03 -5.297999999999999932e-02 -9.933500000000039520e-03 -1.324500000000000677e-02 -4.033943732170958363e+00
