4.072850000000000081e-01 1.596029999999999949e-01 6.622000000000016762e-03 -6.622999999999990006e-03 -3.311000000000008381e-03 6.622999999999990006e-03 2.669334734276267440e+01
4.139070000000000249e-01 1.529800000000000049e-01 3.311000000000008381e-03 0.000000000000000000e+00 -3.311000000000008381e-03 6.622749999999996695e-03 6.041155293471358618e+02
4.139070000000000249e-01 1.596029999999999949e-01 0.000000000000000000e+00 6.622500000000003384e-03 -3.311000000000008381e-03 4.966749999999998944e-03 7.549448847197062662e+01
4.139070000000000249e-01 1.662250000000000116e-01 -3.311000000000008381e-03 9.933499999999997887e-03 -1.655500000000004190e-03 1.655749999999997502e-03 9.549525554117529680e+00
4.072850000000000081e-01 1.794699999999999906e-01 -3.311000000000008381e-03 9.933999999999998387e-03 1.655500000000004190e-03 2.500000000002500222e-07 -1.432450460071312470e+01
4.072850000000000081e-01 1.860930000000000084e-01 0.000000000000000000e+00 9.933999999999998387e-03 1.655500000000004190e-03 -2.500000000002500222e-07 -1.677570860370213879e+01
4.072850000000000081e-01 1.993379999999999874e-01 0.000000000000000000e+00 9.933499999999997887e-03 0.000000000000000000e+00 -1.655749999999997502e-03 -0.000000000000000000e+00
4.072850000000000081e-01 2.059600000000000042e-01 0.000000000000000000e+00 6.622500000000003384e-03 0.000000000000000000e+00 -1.655499999999997252e-03 -0.000000000000000000e+00
4.072850000000000081e-01 2.125829999999999942e-01 0.000000000000000000e+00 6.622500000000003384e-03 1.655500000000004190e-03 0.000000000000000000e+00 -3.774724423598531331e+01
4.072850000000000081e-01 2.192050000000000110e-01 3.311000000000008381e-03 6.622500000000003384e-03 1.655500000000004190e-03 -6.938893903907228378e-18 -2.701095284777858652e+01
4.139070000000000249e-01 2.258280000000000010e-01 3.311000000000008381e-03 6.622499999999989506e-03 2.499999999933111283e-07 0.000000000000000000e+00 -4.078972039724531977e-03
4.139070000000000249e-01 2.324499999999999900e-01 3.311499999999995003e-03 6.622500000000003384e-03 1.655749999999983624e-03 6.938893903907228378e-18 -2.701258436269003838e+01
4.205300000000000149e-01 2.390730000000000077e-01 6.622499999999975628e-03 6.622500000000003384e-03 -2.500000000071889161e-07 -6.938893903907228378e-18 2.015352791482696859e-03
4.271519999999999762e-01 2.456949999999999967e-01 3.310999999999980625e-03 6.622499999999989506e-03 -1.655499999999976435e-03 -1.655500000000004190e-03 1.350649608990814698e+01
4.271519999999999762e-01 2.523179999999999867e-01 3.311500000000022759e-03 3.311499999999995003e-03 1.655750000000011379e-03 -3.311249999999994753e-03 -1.601399349410800710e+02
4.337750000000000217e-01 2.523179999999999867e-01 6.622500000000003384e-03 0.000000000000000000e+00 1.655499999999976435e-03 -1.655749999999997502e-03 -3.775294451448651500e+01
4.403969999999999829e-01 2.523179999999999867e-01 6.622499999999975628e-03 0.000000000000000000e+00 0.000000000000000000e+00 0.000000000000000000e+00 0.000000000000000000e+00
4.470199999999999729e-01 2.523179999999999867e-01 6.622500000000003384e-03 0.000000000000000000e+00 1.387778780781445676e-17 0.000000000000000000e+00 0.000000000000000000e+00
4.536419999999999897e-01 2.523179999999999867e-01 6.622500000000003384e-03 0.000000000000000000e+00 0.000000000000000000e+00 0.000000000000000000e+00 0.000000000000000000e+00
4.602649999999999797e-01 2.523179999999999867e-01 6.622500000000003384e-03 0.000000000000000000e+00 0.000000000000000000e+00 -1.655749999999997502e-03 -3.775294451448651500e+01
4.668869999999999965e-01 2.523179999999999867e-01 6.622500000000003384e-03 -3.311499999999995003e-03 0.000000000000000000e+00 -3.311249999999994753e-03 -5.402109012287986189e+01
4.735099999999999865e-01 2.456949999999999967e-01 6.622500000000003384e-03 -6.622499999999989506e-03 -1.655749999999997502e-03 -1.655500000000004190e-03 -2.669334772316151927e+01
4.801320000000000032e-01 2.390730000000000077e-01 3.311000000000008381e-03 -6.622500000000003384e-03 -1.655500000000004190e-03 -6.938893903907228378e-18 -2.701095284777858652e+01
4.801320000000000032e-01 2.324499999999999900e-01 3.311499999999995003e-03 -6.622500000000003384e-03 2.499999999933111283e-07 6.938893903907228378e-18 4.078602500731168951e-03
4.867549999999999932e-01 2.258280000000000010e-01 3.311499999999995003e-03 -6.622499999999989506e-03 -2.499999999933111283e-07 -1.655749999999997502e-03 -1.351139051145489134e+01
4.867549999999999932e-01 2.192050000000000110e-01 3.311000000000008381e-03 -9.933999999999998387e-03 -2.499999999933111283e-07 -1.655500000000011129e-03 -4.776276979518939036e+00
4.933770000000000100e-01 2.059600000000000042e-01 3.311000000000008381e-03 -9.933500000000011765e-03 -1.655500000000004190e-03 1.655749999999997502e-03 -9.549525554117515469e+00
4.933770000000000100e-01 1.993379999999999874e-01 0.000000000000000000e+00 -6.622500000000003384e-03 2.499999999933111283e-07 1.655500000000011129e-03 5.700278501204359728e-03
4.933770000000000100e-01 1.927149999999999974e-01 3.311499999999995003e-03 -6.622499999999989506e-03 1.655749999999997502e-03 0.000000000000000000e+00 2.701258436269041141e+01
5.000000000000000000e-01 1.860930000000000084e-01 3.311499999999995003e-03 -6.622500000000003384e-03 -1.655749999999997502e-03 3.311249999999994753e-03 -5.425291241667448291e-14
5.000000000000000000e-01 1.794699999999999906e-01 0.000000000000000000e+00 0.000000000000000000e+00 -1.655749999999997502e-03 6.622500000000003384e-03 0.000000000000000000e+00
5.000000000000000000e-01 1.860930000000000084e-01 0.000000000000000000e+00 6.622500000000003384e-03 0.000000000000000000e+00 3.311249999999994753e-03 0.000000000000000000e+00
5.000000000000000000e-01 1.927149999999999974e-01 0.000000000000000000e+00 6.622499999999989506e-03 0.000000000000000000e+00 0.000000000000000000e+00 0.000000000000000000e+00
5.000000000000000000e-01 1.993379999999999874e-01 0.000000000000000000e+00 6.622500000000003384e-03 3.311249999999987814e-03 1.655500000000011129e-03 -7.550018875047150857e+01
5.000000000000000000e-01 2.059600000000000042e-01 6.622499999999975628e-03 9.933500000000011765e-03 4.966999999999999194e-03 1.655749999999997502e-03 -2.255144506872964527e+01
5.132449999999999513e-01 2.192050000000000110e-01 9.933999999999998387e-03 9.933999999999998387e-03 -1.655499999999976435e-03 -1.655500000000011129e-03 -1.234139373677317574e-13
5.198679999999999968e-01 2.258280000000000010e-01 3.311500000000022759e-03 6.622499999999989506e-03 -3.311499999999995003e-03 -2.500000000002500222e-07 5.402312927016252075e+01
5.198679999999999968e-01 2.324499999999999900e-01 3.311000000000008381e-03 9.933499999999997887e-03 1.655499999999976435e-03 6.938893903907228378e-18 -1.432500937659690621e+01
5.264900000000000135e-01 2.456949999999999967e-01 6.622499999999975628e-03 6.622500000000003384e-03 1.655749999999983624e-03 -3.311000000000001442e-03 -4.003901390834646179e+01
5.331129999999999480e-01 2.456949999999999967e-01 6.622499999999975628e-03 3.311499999999995003e-03 -1.655749999999983624e-03 0.000000000000000000e+00 1.350731190895416844e+01
5.397349999999999648e-01 2.523179999999999867e-01 3.311000000000008381e-03 6.622500000000003384e-03 -1.655499999999976435e-03 -2.499999999933111283e-07 2.700891351573979549e+01
5.397349999999999648e-01 2.589400000000000035e-01 3.311500000000022759e-03 3.311000000000008381e-03 3.311499999999995003e-03 -1.655500000000004190e-03 -1.601600840565744761e+02
5.463580000000000103e-01 2.589400000000000035e-01 9.933999999999998387e-03 3.311499999999995003e-03 3.310999999999980625e-03 2.499999999933111283e-07 -9.547074200012017897e+00
5.596029999999999616e-01 2.655629999999999935e-01 9.933499999999984009e-03 3.311499999999995003e-03 -1.655749999999983624e-03 -1.655749999999997502e-03 -9.550534975243895275e+00
5.662249999999999783e-01 2.655629999999999935e-01 6.622500000000031140e-03 0.000000000000000000e+00 2.500000000071889161e-07 -1.655749999999997502e-03 -3.775294451448620237e+01
5.728480000000000238e-01 2.655629999999999935e-01 9.933999999999998387e-03 0.000000000000000000e+00 1.655499999999976435e-03 0.000000000000000000e+00 0.000000000000000000e+00
5.860929999999999751e-01 2.655629999999999935e-01 9.933499999999984009e-03 0.000000000000000000e+00 -1.655749999999983624e-03 0.000000000000000000e+00 0.000000000000000000e+00
5.927149999999999919e-01 2.655629999999999935e-01 6.622500000000031140e-03 0.000000000000000000e+00 -1.655499999999976435e-03 -1.655749999999997502e-03 -3.775294451448620237e+01
5.993380000000000374e-01 2.655629999999999935e-01 6.622500000000031140e-03 -3.311499999999995003e-03 -2.775557561562891351e-17 -3.311250000000001692e-03 -5.402109012287988321e+01
6.059600000000000541e-01 2.589400000000000035e-01 6.622499999999975628e-03 -6.622500000000003384e-03 -2.775557561562891351e-17 2.499999999933111283e-07 2.015352791203001755e-03
6.125829999999999886e-01 2.523179999999999867e-01 6.622499999999975628e-03 -3.311000000000008381e-03 2.775557561562891351e-17 1.655500000000004190e-03 2.701095284777891337e+01
6.192050000000000054e-01 2.523179999999999867e-01 6.622500000000031140e-03 -3.311499999999995003e-03 -1.655499999999976435e-03 -1.655749999999990563e-03 -4.051785681642586923e+01
6.258280000000000509e-01 2.456949999999999967e-01 3.311500000000022759e-03 -6.622499999999989506e-03 -2.775557561562891351e-17 -3.311000000000001442e-03 -2.701054490747298686e+01
6.258280000000000509e-01 2.390730000000000077e-01 6.622499999999975628e-03 -9.933499999999997887e-03 1.655499999999976435e-03 -1.655750000000004440e-03 3.220245091957620431e+00
6.390730000000000022e-01 2.258280000000000010e-01 6.622499999999975628e-03 -9.933999999999998387e-03 -1.655749999999983624e-03 3.311000000000001442e-03 3.219422004774582291e+00
6.390730000000000022e-01 2.192050000000000110e-01 3.311000000000008381e-03 -3.311499999999995003e-03 0.000000000000000000e+00 1.655749999999997502e-03 5.338669468552534880e+01
6.456950000000000189e-01 2.192050000000000110e-01 6.622499999999975628e-03 -6.622500000000003384e-03 2.499999999794333405e-07 -3.311000000000008381e-03 -2.668931701757878372e+01
6.523179999999999534e-01 2.059600000000000042e-01 3.311499999999967248e-03 -9.933500000000011765e-03 -1.655749999999983624e-03 -1.655499999999997252e-03 -1.910179107212561078e+01
6.523179999999999534e-01 1.993379999999999874e-01 3.311000000000008381e-03 -9.933499999999997887e-03 -2.499999999794333405e-07 -2.499999999933111283e-07 -2.884290569669235253e-03
6.589399999999999702e-01 1.860930000000000084e-01 3.311000000000008381e-03 -9.933999999999998387e-03 -1.655500000000004190e-03 1.655499999999997252e-03 -9.549669733808757499e+00
6.589399999999999702e-01 1.794699999999999906e-01 0.000000000000000000e+00 -6.622500000000003384e-03 -1.655500000000004190e-03 1.655750000000004440e-03 -3.774724423598531331e+01
6.589399999999999702e-01 1.728480000000000016e-01 0.000000000000000000e+00 -6.622499999999989506e-03 0.000000000000000000e+00 0.000000000000000000e+00 0.000000000000000000e+00
6.589399999999999702e-01 1.662250000000000116e-01 0.000000000000000000e+00 -6.622500000000003384e-03 0.000000000000000000e+00 -6.938893903907228378e-18 0.000000000000000000e+00
6.589399999999999702e-01 1.596029999999999949e-01 0.000000000000000000e+00 -6.622500000000003384e-03 0.000000000000000000e+00 -1.655749999999997502e-03 0.000000000000000000e+00
6.589399999999999702e-01 1.529800000000000049e-01 0.000000000000000000e+00 -9.933999999999998387e-03 0.000000000000000000e+00 -1.655499999999997252e-03 0.000000000000000000e+00
6.589399999999999702e-01 1.397349999999999981e-01 0.000000000000000000e+00 -9.933499999999997887e-03 -1.655500000000004190e-03 2.500000000002500222e-07 -1.677739744759442431e+01
6.589399999999999702e-01 1.331130000000000091e-01 -3.311000000000008381e-03 -9.933499999999997887e-03 -3.311249999999987814e-03 -2.500000000037194692e-07 -2.865146095292225681e+01
6.523179999999999534e-01 1.198680000000000023e-01 -6.622499999999975628e-03 -9.934000000000005326e-03 -1.655749999999983624e-03 -2.500000000002500222e-07 -9.664103220701299790e+00
6.456950000000000189e-01 1.132449999999999984e-01 -6.622499999999975628e-03 -9.933999999999998387e-03 -2.775557561562891351e-17 3.469446951953614189e-18 -1.755181436999603764e-13
6.390730000000000022e-01 1.000000000000000056e-01 -6.622500000000031140e-03 -9.933999999999998387e-03 -1.655750000000011379e-03 -3.469446951953614189e-18 -9.665076076189219378e+00
6.324499999999999567e-01 9.337700000000000167e-02 -9.933999999999998387e-03 -9.934000000000005326e-03 -1.655499999999976435e-03 2.500000000002500222e-07 -5.932004323712715355e+00
6.192050000000000054e-01 8.013199999999999490e-02 -9.933499999999984009e-03 -9.933499999999997887e-03 2.500000000071889161e-07 1.655750000000004440e-03 -5.931705752927927122e+00
6.125829999999999886e-01 7.351000000000000589e-02 -9.933499999999984009e-03 -6.622499999999996445e-03 -2.500000000071889161e-07 1.655499999999997252e-03 -9.665113546518053766e+00
5.993380000000000374e-01 6.688700000000000201e-02 -9.933999999999998387e-03 -6.622500000000003384e-03 -2.500000000071889161e-07 -1.734723475976807094e-18 -9.728554878586622226e-04
5.927149999999999919e-01 6.026499999999999913e-02 -9.933999999999998387e-03 -6.622499999999999915e-03 2.500000000071889161e-07 1.734723475976807094e-18 9.728554878586623310e-04
5.794700000000000406e-01 5.364200000000000218e-02 -9.933499999999984009e-03 -6.622499999999999915e-03 2.499999999794333405e-07 1.655749999999999236e-03 -9.664627031191775686e+00
5.728480000000000238e-01 4.701999999999999930e-02 -9.933500000000039520e-03 -3.311000000000001442e-03 -1.655750000000011379e-03 1.655500000000000721e-03 -1.910049319907665932e+01
5.596029999999999616e-01 4.701999999999999930e-02 -1.324500000000000677e-02 -3.311499999999998473e-03 -1.655749999999983624e-03 -2.499999999985152987e-07 -2.153287832879758668e+00
5.463580000000000103e-01 4.039700000000000235e-02 -1.324500000000000677e-02 -3.311499999999998473e-03 3.311249999999987814e-03 2.499999999985152987e-07 4.307551525097577105e+00
5.331129999999999480e-01 4.039700000000000235e-02 -6.622500000000031140e-03 -3.311000000000001442e-03 3.311250000000015570e-03 2.499999999985152987e-07 2.700687387573853471e+01
5.331129999999999480e-01 3.377499999999999947e-02 -6.622499999999975628e-03 -3.311000000000001442e-03 -1.655749999999983624e-03 1.655500000000000721e-03 -4.051744893768707811e+01
5.198679999999999968e-01 3.377499999999999947e-02 -9.933999999999998387e-03 0.000000000000000000e+00 0.000000000000000000e+00 1.655500000000000721e-03 -1.677570860370210326e+01
5.132449999999999513e-01 3.377499999999999947e-02 -6.622499999999975628e-03 0.000000000000000000e+00 1.655750000000011379e-03 0.000000000000000000e+00 -0.000000000000000000e+00
5.066230000000000455e-01 3.377499999999999947e-02 -6.622499999999975628e-03 0.000000000000000000e+00 1.655499999999976435e-03 1.655500000000000721e-03 -3.774724423598555489e+01
5.000000000000000000e-01 3.377499999999999947e-02 -3.311500000000022759e-03 3.311000000000001442e-03 3.311249999999987814e-03 3.311249999999999957e-03 -2.135467799593756695e+02
5.000000000000000000e-01 4.039700000000000235e-02 0.000000000000000000e+00 6.622499999999999915e-03 1.655750000000011379e-03 1.655749999999999236e-03 -3.775294451448687738e+01
5.000000000000000000e-01 4.701999999999999930e-02 0.000000000000000000e+00 6.622499999999999915e-03 1.655750000000011379e-03 0.000000000000000000e+00 -3.775294451448687738e+01
5.000000000000000000e-01 5.364200000000000218e-02 3.311500000000022759e-03 6.622499999999999915e-03 1.655750000000011379e-03 0.000000000000000000e+00 -2.701258436269043273e+01
5.066230000000000455e-01 6.026499999999999913e-02 3.311500000000022759e-03 6.622499999999999915e-03 -2.500000000349444917e-07 -1.655749999999999236e-03 -1.350323330645287001e+01
5.066230000000000455e-01 6.688700000000000201e-02 3.310999999999952870e-03 3.311000000000001442e-03 -2.500000000349444917e-07 -1.655499999999998986e-03 -5.338266382766718721e+01
5.132449999999999513e-01 6.688700000000000201e-02 3.310999999999952870e-03 3.311500000000001942e-03 -1.655499999999976435e-03 3.311499999999998473e-03 1.601600840565771193e+02
5.132449999999999513e-01 7.351000000000000589e-02 0.000000000000000000e+00 9.933999999999998387e-03 -1.655499999999976435e-03 3.310999999999997973e-03 1.677570860370185812e+01
5.132449999999999513e-01 8.675499999999999878e-02 0.000000000000000000e+00 9.933499999999997887e-03 0.000000000000000000e+00 0.000000000000000000e+00 0.000000000000000000e+00
5.132449999999999513e-01 9.337700000000000167e-02 0.000000000000000000e+00 9.933999999999998387e-03 0.000000000000000000e+00 2.500000000002500222e-07 0.000000000000000000e+00
5.132449999999999513e-01 1.066229999999999956e-01 0.000000000000000000e+00 9.933999999999998387e-03 -1.655499999999976435e-03 -1.655749999999997502e-03 1.677570860370185812e+01
5.132449999999999513e-01 1.132449999999999984e-01 -3.310999999999952870e-03 6.622500000000003384e-03 -3.311249999999987814e-03 -1.655750000000000971e-03 6.753248075750542512e+01
5.066230000000000455e-01 1.198680000000000023e-01 -6.622499999999975628e-03 6.622499999999996445e-03 -1.656000000000032446e-03 0.000000000000000000e+00 1.334969689076829802e+01
5.000000000000000000e-01 1.264899999999999913e-01 -6.623000000000017762e-03 6.622500000000003384e-03 -1.387778780781445676e-17 3.469446951953614189e-18 8.389430196522729345e-14
4.933770000000000100e-01 1.331130000000000091e-01 -6.622500000000003384e-03 6.622500000000003384e-03 2.500000000071889161e-07 -1.655750000000004440e-03 1.334566618518496206e+01
4.867549999999999932e-01 1.397349999999999981e-01 -6.622500000000003384e-03 3.310999999999994503e-03 -1.655749999999997502e-03 -3.311250000000001692e-03 6.753248075750529722e+01
4.801320000000000032e-01 1.397349999999999981e-01 -9.933999999999998387e-03 0.000000000000000000e+00 -3.311250000000001692e-03 -3.310999999999994503e-03 3.355141720740414257e+01
4.668869999999999965e-01 1.397349999999999981e-01 -1.324500000000000677e-02 -3.310999999999994503e-03 2.499999999933111283e-07 -1.655499999999997252e-03 8.616959112929473363e+00
4.536419999999999897e-01 1.331130000000000091e-01 -9.933500000000011765e-03 -3.310999999999994503e-03 4.966999999999999194e-03 -2.500000000071889161e-07 1.432789366716700385e+01
4.470199999999999729e-01 1.331130000000000091e-01 -3.311000000000008381e-03 -3.311500000000008881e-03 3.311000000000008381e-03 -1.655750000000004440e-03 1.601600840565756982e+02
4.470199999999999729e-01 1.264899999999999913e-01 -3.311499999999995003e-03 -6.622500000000003384e-03 -2.499999999933111283e-07 -3.310999999999994503e-03 2.700646630497156764e+01
4.403969999999999829e-01 1.198680000000000023e-01 -3.311499999999995003e-03 -9.933499999999997887e-03 1.655749999999997502e-03 -3.311499999999998473e-03 2.387850080302393252e+01
4.403969999999999829e-01 1.066229999999999956e-01 0.000000000000000000e+00 -1.324550000000000033e-02 1.655749999999997502e-03 -2.500000000002500222e-07 9.437523580360855036e+00
4.403969999999999829e-01 9.337700000000000167e-02 0.000000000000000000e+00 -9.933999999999998387e-03 0.000000000000000000e+00 1.656000000000001221e-03 0.000000000000000000e+00
4.403969999999999829e-01 8.675499999999999878e-02 0.000000000000000000e+00 -9.933499999999997887e-03 1.655749999999997502e-03 0.000000000000000000e+00 1.677993103222854998e+01
4.403969999999999829e-01 7.351000000000000589e-02 3.311499999999995003e-03 -9.933999999999998387e-03 4.966999999999999194e-03 -2.500000000019847457e-07 4.297300938552744753e+01
4.470199999999999729e-01 6.688700000000000201e-02 9.933999999999998387e-03 -9.934000000000001857e-03 1.655500000000004190e-03 2.499999999985152987e-07 5.932004323712811278e+00
4.602649999999999797e-01 5.364200000000000218e-02 6.622500000000003384e-03 -9.933500000000001356e-03 -1.655749999999997502e-03 1.655750000000000971e-03 -3.221704491019832695e+00
4.602649999999999797e-01 4.701999999999999930e-02 6.622500000000003384e-03 -6.622499999999999915e-03 3.311250000000001692e-03 1.655500000000000721e-03 4.003901390834647600e+01
4.735099999999999865e-01 4.039700000000000235e-02 1.324500000000000677e-02 -6.622499999999999915e-03 1.655500000000004190e-03 1.655749999999999236e-03 1.012966818581159245e+01
4.867549999999999932e-01 3.377499999999999947e-02 9.933500000000011765e-03 -3.311000000000001442e-03 -1.655499999999990313e-03 4.966750000000000678e-03 3.820242859788159961e+01
4.933770000000000100e-01 3.377499999999999947e-02 9.934000000000026143e-03 3.311000000000001442e-03 1.655999999999990813e-03 4.966750000000000678e-03 3.819795820554215737e+01
5.066230000000000455e-01 4.039700000000000235e-02 1.324549999999999339e-02 6.622499999999999915e-03 -1.655750000000025257e-03 1.655749999999999236e-03 1.012951521011872913e+01
5.198679999999999968e-01 4.701999999999999930e-02 6.622499999999975628e-03 6.622499999999999915e-03 -4.967249999999992505e-03 0.000000000000000000e+00 4.004304461392959524e+01
5.198679999999999968e-01 5.364200000000000218e-02 3.311000000000008381e-03 6.622499999999999915e-03 0.000000000000000000e+00 0.000000000000000000e+00 0.000000000000000000e+00
5.264900000000000135e-01 6.026499999999999913e-02 6.622499999999975628e-03 6.622499999999999915e-03 2.499999999794333405e-07 1.734723475976807094e-18 -2.015352791300900441e-03
5.331129999999999480e-01 6.688700000000000201e-02 3.311499999999967248e-03 6.622500000000003384e-03 -3.311249999999987814e-03 2.500000000019847457e-07 5.402312957809805738e+01
5.331129999999999480e-01 7.351000000000000589e-02 0.000000000000000000e+00 6.623000000000003884e-03 -3.311499999999967248e-03 5.000000000005000445e-07 7.549448890230928555e+01
