2.748340000000000227e-01 1.662250000000000116e-01 0.000000000000000000e+00 6.622999999999990006e-03 0.000000000000000000e+00 -5.000000000005000445e-07 -0.000000000000000000e+00
2.748340000000000227e-01 1.728480000000000016e-01 0.000000000000000000e+00 6.622499999999989506e-03 3.311249999999987814e-03 1.655250000000003940e-03 -7.550018875047184963e+01
2.748340000000000227e-01 1.794699999999999906e-01 6.622499999999975628e-03 9.933499999999997887e-03 4.966999999999999194e-03 1.655750000000004440e-03 -2.255144506872963461e+01
2.880789999999999740e-01 1.927149999999999974e-01 9.933999999999998387e-03 9.933999999999998387e-03 2.500000000210667039e-07 -1.655499999999997252e-03 -5.932004323712866345e+00
2.947020000000000195e-01 1.993379999999999874e-01 6.623000000000017762e-03 6.622500000000003384e-03 0.000000000000000000e+00 -1.655749999999997502e-03 -1.334717763321128636e+01
3.013250000000000095e-01 2.059600000000000042e-01 9.933999999999998387e-03 6.622500000000003384e-03 1.655249999999983124e-03 -1.655500000000004190e-03 -1.610489294122603710e+01
3.145700000000000163e-01 2.125829999999999942e-01 9.933499999999984009e-03 3.311499999999995003e-03 -1.655749999999997502e-03 -1.655749999999997502e-03 -9.550534975243854419e+00
3.211919999999999775e-01 2.125829999999999942e-01 6.622500000000003384e-03 3.311000000000008381e-03 -1.655499999999990313e-03 -2.499999999933111283e-07 1.350037778583028292e+01
3.278150000000000230e-01 2.192050000000000110e-01 6.622500000000003384e-03 3.311000000000008381e-03 -1.387778780781445676e-17 2.499999999933111283e-07 4.078972039837724418e-03
3.344369999999999843e-01 2.192050000000000110e-01 6.622499999999975628e-03 3.311499999999995003e-03 0.000000000000000000e+00 2.499999999933111283e-07 4.078602500674587475e-03
3.410599999999999743e-01 2.258280000000000010e-01 6.622500000000003384e-03 3.311499999999995003e-03 1.387778780781445676e-17 -2.500000000002500222e-07 -4.078602500900979297e-03
3.476819999999999911e-01 2.258280000000000010e-01 6.622500000000003384e-03 3.310999999999994503e-03 0.000000000000000000e+00 -2.500000000002500222e-07 -4.078972039837744368e-03
3.543049999999999811e-01 2.324499999999999900e-01 6.622500000000003384e-03 3.310999999999994503e-03 0.000000000000000000e+00 -1.655499999999997252e-03 -2.701095284777847993e+01
3.609269999999999978e-01 2.324499999999999900e-01 6.622500000000003384e-03 0.000000000000000000e+00 0.000000000000000000e+00 -1.655499999999997252e-03 -3.774724423598515699e+01
3.675499999999999878e-01 2.324499999999999900e-01 6.622500000000003384e-03 0.000000000000000000e+00 0.000000000000000000e+00 0.000000000000000000e+00 0.000000000000000000e+00
3.741720000000000046e-01 2.324499999999999900e-01 6.622500000000003384e-03 0.000000000000000000e+00 0.000000000000000000e+00 0.000000000000000000e+00 0.000000000000000000e+00
3.807949999999999946e-01 2.324499999999999900e-01 6.622500000000003384e-03 0.000000000000000000e+00 0.000000000000000000e+00 0.000000000000000000e+00 0.000000000000000000e+00
3.874170000000000114e-01 2.324499999999999900e-01 6.622500000000003384e-03 0.000000000000000000e+00 0.000000000000000000e+00 -1.655499999999997252e-03 -3.774724423598515699e+01
3.940400000000000014e-01 2.324499999999999900e-01 6.622500000000003384e-03 -3.310999999999994503e-03 0.000000000000000000e+00 -3.311249999999994753e-03 -5.402598466759680207e+01
4.006620000000000181e-01 2.258280000000000010e-01 6.622500000000003384e-03 -6.622499999999989506e-03 -1.655500000000004190e-03 -1.655750000000004440e-03 -2.669334772316157611e+01
4.072850000000000081e-01 2.192050000000000110e-01 3.311499999999995003e-03 -6.622500000000003384e-03 -3.311250000000001692e-03 -6.938893903907228378e-18 -5.402109012288003242e+01
4.072850000000000081e-01 2.125829999999999942e-01 0.000000000000000000e+00 -6.622500000000003384e-03 -2.499999999933111283e-07 0.000000000000000000e+00 -5.700278501204359728e-03
4.072850000000000081e-01 2.059600000000000042e-01 3.311000000000008381e-03 -6.622500000000003384e-03 1.655500000000004190e-03 0.000000000000000000e+00 2.701095284777852612e+01
4.139070000000000249e-01 1.993379999999999874e-01 3.311000000000008381e-03 -6.622500000000003384e-03 -1.655500000000004190e-03 6.938893903907228378e-18 -2.701095284777846928e+01
4.139070000000000249e-01 1.927149999999999974e-01 0.000000000000000000e+00 -6.622499999999989506e-03 -1.655500000000004190e-03 0.000000000000000000e+00 -3.774724423598548384e+01
4.139070000000000249e-01 1.860930000000000084e-01 0.000000000000000000e+00 -6.622500000000003384e-03 0.000000000000000000e+00 3.311249999999994753e-03 0.000000000000000000e+00
4.139070000000000249e-01 1.794699999999999906e-01 0.000000000000000000e+00 0.000000000000000000e+00 0.000000000000000000e+00 6.622500000000003384e-03 0.000000000000000000e+00
4.139070000000000249e-01 1.860930000000000084e-01 0.000000000000000000e+00 6.622500000000003384e-03 0.000000000000000000e+00 3.311249999999994753e-03 0.000000000000000000e+00
4.139070000000000249e-01 1.927149999999999974e-01 0.000000000000000000e+00 6.622499999999989506e-03 1.655749999999997502e-03 0.000000000000000000e+00 -3.775294451448668553e+01
4.139070000000000249e-01 1.993379999999999874e-01 3.311499999999995003e-03 6.622500000000003384e-03 3.311249999999987814e-03 6.938893903907228378e-18 -5.402109012287968426e+01
4.205300000000000149e-01 2.059600000000000042e-01 6.622499999999975628e-03 6.622500000000003384e-03 1.655500000000004190e-03 0.000000000000000000e+00 -1.334566618518510417e+01
4.271519999999999762e-01 2.125829999999999942e-01 6.622500000000003384e-03 6.622500000000003384e-03 1.655750000000011379e-03 1.655499999999997252e-03 -2.015352791593812837e-03
4.337750000000000217e-01 2.192050000000000110e-01 9.933999999999998387e-03 9.933499999999997887e-03 1.655499999999990313e-03 1.655749999999997502e-03 1.194283134583125870e-03
4.470199999999999729e-01 2.324499999999999900e-01 9.933499999999984009e-03 9.933999999999998387e-03 -1.655749999999997502e-03 -1.655499999999997252e-03 1.194283134567242525e-03
4.536419999999999897e-01 2.390730000000000077e-01 6.622500000000003384e-03 6.622500000000003384e-03 2.500000000071889161e-07 -3.311500000000001942e-03 -2.669737842874448575e+01
4.602649999999999797e-01 2.456949999999999967e-01 9.933999999999998387e-03 3.310999999999994503e-03 3.311250000000001692e-03 -1.655500000000004190e-03 -2.387273243965039171e+01
4.735099999999999865e-01 2.456949999999999967e-01 1.324500000000000677e-02 3.311499999999995003e-03 1.655500000000004190e-03 2.500000000002500222e-07 -2.152962513687352697e+00
4.867549999999999932e-01 2.523179999999999867e-01 1.324500000000000677e-02 3.311499999999995003e-03 -1.387778780781445676e-17 -2.499999999933111283e-07 -1.301178530410075727e-03
5.000000000000000000e-01 2.523179999999999867e-01 1.324499999999997901e-02 3.311000000000008381e-03 0.000000000000000000e+00 -2.499999999933111283e-07 -1.301213203557617659e-03
5.132449999999999513e-01 2.589400000000000035e-01 1.324500000000000677e-02 3.311000000000008381e-03 -1.655499999999990313e-03 -1.655500000000004190e-03 -6.462638015012037940e+00
5.264900000000000135e-01 2.589400000000000035e-01 9.933999999999998387e-03 0.000000000000000000e+00 -1.655500000000004190e-03 -1.655500000000004190e-03 -1.677570860370213879e+01
5.331129999999999480e-01 2.589400000000000035e-01 9.933999999999998387e-03 0.000000000000000000e+00 3.311000000000008381e-03 -1.655500000000004190e-03 -1.677570860370213879e+01
5.463580000000000103e-01 2.589400000000000035e-01 1.655600000000001515e-02 -3.311000000000008381e-03 1.655500000000004190e-03 -1.655500000000004190e-03 -4.555834218815154379e+00
5.662249999999999783e-01 2.523179999999999867e-01 1.324500000000000677e-02 -3.311000000000008381e-03 -4.966749999999992005e-03 -2.499999999933111283e-07 -6.463613949475130127e+00
5.728480000000000238e-01 2.523179999999999867e-01 6.622500000000031140e-03 -3.311499999999995003e-03 -3.311250000000015570e-03 -1.655749999999990563e-03 -5.402516872538021175e+01
5.794700000000000406e-01 2.456949999999999967e-01 6.622499999999975628e-03 -6.622499999999989506e-03 -2.775557561562891351e-17 -1.655500000000004190e-03 -1.334566618518531556e+01
5.860929999999999751e-01 2.390730000000000077e-01 6.622499999999975628e-03 -6.622500000000003384e-03 1.655500000000031946e-03 -1.655750000000004440e-03 -2.015352791202018167e-03
5.927149999999999919e-01 2.324499999999999900e-01 9.933500000000039520e-03 -9.933999999999998387e-03 1.655750000000011379e-03 -1.655499999999997252e-03 1.194283134584340610e-03
6.059600000000000541e-01 2.192050000000000110e-01 9.933999999999998387e-03 -9.933499999999997887e-03 -3.311000000000036136e-03 1.655749999999997502e-03 -5.930063630525279628e+00
6.125829999999999886e-01 2.125829999999999942e-01 3.311499999999967248e-03 -6.622500000000003384e-03 -3.311499999999995003e-03 -1.655749999999997502e-03 -6.753248063433503035e+01
6.125829999999999886e-01 2.059600000000000042e-01 3.311000000000008381e-03 -1.324499999999999289e-02 -2.499999999794333405e-07 -3.311250000000001692e-03 -4.309618130298034089e+00
6.192050000000000054e-01 1.860930000000000084e-01 3.311000000000008381e-03 -1.324500000000000677e-02 -1.655500000000004190e-03 3.311249999999994753e-03 -4.308316917094544785e+00
6.192050000000000054e-01 1.794699999999999906e-01 0.000000000000000000e+00 -6.622500000000003384e-03 -1.655500000000004190e-03 3.311250000000008631e-03 -3.774724423598531331e+01
6.192050000000000054e-01 1.728480000000000016e-01 0.000000000000000000e+00 -6.622499999999989506e-03 0.000000000000000000e+00 0.000000000000000000e+00 0.000000000000000000e+00
6.192050000000000054e-01 1.662250000000000116e-01 0.000000000000000000e+00 -6.622500000000003384e-03 0.000000000000000000e+00 -1.655500000000011129e-03 0.000000000000000000e+00
6.192050000000000054e-01 1.596029999999999949e-01 0.000000000000000000e+00 -9.933500000000011765e-03 0.000000000000000000e+00 -1.655749999999997502e-03 0.000000000000000000e+00
6.192050000000000054e-01 1.463579999999999881e-01 0.000000000000000000e+00 -9.933999999999998387e-03 0.000000000000000000e+00 1.655500000000011129e-03 0.000000000000000000e+00
6.192050000000000054e-01 1.397349999999999981e-01 0.000000000000000000e+00 -6.622499999999989506e-03 -1.655500000000004190e-03 1.655749999999997502e-03 -3.774724423598548384e+01
6.192050000000000054e-01 1.331130000000000091e-01 -3.311000000000008381e-03 -6.622500000000003384e-03 -3.311249999999987814e-03 -1.655750000000007910e-03 -4.051948857768805823e+01
6.125829999999999886e-01 1.264899999999999913e-01 -6.622499999999975628e-03 -9.934000000000005326e-03 -1.655749999999983624e-03 -1.655499999999997252e-03 -3.222827035707297672e+00
6.059600000000000541e-01 1.132449999999999984e-01 -6.622499999999975628e-03 -9.933499999999997887e-03 1.655749999999983624e-03 1.655750000000004440e-03 3.221704491019777183e+00
5.993380000000000374e-01 1.066229999999999956e-01 -3.311000000000008381e-03 -6.622499999999996445e-03 -2.775557561562891351e-17 -2.500000000002500222e-07 2.039332037886561113e-03
5.993380000000000374e-01 1.000000000000000056e-01 -6.622500000000031140e-03 -9.933999999999998387e-03 -3.311499999999995003e-03 -1.655750000000004440e-03 -1.288693025640857925e+01
5.860929999999999751e-01 8.675499999999999878e-02 -9.933999999999998387e-03 -9.934000000000005326e-03 2.775557561562891351e-17 1.655750000000000971e-03 -5.932004323712698479e+00
5.794700000000000406e-01 8.013199999999999490e-02 -6.622499999999975628e-03 -6.622499999999996445e-03 2.499999999794333405e-07 1.655750000000004440e-03 -1.334566618518523384e+01
5.728480000000000238e-01 7.351000000000000589e-02 -9.933500000000039520e-03 -6.622499999999996445e-03 -2.775557561562891351e-17 -3.469446951953614189e-18 -8.776671738960859926e-14
5.596029999999999616e-01 6.688700000000000201e-02 -6.622500000000031140e-03 -6.622500000000003384e-03 1.655500000000031946e-03 -1.734723475976807094e-18 1.334566618518517167e+01
5.596029999999999616e-01 6.026499999999999913e-02 -6.622499999999975628e-03 -6.622499999999999915e-03 -1.655749999999983624e-03 1.734723475976807094e-18 -1.334768153797643286e+01
5.463580000000000103e-01 5.364200000000000218e-02 -9.933999999999998387e-03 -6.622499999999999915e-03 -2.775557561562891351e-17 0.000000000000000000e+00 -1.080086562233809735e-13
5.397349999999999648e-01 4.701999999999999930e-02 -6.622500000000031140e-03 -6.622499999999999915e-03 1.655750000000011379e-03 1.655500000000000721e-03 2.015352791503066850e-03
5.331129999999999480e-01 4.039700000000000235e-02 -6.622499999999975628e-03 -3.311499999999998473e-03 1.655500000000031946e-03 1.655749999999999236e-03 -1.350731190895394995e+01
5.264900000000000135e-01 4.039700000000000235e-02 -3.311499999999967248e-03 -3.311000000000001442e-03 1.655749999999983624e-03 2.499999999985152987e-07 5.337863266579062582e+01
5.264900000000000135e-01 3.377499999999999947e-02 -3.311000000000008381e-03 -3.311000000000001442e-03 -1.655500000000031946e-03 1.655500000000000721e-03 -1.067814529124965759e+02
5.198679999999999968e-01 3.377499999999999947e-02 -6.622500000000031140e-03 0.000000000000000000e+00 -2.500000000071889161e-07 -2.499999999993826605e-07 5.700278501342749896e-03
5.132449999999999513e-01 3.377499999999999947e-02 -3.311500000000022759e-03 -3.311500000000000207e-03 1.655750000000039135e-03 -1.655750000000000104e-03 1.067653300900726379e+02
5.132449999999999513e-01 2.715199999999999905e-02 -3.310999999999952870e-03 -3.311500000000000207e-03 -1.655499999999976435e-03 2.500000000002500222e-07 -5.339475548798469617e+01
5.066230000000000455e-01 2.715199999999999905e-02 -6.622499999999975628e-03 -3.310999999999999707e-03 -1.656000000000032446e-03 2.500000000002500222e-07 -1.351261439398698627e+01
5.000000000000000000e-01 2.052999999999999964e-02 -6.623000000000017762e-03 -3.310999999999999707e-03 -1.387778780781445676e-17 1.655499999999999854e-03 -2.700809781990014713e+01
4.933770000000000100e-01 2.052999999999999964e-02 -6.622500000000003384e-03 0.000000000000000000e+00 2.500000000071889161e-07 1.655499999999999854e-03 -3.774724423598521383e+01
4.867549999999999932e-01 2.052999999999999964e-02 -6.622500000000003384e-03 0.000000000000000000e+00 1.655500000000004190e-03 1.655499999999999854e-03 -3.774724423598521383e+01
4.801320000000000032e-01 2.052999999999999964e-02 -3.311499999999995003e-03 3.310999999999999707e-03 1.655749999999997502e-03 1.655499999999999854e-03 -1.067733893710508255e+02
4.801320000000000032e-01 2.715199999999999905e-02 -3.311000000000008381e-03 3.310999999999999707e-03 2.499999999933111283e-07 2.500000000002500222e-07 -1.612525715963764386e-02
4.735099999999999865e-01 2.715199999999999905e-02 -3.311000000000008381e-03 3.311500000000000207e-03 1.655500000000004190e-03 1.655750000000000971e-03 -1.067733893710506550e+02
4.735099999999999865e-01 3.377499999999999947e-02 0.000000000000000000e+00 6.622500000000001649e-03 -2.499999999933111283e-07 -2.499999999993826605e-07 5.700278501204363198e-03
4.735099999999999865e-01 4.039700000000000235e-02 -3.311499999999995003e-03 3.311000000000001442e-03 -1.655749999999997502e-03 -8.673617379884035472e-19 5.338669468552543407e+01
4.668869999999999965e-01 4.039700000000000235e-02 -3.311499999999995003e-03 6.622499999999999915e-03 1.655749999999997502e-03 3.311499999999998473e-03 -5.402720818059869146e+01
4.668869999999999965e-01 5.364200000000000218e-02 0.000000000000000000e+00 9.933999999999998387e-03 1.655749999999997502e-03 0.000000000000000000e+00 -1.677824193330093649e+01
4.668869999999999965e-01 6.026499999999999913e-02 0.000000000000000000e+00 6.622499999999999915e-03 0.000000000000000000e+00 -1.655749999999997502e-03 -0.000000000000000000e+00
4.668869999999999965e-01 6.688700000000000201e-02 0.000000000000000000e+00 6.622500000000003384e-03 0.000000000000000000e+00 -1.734723475976807094e-18 -0.000000000000000000e+00
4.668869999999999965e-01 7.351000000000000589e-02 0.000000000000000000e+00 6.622499999999996445e-03 0.000000000000000000e+00 -3.469446951953614189e-18 -0.000000000000000000e+00
4.668869999999999965e-01 8.013199999999999490e-02 0.000000000000000000e+00 6.622499999999996445e-03 0.000000000000000000e+00 3.469446951953614189e-18 0.000000000000000000e+00
4.668869999999999965e-01 8.675499999999999878e-02 0.000000000000000000e+00 6.622500000000003384e-03 0.000000000000000000e+00 -3.311249999999998223e-03 -0.000000000000000000e+00
4.668869999999999965e-01 9.337700000000000167e-02 0.000000000000000000e+00 0.000000000000000000e+00 0.000000000000000000e+00 -6.622500000000003384e-03 0.000000000000000000e+00
4.668869999999999965e-01 8.675499999999999878e-02 0.000000000000000000e+00 -6.622500000000003384e-03 0.000000000000000000e+00 -3.311249999999998223e-03 0.000000000000000000e+00
4.668869999999999965e-01 8.013199999999999490e-02 0.000000000000000000e+00 -6.622499999999996445e-03 0.000000000000000000e+00 3.469446951953614189e-18 0.000000000000000000e+00
4.668869999999999965e-01 7.351000000000000589e-02 0.000000000000000000e+00 -6.622499999999996445e-03 0.000000000000000000e+00 -3.469446951953614189e-18 0.000000000000000000e+00
4.668869999999999965e-01 6.688700000000000201e-02 0.000000000000000000e+00 -6.622500000000003384e-03 0.000000000000000000e+00 -1.734723475976807094e-18 0.000000000000000000e+00
4.668869999999999965e-01 6.026499999999999913e-02 0.000000000000000000e+00 -6.622499999999999915e-03 0.000000000000000000e+00 1.734723475976807094e-18 0.000000000000000000e+00
4.668869999999999965e-01 5.364200000000000218e-02 0.000000000000000000e+00 -6.622499999999999915e-03 -1.655500000000004190e-03 -1.655500000000000721e-03 -3.774724423598535594e+01
4.668869999999999965e-01 4.701999999999999930e-02 -3.311000000000008381e-03 -9.933500000000001356e-03 -3.311250000000001692e-03 0.000000000000000000e+00 -2.865218199834324864e+01
4.602649999999999797e-01 3.377499999999999947e-02 -6.622500000000003384e-03 -6.622499999999999915e-03 -1.655749999999997502e-03 3.311000000000000575e-03 -4.003901390834644047e+01
4.536419999999999897e-01 3.377499999999999947e-02 -6.622500000000003384e-03 -3.311500000000000207e-03 -1.655499999999990313e-03 -1.655750000000000104e-03 1.350731190895426792e+01
4.470199999999999729e-01 2.715199999999999905e-02 -9.933499999999984009e-03 -9.934000000000000122e-03 -1.655749999999997502e-03 -1.655499999999999854e-03 -1.194283134558688170e-03
4.337750000000000217e-01 1.390699999999999922e-02 -9.933999999999998387e-03 -6.622499999999999915e-03 -2.500000000071889161e-07 3.311500000000000207e-03 -1.933112500786629084e+01
4.271519999999999762e-01 1.390699999999999922e-02 -9.933999999999998387e-03 -3.310999999999999707e-03 2.500000000071889161e-07 1.655750000000000104e-03 -1.432522576589193086e+01
4.139070000000000249e-01 7.284999999999999809e-03 -9.933499999999984009e-03 -3.310999999999999707e-03 1.655749999999997502e-03 1.655499999999999854e-03 -9.549525554117533233e+00
4.072850000000000081e-01 7.284999999999999809e-03 -6.622500000000003384e-03 0.000000000000000000e+00 1.655499999999990313e-03 1.655499999999999854e-03 -3.774724423598521383e+01
4.006620000000000181e-01 7.284999999999999809e-03 -6.622500000000003384e-03 0.000000000000000000e+00 -3.311250000000001692e-03 0.000000000000000000e+00 0.000000000000000000e+00
3.940400000000000014e-01 7.284999999999999809e-03 -1.324500000000000677e-02 0.000000000000000000e+00 -3.311250000000001692e-03 1.655499999999999854e-03 -9.436811058996303458e+00
3.741720000000000046e-01 7.284999999999999809e-03 -1.324500000000000677e-02 3.310999999999999707e-03 1.655749999999997502e-03 3.311249999999999957e-03 -1.938888997949918291e+01
3.675499999999999878e-01 1.390699999999999922e-02 -9.933500000000011765e-03 6.622499999999999915e-03 1.655500000000004190e-03 1.655750000000000104e-03 -1.610852252855772093e+01
3.543049999999999811e-01 2.052999999999999964e-02 -9.933999999999998387e-03 6.622499999999999915e-03 3.311000000000008381e-03 1.655500000000000721e-03 -2.254811483719582910e+01
3.476819999999999911e-01 2.715199999999999905e-02 -3.311499999999995003e-03 9.933500000000001356e-03 4.966999999999999194e-03 3.311250000000000825e-03 -5.252866370324205292e+01
3.476819999999999911e-01 4.039700000000000235e-02 0.000000000000000000e+00 1.324500000000000156e-02 3.311499999999995003e-03 1.655749999999999236e-03 -1.887647225724327882e+01
3.476819999999999911e-01 5.364200000000000218e-02 3.311499999999995003e-03 1.324499999999999983e-02 4.966999999999999194e-03 -2.602085213965210642e-18 -2.585181504323788459e+01
3.543049999999999811e-01 6.688700000000000201e-02 9.933999999999998387e-03 1.324499999999999636e-02 4.966750000000005882e-03 0.000000000000000000e+00 -1.449527743289854165e+01
3.675499999999999878e-01 8.013199999999999490e-02 1.324500000000000677e-02 1.324499999999999983e-02 3.311000000000008381e-03 -1.655499999999995517e-03 -1.000924963888875219e+01
3.807949999999999946e-01 9.337700000000000167e-02 1.655600000000001515e-02 9.934000000000005326e-03 0.000000000000000000e+00 -3.311000000000001442e-03 -7.615985265544083838e+00
4.006620000000000181e-01 1.000000000000000056e-01 1.324500000000000677e-02 6.622999999999996945e-03 -3.311000000000008381e-03 -3.311250000000005161e-03 -6.752636303851907051e+00
4.072850000000000081e-01 1.066229999999999956e-01 9.933999999999998387e-03 3.311499999999995003e-03 -1.655750000000011379e-03 -3.311499999999998473e-03 -2.387525597614207840e+01
4.205300000000000149e-01 1.066229999999999956e-01 9.933499999999984009e-03 0.000000000000000000e+00 -2.500000000071889161e-07 -1.655749999999997502e-03 -1.677993103222859617e+01
4.271519999999999762e-01 1.066229999999999956e-01 9.933499999999984009e-03 0.000000000000000000e+00 2.500000000071889161e-07 0.000000000000000000e+00 0.000000000000000000e+00
4.403969999999999829e-01 1.066229999999999956e-01 9.933999999999998387e-03 0.000000000000000000e+00 -1.655499999999990313e-03 -1.655749999999997502e-03 -1.677824193330093649e+01
4.470199999999999729e-01 1.066229999999999956e-01 6.622500000000003384e-03 -3.311499999999995003e-03 -3.311499999999995003e-03 -3.311499999999998473e-03 -8.103979254328899628e+01
4.536419999999999897e-01 1.000000000000000056e-01 3.311000000000008381e-03 -6.622999999999996945e-03 -1.655500000000004190e-03 -1.655500000000004190e-03 -4.051010776730917939e+01
4.536419999999999897e-01 9.337700000000000167e-02 3.311499999999995003e-03 -6.622500000000003384e-03 2.499999999933111283e-07 -1.655250000000000471e-03 -1.349915439601745248e+01
4.602649999999999797e-01 8.675499999999999878e-02 3.311499999999995003e-03 -9.933499999999997887e-03 -2.499999999933111283e-07 3.469446951953614189e-18 -2.163147151450142604e-03
4.602649999999999797e-01 7.351000000000000589e-02 3.311000000000008381e-03 -6.622499999999996445e-03 -2.499999999933111283e-07 1.655499999999997252e-03 1.350037778583037529e+01
4.668869999999999965e-01 7.351000000000000589e-02 3.311000000000008381e-03 -6.622500000000003384e-03 -1.655500000000004190e-03 -1.655750000000002706e-03 -4.051744893768697864e+01
4.668869999999999965e-01 6.026499999999999913e-02 0.000000000000000000e+00 -9.934000000000001857e-03 -1.655500000000004190e-03 -2.499999999967805753e-07 -1.677570860370212813e+01
4.668869999999999965e-01 5.364200000000000218e-02 0.000000000000000000e+00 -6.622999999999996945e-03 0.000000000000000000e+00 3.311000000000004911e-03 0.000000000000000000e+00
