3.476819999999999911e-01 1.993379999999999874e-01 0.000000000000000000e+00 6.622000000000016762e-03 0.000000000000000000e+00 4.999999999866222566e-07 0.000000000000000000e+00
3.476819999999999911e-01 2.059600000000000042e-01 0.000000000000000000e+00 6.622500000000003384e-03 0.000000000000000000e+00 2.499999999933111283e-07 0.000000000000000000e+00
3.476819999999999911e-01 2.125829999999999942e-01 0.000000000000000000e+00 6.622500000000003384e-03 0.000000000000000000e+00 0.000000000000000000e+00 0.000000000000000000e+00
3.476819999999999911e-01 2.192050000000000110e-01 0.000000000000000000e+00 6.622500000000003384e-03 0.000000000000000000e+00 -6.938893903907228378e-18 -0.000000000000000000e+00
3.476819999999999911e-01 2.258280000000000010e-01 0.000000000000000000e+00 6.622499999999989506e-03 1.655749999999997502e-03 0.000000000000000000e+00 -3.775294451448668553e+01
3.476819999999999911e-01 2.324499999999999900e-01 3.311499999999995003e-03 6.622500000000003384e-03 4.966999999999999194e-03 6.938893903907228378e-18 -8.103367448557025909e+01
3.543049999999999811e-01 2.390730000000000077e-01 9.933999999999998387e-03 6.622500000000003384e-03 4.966750000000005882e-03 -6.938893903907228378e-18 -1.932771997693349775e+01
3.675499999999999878e-01 2.456949999999999967e-01 1.324500000000000677e-02 6.622499999999989506e-03 -2.499999999933111283e-07 -1.655500000000004190e-03 -6.751922477587256388e+00
3.807949999999999946e-01 2.523179999999999867e-01 9.933500000000011765e-03 3.311499999999995003e-03 -3.311250000000001692e-03 -3.311249999999994753e-03 -1.909962792497422512e+01
3.874170000000000114e-01 2.523179999999999867e-01 6.622500000000003384e-03 0.000000000000000000e+00 -1.655500000000004190e-03 -1.655749999999997502e-03 -3.775294451448651500e+01
3.940400000000000014e-01 2.523179999999999867e-01 6.622500000000003384e-03 0.000000000000000000e+00 1.655500000000004190e-03 -1.655749999999997502e-03 -3.775294451448651500e+01
4.006620000000000181e-01 2.523179999999999867e-01 9.933500000000011765e-03 -3.311499999999995003e-03 1.655749999999997502e-03 -3.311249999999994753e-03 -2.387489541259613546e+01
4.139070000000000249e-01 2.456949999999999967e-01 9.933999999999998387e-03 -6.622499999999989506e-03 -3.311000000000008381e-03 -3.311000000000001442e-03 -3.221173159342792047e+01
4.205300000000000149e-01 2.390730000000000077e-01 3.311499999999995003e-03 -9.933499999999997887e-03 -3.311500000000008881e-03 -1.655750000000004440e-03 -3.342903577826789530e+01
4.205300000000000149e-01 2.258280000000000010e-01 3.310999999999980625e-03 -9.933999999999998387e-03 -2.500000000071889161e-07 1.655499999999997252e-03 4.771950859418208069e+00
4.271519999999999762e-01 2.192050000000000110e-01 3.310999999999980625e-03 -6.622500000000003384e-03 2.500000000210667039e-07 1.655749999999997502e-03 1.351057506194853630e+01
4.271519999999999762e-01 2.125829999999999942e-01 3.311500000000022759e-03 -6.622500000000003384e-03 2.500000000210667039e-07 0.000000000000000000e+00 4.078602501127358108e-03
4.337750000000000217e-01 2.059600000000000042e-01 3.311500000000022759e-03 -6.622500000000003384e-03 -1.655750000000011379e-03 0.000000000000000000e+00 -2.701258436269041141e+01
4.337750000000000217e-01 1.993379999999999874e-01 0.000000000000000000e+00 -6.622500000000003384e-03 -1.655750000000011379e-03 6.938893903907228378e-18 -3.775294451448683475e+01
4.337750000000000217e-01 1.927149999999999974e-01 0.000000000000000000e+00 -6.622499999999989506e-03 1.655499999999990313e-03 1.655750000000004440e-03 3.774724423598516410e+01
4.337750000000000217e-01 1.860930000000000084e-01 3.310999999999980625e-03 -3.310999999999994503e-03 1.655499999999990313e-03 4.966749999999992005e-03 2.135709684535724477e+02
4.403969999999999829e-01 1.860930000000000084e-01 3.310999999999980625e-03 3.310999999999994503e-03 2.500000000071889161e-07 4.966749999999992005e-03 1.601721793687441675e+02
4.403969999999999829e-01 1.927149999999999974e-01 3.311499999999995003e-03 6.622499999999989506e-03 2.500000000071889161e-07 3.311500000000001942e-03 2.701054521540758557e+01
4.470199999999999729e-01 1.993379999999999874e-01 3.311499999999995003e-03 9.933999999999998387e-03 -2.499999999933111283e-07 1.655500000000011129e-03 4.776781543111164652e+00
4.470199999999999729e-01 2.125829999999999942e-01 3.311000000000008381e-03 9.933500000000011765e-03 1.655500000000004190e-03 -2.500000000002500222e-07 -1.432573042201801172e+01
4.536419999999999897e-01 2.192050000000000110e-01 6.622500000000003384e-03 9.933499999999997887e-03 3.311499999999995003e-03 2.499999999933111283e-07 -1.933022701957757761e+01
4.602649999999999797e-01 2.324499999999999900e-01 9.933999999999998387e-03 9.933999999999998387e-03 3.311250000000001692e-03 2.500000000002500222e-07 -1.186221731288726566e+01
4.735099999999999865e-01 2.390730000000000077e-01 1.324500000000000677e-02 9.933999999999998387e-03 1.655500000000004190e-03 -2.500000000002500222e-07 -3.624457765178592972e+00
4.867549999999999932e-01 2.523179999999999867e-01 1.324500000000000677e-02 9.933499999999997887e-03 -1.655499999999990313e-03 -3.311499999999995003e-03 -6.041273746044947934e+00
5.000000000000000000e-01 2.589400000000000035e-01 9.934000000000026143e-03 3.311000000000008381e-03 -3.311250000000015570e-03 -4.966749999999998944e-03 -3.342456523350917763e+01
5.066230000000000455e-01 2.589400000000000035e-01 6.622499999999975628e-03 0.000000000000000000e+00 -2.500000000210667039e-07 -1.655500000000004190e-03 -3.774724423598564016e+01
5.132449999999999513e-01 2.589400000000000035e-01 9.933499999999984009e-03 0.000000000000000000e+00 1.655750000000011379e-03 -1.655500000000004190e-03 -1.677739744759447760e+01
5.264900000000000135e-01 2.589400000000000035e-01 9.933999999999998387e-03 -3.311000000000008381e-03 2.500000000071889161e-07 -3.311250000000001692e-03 -2.864900941916928190e+01
5.331129999999999480e-01 2.523179999999999867e-01 9.933999999999998387e-03 -6.622500000000003384e-03 -2.499999999794333405e-07 -3.311499999999995003e-03 -1.933112500786613808e+01
5.463580000000000103e-01 2.456949999999999967e-01 9.933500000000039520e-03 -9.933999999999998387e-03 -1.655750000000011379e-03 -1.655499999999997252e-03 -1.186371011045393864e+01
5.529800000000000271e-01 2.324499999999999900e-01 6.622499999999975628e-03 -9.933499999999997887e-03 -1.655500000000031946e-03 2.500000000002500222e-07 -9.663167632129786355e+00
5.596029999999999616e-01 2.258280000000000010e-01 6.622499999999975628e-03 -9.933499999999997887e-03 2.775557561562891351e-17 -3.311500000000001942e-03 -1.288779099473195267e+01
5.662249999999999783e-01 2.125829999999999942e-01 6.622500000000031140e-03 -1.655650000000000177e-02 -1.655499999999976435e-03 -3.311500000000001942e-03 -8.701749669985536784e+00
5.728480000000000238e-01 1.927149999999999974e-01 3.311500000000022759e-03 -1.655650000000000177e-02 -1.655750000000011379e-03 1.655750000000004440e-03 -4.556045895329845052e+00
5.728480000000000238e-01 1.794699999999999906e-01 3.311000000000008381e-03 -1.324499999999999289e-02 -2.500000000071889161e-07 1.655750000000004440e-03 2.153019884713868404e+00
5.794700000000000406e-01 1.662250000000000116e-01 3.311000000000008381e-03 -1.324499999999999289e-02 -1.655500000000004190e-03 -6.938893903907228378e-18 -8.616633834189098451e+00
5.794700000000000406e-01 1.529800000000000049e-01 0.000000000000000000e+00 -1.324500000000000677e-02 -3.311000000000008381e-03 1.655749999999997502e-03 -1.887362211799265665e+01
5.794700000000000406e-01 1.397349999999999981e-01 -3.311000000000008381e-03 -9.933499999999997887e-03 -3.311250000000015570e-03 1.655750000000004440e-03 -3.342766582082303728e+01
5.728480000000000238e-01 1.331130000000000091e-01 -6.622500000000031140e-03 -9.933499999999997887e-03 -1.655750000000011379e-03 -3.311500000000001942e-03 3.222191006346188047e+00
5.662249999999999783e-01 1.198680000000000023e-01 -6.622500000000031140e-03 -1.655650000000000177e-02 2.775557561562891351e-17 -1.656000000000001221e-03 1.934160139272500523e+00
5.596029999999999616e-01 1.000000000000000056e-01 -6.622499999999975628e-03 -1.324550000000000033e-02 2.775557561562891351e-17 4.966999999999999194e-03 -1.012875048754492546e+01
5.529800000000000271e-01 9.337700000000000167e-02 -6.622499999999975628e-03 -6.622500000000003384e-03 -2.775557561562891351e-17 3.311499999999998473e-03 -2.669536307595319968e+01
5.463580000000000103e-01 8.675499999999999878e-02 -6.622500000000031140e-03 -6.622500000000003384e-03 -2.775557561562891351e-17 3.469446951953614189e-18 -2.517177455824957331e-13
5.397349999999999648e-01 8.013199999999999490e-02 -6.622500000000031140e-03 -6.622499999999996445e-03 -1.655499999999976435e-03 3.469446951953614189e-18 -1.334566618518474712e+01
5.331129999999999480e-01 7.351000000000000589e-02 -9.933499999999984009e-03 -6.622499999999996445e-03 -1.655749999999983624e-03 1.655499999999997252e-03 -1.610803608668980758e+01
5.198679999999999968e-01 6.688700000000000201e-02 -9.933999999999998387e-03 -3.311500000000001942e-03 3.310999999999980625e-03 1.655749999999997502e-03 -4.776060628332261082e+00
5.132449999999999513e-01 6.688700000000000201e-02 -3.311500000000022759e-03 -3.311000000000001442e-03 1.655750000000011379e-03 1.655750000000000971e-03 -8.062019735066554629e-03
5.132449999999999513e-01 6.026499999999999913e-02 -6.622499999999975628e-03 0.000000000000000000e+00 -3.311249999999973936e-03 3.311000000000001442e-03 -7.549448847197110979e+01
5.000000000000000000e-01 6.688700000000000201e-02 -9.933999999999970631e-03 3.311000000000001442e-03 -1.387778780781445676e-17 3.311249999999998223e-03 -2.864973036660512307e+01
4.933770000000000100e-01 6.688700000000000201e-02 -6.622500000000003384e-03 6.622499999999996445e-03 3.311499999999981125e-03 3.311499999999998473e-03 -5.339072615190575277e+01
4.867549999999999932e-01 8.013199999999999490e-02 -3.311000000000008381e-03 9.933999999999998387e-03 1.655500000000004190e-03 3.469446951953614189e-18 -1.432378365327739544e+01
4.867549999999999932e-01 8.675499999999999878e-02 -3.311499999999995003e-03 6.622500000000003384e-03 -1.655749999999997502e-03 -1.655749999999997502e-03 4.051989627164446972e+01
4.801320000000000032e-01 9.337700000000000167e-02 -6.622500000000003384e-03 6.622500000000003384e-03 -1.655500000000004190e-03 1.655749999999997502e-03 -2.015352791426778915e-03
4.735099999999999865e-01 1.000000000000000056e-01 -6.622500000000003384e-03 9.933999999999998387e-03 0.000000000000000000e+00 -3.469446951953614189e-18 1.350108202792262168e-14
4.668869999999999965e-01 1.132449999999999984e-01 -6.622500000000003384e-03 6.622499999999996445e-03 1.655749999999997502e-03 -3.311249999999998223e-03 1.334566618518502601e+01
4.602649999999999797e-01 1.132449999999999984e-01 -3.311000000000008381e-03 3.311500000000001942e-03 0.000000000000000000e+00 1.655750000000004440e-03 -5.338669468552540565e+01
4.602649999999999797e-01 1.198680000000000023e-01 -6.622500000000003384e-03 9.934000000000005326e-03 -3.311499999999995003e-03 1.655500000000000721e-03 1.288790311189650772e+01
4.470199999999999729e-01 1.331130000000000091e-01 -9.933999999999998387e-03 6.622500000000003384e-03 1.655500000000004190e-03 -3.311500000000005411e-03 1.288790311189655746e+01
4.403969999999999829e-01 1.331130000000000091e-01 -3.311499999999995003e-03 3.310999999999994503e-03 1.655749999999997502e-03 -1.655750000000004440e-03 8.062019735289393738e-03
4.403969999999999829e-01 1.397349999999999981e-01 -6.622500000000003384e-03 3.310999999999994503e-03 -3.310999999999994503e-03 -1.655499999999997252e-03 5.401986636351856674e+01
4.271519999999999762e-01 1.397349999999999981e-01 -9.933499999999984009e-03 0.000000000000000000e+00 1.387778780781445676e-17 -1.655499999999997252e-03 1.677739744759440299e+01
4.205300000000000149e-01 1.397349999999999981e-01 -6.622499999999975628e-03 0.000000000000000000e+00 -2.500000000071889161e-07 0.000000000000000000e+00 0.000000000000000000e+00
4.139070000000000249e-01 1.397349999999999981e-01 -9.933999999999998387e-03 0.000000000000000000e+00 -1.655500000000018068e-03 0.000000000000000000e+00 0.000000000000000000e+00
4.006620000000000181e-01 1.397349999999999981e-01 -9.933500000000011765e-03 0.000000000000000000e+00 2.499999999933111283e-07 -3.311250000000001692e-03 3.355732847982288547e+01
3.940400000000000014e-01 1.397349999999999981e-01 -9.933500000000011765e-03 -6.622500000000003384e-03 -2.499999999933111283e-07 -4.966749999999998944e-03 2.899290820983923211e+01
3.807949999999999946e-01 1.264899999999999913e-01 -9.933999999999998387e-03 -9.933499999999997887e-03 1.655500000000004190e-03 -1.655499999999997252e-03 1.186281437556089458e+01
3.741720000000000046e-01 1.198680000000000023e-01 -6.622500000000003384e-03 -9.933499999999997887e-03 3.311499999999995003e-03 -2.500000000002500222e-07 1.933217293396601022e+01
3.675499999999999878e-01 1.066229999999999956e-01 -3.311000000000008381e-03 -9.933999999999998387e-03 3.311250000000001692e-03 -1.656000000000001221e-03 3.342528618094516446e+01
3.675499999999999878e-01 1.000000000000000056e-01 0.000000000000000000e+00 -1.324550000000000033e-02 1.655500000000004190e-03 -1.655500000000000721e-03 9.436098618322487752e+00
3.675499999999999878e-01 8.013199999999999490e-02 0.000000000000000000e+00 -1.324499999999999983e-02 1.655500000000004190e-03 2.500000000019847457e-07 9.436811058996338986e+00
3.675499999999999878e-01 7.351000000000000589e-02 3.311000000000008381e-03 -1.324499999999999636e-02 3.311250000000001692e-03 -1.734723475976807094e-18 1.723456888158172617e+01
3.741720000000000046e-01 5.364200000000000218e-02 6.622500000000003384e-03 -1.324500000000000330e-02 1.655749999999997502e-03 1.655749999999997502e-03 1.013017803422036245e+01
3.807949999999999946e-01 4.701999999999999930e-02 6.622500000000003384e-03 -9.933500000000001356e-03 0.000000000000000000e+00 3.311250000000001692e-03 1.288681803753788202e+01
3.874170000000000114e-01 3.377499999999999947e-02 6.622500000000003384e-03 -6.622499999999999915e-03 1.655749999999997502e-03 3.311000000000000575e-03 4.003901390834644047e+01
3.940400000000000014e-01 3.377499999999999947e-02 9.933999999999998387e-03 -3.311500000000000207e-03 1.655500000000004190e-03 1.655499999999999854e-03 1.909775340938534427e+01
4.072850000000000081e-01 2.715199999999999905e-02 9.933500000000011765e-03 -3.311500000000000207e-03 1.655500000000004190e-03 1.655750000000000104e-03 1.910179107212576710e+01
4.139070000000000249e-01 2.715199999999999905e-02 1.324500000000000677e-02 0.000000000000000000e+00 1.655749999999983624e-03 1.655750000000000104e-03 9.438236128621644738e+00
4.337750000000000217e-01 2.715199999999999905e-02 1.324499999999997901e-02 0.000000000000000000e+00 -1.655750000000011379e-03 1.655750000000000104e-03 9.438236128621687371e+00
4.403969999999999829e-01 2.715199999999999905e-02 9.933499999999984009e-03 3.311500000000000207e-03 1.387778780781445676e-17 4.967000000000000061e-03 4.297740760636018820e+01
4.536419999999999897e-01 3.377499999999999947e-02 1.324500000000000677e-02 9.934000000000000122e-03 2.500000000071889161e-07 3.311000000000000575e-03 9.662484652420287645e+00
4.668869999999999965e-01 4.701999999999999930e-02 9.933999999999998387e-03 9.933500000000001356e-03 -3.311250000000001692e-03 -2.499999999993826605e-07 1.186251578223510528e+01
4.735099999999999865e-01 5.364200000000000218e-02 6.622500000000003384e-03 9.933500000000001356e-03 -3.311499999999995003e-03 2.500000000002500222e-07 1.933217293396600311e+01
4.801320000000000032e-01 6.688700000000000201e-02 3.311000000000008381e-03 9.934000000000001857e-03 -1.655500000000004190e-03 2.499999999985152987e-07 1.432450460071311582e+01
4.801320000000000032e-01 7.351000000000000589e-02 3.311499999999995003e-03 9.933999999999998387e-03 2.499999999933111283e-07 -2.500000000019847457e-07 -2.883985715650864024e-03
4.867549999999999932e-01 8.675499999999999878e-02 3.311499999999995003e-03 9.933499999999997887e-03 -1.655749999999997502e-03 -1.655749999999997502e-03 9.550534975243836655e+00
4.867549999999999932e-01 9.337700000000000167e-02 0.000000000000000000e+00 6.622500000000003384e-03 -1.655749999999997502e-03 -1.655250000000000471e-03 3.775294451448651500e+01
4.867549999999999932e-01 1.000000000000000056e-01 0.000000000000000000e+00 6.622999999999996945e-03 0.000000000000000000e+00 2.499999999933111283e-07 0.000000000000000000e+00
4.867549999999999932e-01 1.066229999999999956e-01 0.000000000000000000e+00 6.622999999999990006e-03 0.000000000000000000e+00 -6.938893903907228378e-18 -0.000000000000000000e+00
