4.006620000000000181e-01 2.589400000000000035e-01 -6.622000000000016762e-03 0.000000000000000000e+00 3.311000000000008381e-03 3.311499999999995003e-03 -7.551729173806342033e+01
3.940400000000000014e-01 2.589400000000000035e-01 -3.311000000000008381e-03 3.311499999999995003e-03 3.311000000000008381e-03 4.966999999999999194e-03 -2.669254126251680646e+02
3.940400000000000014e-01 2.655629999999999935e-01 0.000000000000000000e+00 9.933999999999998387e-03 1.655500000000004190e-03 4.966750000000005882e-03 -1.677570860370213879e+01
3.940400000000000014e-01 2.788080000000000003e-01 0.000000000000000000e+00 1.324500000000000677e-02 1.655500000000004190e-03 3.311250000000001692e-03 -9.436811058996328327e+00
3.940400000000000014e-01 2.920530000000000070e-01 3.311000000000008381e-03 1.655650000000000177e-02 4.966750000000005882e-03 1.655749999999997502e-03 -1.594506261048900164e+01
4.006620000000000181e-01 3.119210000000000038e-01 9.933500000000011765e-03 1.655650000000000177e-02 4.966999999999985316e-03 -3.311499999999995003e-03 -1.599528202588126824e+01
4.139070000000000249e-01 3.251660000000000106e-01 1.324499999999997901e-02 9.933500000000011765e-03 2.499999999933111283e-07 -4.966999999999999194e-03 -1.449734230288449055e+01
4.271519999999999762e-01 3.317880000000000273e-01 9.933999999999998387e-03 6.622500000000003384e-03 -1.655499999999990313e-03 -3.311000000000008381e-03 -1.288498447198233521e+01
4.337750000000000217e-01 3.384110000000000174e-01 9.933999999999998387e-03 3.311499999999995003e-03 1.655499999999990313e-03 -6.622500000000003384e-03 -6.207148381855839148e+01
4.470199999999999729e-01 3.384110000000000174e-01 1.324499999999997901e-02 -6.622500000000003384e-03 -2.499999999933111283e-07 -8.278250000000000886e-03 -3.376573056884164004e+01
4.602649999999999797e-01 3.251660000000000106e-01 9.933500000000011765e-03 -1.324500000000000677e-02 -3.311249999999987814e-03 -6.622749999999996695e-03 -2.416089947894242940e+01
4.668869999999999965e-01 3.119210000000000038e-01 6.622500000000003384e-03 -1.986799999999999677e-02 -1.655500000000004190e-03 -3.311499999999995003e-03 -5.968408434734797652e+00
4.735099999999999865e-01 2.854300000000000170e-01 6.622500000000003384e-03 -1.986799999999999677e-02 -1.655749999999997502e-03 4.967249999999992505e-03 -9.012999709094304541e-05
4.801320000000000032e-01 2.721850000000000103e-01 3.311000000000008381e-03 -9.933500000000011765e-03 -3.311250000000001692e-03 6.622749999999996695e-03 -9.550967753845588604e+00
4.801320000000000032e-01 2.655629999999999935e-01 0.000000000000000000e+00 -6.622500000000003384e-03 2.499999999933111283e-07 3.311000000000008381e-03 5.700278501204359728e-03
4.801320000000000032e-01 2.589400000000000035e-01 3.311499999999995003e-03 -3.311499999999995003e-03 1.655749999999997502e-03 4.966999999999999194e-03 2.135225999861170862e+02
4.867549999999999932e-01 2.589400000000000035e-01 3.311499999999995003e-03 3.311499999999995003e-03 -2.499999999933111283e-07 6.622749999999996695e-03 2.135306601801445083e+02
4.867549999999999932e-01 2.655629999999999935e-01 3.311000000000008381e-03 9.933999999999998387e-03 4.966749999999992005e-03 8.278000000000007574e-03 -1.910150252766762691e+01
4.933770000000000100e-01 2.788080000000000003e-01 1.324499999999997901e-02 1.986750000000001015e-02 4.967249999999992505e-03 4.966750000000005882e-03 -2.416820960508098803e+00
5.132449999999999513e-01 3.052980000000000138e-01 1.324549999999999339e-02 1.986750000000001015e-02 1.387778780781445676e-17 -3.311250000000001692e-03 -3.221545468304883642e+00
5.198679999999999968e-01 3.185430000000000206e-01 1.324500000000000677e-02 1.324500000000000677e-02 4.966499999999998693e-03 -4.966750000000005882e-03 -2.001900311597535875e+01
5.397349999999999648e-01 3.317880000000000273e-01 2.317849999999999078e-02 9.933999999999998387e-03 3.311250000000015570e-03 -4.966750000000005882e-03 -9.229897441773657008e+00
5.662249999999999783e-01 3.384110000000000174e-01 1.986750000000003791e-02 3.311499999999995003e-03 -4.966749999999992005e-03 -6.622749999999996695e-03 -1.408989305596743158e+01
5.794700000000000406e-01 3.384110000000000174e-01 1.324500000000000677e-02 -3.311499999999995003e-03 -1.655500000000031946e-03 -1.324525000000000008e-02 -7.109200341467531814e+01
5.927149999999999919e-01 3.317880000000000273e-01 1.655649999999997402e-02 -2.317900000000000515e-02 -1.655500000000004190e-03 -1.324500000000000677e-02 -1.114843112542811454e+01
6.125829999999999886e-01 2.920530000000000070e-01 9.933999999999998387e-03 -2.980150000000000854e-02 -6.622749999999982817e-03 1.655749999999997502e-03 -5.836237783402334678e+00
6.125829999999999886e-01 2.721850000000000103e-01 3.311000000000008381e-03 -1.986750000000001015e-02 -3.311499999999995003e-03 3.311500000000001942e-03 -6.709921684980479029e+00
6.192050000000000054e-01 2.523179999999999867e-01 3.311000000000008381e-03 -2.317850000000000465e-02 -3.311000000000008381e-03 -1.655749999999990563e-03 -6.406119680443095099e+00
6.192050000000000054e-01 2.258280000000000010e-01 -3.311000000000008381e-03 -2.317899999999999128e-02 -6.622249999999996195e-03 -3.311499999999995003e-03 -1.110380838895713040e+01
6.125829999999999886e-01 2.059600000000000042e-01 -9.933499999999984009e-03 -2.980149999999999466e-02 -4.966999999999999194e-03 -3.311000000000008381e-03 -3.714139678920550747e+00
5.993380000000000374e-01 1.662250000000000116e-01 -1.324500000000000677e-02 -2.980100000000000804e-02 -1.655750000000011379e-03 6.622749999999996695e-03 -3.951759916758176505e+00
5.860929999999999751e-01 1.463579999999999881e-01 -1.324500000000000677e-02 -1.655600000000000127e-02 -1.655749999999983624e-03 8.278000000000007574e-03 -1.437984658311384756e+01
5.728480000000000238e-01 1.331130000000000091e-01 -1.655649999999997402e-02 -1.324499999999999289e-02 -1.655750000000011379e-03 4.966749999999998944e-03 -1.092816652411945810e+01
5.529800000000000271e-01 1.198680000000000023e-01 -1.655650000000002953e-02 -6.622500000000003384e-03 3.311499999999967248e-03 6.622499999999996445e-03 -1.546977720088350949e+01
5.397349999999999648e-01 1.198680000000000023e-01 -9.933500000000039520e-03 0.000000000000000000e+00 3.311500000000022759e-03 4.966749999999998944e-03 -5.033472592741691187e+01
5.331129999999999480e-01 1.198680000000000023e-01 -9.933499999999984009e-03 3.310999999999994503e-03 -2.499999999794333405e-07 3.311250000000001692e-03 -2.865146095292255879e+01
5.198679999999999968e-01 1.264899999999999913e-01 -9.933999999999998387e-03 6.622500000000003384e-03 1.655500000000004190e-03 1.655750000000004440e-03 -1.610732511667111311e+01
5.132449999999999513e-01 1.331130000000000091e-01 -6.622499999999975628e-03 6.622500000000003384e-03 1.655750000000011379e-03 -6.938893903907228378e-18 -1.334768153797658563e+01
5.066230000000000455e-01 1.397349999999999981e-01 -6.622499999999975628e-03 6.622499999999989506e-03 -3.311500000000022759e-03 1.655749999999997502e-03 1.334768153797679879e+01
5.000000000000000000e-01 1.463579999999999881e-01 -1.324550000000002115e-02 9.933999999999998387e-03 -3.311250000000015570e-03 1.655500000000011129e-03 2.416130071354744668e+00
4.801320000000000032e-01 1.596029999999999949e-01 -1.324500000000000677e-02 9.933500000000011765e-03 3.311500000000008881e-03 -1.655749999999997502e-03 -2.416071694112226886e+00
4.735099999999999865e-01 1.662250000000000116e-01 -6.622500000000003384e-03 6.622500000000003384e-03 -1.655749999999997502e-03 -1.655500000000011129e-03 2.669334772316151572e+01
4.668869999999999965e-01 1.728480000000000016e-01 -1.655650000000000177e-02 6.622499999999989506e-03 -6.622500000000003384e-03 -1.655750000000004440e-03 1.256963197039122271e+01
4.403969999999999829e-01 1.794699999999999906e-01 -1.986750000000001015e-02 3.310999999999994503e-03 3.311500000000008881e-03 -3.311249999999994753e-03 6.709313819629454834e+00
4.271519999999999762e-01 1.794699999999999906e-01 -9.933499999999984009e-03 0.000000000000000000e+00 1.655750000000011379e-03 -3.310999999999994503e-03 3.355479489518880598e+01
4.205300000000000149e-01 1.794699999999999906e-01 -1.655599999999998739e-02 -3.310999999999994503e-03 -3.311500000000008881e-03 -3.311249999999994753e-03 9.112184439088423460e+00
3.940400000000000014e-01 1.728480000000000016e-01 -1.655650000000000177e-02 -6.622499999999989506e-03 3.310999999999994503e-03 -3.311500000000001942e-03 1.353663904734513501e+01
3.874170000000000114e-01 1.662250000000000116e-01 -9.933999999999998387e-03 -9.933999999999998387e-03 3.311499999999995003e-03 -3.311250000000008631e-03 2.372712162758204357e+01
3.741720000000000046e-01 1.529800000000000049e-01 -9.933500000000011765e-03 -1.324500000000000677e-02 3.311499999999995003e-03 2.500000000002500222e-07 9.664469259180151539e+00
3.675499999999999878e-01 1.397349999999999981e-01 -3.311000000000008381e-03 -9.933499999999997887e-03 6.622250000000010073e-03 3.469446951953614189e-18 5.730220075153759041e+01
3.675499999999999878e-01 1.331130000000000091e-01 3.311000000000008381e-03 -1.324499999999999983e-02 8.278000000000007574e-03 -4.967250000000002913e-03 3.662280830360004558e+01
3.741720000000000046e-01 1.132449999999999984e-01 1.324500000000000677e-02 -1.986800000000000371e-02 4.966999999999999194e-03 1.655500000000000721e-03 8.859004487273081097e+00
3.940400000000000014e-01 9.337700000000000167e-02 1.324500000000000677e-02 -9.933999999999998387e-03 1.655499999999990313e-03 8.278500000000001136e-03 2.778422630776519497e+01
4.006620000000000181e-01 9.337700000000000167e-02 1.655599999999998739e-02 -3.311000000000001442e-03 3.311249999999987814e-03 3.311499999999998473e-03 1.366905060887687284e+01
4.271519999999999762e-01 8.675499999999999878e-02 1.986749999999998240e-02 -3.311000000000001442e-03 1.655750000000011379e-03 3.311000000000001442e-03 8.721500086399130325e+00
4.403969999999999829e-01 8.675499999999999878e-02 1.986750000000001015e-02 3.311000000000001442e-03 -1.655499999999990313e-03 4.966750000000002413e-03 1.274729100302004881e+01
4.668869999999999965e-01 9.337700000000000167e-02 1.655650000000000177e-02 6.622500000000003384e-03 -4.966750000000005882e-03 3.311499999999998473e-03 1.547050719384290041e+01
4.735099999999999865e-01 1.000000000000000056e-01 9.933999999999998387e-03 9.933999999999998387e-03 -3.311499999999995003e-03 1.655749999999997502e-03 1.779601297113837077e+01
4.867549999999999932e-01 1.132449999999999984e-01 9.933500000000011765e-03 9.933999999999998387e-03 -1.655749999999997502e-03 -1.655750000000000971e-03 2.985933257687157063e-04
4.933770000000000100e-01 1.198680000000000023e-01 6.622500000000003384e-03 6.622499999999996445e-03 -3.311000000000008381e-03 -2.500000000002500222e-07 2.668931701757856345e+01
5.000000000000000000e-01 1.264899999999999913e-01 3.311499999999995003e-03 9.933499999999997887e-03 -3.311250000000001692e-03 1.655750000000000971e-03 3.342687263111630358e+01
5.000000000000000000e-01 1.397349999999999981e-01 0.000000000000000000e+00 9.933999999999998387e-03 -1.655749999999997502e-03 -1.655499999999997252e-03 1.677824193330093649e+01
5.000000000000000000e-01 1.463579999999999881e-01 0.000000000000000000e+00 6.622500000000003384e-03 0.000000000000000000e+00 -1.655749999999997502e-03 -0.000000000000000000e+00
5.000000000000000000e-01 1.529800000000000049e-01 0.000000000000000000e+00 6.622500000000003384e-03 0.000000000000000000e+00 2.499999999933111283e-07 0.000000000000000000e+00
5.000000000000000000e-01 1.596029999999999949e-01 0.000000000000000000e+00 6.622999999999990006e-03 0.000000000000000000e+00 4.999999999866222566e-07 0.000000000000000000e+00
