3.344369999999999843e-01 2.192050000000000110e-01 0.000000000000000000e+00 6.622999999999990006e-03 0.000000000000000000e+00 3.311000000000008381e-03 0.000000000000000000e+00
3.344369999999999843e-01 2.258280000000000010e-01 0.000000000000000000e+00 9.933999999999998387e-03 0.000000000000000000e+00 3.311000000000001442e-03 0.000000000000000000e+00
3.344369999999999843e-01 2.390730000000000077e-01 0.000000000000000000e+00 1.324499999999999289e-02 4.966999999999999194e-03 9.933500000000004826e-03 -2.831328331623964800e+01
3.344369999999999843e-01 2.523179999999999867e-01 9.933999999999998387e-03 2.980100000000000804e-02 6.622500000000003384e-03 8.278250000000007824e-03 -3.713824561736942975e+00
3.543049999999999811e-01 2.986750000000000238e-01 1.324500000000000677e-02 2.980150000000000854e-02 -1.655749999999997502e-03 -1.158900000000000902e-02 -3.002803665407986156e+00
3.609269999999999978e-01 3.119210000000000038e-01 6.622500000000003384e-03 6.622999999999990006e-03 0.000000000000000000e+00 -1.490075000000000427e-02 -1.201074694554583715e+02
3.675499999999999878e-01 3.119210000000000038e-01 1.324500000000000677e-02 0.000000000000000000e+00 3.311250000000001692e-03 -4.967249999999992505e-03 -2.831470838586488625e+01
3.874170000000000114e-01 3.119210000000000038e-01 1.324500000000000677e-02 -3.311499999999995003e-03 0.000000000000000000e+00 -6.622749999999996695e-03 -3.446952045049394542e+01
3.940400000000000014e-01 3.052980000000000138e-01 1.324500000000000677e-02 -1.324549999999999339e-02 0.000000000000000000e+00 -8.278000000000007574e-03 -1.668214575226706486e+01
4.139070000000000249e-01 2.854300000000000170e-01 1.324500000000000677e-02 -1.986750000000001015e-02 -4.966750000000005882e-03 -1.655250000000010879e-03 -8.858677060649725377e+00
4.205300000000000149e-01 2.655629999999999935e-01 3.311499999999995003e-03 -1.655600000000001515e-02 -4.967000000000013071e-03 4.966750000000005882e-03 -1.366829648002370945e+01
4.205300000000000149e-01 2.523179999999999867e-01 3.310999999999980625e-03 -9.933999999999998387e-03 -2.500000000071889161e-07 4.966750000000012821e-03 1.432089964579120789e+01
4.271519999999999762e-01 2.456949999999999967e-01 3.310999999999980625e-03 -6.622499999999989506e-03 -1.655499999999990313e-03 1.655749999999997502e-03 -1.350445675787008959e+01
4.271519999999999762e-01 2.390730000000000077e-01 0.000000000000000000e+00 -6.622500000000003384e-03 -1.655499999999990313e-03 4.966749999999992005e-03 -3.774724423598500067e+01
4.271519999999999762e-01 2.324499999999999900e-01 0.000000000000000000e+00 3.310999999999994503e-03 1.655750000000011379e-03 8.278250000000000886e-03 -1.510345834761294270e+02
4.271519999999999762e-01 2.456949999999999967e-01 3.311500000000022759e-03 9.933999999999998387e-03 1.655750000000011379e-03 4.967000000000006132e-03 2.065585014597081852e-14
4.337750000000000217e-01 2.523179999999999867e-01 3.311500000000022759e-03 1.324500000000000677e-02 1.655499999999976435e-03 4.966750000000005882e-03 -2.153287832879600572e+00
4.337750000000000217e-01 2.721850000000000103e-01 6.622499999999975628e-03 1.986750000000001015e-02 3.310999999999980625e-03 0.000000000000000000e+00 -7.162036030822507726e+00
4.470199999999999729e-01 2.920530000000000070e-01 9.933499999999984009e-03 1.324500000000000677e-02 3.311250000000015570e-03 -4.966750000000005882e-03 -2.053606228229434905e+01
4.536419999999999897e-01 2.986750000000000238e-01 1.324500000000000677e-02 9.933999999999998387e-03 3.311500000000008881e-03 -3.311000000000008381e-03 -1.691158262804632173e+01
4.735099999999999865e-01 3.119210000000000038e-01 1.655650000000000177e-02 6.622999999999990006e-03 -1.655749999999997502e-03 -4.966999999999999194e-03 -1.256909327954381972e+01
4.867549999999999932e-01 3.119210000000000038e-01 9.933500000000011765e-03 0.000000000000000000e+00 -1.655750000000011379e-03 -6.622999999999990006e-03 -6.711972412891400097e+01
4.933770000000000100e-01 3.119210000000000038e-01 1.324499999999997901e-02 -6.622999999999990006e-03 1.655999999999990813e-03 -6.622749999999996695e-03 -2.363422687102219300e+01
5.132449999999999513e-01 2.986750000000000238e-01 1.324549999999999339e-02 -1.324549999999999339e-02 1.387778780781445676e-17 -6.622250000000010073e-03 -1.334516244208180602e+01
5.198679999999999968e-01 2.854300000000000170e-01 1.324500000000000677e-02 -1.986750000000001015e-02 -2.499999999933111283e-07 -6.622250000000010073e-03 -6.443193846358362009e+00
5.397349999999999648e-01 2.589400000000000035e-01 1.324500000000000677e-02 -2.649000000000001354e-02 -3.311249999999987814e-03 6.938893903907228378e-18 -3.376471087202380428e+00
5.463580000000000103e-01 2.324499999999999900e-01 6.622500000000031140e-03 -1.986749999999999627e-02 -4.966999999999999194e-03 3.311250000000008631e-03 -8.356609995794357815e+00
5.529800000000000271e-01 2.192050000000000110e-01 3.311000000000008381e-03 -1.986749999999999627e-02 -3.311250000000015570e-03 -1.655500000000004190e-03 -8.722006648507331761e+00
5.529800000000000271e-01 1.927149999999999974e-01 0.000000000000000000e+00 -2.317850000000000465e-02 -4.966750000000019760e-03 -1.655500000000004190e-03 -9.244887831918362053e+00
5.529800000000000271e-01 1.728480000000000016e-01 -6.622500000000031140e-03 -2.317850000000000465e-02 -4.966750000000019760e-03 3.311000000000001442e-03 -9.783604025149376326e+00
5.397349999999999648e-01 1.463579999999999881e-01 -9.933500000000039520e-03 -1.655650000000000177e-02 2.775557561562891351e-17 4.966750000000005882e-03 -6.854480109895398243e+00
5.331129999999999480e-01 1.397349999999999981e-01 -6.622499999999975628e-03 -1.324499999999999289e-02 1.655500000000031946e-03 2.500000000002500222e-07 6.751922477587374516e+00
5.264900000000000135e-01 1.198680000000000023e-01 -6.622499999999975628e-03 -1.655600000000000127e-02 -2.775557561562891351e-17 3.311249999999994753e-03 -3.867746373508329949e+00
5.198679999999999968e-01 1.066229999999999956e-01 -6.622500000000031140e-03 -6.622500000000003384e-03 0.000000000000000000e+00 6.622250000000003134e-03 -5.338468009353132970e+01
5.132449999999999513e-01 1.066229999999999956e-01 -6.622499999999975628e-03 -3.311499999999995003e-03 2.775557561562891351e-17 1.655500000000004190e-03 -2.700850576018958549e+01
5.066230000000000455e-01 1.000000000000000056e-01 -6.622499999999975628e-03 -3.311499999999995003e-03 1.655499999999976435e-03 3.311499999999995003e-03 -4.051989627164488184e+01
5.000000000000000000e-01 1.000000000000000056e-01 -3.311500000000022759e-03 3.311499999999995003e-03 3.311249999999987814e-03 4.966999999999995724e-03 -2.668972048371232404e+02
5.000000000000000000e-01 1.066229999999999956e-01 0.000000000000000000e+00 6.622499999999996445e-03 1.655750000000011379e-03 1.655500000000004190e-03 -3.775294451448692001e+01
5.000000000000000000e-01 1.132449999999999984e-01 0.000000000000000000e+00 6.622500000000003384e-03 -1.655749999999997502e-03 1.655750000000004440e-03 3.775294451448651500e+01
5.000000000000000000e-01 1.198680000000000023e-01 -3.311499999999995003e-03 9.934000000000005326e-03 -1.655749999999997502e-03 1.655499999999997252e-03 9.550679209373297951e+00
4.933770000000000100e-01 1.331130000000000091e-01 -3.311499999999995003e-03 9.933499999999997887e-03 2.499999999933111283e-07 -1.655750000000007910e-03 4.773825462108597151e+00
4.933770000000000100e-01 1.397349999999999981e-01 -3.311000000000008381e-03 6.622499999999989506e-03 -1.655500000000004190e-03 2.500000000002500222e-07 2.700891351574027155e+01
4.867549999999999932e-01 1.463579999999999881e-01 -6.622500000000003384e-03 9.933999999999998387e-03 -3.311499999999995003e-03 1.655500000000011129e-03 1.288790311189647042e+01
4.801320000000000032e-01 1.596029999999999949e-01 -9.933999999999998387e-03 9.933500000000011765e-03 -3.311250000000001692e-03 -3.311499999999995003e-03 2.372831591071663837e+01
4.668869999999999965e-01 1.662250000000000116e-01 -1.324500000000000677e-02 3.311000000000008381e-03 2.499999999933111283e-07 -4.966750000000005882e-03 2.585087743703034846e+01
4.536419999999999897e-01 1.662250000000000116e-01 -9.933500000000011765e-03 0.000000000000000000e+00 1.655750000000011379e-03 -1.655500000000004190e-03 1.677739744759438167e+01
4.470199999999999729e-01 1.662250000000000116e-01 -9.933499999999984009e-03 0.000000000000000000e+00 -3.311499999999981125e-03 0.000000000000000000e+00 0.000000000000000000e+00
4.337750000000000217e-01 1.662250000000000116e-01 -1.655649999999997402e-02 0.000000000000000000e+00 -1.655750000000011379e-03 -1.655500000000004190e-03 6.039376686748716416e+00
4.139070000000000249e-01 1.662250000000000116e-01 -1.324500000000000677e-02 -3.311000000000008381e-03 4.966999999999985316e-03 -3.311250000000001692e-03 2.369720689659370549e+01
4.072850000000000081e-01 1.596029999999999949e-01 -6.622500000000003384e-03 -6.622500000000003384e-03 3.311250000000001692e-03 -3.311499999999995003e-03 5.338871079911435658e+01
4.006620000000000181e-01 1.529800000000000049e-01 -6.622500000000003384e-03 -9.933999999999998387e-03 0.000000000000000000e+00 -3.311250000000001692e-03 1.288547093645157737e+01
3.940400000000000014e-01 1.397349999999999981e-01 -6.622500000000003384e-03 -1.324500000000000677e-02 1.655500000000004190e-03 -1.655500000000000721e-03 1.012864848899402581e+01
3.874170000000000114e-01 1.264899999999999913e-01 -3.311499999999995003e-03 -1.324499999999999983e-02 4.966999999999999194e-03 6.938893903907228378e-18 2.585181504323787038e+01
3.874170000000000114e-01 1.132449999999999984e-01 3.311499999999995003e-03 -1.324499999999999289e-02 6.622749999999996695e-03 1.655500000000000721e-03 3.662378414271183402e+01
3.940400000000000014e-01 1.000000000000000056e-01 9.933999999999998387e-03 -9.933999999999998387e-03 4.966750000000005882e-03 3.311249999999994753e-03 2.965733461675649352e+01
4.072850000000000081e-01 9.337700000000000167e-02 1.324500000000000677e-02 -6.622500000000003384e-03 3.310999999999994503e-03 1.655749999999997502e-03 1.350588434880956612e+01
4.205300000000000149e-01 8.675499999999999878e-02 1.655599999999998739e-02 -6.622500000000003384e-03 3.311249999999987814e-03 3.311250000000001692e-03 1.353696629948831642e+01
4.403969999999999829e-01 8.013199999999999490e-02 1.986749999999998240e-02 0.000000000000000000e+00 2.500000000071889161e-07 6.622500000000003384e-03 1.677781972232712349e+01
4.602649999999999797e-01 8.675499999999999878e-02 1.655650000000000177e-02 6.622500000000003384e-03 -4.966999999999985316e-03 4.966999999999999194e-03 2.030481256360760156e+01
4.735099999999999865e-01 9.337700000000000167e-02 9.933500000000011765e-03 9.933999999999998387e-03 -4.966999999999999194e-03 1.655749999999997502e-03 2.372861445895811627e+01
4.801320000000000032e-01 1.066229999999999956e-01 6.622500000000003384e-03 9.933999999999998387e-03 -3.311000000000008381e-03 -1.655749999999997502e-03 1.288401161649446713e+01
4.867549999999999932e-01 1.132449999999999984e-01 3.311499999999995003e-03 6.622500000000003384e-03 -3.311250000000001692e-03 -1.655750000000000971e-03 4.051377821392580358e+01
4.867549999999999932e-01 1.198680000000000023e-01 0.000000000000000000e+00 6.622499999999996445e-03 -1.655749999999997502e-03 0.000000000000000000e+00 3.775294451448660027e+01
4.867549999999999932e-01 1.264899999999999913e-01 0.000000000000000000e+00 6.622500000000003384e-03 0.000000000000000000e+00 2.500000000106583631e-07 0.000000000000000000e+00
4.867549999999999932e-01 1.331130000000000091e-01 0.000000000000000000e+00 6.623000000000017762e-03 0.000000000000000000e+00 5.000000000143778323e-07 0.000000000000000000e+00
