3.013250000000000095e-01 1.728480000000000016e-01 0.000000000000000000e+00 6.621999999999989006e-03 0.000000000000000000e+00 5.000000000143778323e-07 0.000000000000000000e+00
3.013250000000000095e-01 1.794699999999999906e-01 0.000000000000000000e+00 6.622500000000003384e-03 0.000000000000000000e+00 2.500000000071889161e-07 0.000000000000000000e+00
3.013250000000000095e-01 1.860930000000000084e-01 0.000000000000000000e+00 6.622500000000003384e-03 0.000000000000000000e+00 4.966749999999998944e-03 0.000000000000000000e+00
3.013250000000000095e-01 1.927149999999999974e-01 0.000000000000000000e+00 1.655600000000000127e-02 0.000000000000000000e+00 6.622499999999996445e-03 0.000000000000000000e+00
3.013250000000000095e-01 2.192050000000000110e-01 0.000000000000000000e+00 1.986749999999999627e-02 0.000000000000000000e+00 2.499999999933111283e-07 0.000000000000000000e+00
3.013250000000000095e-01 2.324499999999999900e-01 0.000000000000000000e+00 1.655649999999998789e-02 4.966749999999992005e-03 -1.655499999999997252e-03 -1.811904207726307092e+01
3.013250000000000095e-01 2.523179999999999867e-01 9.933499999999984009e-03 1.655650000000000177e-02 8.277999999999993697e-03 -3.311499999999988064e-03 -2.361129435068885130e+01
3.211919999999999775e-01 2.655629999999999935e-01 1.655599999999998739e-02 9.933500000000011765e-03 3.311500000000008881e-03 -8.278250000000000886e-03 -2.361286735684718607e+01
3.344369999999999843e-01 2.721850000000000103e-01 1.655650000000000177e-02 0.000000000000000000e+00 2.500000000071889161e-07 -8.278000000000007574e-03 -3.019870746777748494e+01
3.543049999999999811e-01 2.655629999999999935e-01 1.655650000000000177e-02 -6.622500000000003384e-03 -1.655749999999997502e-03 -4.966999999999999194e-03 -1.643736826338673040e+01
3.675499999999999878e-01 2.589400000000000035e-01 1.324500000000000677e-02 -9.933999999999998387e-03 -1.655749999999997502e-03 -4.966749999999998944e-03 -1.811955280789441503e+01
3.807949999999999946e-01 2.456949999999999967e-01 1.324500000000000677e-02 -1.655600000000000127e-02 -1.655749999999997502e-03 -3.311000000000001442e-03 -7.477346512664364120e+00
3.940400000000000014e-01 2.258280000000000010e-01 9.933500000000011765e-03 -1.655600000000000127e-02 -4.966999999999999194e-03 3.311000000000001442e-03 -6.855856877759212153e+00
4.006620000000000181e-01 2.125829999999999942e-01 3.311000000000008381e-03 -9.933999999999998387e-03 -4.966750000000005882e-03 4.966749999999998944e-03 -2.865045131404079015e+01
4.006620000000000181e-01 2.059600000000000042e-01 0.000000000000000000e+00 -6.622500000000003384e-03 2.499999999933111283e-07 1.655749999999997502e-03 5.700278501204359728e-03
4.006620000000000181e-01 1.993379999999999874e-01 3.311499999999995003e-03 -6.622500000000003384e-03 1.655749999999997502e-03 4.966750000000005882e-03 6.753044117911682065e+01
4.072850000000000081e-01 1.927149999999999974e-01 3.311499999999995003e-03 3.311000000000008381e-03 -1.655749999999997502e-03 8.278250000000000886e-03 3.203443541723565886e+02
4.072850000000000081e-01 2.059600000000000042e-01 0.000000000000000000e+00 9.933999999999998387e-03 -2.499999999933111283e-07 4.966999999999992255e-03 2.533329598799947957e-03
4.072850000000000081e-01 2.125829999999999942e-01 3.311000000000008381e-03 1.324499999999999289e-02 3.311250000000001692e-03 1.655500000000004190e-03 -1.508057306240467632e+01
4.139070000000000249e-01 2.324499999999999900e-01 6.622500000000003384e-03 1.324500000000000677e-02 3.311499999999995003e-03 6.938893903907228378e-18 -1.350690404562712921e+01
4.205300000000000149e-01 2.390730000000000077e-01 9.933999999999998387e-03 1.324500000000000677e-02 1.655499999999990313e-03 -6.938893903907228378e-18 -4.831515939027215545e+00
4.337750000000000217e-01 2.589400000000000035e-01 9.933499999999984009e-03 1.324499999999999289e-02 -2.500000000071889161e-07 -1.655500000000004190e-03 -3.623013085492976515e+00
4.403969999999999829e-01 2.655629999999999935e-01 9.933499999999984009e-03 9.933999999999998387e-03 2.500000000071889161e-07 -1.655749999999990563e-03 -5.933049338361532143e+00
4.536419999999999897e-01 2.788080000000000003e-01 9.933999999999998387e-03 9.933500000000011765e-03 2.500000000071889161e-07 -3.311499999999995003e-03 -1.186580008339726611e+01
4.602649999999999797e-01 2.854300000000000170e-01 9.933999999999998387e-03 3.311000000000008381e-03 3.311000000000008381e-03 -4.966750000000005882e-03 -5.252174185881972335e+01
4.735099999999999865e-01 2.854300000000000170e-01 1.655600000000001515e-02 0.000000000000000000e+00 3.311250000000015570e-03 -4.966750000000005882e-03 -1.812013650319200764e+01
4.933770000000000100e-01 2.854300000000000170e-01 1.655650000000002953e-02 -6.622500000000003384e-03 -1.655250000000010879e-03 -4.966750000000005882e-03 -1.643605428487804687e+01
5.066230000000000455e-01 2.721850000000000103e-01 1.324549999999999339e-02 -9.933500000000011765e-03 -1.655750000000039135e-03 -1.655500000000004190e-03 -8.455638060681312851e+00
5.198679999999999968e-01 2.655629999999999935e-01 1.324499999999995126e-02 -9.933500000000011765e-03 -2.499999999933111283e-07 -4.966999999999992255e-03 -1.449734230288449943e+01
5.331129999999999480e-01 2.523179999999999867e-01 1.324500000000000677e-02 -1.986749999999999627e-02 -1.655749999999955868e-03 -6.622749999999989756e-03 -8.859649966989106673e+00
5.463580000000000103e-01 2.258280000000000010e-01 9.933500000000039520e-03 -2.317899999999999128e-02 -4.966999999999999194e-03 1.655499999999997252e-03 -6.153571706950573095e+00
5.529800000000000271e-01 2.059600000000000042e-01 3.311000000000008381e-03 -1.655650000000000177e-02 -3.311000000000036136e-03 3.311499999999995003e-03 -9.110874699109904995e+00
5.529800000000000271e-01 1.927149999999999974e-01 3.311499999999967248e-03 -1.655600000000000127e-02 2.499999999794333405e-07 -3.311000000000001442e-03 -2.277189447533882305e+00
5.596029999999999616e-01 1.728480000000000016e-01 3.311499999999967248e-03 -2.317850000000000465e-02 -3.311499999999967248e-03 -4.966999999999999194e-03 -7.261303867934931766e+00
5.596029999999999616e-01 1.463579999999999881e-01 -3.311499999999967248e-03 -2.648999999999999966e-02 -4.966999999999971438e-03 1.655500000000004190e-03 -7.203722682444894332e+00
5.529800000000000271e-01 1.198680000000000023e-01 -6.622499999999975628e-03 -1.986749999999999627e-02 2.499999999794333405e-07 8.278000000000000635e-03 -5.968183100385207496e+00
5.463580000000000103e-01 1.066229999999999956e-01 -3.311000000000008381e-03 -9.933999999999998387e-03 1.655499999999976435e-03 6.622249999999999664e-03 -4.773392972033136061e+00
5.463580000000000103e-01 1.000000000000000056e-01 -3.311500000000022759e-03 -6.622999999999996945e-03 -1.655750000000011379e-03 -3.469446951953614189e-18 -2.700972945794709190e+01
5.397349999999999648e-01 9.337700000000000167e-02 -6.622500000000031140e-03 -9.934000000000005326e-03 -1.655499999999976435e-03 -1.655250000000000471e-03 -3.222340571237856999e+00
5.331129999999999480e-01 8.013199999999999490e-02 -6.622499999999975628e-03 -9.933499999999997887e-03 2.775557561562891351e-17 3.311500000000005411e-03 -1.288779099473196332e+01
5.264900000000000135e-01 7.351000000000000589e-02 -6.622499999999975628e-03 -3.310999999999994503e-03 -2.775557561562891351e-17 4.966749999999998944e-03 -8.103693751537610979e+01
5.198679999999999968e-01 7.351000000000000589e-02 -6.622500000000031140e-03 0.000000000000000000e+00 0.000000000000000000e+00 1.655499999999997252e-03 -3.774724423598483725e+01
5.132449999999999513e-01 7.351000000000000589e-02 -6.622499999999975628e-03 0.000000000000000000e+00 1.655750000000039135e-03 1.655499999999997252e-03 -3.774724423598547673e+01
5.066230000000000455e-01 7.351000000000000589e-02 -3.310999999999952870e-03 3.310999999999994503e-03 1.655499999999976435e-03 3.311249999999998223e-03 -1.601802419973251119e+02
5.066230000000000455e-01 8.013199999999999490e-02 -3.311500000000022759e-03 6.622499999999996445e-03 -2.500000000349444917e-07 3.311500000000005411e-03 -2.701054521540718056e+01
5.000000000000000000e-01 8.675499999999999878e-02 -3.311500000000022759e-03 9.934000000000005326e-03 1.387778780781445676e-17 3.311250000000001692e-03 -9.549958185727881244e+00
5.000000000000000000e-01 1.000000000000000056e-01 -3.311499999999995003e-03 1.324499999999999983e-02 -1.655499999999990313e-03 -3.469446951953614189e-18 8.616404228725604852e+00
4.933770000000000100e-01 1.132449999999999984e-01 -6.622500000000003384e-03 9.933999999999998387e-03 -1.655500000000004190e-03 -1.655499999999997252e-03 1.610586579671393537e+01
4.867549999999999932e-01 1.198680000000000023e-01 -6.622500000000003384e-03 9.934000000000005326e-03 0.000000000000000000e+00 -2.500000000002500222e-07 9.728554878417847726e-04
4.801320000000000032e-01 1.331130000000000091e-01 -6.622500000000003384e-03 9.933499999999997887e-03 -1.655500000000004190e-03 -2.500000000037194692e-07 9.665113546518053766e+00
4.735099999999999865e-01 1.397349999999999981e-01 -9.933500000000011765e-03 9.933499999999997887e-03 -4.966999999999999194e-03 -1.655499999999997252e-03 2.372861452658721859e+01
4.602649999999999797e-01 1.529800000000000049e-01 -1.655650000000000177e-02 6.622500000000003384e-03 -3.311499999999995003e-03 -4.966749999999998944e-03 1.837050641692512087e+01
4.403969999999999829e-01 1.529800000000000049e-01 -1.655650000000000177e-02 0.000000000000000000e+00 1.655750000000011379e-03 -3.311250000000001692e-03 1.207966539051439447e+01
4.271519999999999762e-01 1.529800000000000049e-01 -1.324499999999997901e-02 0.000000000000000000e+00 1.655750000000011379e-03 0.000000000000000000e+00 -0.000000000000000000e+00
4.139070000000000249e-01 1.529800000000000049e-01 -1.324499999999997901e-02 0.000000000000000000e+00 1.655749999999983624e-03 -3.311250000000001692e-03 1.887504718761804057e+01
4.006620000000000181e-01 1.529800000000000049e-01 -9.933500000000011765e-03 -6.622500000000003384e-03 3.311249999999987814e-03 -4.966749999999998944e-03 4.188069920457123629e+01
3.940400000000000014e-01 1.397349999999999981e-01 -6.622500000000003384e-03 -9.933499999999997887e-03 1.655500000000004190e-03 -3.311249999999998223e-03 2.255095862686168573e+01
3.874170000000000114e-01 1.331130000000000091e-01 -6.622500000000003384e-03 -1.324499999999999983e-02 1.655749999999997502e-03 -3.311500000000001942e-03 1.350690404562717184e+01
3.807949999999999946e-01 1.132449999999999984e-01 -3.311000000000008381e-03 -1.655650000000000177e-02 3.311250000000001692e-03 1.655500000000000721e-03 1.025085190764030507e+01
3.807949999999999946e-01 1.000000000000000056e-01 0.000000000000000000e+00 -9.933999999999998387e-03 4.966750000000005882e-03 0.000000000000000000e+00 5.032965914070521762e+01
3.807949999999999946e-01 9.337700000000000167e-02 6.622500000000003384e-03 -1.655650000000000177e-02 4.966750000000005882e-03 -3.311000000000001442e-03 1.063561781648337856e+01
3.940400000000000014e-01 6.688700000000000201e-02 9.933500000000011765e-03 -1.655600000000000127e-02 3.311250000000001692e-03 3.311500000000000207e-03 1.218728266555114814e+01
4.006620000000000181e-01 6.026499999999999913e-02 1.324500000000000677e-02 -9.933500000000001356e-03 3.311499999999995003e-03 4.966750000000000678e-03 2.174464535718802338e+01
4.205300000000000149e-01 4.701999999999999930e-02 1.655650000000000177e-02 -6.622499999999999915e-03 -1.655750000000011379e-03 4.966750000000000678e-03 1.256890197743182469e+01
4.337750000000000217e-01 4.701999999999999930e-02 9.933499999999984009e-03 0.000000000000000000e+00 -1.655750000000011379e-03 4.966750000000000678e-03 5.033472592741749452e+01
4.403969999999999829e-01 4.701999999999999930e-02 1.324499999999997901e-02 3.311000000000001442e-03 1.655750000000011379e-03 1.655500000000000721e-03 6.462312736271582203e+00
4.602649999999999797e-01 5.364200000000000218e-02 1.324500000000000677e-02 3.311000000000001442e-03 1.387778780781445676e-17 3.311500000000000207e-03 1.723587009478527321e+01
4.668869999999999965e-01 5.364200000000000218e-02 1.324500000000000677e-02 9.934000000000001857e-03 -1.655500000000004190e-03 4.966999999999997459e-03 1.811973519807709465e+01
4.867549999999999932e-01 7.351000000000000589e-02 9.933999999999998387e-03 1.324499999999999636e-02 -4.966999999999999194e-03 -2.500000000019847457e-07 1.449545982308119108e+01
4.867549999999999932e-01 8.013199999999999490e-02 3.311000000000008381e-03 9.933499999999997887e-03 -3.311499999999995003e-03 -1.655499999999995517e-03 2.387958246643344395e+01
4.933770000000000100e-01 9.337700000000000167e-02 3.311000000000008381e-03 9.934000000000005326e-03 -1.655500000000004190e-03 -1.655250000000000471e-03 9.550390681244479651e+00
4.933770000000000100e-01 1.000000000000000056e-01 0.000000000000000000e+00 6.622999999999996945e-03 -1.655500000000004190e-03 -1.655750000000004440e-03 3.774154503330057508e+01
4.933770000000000100e-01 1.066229999999999956e-01 0.000000000000000000e+00 6.622499999999996445e-03 0.000000000000000000e+00 -4.999999999970305975e-07 -0.000000000000000000e+00
4.933770000000000100e-01 1.132449999999999984e-01 0.000000000000000000e+00 6.622000000000002884e-03 0.000000000000000000e+00 -4.999999999935611505e-07 -0.000000000000000000e+00
