4.006620000000000181e-01 2.192050000000000110e-01 0.000000000000000000e+00 6.622999999999990006e-03 0.000000000000000000e+00 3.311000000000008381e-03 0.000000000000000000e+00
4.006620000000000181e-01 2.258280000000000010e-01 0.000000000000000000e+00 9.933999999999998387e-03 0.000000000000000000e+00 1.655250000000003940e-03 0.000000000000000000e+00
4.006620000000000181e-01 2.390730000000000077e-01 0.000000000000000000e+00 9.933499999999997887e-03 0.000000000000000000e+00 -2.500000000002500222e-07 -0.000000000000000000e+00
4.006620000000000181e-01 2.456949999999999967e-01 0.000000000000000000e+00 9.933499999999997887e-03 1.655749999999997502e-03 2.500000000002500222e-07 -1.677993103222854998e+01
4.006620000000000181e-01 2.589400000000000035e-01 3.311499999999995003e-03 9.933999999999998387e-03 3.311250000000001692e-03 2.500000000002500222e-07 -2.864771159511309406e+01
4.072850000000000081e-01 2.655629999999999935e-01 6.622500000000003384e-03 9.933999999999998387e-03 3.310999999999994503e-03 1.655500000000004190e-03 -1.288498447198220198e+01
4.139070000000000249e-01 2.788080000000000003e-01 9.933499999999984009e-03 1.324500000000000677e-02 3.311249999999987814e-03 -1.655749999999997502e-03 -1.328857680034844968e+01
4.271519999999999762e-01 2.920530000000000070e-01 1.324499999999997901e-02 6.622500000000003384e-03 1.655750000000011379e-03 -6.622500000000003384e-03 -3.038849470902610150e+01
4.403969999999999829e-01 2.920530000000000070e-01 1.324500000000000677e-02 0.000000000000000000e+00 -1.655499999999990313e-03 -6.622500000000003384e-03 -3.775009437523591771e+01
4.536419999999999897e-01 2.920530000000000070e-01 9.933999999999998387e-03 -6.622500000000003384e-03 -1.655500000000004190e-03 -4.966999999999999194e-03 -3.543601794909233860e+01
4.602649999999999797e-01 2.788080000000000003e-01 9.933999999999998387e-03 -9.933999999999998387e-03 -2.499999999933111283e-07 -1.655749999999997502e-03 -5.932899990981936433e+00
4.735099999999999865e-01 2.721850000000000103e-01 9.933500000000011765e-03 -9.933999999999998387e-03 -3.311499999999995003e-03 -1.655500000000004190e-03 -1.779616230724818138e+01
4.801320000000000032e-01 2.589400000000000035e-01 3.311000000000008381e-03 -1.324500000000000677e-02 -3.311000000000008381e-03 2.500000000002500222e-07 -1.723294238963770653e+01
4.801320000000000032e-01 2.456949999999999967e-01 3.311499999999995003e-03 -9.933499999999997887e-03 2.499999999933111283e-07 3.311250000000001692e-03 9.553419244033415580e+00
4.867549999999999932e-01 2.390730000000000077e-01 3.311499999999995003e-03 -6.622500000000003384e-03 -2.499999999933111283e-07 1.655499999999997252e-03 1.350119385123544724e+01
4.867549999999999932e-01 2.324499999999999900e-01 3.311000000000008381e-03 -6.622500000000003384e-03 -2.499999999933111283e-07 3.311250000000001692e-03 2.700687387573880116e+01
4.933770000000000100e-01 2.258280000000000010e-01 3.311000000000008381e-03 0.000000000000000000e+00 2.499999999933111283e-07 6.622500000000003384e-03 6.040927247897642474e+02
4.933770000000000100e-01 2.324499999999999900e-01 3.311499999999995003e-03 6.622500000000003384e-03 2.499999999933111283e-07 3.311250000000001692e-03 2.700850576018964944e+01
5.000000000000000000e-01 2.390730000000000077e-01 3.311499999999995003e-03 6.622500000000003384e-03 1.387778780781445676e-17 1.655499999999997252e-03 1.350527245373589480e+01
5.000000000000000000e-01 2.456949999999999967e-01 3.311500000000022759e-03 9.933499999999997887e-03 1.655499999999990313e-03 3.311250000000001692e-03 -4.773104340470237794e+00
5.066230000000000455e-01 2.589400000000000035e-01 6.622499999999975628e-03 1.324500000000000677e-02 6.622249999999968439e-03 3.311500000000001942e-03 -2.025729697798796280e+01
5.132449999999999513e-01 2.721850000000000103e-01 1.655599999999995964e-02 1.655650000000000177e-02 6.622500000000031140e-03 0.000000000000000000e+00 -8.542000251068891714e+00
5.397349999999999648e-01 2.920530000000000070e-01 1.986750000000003791e-02 1.324500000000000677e-02 -1.655499999999976435e-03 -4.966999999999999194e-03 -5.637992237163784282e+00
5.529800000000000271e-01 2.986750000000000238e-01 1.324500000000000677e-02 6.622500000000003384e-03 -3.311250000000015570e-03 -4.966750000000005882e-03 -1.350537450040078902e+01
5.662249999999999783e-01 3.052980000000000138e-01 1.324500000000000677e-02 3.311499999999995003e-03 0.000000000000000000e+00 -4.966999999999999194e-03 -2.585181504323785617e+01
5.794700000000000406e-01 3.052980000000000138e-01 1.324500000000000677e-02 -3.311499999999995003e-03 -1.655500000000004190e-03 -6.622749999999996695e-03 -3.662378414271176297e+01
5.927149999999999919e-01 2.986750000000000238e-01 9.933999999999998387e-03 -9.933999999999998387e-03 -1.655500000000004190e-03 -4.966750000000005882e-03 -2.372533029304372931e+01
5.993380000000000374e-01 2.854300000000000170e-01 9.933999999999998387e-03 -1.324500000000000677e-02 -2.500000000071889161e-07 -1.655500000000004190e-03 -3.624457765178612956e+00
6.125829999999999886e-01 2.721850000000000103e-01 9.933499999999984009e-03 -1.324500000000000677e-02 -1.655749999999983624e-03 -1.655499999999997252e-03 -8.456250984481773258e+00
6.192050000000000054e-01 2.589400000000000035e-01 6.622500000000031140e-03 -1.655600000000000127e-02 -3.310999999999980625e-03 -8.278000000000000635e-03 -1.933770982403054717e+01
6.258280000000000509e-01 2.390730000000000077e-01 3.311500000000022759e-03 -2.980100000000000804e-02 -3.311250000000015570e-03 -6.622750000000003634e-03 -4.473994995894280180e+00
6.258280000000000509e-01 1.993379999999999874e-01 0.000000000000000000e+00 -2.980150000000000854e-02 -1.655750000000011379e-03 4.966750000000005882e-03 -1.864311659770872431e+00
6.258280000000000509e-01 1.794699999999999906e-01 0.000000000000000000e+00 -1.986749999999999627e-02 -1.655750000000011379e-03 6.622750000000003634e-03 -4.194771612720765930e+00
6.258280000000000509e-01 1.596029999999999949e-01 -3.311500000000022759e-03 -1.655600000000000127e-02 -3.311250000000015570e-03 3.311250000000001692e-03 -1.366829648002373609e+01
6.192050000000000054e-01 1.463579999999999881e-01 -6.622500000000031140e-03 -1.324499999999999289e-02 -1.655499999999976435e-03 -2.499999999967805753e-07 -6.751922477587119609e+00
6.125829999999999886e-01 1.331130000000000091e-01 -6.622499999999975628e-03 -1.655649999999999483e-02 2.775557561562891351e-17 -6.938893903907228378e-18 8.914992666736314060e-14
6.059600000000000541e-01 1.132449999999999984e-01 -6.622499999999975628e-03 -1.324500000000000677e-02 -2.775557561562891351e-17 6.622749999999996695e-03 -1.350639419721845869e+01
5.993380000000000374e-01 1.066229999999999956e-01 -6.622500000000031140e-03 -3.311000000000001442e-03 -2.775557561562891351e-17 6.622500000000003384e-03 -1.080519693351932773e+02
5.927149999999999919e-01 1.066229999999999956e-01 -6.622500000000031140e-03 0.000000000000000000e+00 2.775557561562891351e-17 1.655500000000000721e-03 -3.774724423598492251e+01
5.860929999999999751e-01 1.066229999999999956e-01 -6.622499999999975628e-03 0.000000000000000000e+00 2.775557561562891351e-17 1.655500000000000721e-03 -3.774724423598555489e+01
5.794700000000000406e-01 1.066229999999999956e-01 -6.622499999999975628e-03 3.311000000000001442e-03 -2.775557561562891351e-17 3.311250000000001692e-03 -5.402598466759694418e+01
5.728480000000000238e-01 1.132449999999999984e-01 -6.622500000000031140e-03 6.622500000000003384e-03 -1.655750000000011379e-03 3.311500000000001942e-03 -1.334768153797641688e+01
5.662249999999999783e-01 1.198680000000000023e-01 -9.933999999999998387e-03 9.934000000000005326e-03 -1.655499999999976435e-03 1.655499999999997252e-03 -7.087136997354886090e-14
5.529800000000000271e-01 1.331130000000000091e-01 -9.933499999999984009e-03 9.933499999999997887e-03 1.655749999999983624e-03 -1.655750000000007910e-03 7.821470056296291242e-14
5.463580000000000103e-01 1.397349999999999981e-01 -6.622500000000031140e-03 6.622499999999989506e-03 1.655499999999976435e-03 -1.655499999999997252e-03 2.515818089198405951e-13
5.397349999999999648e-01 1.463579999999999881e-01 -6.622500000000031140e-03 6.622500000000003384e-03 -1.655499999999976435e-03 6.938893903907228378e-18 1.334566618518465475e+01
5.331129999999999480e-01 1.529800000000000049e-01 -9.933499999999984009e-03 6.622500000000003384e-03 -1.655749999999983624e-03 0.000000000000000000e+00 6.443895497366010972e+00
5.198679999999999968e-01 1.596029999999999949e-01 -9.933999999999998387e-03 6.622500000000003384e-03 1.655500000000004190e-03 -1.655749999999997502e-03 3.222827035707309218e+00
5.132449999999999513e-01 1.662250000000000116e-01 -6.622499999999975628e-03 3.311000000000008381e-03 -1.655499999999990313e-03 -3.311250000000001692e-03 6.753044142546724515e+01
5.066230000000000455e-01 1.662250000000000116e-01 -1.324499999999997901e-02 0.000000000000000000e+00 -4.967000000000026949e-03 -3.311000000000008381e-03 1.887362211799274192e+01
4.867549999999999932e-01 1.662250000000000116e-01 -1.655650000000002953e-02 -3.311000000000008381e-03 -1.655750000000011379e-03 -3.311250000000001692e-03 1.025067993945040179e+01
4.735099999999999865e-01 1.596029999999999949e-01 -1.655650000000000177e-02 -6.622500000000003384e-03 1.655750000000011379e-03 -3.311499999999995003e-03 1.160335488639666401e+01
4.536419999999999897e-01 1.529800000000000049e-01 -1.324500000000000677e-02 -9.933999999999998387e-03 6.622749999999996695e-03 -1.655499999999997252e-03 1.932807021337669795e+01
4.470199999999999729e-01 1.397349999999999981e-01 -3.311000000000008381e-03 -9.933499999999997887e-03 6.622500000000003384e-03 -1.655500000000000721e-03 6.207912677374530119e+01
4.470199999999999729e-01 1.331130000000000091e-01 0.000000000000000000e+00 -1.324499999999999983e-02 1.655500000000004190e-03 -3.311500000000001942e-03 9.436811058996338986e+00
4.470199999999999729e-01 1.132449999999999984e-01 0.000000000000000000e+00 -1.655650000000000177e-02 0.000000000000000000e+00 1.655500000000000721e-03 0.000000000000000000e+00
4.470199999999999729e-01 1.000000000000000056e-01 0.000000000000000000e+00 -9.933999999999998387e-03 3.311250000000001692e-03 1.655750000000000971e-03 3.355395053700308239e+01
4.470199999999999729e-01 9.337700000000000167e-02 6.622500000000003384e-03 -1.324499999999999983e-02 6.622500000000003384e-03 2.500000000002500222e-07 2.701227854602799638e+01
4.602649999999999797e-01 7.351000000000000589e-02 1.324500000000000677e-02 -9.933499999999997887e-03 1.655500000000004190e-03 4.966749999999998944e-03 1.811980816053982224e+01
4.735099999999999865e-01 7.351000000000000589e-02 9.933500000000011765e-03 -3.311500000000001942e-03 1.655750000000011379e-03 3.310999999999997973e-03 3.342470948396469765e+01
4.801320000000000032e-01 6.688700000000000201e-02 1.655650000000002953e-02 -3.311500000000001942e-03 3.311499999999981125e-03 1.655750000000000971e-03 7.973338303570935537e+00
5.066230000000000455e-01 6.688700000000000201e-02 1.655649999999997402e-02 0.000000000000000000e+00 -2.500000000349444917e-07 4.966999999999999194e-03 1.811995409428015336e+01
5.132449999999999513e-01 6.688700000000000201e-02 1.655599999999995964e-02 6.622499999999996445e-03 2.775557561562891351e-17 4.966999999999999194e-03 1.450419490293482916e+01
5.397349999999999648e-01 8.013199999999999490e-02 1.655650000000002953e-02 9.933999999999998387e-03 -3.310999999999980625e-03 1.655750000000004440e-03 8.377899741533534339e+00
5.463580000000000103e-01 8.675499999999999878e-02 9.933999999999998387e-03 9.934000000000005326e-03 -4.967000000000026949e-03 0.000000000000000000e+00 1.779511730386932200e+01
5.596029999999999616e-01 1.000000000000000056e-01 6.622499999999975628e-03 9.933999999999998387e-03 -3.311499999999995003e-03 -3.469446951953614189e-18 1.933015215237844231e+01
5.596029999999999616e-01 1.066229999999999956e-01 3.311000000000008381e-03 9.933999999999998387e-03 -1.655749999999983624e-03 -2.500000000002500222e-07 1.432522576589179941e+01
5.662249999999999783e-01 1.198680000000000023e-01 3.311000000000008381e-03 9.933499999999997887e-03 -3.311000000000008381e-03 -2.500000000002500222e-07 2.864929770777345297e+01
5.662249999999999783e-01 1.264899999999999913e-01 -3.311000000000008381e-03 9.933499999999997887e-03 -4.966500000000012571e-03 1.655750000000004440e-03 3.819954430731184658e+01
5.596029999999999616e-01 1.397349999999999981e-01 -6.622000000000016762e-03 1.324500000000000677e-02 -3.311000000000008381e-03 3.311500000000008881e-03 6.752228378935032360e+00
