3.675499999999999878e-01 1.860930000000000084e-01 0.000000000000000000e+00 6.621999999999989006e-03 0.000000000000000000e+00 5.000000000005000445e-07 0.000000000000000000e+00
3.675499999999999878e-01 1.927149999999999974e-01 0.000000000000000000e+00 6.622499999999989506e-03 0.000000000000000000e+00 1.656000000000004690e-03 0.000000000000000000e+00
3.675499999999999878e-01 1.993379999999999874e-01 0.000000000000000000e+00 9.933999999999998387e-03 0.000000000000000000e+00 1.655500000000011129e-03 0.000000000000000000e+00
3.675499999999999878e-01 2.125829999999999942e-01 0.000000000000000000e+00 9.933500000000011765e-03 0.000000000000000000e+00 -2.500000000002500222e-07 -0.000000000000000000e+00
3.675499999999999878e-01 2.192050000000000110e-01 0.000000000000000000e+00 9.933499999999997887e-03 0.000000000000000000e+00 2.499999999933111283e-07 0.000000000000000000e+00
3.675499999999999878e-01 2.324499999999999900e-01 0.000000000000000000e+00 9.933999999999998387e-03 0.000000000000000000e+00 2.500000000002500222e-07 0.000000000000000000e+00
3.675499999999999878e-01 2.390730000000000077e-01 0.000000000000000000e+00 9.933999999999998387e-03 1.655500000000004190e-03 -2.500000000002500222e-07 -1.677570860370213879e+01
3.675499999999999878e-01 2.523179999999999867e-01 3.311000000000008381e-03 9.933499999999997887e-03 3.311250000000001692e-03 -1.655749999999997502e-03 -3.342766582082290228e+01
3.741720000000000046e-01 2.589400000000000035e-01 6.622500000000003384e-03 6.622500000000003384e-03 1.655749999999997502e-03 -1.655499999999997252e-03 -2.669334772316140558e+01
3.807949999999999946e-01 2.655629999999999935e-01 6.622500000000003384e-03 6.622500000000003384e-03 0.000000000000000000e+00 0.000000000000000000e+00 0.000000000000000000e+00
3.874170000000000114e-01 2.721850000000000103e-01 6.622500000000003384e-03 6.622500000000003384e-03 1.655749999999997502e-03 -1.655500000000004190e-03 -2.669334772316146243e+01
3.940400000000000014e-01 2.788080000000000003e-01 9.933999999999998387e-03 3.311499999999995003e-03 1.655500000000004190e-03 -3.311250000000001692e-03 -3.342305119979975103e+01
4.072850000000000081e-01 2.788080000000000003e-01 9.933500000000011765e-03 0.000000000000000000e+00 -1.655749999999997502e-03 -3.311499999999995003e-03 -3.355986206445700049e+01
4.139070000000000249e-01 2.788080000000000003e-01 6.622500000000003384e-03 -3.311499999999995003e-03 -1.655500000000018068e-03 -3.311250000000001692e-03 -6.752636257661627894e+01
4.205300000000000149e-01 2.721850000000000103e-01 6.622499999999975628e-03 -6.622500000000003384e-03 -1.655750000000011379e-03 -3.311000000000008381e-03 -4.003901390834673890e+01
4.271519999999999762e-01 2.655629999999999935e-01 3.310999999999980625e-03 -9.933500000000011765e-03 -1.655499999999976435e-03 -1.655749999999997502e-03 -1.910049319907652077e+01
4.271519999999999762e-01 2.523179999999999867e-01 3.311500000000022759e-03 -9.933999999999998387e-03 1.655750000000011379e-03 -2.499999999933111283e-07 1.432457676676888703e+01
4.337750000000000217e-01 2.456949999999999967e-01 6.622500000000003384e-03 -9.933999999999998387e-03 -2.500000000210667039e-07 2.500000000002500222e-07 -4.864644694288842563e-04
4.403969999999999829e-01 2.324499999999999900e-01 3.310999999999980625e-03 -9.933499999999997887e-03 -1.655500000000004190e-03 1.655750000000004440e-03 -9.549525554117577641e+00
4.403969999999999829e-01 2.258280000000000010e-01 3.311499999999995003e-03 -6.622499999999989506e-03 2.500000000071889161e-07 1.655499999999997252e-03 1.350935105623709198e+01
4.470199999999999729e-01 2.192050000000000110e-01 3.311499999999995003e-03 -6.622500000000003384e-03 -1.655749999999997502e-03 -6.938893903907228378e-18 -2.701258436269038299e+01
4.470199999999999729e-01 2.125829999999999942e-01 0.000000000000000000e+00 -6.622500000000003384e-03 -1.655749999999997502e-03 0.000000000000000000e+00 -3.775294451448651500e+01
4.470199999999999729e-01 2.059600000000000042e-01 0.000000000000000000e+00 -6.622500000000003384e-03 1.655500000000004190e-03 1.655749999999997502e-03 3.774724423598531331e+01
4.470199999999999729e-01 1.993379999999999874e-01 3.311000000000008381e-03 -3.311000000000008381e-03 1.655500000000004190e-03 4.966750000000005882e-03 2.135709684535708561e+02
4.536419999999999897e-01 1.993379999999999874e-01 3.311000000000008381e-03 3.311000000000008381e-03 -1.655500000000004190e-03 6.622250000000010073e-03 2.669616949098186183e+02
4.536419999999999897e-01 2.059600000000000042e-01 0.000000000000000000e+00 9.933500000000011765e-03 2.499999999933111283e-07 4.966999999999992255e-03 -2.533584634120424756e-03
4.536419999999999897e-01 2.192050000000000110e-01 3.311499999999995003e-03 1.324499999999999289e-02 1.655749999999997502e-03 2.499999999933111283e-07 -8.617380088063697485e+00
4.602649999999999797e-01 2.324499999999999900e-01 3.311499999999995003e-03 9.933999999999998387e-03 -2.499999999933111283e-07 -1.655499999999997252e-03 -4.772455618970997016e+00
4.602649999999999797e-01 2.390730000000000077e-01 3.311000000000008381e-03 9.933999999999998387e-03 1.655500000000004190e-03 -2.500000000002500222e-07 -1.432450460071312470e+01
4.668869999999999965e-01 2.523179999999999867e-01 6.622500000000003384e-03 9.933499999999997887e-03 3.311499999999995003e-03 -2.499999999933111283e-07 -1.933217293396598180e+01
4.735099999999999865e-01 2.589400000000000035e-01 9.933999999999998387e-03 9.933500000000011765e-03 1.655500000000004190e-03 -1.655499999999997252e-03 -1.186281437556087859e+01
4.867549999999999932e-01 2.721850000000000103e-01 9.933500000000011765e-03 6.622500000000003384e-03 1.387778780781445676e-17 -3.311000000000008381e-03 -1.932828117864765360e+01
4.933770000000000100e-01 2.721850000000000103e-01 9.934000000000026143e-03 3.311499999999995003e-03 2.499999999794333405e-07 -1.655500000000004190e-03 -1.432385585198975342e+01
5.066230000000000455e-01 2.788080000000000003e-01 9.933999999999970631e-03 3.311499999999995003e-03 -2.500000000210667039e-07 -1.655749999999997502e-03 -1.432457676676879466e+01
5.132449999999999513e-01 2.788080000000000003e-01 9.933499999999984009e-03 0.000000000000000000e+00 1.387778780781445676e-17 -3.311499999999995003e-03 -3.355986206445719233e+01
5.264900000000000135e-01 2.788080000000000003e-01 9.933999999999998387e-03 -3.311499999999995003e-03 2.500000000071889161e-07 -3.311250000000001692e-03 -2.864771159511306919e+01
5.331129999999999480e-01 2.721850000000000103e-01 9.933999999999998387e-03 -6.622500000000003384e-03 -2.499999999794333405e-07 -1.655500000000004190e-03 -9.664589611719842210e+00
5.463580000000000103e-01 2.655629999999999935e-01 9.933500000000039520e-03 -6.622500000000003384e-03 -2.500000000071889161e-07 -4.966999999999999194e-03 -2.899631352328972156e+01
5.529800000000000271e-01 2.589400000000000035e-01 9.933499999999984009e-03 -1.655650000000000177e-02 2.499999999794333405e-07 -6.622499999999996445e-03 -9.138961771661058719e+00
5.662249999999999783e-01 2.324499999999999900e-01 9.933999999999998387e-03 -1.986749999999999627e-02 -1.655499999999976435e-03 1.655750000000004440e-03 -1.500253493968511043e+00
5.728480000000000238e-01 2.192050000000000110e-01 6.622500000000031140e-03 -1.324499999999999289e-02 -3.311499999999995003e-03 3.311249999999994753e-03 -6.753961871222317725e+00
5.794700000000000406e-01 2.059600000000000042e-01 3.311000000000008381e-03 -1.324500000000000677e-02 -3.311250000000015570e-03 -6.938893903907228378e-18 -1.723456888158178302e+01
5.794700000000000406e-01 1.927149999999999974e-01 0.000000000000000000e+00 -1.324500000000000677e-02 -1.655500000000004190e-03 6.938893903907228378e-18 -9.436811058996328327e+00
5.794700000000000406e-01 1.794699999999999906e-01 0.000000000000000000e+00 -1.324499999999999289e-02 0.000000000000000000e+00 -3.311249999999994753e-03 0.000000000000000000e+00
5.794700000000000406e-01 1.662250000000000116e-01 0.000000000000000000e+00 -1.986749999999999627e-02 0.000000000000000000e+00 -3.311250000000008631e-03 0.000000000000000000e+00
5.794700000000000406e-01 1.397349999999999981e-01 0.000000000000000000e+00 -1.986750000000001015e-02 0.000000000000000000e+00 4.966999999999999194e-03 0.000000000000000000e+00
5.794700000000000406e-01 1.264899999999999913e-01 0.000000000000000000e+00 -9.933499999999997887e-03 -1.655500000000004190e-03 4.967000000000006132e-03 -1.677739744759442431e+01
5.794700000000000406e-01 1.198680000000000023e-01 -3.311000000000008381e-03 -9.933499999999997887e-03 -3.311250000000015570e-03 1.655499999999997252e-03 -3.342694477540214137e+01
5.728480000000000238e-01 1.066229999999999956e-01 -6.622500000000031140e-03 -6.622500000000003384e-03 -2.500000000071889161e-07 3.311000000000001442e-03 -2.669334772316146598e+01
5.662249999999999783e-01 1.066229999999999956e-01 -3.311500000000022759e-03 -3.311499999999995003e-03 1.655750000000011379e-03 -2.499999999967805753e-07 5.339072523906344259e+01
5.662249999999999783e-01 1.000000000000000056e-01 -3.311000000000008381e-03 -6.622999999999996945e-03 -1.655499999999976435e-03 -3.469446951953614189e-18 -2.700809781989970304e+01
5.596029999999999616e-01 9.337700000000000167e-02 -6.622499999999975628e-03 -3.311500000000001942e-03 -2.499999999794333405e-07 1.655999999999997752e-03 -2.701870242040909176e+01
5.529800000000000271e-01 9.337700000000000167e-02 -3.311499999999967248e-03 -3.311000000000001442e-03 1.655749999999983624e-03 1.655750000000000971e-03 -8.062019735058507247e-03
5.529800000000000271e-01 8.675499999999999878e-02 -3.311000000000008381e-03 0.000000000000000000e+00 2.499999999794333405e-07 4.966750000000002413e-03 -4.530581413136370657e+02
5.463580000000000103e-01 9.337700000000000167e-02 -3.311000000000008381e-03 6.622500000000003384e-03 -2.500000000071889161e-07 3.311499999999998473e-03 -2.700891320777688875e+01
5.463580000000000103e-01 1.000000000000000056e-01 -3.311500000000022759e-03 6.622999999999996945e-03 -2.500000000071889161e-07 -3.469446951953614189e-18 4.078171441780316549e-03
5.397349999999999648e-01 1.066229999999999956e-01 -3.311500000000022759e-03 6.622499999999996445e-03 2.500000000071889161e-07 -2.499999999967805753e-07 -2.039147282906044346e-03
5.397349999999999648e-01 1.132449999999999984e-01 -3.311000000000008381e-03 6.622500000000003384e-03 2.500000000071889161e-07 0.000000000000000000e+00 -4.078972039950948085e-03
5.331129999999999480e-01 1.198680000000000023e-01 -3.311000000000008381e-03 6.622499999999996445e-03 -1.655749999999983624e-03 0.000000000000000000e+00 2.701503181981806279e+01
5.331129999999999480e-01 1.264899999999999913e-01 -6.622499999999975628e-03 6.622500000000003384e-03 -3.311499999999995003e-03 3.469446951953614189e-18 2.669536307595303271e+01
5.198679999999999968e-01 1.331130000000000091e-01 -9.933999999999998387e-03 6.622500000000003384e-03 0.000000000000000000e+00 -1.655750000000004440e-03 9.665076076189231813e+00
5.132449999999999513e-01 1.397349999999999981e-01 -6.622499999999975628e-03 3.310999999999994503e-03 1.387778780781445676e-17 -1.655500000000004190e-03 2.701095284777863981e+01
5.066230000000000455e-01 1.397349999999999981e-01 -9.933999999999970631e-03 3.311499999999995003e-03 -1.655750000000025257e-03 2.500000000002500222e-07 4.773176642616634879e+00
4.933770000000000100e-01 1.463579999999999881e-01 -9.934000000000026143e-03 3.311499999999995003e-03 1.655749999999983624e-03 -2.499999999933111283e-07 -4.773176642616502541e+00
4.867549999999999932e-01 1.463579999999999881e-01 -6.622500000000003384e-03 3.311000000000008381e-03 -1.655499999999990313e-03 -2.499999999933111283e-07 1.350853572990973284e+01
4.801320000000000032e-01 1.529800000000000049e-01 -1.324500000000000677e-02 3.311000000000008381e-03 -3.311250000000001692e-03 -1.655500000000004190e-03 1.292495075128360860e+01
4.602649999999999797e-01 1.529800000000000049e-01 -1.324500000000000677e-02 0.000000000000000000e+00 3.311250000000001692e-03 -1.655500000000004190e-03 9.436811058996328327e+00
4.536419999999999897e-01 1.529800000000000049e-01 -6.622500000000003384e-03 0.000000000000000000e+00 1.655750000000011379e-03 -1.655500000000004190e-03 3.774724423598531331e+01
4.470199999999999729e-01 1.529800000000000049e-01 -9.933499999999984009e-03 -3.311000000000008381e-03 -1.655749999999997502e-03 -3.311250000000001692e-03 2.387669817586368382e+01
4.337750000000000217e-01 1.463579999999999881e-01 -9.933999999999998387e-03 -6.622500000000003384e-03 1.655499999999990313e-03 -1.655749999999990563e-03 1.610732511667097455e+01
4.271519999999999762e-01 1.397349999999999981e-01 -6.622500000000003384e-03 -6.622499999999989506e-03 1.655750000000011379e-03 0.000000000000000000e+00 1.334768153797657142e+01
4.205300000000000149e-01 1.331130000000000091e-01 -6.622499999999975628e-03 -6.622500000000003384e-03 0.000000000000000000e+00 -1.655750000000007910e-03 1.334768153797655899e+01
4.139070000000000249e-01 1.264899999999999913e-01 -6.622500000000003384e-03 -9.934000000000005326e-03 1.655749999999983624e-03 -1.655499999999997252e-03 1.610732511667094613e+01
4.072850000000000081e-01 1.132449999999999984e-01 -3.311000000000008381e-03 -9.933499999999997887e-03 3.311250000000001692e-03 3.469446951953614189e-18 2.865218199834325219e+01
4.072850000000000081e-01 1.066229999999999956e-01 0.000000000000000000e+00 -9.933999999999998387e-03 1.655500000000004190e-03 -2.500000000002500222e-07 1.677570860370213879e+01
4.072850000000000081e-01 9.337700000000000167e-02 0.000000000000000000e+00 -9.933999999999998387e-03 1.655500000000004190e-03 -1.655500000000000721e-03 1.677570860370213879e+01
4.072850000000000081e-01 8.675499999999999878e-02 3.311000000000008381e-03 -1.324499999999999983e-02 1.655500000000004190e-03 -1.655500000000000721e-03 6.462638015012028170e+00
4.139070000000000249e-01 6.688700000000000201e-02 3.311000000000008381e-03 -1.324499999999999983e-02 1.655749999999983624e-03 3.311249999999999957e-03 1.292625196448710767e+01
4.139070000000000249e-01 6.026499999999999913e-02 6.622499999999975628e-03 -6.622499999999999915e-03 4.966999999999985316e-03 4.966750000000000678e-03 8.008004316948459689e+01
4.271519999999999762e-01 5.364200000000000218e-02 1.324499999999997901e-02 -3.311499999999998473e-03 3.311250000000015570e-03 3.311249999999999957e-03 2.154296233960991103e+01
4.403969999999999829e-01 5.364200000000000218e-02 1.324500000000000677e-02 0.000000000000000000e+00 1.387778780781445676e-17 1.655749999999999236e-03 9.438236128621639409e+00
4.536419999999999897e-01 5.364200000000000218e-02 1.324500000000000677e-02 0.000000000000000000e+00 0.000000000000000000e+00 1.655749999999999236e-03 9.438236128621639409e+00
4.668869999999999965e-01 5.364200000000000218e-02 1.324500000000000677e-02 3.311499999999998473e-03 0.000000000000000000e+00 1.655749999999999236e-03 8.617705407256099903e+00
4.801320000000000032e-01 6.026499999999999913e-02 1.324500000000000677e-02 3.311499999999998473e-03 2.500000000071889161e-07 1.655500000000002456e-03 8.616078909533223751e+00
4.933770000000000100e-01 6.026499999999999913e-02 1.324550000000002115e-02 6.622500000000003384e-03 -1.655500000000018068e-03 4.966750000000000678e-03 2.363315634910449248e+01
5.066230000000000455e-01 7.351000000000000589e-02 9.933999999999970631e-03 1.324499999999999983e-02 -4.967250000000034138e-03 3.311249999999998223e-03 2.174474018888998827e+01
5.132449999999999513e-01 8.675499999999999878e-02 3.310999999999952870e-03 1.324499999999999983e-02 -4.966999999999985316e-03 -1.655500000000000721e-03 2.369850810979733780e+01
5.132449999999999513e-01 1.000000000000000056e-01 0.000000000000000000e+00 9.933999999999998387e-03 -1.655499999999976435e-03 -1.655500000000000721e-03 1.677570860370185812e+01
5.132449999999999513e-01 1.066229999999999956e-01 0.000000000000000000e+00 9.933999999999998387e-03 0.000000000000000000e+00 -2.500000000002500222e-07 -0.000000000000000000e+00
5.132449999999999513e-01 1.198680000000000023e-01 0.000000000000000000e+00 9.933499999999997887e-03 0.000000000000000000e+00 -1.656000000000004690e-03 -0.000000000000000000e+00
5.132449999999999513e-01 1.264899999999999913e-01 0.000000000000000000e+00 6.621999999999989006e-03 0.000000000000000000e+00 -3.311500000000008881e-03 -0.000000000000000000e+00
