3.609269999999999978e-01 2.258280000000000010e-01 0.000000000000000000e+00 6.621999999999989006e-03 0.000000000000000000e+00 3.311500000000008881e-03 0.000000000000000000e+00
3.609269999999999978e-01 2.324499999999999900e-01 0.000000000000000000e+00 9.933499999999997887e-03 0.000000000000000000e+00 3.311500000000008881e-03 0.000000000000000000e+00
3.609269999999999978e-01 2.456949999999999967e-01 0.000000000000000000e+00 1.324500000000000677e-02 1.655749999999997502e-03 1.655750000000004440e-03 -9.438236128621628751e+00
3.609269999999999978e-01 2.589400000000000035e-01 3.311499999999995003e-03 1.324500000000000677e-02 1.655749999999997502e-03 0.000000000000000000e+00 -8.617705407256094574e+00
3.675499999999999878e-01 2.721850000000000103e-01 3.311499999999995003e-03 1.324500000000000677e-02 -2.499999999933111283e-07 -1.655500000000004190e-03 -2.152962513687388668e+00
3.675499999999999878e-01 2.854300000000000170e-01 3.311000000000008381e-03 9.933999999999998387e-03 1.655500000000004190e-03 -3.311250000000001692e-03 -2.387273243965040237e+01
3.741720000000000046e-01 2.920530000000000070e-01 6.622500000000003384e-03 6.622500000000003384e-03 3.311499999999995003e-03 0.000000000000000000e+00 -2.669536307595288704e+01
3.807949999999999946e-01 2.986750000000000238e-01 9.933999999999998387e-03 9.933999999999998387e-03 1.655500000000004190e-03 2.499999999933111283e-07 -5.930212989174499683e+00
3.940400000000000014e-01 3.119210000000000038e-01 9.933500000000011765e-03 6.622999999999990006e-03 -2.499999999933111283e-07 -6.622749999999996695e-03 -3.865727317563024457e+01
4.006620000000000181e-01 3.119210000000000038e-01 9.933500000000011765e-03 -3.311499999999995003e-03 1.655749999999983624e-03 -8.278499999999994197e-03 -6.685446616610772708e+01
4.139070000000000249e-01 3.052980000000000138e-01 1.324499999999997901e-02 -9.933999999999998387e-03 2.499999999933111283e-07 -4.966750000000005882e-03 -1.449473020726442307e+01
4.271519999999999762e-01 2.920530000000000070e-01 9.933999999999998387e-03 -1.324500000000000677e-02 -3.311249999999987814e-03 -1.655500000000004190e-03 -1.328748964323301429e+01
4.337750000000000217e-01 2.788080000000000003e-01 6.622500000000003384e-03 -1.324500000000000677e-02 -1.655750000000011379e-03 0.000000000000000000e+00 -6.753452022813627664e+00
4.403969999999999829e-01 2.655629999999999935e-01 6.622499999999975628e-03 -1.324500000000000677e-02 -1.655500000000004190e-03 1.655500000000004190e-03 -3.376216162998033621e+00
4.470199999999999729e-01 2.523179999999999867e-01 3.311499999999995003e-03 -9.933999999999998387e-03 -1.655749999999983624e-03 1.655500000000004190e-03 -9.550679209373166501e+00
4.470199999999999729e-01 2.456949999999999967e-01 3.311000000000008381e-03 -9.933999999999998387e-03 -2.499999999933111283e-07 2.500000000002500222e-07 -1.442112614530459240e-03
4.536419999999999897e-01 2.324499999999999900e-01 3.311000000000008381e-03 -9.933499999999997887e-03 2.499999999933111283e-07 1.655750000000004440e-03 4.777647067628586264e+00
4.536419999999999897e-01 2.258280000000000010e-01 3.311499999999995003e-03 -6.622499999999989506e-03 2.499999999933111283e-07 4.966749999999998944e-03 4.052193541892733464e+01
4.602649999999999797e-01 2.192050000000000110e-01 3.311499999999995003e-03 0.000000000000000000e+00 -1.655749999999997502e-03 8.278249999999993947e-03 7.548992936802660552e+02
4.602649999999999797e-01 2.258280000000000010e-01 0.000000000000000000e+00 9.933999999999998387e-03 -2.499999999933111283e-07 6.622499999999996445e-03 2.533329598799947957e-03
4.602649999999999797e-01 2.390730000000000077e-01 3.311000000000008381e-03 1.324499999999999289e-02 3.311250000000001692e-03 1.655499999999997252e-03 -1.508057306240468520e+01
4.668869999999999965e-01 2.523179999999999867e-01 6.622500000000003384e-03 1.324499999999999289e-02 1.655749999999997502e-03 6.938893903907228378e-18 -6.753452022813567268e+00
4.735099999999999865e-01 2.655629999999999935e-01 6.622500000000003384e-03 1.324500000000000677e-02 0.000000000000000000e+00 6.938893903907228378e-18 1.415113606263962064e-14
4.801320000000000032e-01 2.788080000000000003e-01 6.622500000000003384e-03 1.324500000000000677e-02 0.000000000000000000e+00 0.000000000000000000e+00 0.000000000000000000e+00
4.867549999999999932e-01 2.920530000000000070e-01 6.622500000000003384e-03 1.324500000000000677e-02 0.000000000000000000e+00 0.000000000000000000e+00 0.000000000000000000e+00
4.933770000000000100e-01 3.052980000000000138e-01 6.622500000000003384e-03 1.324500000000000677e-02 1.655749999999983624e-03 -1.655500000000004190e-03 -1.012966818581152673e+01
5.000000000000000000e-01 3.185430000000000206e-01 9.933999999999970631e-03 9.933999999999998387e-03 1.655749999999997502e-03 -3.311250000000001692e-03 -1.779511730386926516e+01
5.132449999999999513e-01 3.251660000000000106e-01 9.933999999999998387e-03 6.622500000000003384e-03 1.387778780781445676e-17 -3.311499999999995003e-03 -1.933015215237843520e+01
5.198679999999999968e-01 3.317880000000000273e-01 9.933999999999998387e-03 3.311000000000008381e-03 -2.500000000071889161e-07 -3.311250000000001692e-03 -2.864900941916928190e+01
5.331129999999999480e-01 3.317880000000000273e-01 9.933499999999984009e-03 0.000000000000000000e+00 -2.499999999794333405e-07 -4.966750000000005882e-03 -5.033472592741755136e+01
5.397349999999999648e-01 3.317880000000000273e-01 9.933500000000039520e-03 -6.622500000000003384e-03 2.500000000071889161e-07 -6.622500000000003384e-03 -3.865850819822497897e+01
5.529800000000000271e-01 3.185430000000000206e-01 9.933999999999998387e-03 -1.324500000000000677e-02 2.499999999794333405e-07 -3.311250000000001692e-03 -7.247273908540903697e+00
5.596029999999999616e-01 3.052980000000000138e-01 9.933999999999998387e-03 -1.324500000000000677e-02 1.655500000000004190e-03 -4.966999999999999194e-03 -6.040762960326331310e+00
5.728480000000000238e-01 2.920530000000000070e-01 1.324500000000000677e-02 -2.317900000000000515e-02 -2.500000000071889161e-07 -4.966999999999999194e-03 -3.458022639670459863e+00
5.860929999999999751e-01 2.589400000000000035e-01 9.933499999999984009e-03 -2.317900000000000515e-02 -3.311249999999987814e-03 3.311500000000001942e-03 -2.734708552218980682e+00
5.927149999999999919e-01 2.456949999999999967e-01 6.622500000000031140e-03 -1.655600000000000127e-02 -3.310999999999980625e-03 1.655750000000004440e-03 -7.734470703505721190e+00
5.993380000000000374e-01 2.258280000000000010e-01 3.311500000000022759e-03 -1.986749999999999627e-02 -3.311250000000015570e-03 -2.500000000002500222e-07 -8.051179319520796795e+00
5.993380000000000374e-01 2.059600000000000042e-01 0.000000000000000000e+00 -1.655650000000000177e-02 -1.655750000000011379e-03 1.655749999999997502e-03 -6.040288703765749112e+00
5.993380000000000374e-01 1.927149999999999974e-01 0.000000000000000000e+00 -1.655600000000000127e-02 -1.655750000000011379e-03 -3.311000000000001442e-03 -6.040653549133817357e+00
5.993380000000000374e-01 1.728480000000000016e-01 -3.311500000000022759e-03 -2.317850000000000465e-02 -3.311250000000015570e-03 -1.655749999999997502e-03 -5.552238249034718187e+00
5.927149999999999919e-01 1.463579999999999881e-01 -6.622500000000031140e-03 -1.986749999999999627e-02 -1.655499999999976435e-03 6.622250000000003134e-03 -8.355888961259887893e+00
5.860929999999999751e-01 1.331130000000000091e-01 -6.622499999999975628e-03 -9.933999999999998387e-03 2.775557561562891351e-17 4.966749999999995474e-03 -1.932771997693324550e+01
5.794700000000000406e-01 1.264899999999999913e-01 -6.622499999999975628e-03 -9.934000000000005326e-03 1.655749999999983624e-03 2.500000000002500222e-07 9.664103220701299790e+00
5.728480000000000238e-01 1.132449999999999984e-01 -3.311000000000008381e-03 -9.933499999999997887e-03 1.655499999999976435e-03 1.655750000000004440e-03 9.549525554117270332e+00
5.728480000000000238e-01 1.066229999999999956e-01 -3.311500000000022759e-03 -6.622499999999996445e-03 -1.655750000000011379e-03 3.311000000000001442e-03 -5.402312927016291866e+01
5.662249999999999783e-01 1.000000000000000056e-01 -6.622500000000031140e-03 -3.311499999999995003e-03 -1.655499999999976435e-03 3.311249999999998223e-03 -6.752636257661542629e+01
5.596029999999999616e-01 1.000000000000000056e-01 -6.622499999999975628e-03 0.000000000000000000e+00 2.775557561562891351e-17 1.655749999999997502e-03 -3.775294451448684185e+01
5.529800000000000271e-01 1.000000000000000056e-01 -6.622499999999975628e-03 0.000000000000000000e+00 -2.775557561562891351e-17 1.655749999999997502e-03 -3.775294451448684185e+01
5.463580000000000103e-01 1.000000000000000056e-01 -6.622500000000031140e-03 3.311499999999995003e-03 -2.775557561562891351e-17 3.311249999999998223e-03 -5.402109012287937873e+01
5.397349999999999648e-01 1.066229999999999956e-01 -6.622500000000031140e-03 6.622499999999996445e-03 2.775557561562891351e-17 1.655500000000004190e-03 -1.334566618518523562e+01
5.331129999999999480e-01 1.132449999999999984e-01 -6.622499999999975628e-03 6.622500000000003384e-03 -1.655749999999983624e-03 0.000000000000000000e+00 1.334768153797641865e+01
5.264900000000000135e-01 1.198680000000000023e-01 -9.933999999999998387e-03 6.622499999999996445e-03 -3.311250000000015570e-03 1.655499999999997252e-03 3.221854180219578367e+00
5.132449999999999513e-01 1.264899999999999913e-01 -1.324500000000000677e-02 9.933499999999997887e-03 1.387778780781445676e-17 1.655750000000000971e-03 -4.832508243508954138e+00
5.000000000000000000e-01 1.397349999999999981e-01 -9.933999999999970631e-03 9.933999999999998387e-03 1.655500000000004190e-03 -1.655499999999997252e-03 -4.154528584656333557e-14
4.933770000000000100e-01 1.463579999999999881e-01 -9.933999999999998387e-03 6.622500000000003384e-03 2.499999999794333405e-07 -3.311499999999995003e-03 1.932917929689061864e+01
4.801320000000000032e-01 1.529800000000000049e-01 -9.933500000000011765e-03 3.311000000000008381e-03 -1.655500000000004190e-03 -1.655500000000004190e-03 1.909977215365589132e+01
4.735099999999999865e-01 1.529800000000000049e-01 -1.324500000000000677e-02 3.311499999999995003e-03 -3.311499999999995003e-03 2.499999999933111283e-07 4.307876844290032814e+00
4.536419999999999897e-01 1.596029999999999949e-01 -1.655650000000000177e-02 3.311499999999995003e-03 1.655750000000011379e-03 -1.655749999999997502e-03 4.556045895329805973e+00
4.403969999999999829e-01 1.596029999999999949e-01 -9.933499999999984009e-03 0.000000000000000000e+00 1.655750000000011379e-03 -3.311499999999995003e-03 3.355986206445719233e+01
4.337750000000000217e-01 1.596029999999999949e-01 -1.324499999999997901e-02 -3.311499999999995003e-03 -1.655750000000011379e-03 -3.311250000000001692e-03 1.507952062457156472e+01
4.139070000000000249e-01 1.529800000000000049e-01 -1.324500000000000677e-02 -6.622500000000003384e-03 4.966999999999985316e-03 -1.655500000000004190e-03 1.688210051180757532e+01
4.072850000000000081e-01 1.463579999999999881e-01 -3.311000000000008381e-03 -6.622500000000003384e-03 4.966750000000005882e-03 -1.655749999999997502e-03 9.454343360528372386e+01
4.072850000000000081e-01 1.397349999999999981e-01 -3.311499999999995003e-03 -9.933999999999998387e-03 -1.655749999999997502e-03 -3.311249999999998223e-03 -4.775339604686652528e+00
4.006620000000000181e-01 1.264899999999999913e-01 -6.622500000000003384e-03 -1.324499999999999983e-02 1.655749999999997502e-03 -3.311249999999998223e-03 1.350639419721837520e+01
3.940400000000000014e-01 1.132449999999999984e-01 0.000000000000000000e+00 -1.655649999999999483e-02 4.966750000000005882e-03 0.000000000000000000e+00 1.811904207726311000e+01
4.006620000000000181e-01 9.337700000000000167e-02 3.311000000000008381e-03 -1.324499999999999983e-02 3.311250000000001692e-03 1.655749999999997502e-03 1.938888997949920423e+01
4.006620000000000181e-01 8.675499999999999878e-02 6.622500000000003384e-03 -1.324499999999999983e-02 4.966999999999985316e-03 0.000000000000000000e+00 2.025933637162312095e+01
4.139070000000000249e-01 6.688700000000000201e-02 1.324499999999997901e-02 -1.324499999999999983e-02 1.655749999999997502e-03 3.311249999999999957e-03 1.001025731528450002e+01
4.271519999999999762e-01 6.026499999999999913e-02 9.933999999999998387e-03 -6.622499999999999915e-03 1.387778780781445676e-17 3.311249999999999957e-03 1.932869283242132852e+01
4.337750000000000217e-01 5.364200000000000218e-02 1.324500000000000677e-02 -6.622499999999999915e-03 6.622249999999996195e-03 1.655749999999999236e-03 2.025882652321437050e+01
4.536419999999999897e-01 4.701999999999999930e-02 2.317849999999999078e-02 -3.311000000000001442e-03 1.655749999999997502e-03 4.966750000000000678e-03 9.396076451497801685e+00
4.801320000000000032e-01 4.701999999999999930e-02 1.655650000000000177e-02 3.311000000000001442e-03 -4.966499999999984816e-03 6.622250000000001399e-03 2.619471066289256100e+01
4.867549999999999932e-01 5.364200000000000218e-02 1.324550000000002115e-02 9.933500000000001356e-03 -1.655750000000011379e-03 3.311500000000000207e-03 1.328870809587344048e+01
5.066230000000000455e-01 6.688700000000000201e-02 1.324499999999997901e-02 9.934000000000001857e-03 -3.311500000000022759e-03 2.499999999985152987e-07 7.249280365808721704e+00
5.132449999999999513e-01 7.351000000000000589e-02 6.622499999999975628e-03 9.933999999999998387e-03 -4.966749999999978127e-03 -2.500000000019847457e-07 2.899133673316545767e+01
5.198679999999999968e-01 8.675499999999999878e-02 3.311500000000022759e-03 9.933499999999997887e-03 -1.655749999999983624e-03 0.000000000000000000e+00 1.432652358450371111e+01
5.198679999999999968e-01 9.337700000000000167e-02 3.311000000000008381e-03 9.933999999999998387e-03 -2.500000000071889161e-07 2.500000000002500222e-07 2.884007486131478452e-03
5.264900000000000135e-01 1.066229999999999956e-01 3.311000000000008381e-03 9.933999999999998387e-03 -1.655500000000004190e-03 -2.500000000002500222e-07 1.432306270584164665e+01
5.264900000000000135e-01 1.132449999999999984e-01 0.000000000000000000e+00 9.933499999999997887e-03 -1.655500000000004190e-03 3.469446951953614189e-18 1.677739744759442431e+01
5.264900000000000135e-01 1.264899999999999913e-01 0.000000000000000000e+00 9.934000000000005326e-03 0.000000000000000000e+00 -1.655249999999990063e-03 -0.000000000000000000e+00
5.264900000000000135e-01 1.331130000000000091e-01 0.000000000000000000e+00 6.623000000000017762e-03 0.000000000000000000e+00 -3.310999999999987564e-03 -0.000000000000000000e+00
