4.470199999999999729e-01 2.059600000000000042e-01 -6.622999999999990006e-03 0.000000000000000000e+00 5.000000000143778323e-07 6.622500000000003384e-03 -1.509775789689115584e+02
4.403969999999999829e-01 2.059600000000000042e-01 -6.622499999999975628e-03 6.622500000000003384e-03 1.656000000000004690e-03 6.622499999999996445e-03 -6.673639233709106122e+01
4.337750000000000217e-01 2.192050000000000110e-01 -3.310999999999980625e-03 1.324499999999999289e-02 4.966749999999978127e-03 1.655749999999997502e-03 -2.800552381368819965e+01
4.337750000000000217e-01 2.324499999999999900e-01 3.310999999999980625e-03 9.933999999999998387e-03 3.310999999999980625e-03 -1.655499999999997252e-03 -3.342168122602319613e+01
4.403969999999999829e-01 2.390730000000000077e-01 3.310999999999980625e-03 9.933999999999998387e-03 2.500000000071889161e-07 -2.500000000002500222e-07 -2.884007486131478885e-03
4.403969999999999829e-01 2.523179999999999867e-01 3.311499999999995003e-03 9.933499999999997887e-03 4.967000000000013071e-03 1.655500000000004190e-03 -3.820214011873832760e+01
4.470199999999999729e-01 2.589400000000000035e-01 1.324500000000000677e-02 1.324500000000000677e-02 4.966750000000005882e-03 2.500000000002500222e-07 -1.000924963888874863e+01
4.668869999999999965e-01 2.788080000000000003e-01 1.324500000000000677e-02 9.933999999999998387e-03 -1.655500000000004190e-03 -6.622500000000003384e-03 -1.570379483838081747e+01
4.735099999999999865e-01 2.788080000000000003e-01 9.933999999999998387e-03 0.000000000000000000e+00 -1.655749999999997502e-03 -4.966999999999999194e-03 -5.033219247030401533e+01
4.867549999999999932e-01 2.788080000000000003e-01 9.933500000000011765e-03 0.000000000000000000e+00 1.387778780781445676e-17 -1.655749999999997502e-03 -1.677993103222850024e+01
4.933770000000000100e-01 2.788080000000000003e-01 9.934000000000026143e-03 -3.311499999999995003e-03 2.499999999794333405e-07 -4.966999999999999194e-03 -4.297300938552730543e+01
5.066230000000000455e-01 2.721850000000000103e-01 9.933999999999970631e-03 -9.933999999999998387e-03 -1.655750000000025257e-03 -4.966750000000005882e-03 -2.372622596031301967e+01
5.132449999999999513e-01 2.589400000000000035e-01 6.622499999999975628e-03 -1.324500000000000677e-02 -1.655749999999969746e-03 2.500000000002500222e-07 -6.752942174404687137e+00
5.198679999999999968e-01 2.456949999999999967e-01 6.622500000000031140e-03 -9.933499999999997887e-03 0.000000000000000000e+00 1.655750000000004440e-03 6.443895497366074032e+00
5.264900000000000135e-01 2.390730000000000077e-01 6.622499999999975628e-03 -9.933499999999997887e-03 -1.655500000000031946e-03 -2.500000000002500222e-07 -9.665113546518242060e+00
5.331129999999999480e-01 2.258280000000000010e-01 3.311499999999967248e-03 -9.933999999999998387e-03 -1.655749999999983624e-03 1.655499999999997252e-03 -9.550679209373251766e+00
5.331129999999999480e-01 2.192050000000000110e-01 3.311000000000008381e-03 -6.622500000000003384e-03 -2.499999999794333405e-07 1.655749999999997502e-03 1.350241711786890697e+01
5.397349999999999648e-01 2.125829999999999942e-01 3.311000000000008381e-03 -6.622500000000003384e-03 2.500000000071889161e-07 3.311250000000001692e-03 2.701503181981847845e+01
5.397349999999999648e-01 2.059600000000000042e-01 3.311500000000022759e-03 0.000000000000000000e+00 2.500000000071889161e-07 6.622500000000003384e-03 6.039103158756361154e+02
5.463580000000000103e-01 2.125829999999999942e-01 3.311500000000022759e-03 6.622500000000003384e-03 -2.500000000071889161e-07 4.966749999999998944e-03 4.052193541892748385e+01
5.463580000000000103e-01 2.192050000000000110e-01 3.311000000000008381e-03 9.933499999999997887e-03 1.655499999999976435e-03 3.311249999999994753e-03 -4.774762777058534802e+00
5.529800000000000271e-01 2.324499999999999900e-01 6.622499999999975628e-03 1.324499999999999289e-02 4.966999999999999194e-03 4.967000000000006132e-03 -1.012966818581164041e+01
5.596029999999999616e-01 2.456949999999999967e-01 1.324500000000000677e-02 1.986750000000001015e-02 4.966750000000019760e-03 1.655750000000004440e-03 -5.637384170701632335e+00
5.794700000000000406e-01 2.721850000000000103e-01 1.655600000000001515e-02 1.655650000000000177e-02 -1.655500000000004190e-03 -6.622500000000003384e-03 -6.406403453802207437e+00
5.927149999999999919e-01 2.788080000000000003e-01 9.933999999999998387e-03 6.622500000000003384e-03 -3.311000000000008381e-03 -4.966999999999999194e-03 -1.610927082764670004e+01
5.993380000000000374e-01 2.854300000000000170e-01 9.933999999999998387e-03 6.622500000000003384e-03 1.655500000000004190e-03 -1.655500000000004190e-03 -1.610586579671396024e+01
6.125829999999999886e-01 2.920530000000000070e-01 1.324500000000000677e-02 3.311499999999995003e-03 1.655500000000004190e-03 -3.311250000000001692e-03 -1.938837332819957737e+01
6.258280000000000509e-01 2.920530000000000070e-01 1.324500000000000677e-02 0.000000000000000000e+00 -2.775557561562891351e-17 -3.311499999999995003e-03 -1.887647225724325750e+01
6.390730000000000022e-01 2.920530000000000070e-01 1.324499999999995126e-02 -3.311499999999995003e-03 0.000000000000000000e+00 -3.311250000000001692e-03 -1.723410963598189483e+01
6.523179999999999534e-01 2.854300000000000170e-01 1.324500000000000677e-02 -6.622500000000003384e-03 -1.655749999999955868e-03 -3.311000000000008381e-03 -1.688159066339874315e+01
6.655630000000000157e-01 2.788080000000000003e-01 9.933500000000039520e-03 -9.933500000000011765e-03 -3.311250000000015570e-03 -3.311250000000001692e-03 -2.372861452658720083e+01
6.721850000000000325e-01 2.655629999999999935e-01 6.622499999999975628e-03 -1.324500000000000677e-02 -1.655500000000031946e-03 -1.655749999999990563e-03 -1.012915833740292015e+01
6.788079999999999670e-01 2.523179999999999867e-01 6.622499999999975628e-03 -1.324499999999999289e-02 2.775557561562891351e-17 6.938893903907228378e-18 1.273602245637570701e-13
6.854299999999999837e-01 2.390730000000000077e-01 6.622500000000031140e-03 -1.324499999999999289e-02 2.775557561562891351e-17 -4.967000000000006132e-03 -1.012966818581152673e+01
6.920530000000000292e-01 2.258280000000000010e-01 6.622500000000031140e-03 -2.317900000000000515e-02 -1.655750000000011379e-03 -4.967000000000006132e-03 -5.087680273520650331e+00
6.986750000000000460e-01 1.927149999999999974e-01 3.311000000000008381e-03 -2.317900000000000515e-02 -3.311250000000015570e-03 2.500000000002500222e-07 -5.979147378444096717e+00
6.986750000000000460e-01 1.794699999999999906e-01 0.000000000000000000e+00 -2.317850000000000465e-02 -3.311000000000008381e-03 2.500000000071889161e-07 -6.162948328682067434e+00
6.986750000000000460e-01 1.463579999999999881e-01 -3.311000000000008381e-03 -2.317849999999999078e-02 -3.311250000000015570e-03 4.966750000000005882e-03 -7.260660232178627105e+00
6.920530000000000292e-01 1.331130000000000091e-01 -6.622500000000031140e-03 -1.324499999999999289e-02 -1.655750000000011379e-03 4.966749999999992005e-03 -1.688261036021644657e+01
6.854299999999999837e-01 1.198680000000000023e-01 -6.622500000000031140e-03 -1.324500000000000677e-02 2.775557561562891351e-17 -2.500000000037194692e-07 5.098484089093792589e-04
6.788079999999999670e-01 1.066229999999999956e-01 -6.622499999999975628e-03 -1.324550000000000033e-02 2.775557561562891351e-17 1.655500000000004190e-03 -3.375910294368893894e+00
6.721850000000000325e-01 9.337700000000000167e-02 -6.622499999999975628e-03 -9.933999999999998387e-03 -2.775557561562891351e-17 1.656000000000001221e-03 -6.444194751457711590e+00
6.655630000000000157e-01 8.675499999999999878e-02 -6.622500000000031140e-03 -9.933499999999997887e-03 1.655499999999976435e-03 0.000000000000000000e+00 9.664140589323617192e+00
6.589399999999999702e-01 7.351000000000000589e-02 -3.311500000000022759e-03 -9.933999999999998387e-03 1.655750000000011379e-03 1.655499999999997252e-03 9.550679209373360123e+00
6.589399999999999702e-01 6.688700000000000201e-02 -3.311000000000008381e-03 -6.622500000000003384e-03 -1.655499999999976435e-03 3.311499999999998473e-03 -5.402394502759491246e+01
6.523179999999999534e-01 6.026499999999999913e-02 -6.622499999999975628e-03 -3.311000000000001442e-03 -1.655749999999983624e-03 3.311250000000001692e-03 -6.753248075750559565e+01
6.456950000000000189e-01 6.026499999999999913e-02 -6.622499999999975628e-03 0.000000000000000000e+00 1.655749999999983624e-03 3.311000000000001442e-03 -7.549448847197110979e+01
6.390730000000000022e-01 6.026499999999999913e-02 -3.311000000000008381e-03 3.311000000000001442e-03 1.655499999999976435e-03 3.311250000000001692e-03 -1.601802419973225540e+02
6.390730000000000022e-01 6.688700000000000201e-02 -3.311500000000022759e-03 6.622500000000003384e-03 -1.655749999999983624e-03 3.311499999999998473e-03 -2.039455218448028677e-03
6.324499999999999567e-01 7.351000000000000589e-02 -6.622499999999975628e-03 9.933999999999998387e-03 2.500000000349444917e-07 1.655499999999997252e-03 -6.443708360439203808e+00
6.258280000000000509e-01 8.675499999999999878e-02 -3.310999999999952870e-03 9.933499999999997887e-03 1.655499999999976435e-03 0.000000000000000000e+00 -1.432500937659700035e+01
6.258280000000000509e-01 9.337700000000000167e-02 -3.311500000000022759e-03 9.933999999999998387e-03 -1.655750000000039135e-03 2.500000000002500222e-07 1.432457676676910552e+01
6.192050000000000054e-01 1.066229999999999956e-01 -6.622500000000031140e-03 9.933999999999998387e-03 -1.655499999999976435e-03 -2.500000000002500222e-07 9.664589611719723194e+00
6.125829999999999886e-01 1.132449999999999984e-01 -6.622499999999975628e-03 9.933499999999997887e-03 2.775557561562891351e-17 3.469446951953614189e-18 -1.755283375751848156e-13
6.059600000000000541e-01 1.264899999999999913e-01 -6.622499999999975628e-03 9.934000000000005326e-03 -2.775557561562891351e-17 -1.655499999999997252e-03 6.442249040482005640e+00
5.993380000000000374e-01 1.331130000000000091e-01 -6.622500000000031140e-03 6.622500000000003384e-03 -1.655750000000011379e-03 -1.655750000000007910e-03 2.669536307595297231e+01
5.927149999999999919e-01 1.397349999999999981e-01 -9.933999999999998387e-03 6.622499999999989506e-03 -1.655499999999976435e-03 0.000000000000000000e+00 6.442249040481772049e+00
5.794700000000000406e-01 1.463579999999999881e-01 -9.933499999999984009e-03 6.622500000000003384e-03 -1.655500000000004190e-03 -1.655749999999990563e-03 1.610852252855772804e+01
5.728480000000000238e-01 1.529800000000000049e-01 -1.324500000000000677e-02 3.311000000000008381e-03 -1.655750000000011379e-03 -3.311250000000001692e-03 1.938888997949920423e+01
5.529800000000000271e-01 1.529800000000000049e-01 -1.324500000000000677e-02 0.000000000000000000e+00 3.311249999999987814e-03 -1.655500000000004190e-03 9.436811058996328327e+00
5.463580000000000103e-01 1.529800000000000049e-01 -6.622500000000031140e-03 0.000000000000000000e+00 1.655500000000004190e-03 0.000000000000000000e+00 -0.000000000000000000e+00
5.397349999999999648e-01 1.529800000000000049e-01 -9.933999999999998387e-03 0.000000000000000000e+00 -1.655499999999976435e-03 0.000000000000000000e+00 0.000000000000000000e+00
5.264900000000000135e-01 1.529800000000000049e-01 -9.933499999999984009e-03 0.000000000000000000e+00 1.655749999999983624e-03 -1.655500000000004190e-03 1.677739744759447760e+01
5.198679999999999968e-01 1.529800000000000049e-01 -6.622500000000031140e-03 -3.311000000000008381e-03 1.655500000000004190e-03 -3.311250000000001692e-03 6.753044142546644935e+01
5.132449999999999513e-01 1.463579999999999881e-01 -6.622499999999975628e-03 -6.622500000000003384e-03 2.775557561562891351e-17 -2.499999999933111283e-07 2.015352791650500131e-03
5.066230000000000455e-01 1.397349999999999981e-01 -6.622499999999975628e-03 -3.311499999999995003e-03 -2.500000000210667039e-07 0.000000000000000000e+00 -2.039455218193042541e-03
5.000000000000000000e-01 1.397349999999999981e-01 -6.623000000000017762e-03 -6.622500000000003384e-03 1.655499999999990313e-03 -3.311000000000001442e-03 4.003447958330015410e+01
4.933770000000000100e-01 1.264899999999999913e-01 -3.311499999999995003e-03 -9.933499999999997887e-03 1.656000000000004690e-03 -1.655499999999997252e-03 1.910395421927735171e+01
4.933770000000000100e-01 1.198680000000000023e-01 -3.311000000000008381e-03 -9.933499999999997887e-03 2.499999999933111283e-07 -2.500000000002500222e-07 2.884290569809332388e-03
4.867549999999999932e-01 1.066229999999999956e-01 -3.311000000000008381e-03 -9.933999999999998387e-03 1.655500000000004190e-03 -1.656000000000001221e-03 1.909933946761750789e+01
4.867549999999999932e-01 1.000000000000000056e-01 0.000000000000000000e+00 -1.324550000000000033e-02 3.311000000000008381e-03 -1.655500000000000721e-03 1.887219723664497550e+01
4.867549999999999932e-01 8.013199999999999490e-02 3.311000000000008381e-03 -1.324499999999999983e-02 3.311250000000001692e-03 1.656000000000001221e-03 1.938921525823964842e+01
4.933770000000000100e-01 7.351000000000000589e-02 6.622500000000003384e-03 -9.933499999999997887e-03 1.656000000000004690e-03 3.311249999999998223e-03 2.255387742498591663e+01
5.000000000000000000e-01 6.026499999999999913e-02 6.623000000000017762e-03 -6.622500000000003384e-03 3.311250000000001692e-03 3.310999999999999707e-03 5.338064957815780787e+01
5.066230000000000455e-01 6.026499999999999913e-02 1.324500000000000677e-02 -3.311499999999998473e-03 3.310999999999966747e-03 1.734723475976807094e-18 4.308527384435592467e+00
5.264900000000000135e-01 5.364200000000000218e-02 1.324499999999995126e-02 -6.622499999999999915e-03 0.000000000000000000e+00 2.499999999985152987e-07 1.019696817571118502e-03
5.331129999999999480e-01 4.701999999999999930e-02 1.324500000000000677e-02 -3.311000000000001442e-03 1.655500000000031946e-03 3.311249999999999957e-03 1.938856470075878491e+01
5.529800000000000271e-01 4.701999999999999930e-02 1.655600000000001515e-02 0.000000000000000000e+00 0.000000000000000000e+00 1.655500000000000721e-03 6.039741477029112460e+00
5.662249999999999783e-01 4.701999999999999930e-02 1.324500000000000677e-02 0.000000000000000000e+00 -1.655500000000004190e-03 1.655500000000000721e-03 9.436811058996308788e+00
5.794700000000000406e-01 4.701999999999999930e-02 1.324500000000000677e-02 3.311000000000001442e-03 0.000000000000000000e+00 3.311249999999999957e-03 1.723456888158169775e+01
5.927149999999999919e-01 5.364200000000000218e-02 1.324500000000000677e-02 6.622499999999999915e-03 -1.655500000000004190e-03 1.655749999999999236e-03 1.012966818581159245e+01
6.059600000000000541e-01 6.026499999999999913e-02 9.933999999999998387e-03 6.622499999999999915e-03 -1.655500000000004190e-03 1.655499999999998986e-03 1.610586579671393892e+01
6.125829999999999886e-01 6.688700000000000201e-02 9.933999999999998387e-03 9.933499999999997887e-03 -1.655749999999983624e-03 1.655749999999999236e-03 1.186460580026266243e+01
6.258280000000000509e-01 8.013199999999999490e-02 6.622500000000031140e-03 9.933999999999998387e-03 -4.966999999999999194e-03 -1.655499999999997252e-03 2.255151986812849074e+01
6.258280000000000509e-01 8.675499999999999878e-02 0.000000000000000000e+00 6.622500000000003384e-03 -3.311250000000015570e-03 -1.655749999999997502e-03 7.550018875047214806e+01
6.258280000000000509e-01 9.337700000000000167e-02 0.000000000000000000e+00 6.622500000000003384e-03 1.655499999999976435e-03 2.499999999967805753e-07 -3.774724423598468093e+01
6.258280000000000509e-01 1.000000000000000056e-01 3.310999999999952870e-03 6.622999999999996945e-03 1.655499999999976435e-03 -3.469446951953614189e-18 -2.700809781990003344e+01
6.324499999999999567e-01 1.066229999999999956e-01 3.310999999999952870e-03 6.622499999999996445e-03 -1.655499999999976435e-03 -4.999999999970305975e-07 2.700687418370173631e+01
6.324499999999999567e-01 1.132449999999999984e-01 0.000000000000000000e+00 6.622000000000002884e-03 -3.310999999999952870e-03 -4.999999999935611505e-07 7.550588945937668939e+01
