3.675499999999999878e-01 1.927149999999999974e-01 6.622000000000016762e-03 -6.621999999999989006e-03 -6.622000000000016762e-03 3.310999999999994503e-03 -2.669536322812394857e+01
3.741720000000000046e-01 1.860930000000000084e-01 0.000000000000000000e+00 -3.310999999999994503e-03 -4.966500000000012571e-03 4.966499999999991755e-03 -4.530353367562696576e+02
3.675499999999999878e-01 1.860930000000000084e-01 -3.311000000000008381e-03 3.310999999999994503e-03 0.000000000000000000e+00 4.966749999999992005e-03 -1.601802419973236340e+02
3.675499999999999878e-01 1.927149999999999974e-01 0.000000000000000000e+00 6.622499999999989506e-03 1.655500000000004190e-03 1.655750000000004440e-03 -3.774724423598548384e+01
3.675499999999999878e-01 1.993379999999999874e-01 0.000000000000000000e+00 6.622500000000003384e-03 0.000000000000000000e+00 6.938893903907228378e-18 0.000000000000000000e+00
3.675499999999999878e-01 2.059600000000000042e-01 0.000000000000000000e+00 6.622500000000003384e-03 1.655500000000004190e-03 0.000000000000000000e+00 -3.774724423598531331e+01
3.675499999999999878e-01 2.125829999999999942e-01 3.311000000000008381e-03 6.622500000000003384e-03 3.311250000000001692e-03 0.000000000000000000e+00 -5.402598466759678075e+01
3.741720000000000046e-01 2.192050000000000110e-01 6.622500000000003384e-03 6.622500000000003384e-03 1.655749999999997502e-03 -6.938893903907228378e-18 -1.334768153797650037e+01
3.807949999999999946e-01 2.258280000000000010e-01 6.622500000000003384e-03 6.622499999999989506e-03 0.000000000000000000e+00 -1.655750000000004440e-03 -1.334768153797654300e+01
3.874170000000000114e-01 2.324499999999999900e-01 6.622500000000003384e-03 3.310999999999994503e-03 1.655749999999997502e-03 -1.655499999999990313e-03 -4.051744893768675126e+01
3.940400000000000014e-01 2.324499999999999900e-01 9.933999999999998387e-03 3.311500000000008881e-03 1.655500000000004190e-03 2.500000000071889161e-07 -4.772455618970910862e+00
4.072850000000000081e-01 2.390730000000000077e-01 9.933500000000011765e-03 3.311500000000008881e-03 -1.655749999999997502e-03 -1.655750000000004440e-03 -9.550534975243850866e+00
4.139070000000000249e-01 2.390730000000000077e-01 6.622500000000003384e-03 0.000000000000000000e+00 2.499999999933111283e-07 -1.655750000000004440e-03 -3.775294451448667132e+01
4.205300000000000149e-01 2.390730000000000077e-01 9.933999999999998387e-03 0.000000000000000000e+00 1.655499999999990313e-03 -1.655750000000004440e-03 -1.677824193330101110e+01
4.337750000000000217e-01 2.390730000000000077e-01 9.933499999999984009e-03 -3.311500000000008881e-03 -1.655750000000011379e-03 -1.655750000000004440e-03 -1.910251219376404208e+01
4.403969999999999829e-01 2.324499999999999900e-01 6.622499999999975628e-03 -3.311500000000008881e-03 -1.655499999999990313e-03 2.500000000071889161e-07 -1.350119385123532645e+01
4.470199999999999729e-01 2.324499999999999900e-01 6.622500000000003384e-03 -3.310999999999994503e-03 1.387778780781445676e-17 -1.655499999999990313e-03 -2.701095284777825611e+01
4.536419999999999897e-01 2.258280000000000010e-01 6.622500000000003384e-03 -6.622499999999989506e-03 -1.655500000000004190e-03 -3.311500000000001942e-03 -4.004102926113806404e+01
4.602649999999999797e-01 2.192050000000000110e-01 3.311499999999995003e-03 -9.933999999999998387e-03 -1.655749999999997502e-03 -1.655500000000011129e-03 -1.909991637145546761e+01
4.602649999999999797e-01 2.059600000000000042e-01 3.311000000000008381e-03 -9.933500000000011765e-03 -2.499999999933111283e-07 1.655749999999997502e-03 4.773320577330687264e+00
4.668869999999999965e-01 1.993379999999999874e-01 3.311000000000008381e-03 -6.622500000000003384e-03 2.499999999933111283e-07 -2.499999999933111283e-07 2.039640001441709281e-03
4.668869999999999965e-01 1.927149999999999974e-01 3.311499999999995003e-03 -9.933999999999998387e-03 2.499999999933111283e-07 -1.655499999999997252e-03 -4.772455618970997016e+00
4.735099999999999865e-01 1.794699999999999906e-01 3.311499999999995003e-03 -9.933499999999997887e-03 -3.311499999999995003e-03 3.311500000000001942e-03 -1.910106995048765555e+01
4.735099999999999865e-01 1.728480000000000016e-01 -3.311499999999995003e-03 -3.310999999999994503e-03 -3.311499999999995003e-03 6.622249999999996195e-03 -3.203282301328881090e+02
4.668869999999999965e-01 1.728480000000000016e-01 -3.311499999999995003e-03 3.310999999999994503e-03 1.655749999999997502e-03 4.966749999999998944e-03 -2.135548407618371698e+02
4.668869999999999965e-01 1.794699999999999906e-01 0.000000000000000000e+00 6.622500000000003384e-03 1.655749999999997502e-03 1.655750000000004440e-03 -3.775294451448651500e+01
4.668869999999999965e-01 1.860930000000000084e-01 0.000000000000000000e+00 6.622500000000003384e-03 1.655749999999997502e-03 -6.938893903907228378e-18 -3.775294451448651500e+01
4.668869999999999965e-01 1.927149999999999974e-01 3.311499999999995003e-03 6.622499999999989506e-03 1.655749999999997502e-03 0.000000000000000000e+00 -2.701258436269041141e+01
4.735099999999999865e-01 1.993379999999999874e-01 3.311499999999995003e-03 6.622500000000003384e-03 -2.499999999933111283e-07 6.938893903907228378e-18 4.078602500731168951e-03
4.735099999999999865e-01 2.059600000000000042e-01 3.311000000000008381e-03 6.622500000000003384e-03 1.655500000000004190e-03 1.655749999999997502e-03 -1.350445675787012334e+01
4.801320000000000032e-01 2.125829999999999942e-01 6.622500000000003384e-03 9.933999999999998387e-03 3.311499999999995003e-03 1.655499999999997252e-03 -1.288790311189652549e+01
4.867549999999999932e-01 2.258280000000000010e-01 9.933999999999998387e-03 9.933499999999997887e-03 1.655750000000011379e-03 -1.655749999999997502e-03 -1.186460580026275480e+01
5.000000000000000000e-01 2.324499999999999900e-01 9.934000000000026143e-03 6.622500000000003384e-03 -1.655750000000011379e-03 -1.655499999999997252e-03 -3.220394860262299819e+00
5.066230000000000455e-01 2.390730000000000077e-01 6.622499999999975628e-03 6.622500000000003384e-03 -1.655750000000025257e-03 -1.655750000000004440e-03 2.247739112480564603e-13
5.132449999999999513e-01 2.456949999999999967e-01 6.622499999999975628e-03 3.310999999999994503e-03 2.775557561562891351e-17 -3.311250000000001692e-03 -5.402598466759744866e+01
5.198679999999999968e-01 2.456949999999999967e-01 6.622500000000031140e-03 0.000000000000000000e+00 1.655500000000004190e-03 -1.655499999999997252e-03 -3.774724423598483725e+01
5.264900000000000135e-01 2.456949999999999967e-01 9.933499999999984009e-03 0.000000000000000000e+00 1.655749999999983624e-03 0.000000000000000000e+00 0.000000000000000000e+00
5.397349999999999648e-01 2.456949999999999967e-01 9.933999999999998387e-03 0.000000000000000000e+00 1.655750000000011379e-03 -1.655499999999997252e-03 -1.677570860370207129e+01
5.463580000000000103e-01 2.456949999999999967e-01 1.324500000000000677e-02 -3.310999999999994503e-03 1.655500000000004190e-03 -3.311250000000001692e-03 -1.508057306240467099e+01
5.662249999999999783e-01 2.390730000000000077e-01 1.324500000000000677e-02 -6.622500000000003384e-03 -4.966749999999992005e-03 -1.655750000000004440e-03 -1.688261036021637906e+01
5.728480000000000238e-01 2.324499999999999900e-01 3.311500000000022759e-03 -6.622500000000003384e-03 -3.311250000000015570e-03 -3.311249999999994753e-03 -8.103367448557027330e+01
5.728480000000000238e-01 2.258280000000000010e-01 6.622499999999975628e-03 -1.324499999999999289e-02 1.655499999999976435e-03 -3.311250000000001692e-03 -5.098484088662486122e-04
5.860929999999999751e-01 2.059600000000000042e-01 6.622499999999975628e-03 -1.324500000000000677e-02 -1.655749999999983624e-03 3.311249999999994753e-03 -5.098484087608666547e-04
5.860929999999999751e-01 1.993379999999999874e-01 3.311000000000008381e-03 -6.622500000000003384e-03 -1.655749999999983624e-03 1.655500000000004190e-03 -1.351057506194790392e+01
5.927149999999999919e-01 1.927149999999999974e-01 3.311000000000008381e-03 -9.933999999999998387e-03 2.500000000071889161e-07 -1.655499999999997252e-03 -4.771950859418237378e+00
5.927149999999999919e-01 1.794699999999999906e-01 3.311500000000022759e-03 -9.933499999999997887e-03 2.500000000071889161e-07 2.500000000002500222e-07 2.884268789699631803e-03
5.993380000000000374e-01 1.728480000000000016e-01 3.311500000000022759e-03 -9.933499999999997887e-03 -1.655750000000011379e-03 -3.311500000000001942e-03 -2.387850080302408173e+01
5.993380000000000374e-01 1.596029999999999949e-01 0.000000000000000000e+00 -1.655650000000000177e-02 -1.655750000000011379e-03 -1.655749999999997502e-03 -6.040288703765749112e+00
5.993380000000000374e-01 1.397349999999999981e-01 0.000000000000000000e+00 -1.324499999999999289e-02 0.000000000000000000e+00 3.311500000000001942e-03 0.000000000000000000e+00
5.993380000000000374e-01 1.331130000000000091e-01 0.000000000000000000e+00 -9.933499999999997887e-03 0.000000000000000000e+00 -6.938893903907228378e-18 0.000000000000000000e+00
5.993380000000000374e-01 1.198680000000000023e-01 0.000000000000000000e+00 -1.324500000000000677e-02 0.000000000000000000e+00 -2.500000000002500222e-07 0.000000000000000000e+00
5.993380000000000374e-01 1.066229999999999956e-01 0.000000000000000000e+00 -9.933999999999998387e-03 0.000000000000000000e+00 -2.499999999967805753e-07 0.000000000000000000e+00
5.993380000000000374e-01 1.000000000000000056e-01 0.000000000000000000e+00 -1.324550000000000033e-02 -1.655750000000011379e-03 -1.655500000000000721e-03 -9.437523580360934972e+00
5.993380000000000374e-01 8.013199999999999490e-02 -3.311500000000022759e-03 -1.324499999999999983e-02 -1.655750000000011379e-03 3.311500000000001942e-03 -1.292688343007666774e+01
5.927149999999999919e-01 7.351000000000000589e-02 -3.311500000000022759e-03 -6.622499999999996445e-03 2.500000000071889161e-07 3.311249999999998223e-03 -2.700850576018955707e+01
5.927149999999999919e-01 6.688700000000000201e-02 -3.311000000000008381e-03 -6.622500000000003384e-03 -1.655499999999976435e-03 -1.655500000000002456e-03 -1.350649608990796757e+01
5.860929999999999751e-01 6.026499999999999913e-02 -6.622499999999975628e-03 -9.933500000000001356e-03 -2.499999999794333405e-07 -1.655749999999997502e-03 6.442436098304044734e+00
5.794700000000000406e-01 4.701999999999999930e-02 -3.311499999999967248e-03 -9.933999999999998387e-03 1.655749999999983624e-03 1.655500000000000721e-03 9.550679209373241108e+00
5.794700000000000406e-01 4.039700000000000235e-02 -3.311000000000008381e-03 -6.622499999999999915e-03 -1.655500000000031946e-03 1.655749999999998369e-03 -4.051744893768742628e+01
5.728480000000000238e-01 3.377499999999999947e-02 -6.622500000000031140e-03 -6.622500000000001649e-03 -1.655750000000011379e-03 0.000000000000000000e+00 -1.334768153797647550e+01
5.662249999999999783e-01 2.715199999999999905e-02 -6.622500000000031140e-03 -6.622499999999999915e-03 2.775557561562891351e-17 1.655750000000000971e-03 -1.334768153797622858e+01
5.596029999999999616e-01 2.052999999999999964e-02 -6.622499999999975628e-03 -3.310999999999999707e-03 2.775557561562891351e-17 1.655499999999999854e-03 -2.701095284777843020e+01
5.529800000000000271e-01 2.052999999999999964e-02 -6.622499999999975628e-03 -3.311500000000000207e-03 -2.775557561562891351e-17 -2.500000000002500222e-07 4.078602500561362074e-03
5.463580000000000103e-01 1.390699999999999922e-02 -6.622500000000031140e-03 -3.311500000000000207e-03 -2.775557561562891351e-17 1.655750000000000104e-03 -2.701258436269040786e+01
5.397349999999999648e-01 1.390699999999999922e-02 -6.622500000000031140e-03 0.000000000000000000e+00 2.775557561562891351e-17 1.655750000000000104e-03 -3.775294451448625921e+01
5.331129999999999480e-01 1.390699999999999922e-02 -6.622499999999975628e-03 0.000000000000000000e+00 2.775557561562891351e-17 1.655750000000000104e-03 -3.775294451448689870e+01
5.264900000000000135e-01 1.390699999999999922e-02 -6.622499999999975628e-03 3.311500000000000207e-03 1.655749999999983624e-03 3.311249999999999957e-03 -6.752840203183440337e+01
5.198679999999999968e-01 2.052999999999999964e-02 -3.311000000000008381e-03 6.622499999999999915e-03 1.655499999999976435e-03 -2.500000000002500222e-07 -2.700891351573975641e+01
5.198679999999999968e-01 2.715199999999999905e-02 -3.311500000000022759e-03 3.310999999999999707e-03 -1.655749999999983624e-03 -1.655499999999999854e-03 1.067733893710494897e+02
5.132449999999999513e-01 2.715199999999999905e-02 -6.622499999999975628e-03 3.311500000000000207e-03 -1.655499999999976435e-03 2.500000000002500222e-07 1.350119385123531046e+01
5.066230000000000455e-01 3.377499999999999947e-02 -6.622499999999975628e-03 3.311500000000000207e-03 -2.500000000210667039e-07 -2.499999999993826605e-07 6.118057718966680124e-03
5.000000000000000000e-01 3.377499999999999947e-02 -6.623000000000017762e-03 3.311000000000001442e-03 1.655499999999990313e-03 1.655499999999999854e-03 -4.051010776730880281e+01
4.933770000000000100e-01 4.039700000000000235e-02 -3.311499999999995003e-03 6.622499999999999915e-03 3.311500000000008881e-03 1.655749999999999236e-03 -6.753248063433508719e+01
4.933770000000000100e-01 4.701999999999999930e-02 0.000000000000000000e+00 6.622499999999999915e-03 1.655749999999997502e-03 0.000000000000000000e+00 -3.775294451448656474e+01
4.933770000000000100e-01 5.364200000000000218e-02 0.000000000000000000e+00 6.622499999999999915e-03 0.000000000000000000e+00 1.655750000000000971e-03 0.000000000000000000e+00
4.933770000000000100e-01 6.026499999999999913e-02 0.000000000000000000e+00 9.934000000000001857e-03 0.000000000000000000e+00 3.311249999999999957e-03 0.000000000000000000e+00
4.933770000000000100e-01 7.351000000000000589e-02 0.000000000000000000e+00 1.324499999999999983e-02 0.000000000000000000e+00 1.655499999999998986e-03 0.000000000000000000e+00
4.933770000000000100e-01 8.675499999999999878e-02 0.000000000000000000e+00 1.324499999999999983e-02 0.000000000000000000e+00 -1.655500000000000721e-03 -0.000000000000000000e+00
4.933770000000000100e-01 1.000000000000000056e-01 0.000000000000000000e+00 9.933999999999998387e-03 0.000000000000000000e+00 -3.311250000000001692e-03 -0.000000000000000000e+00
4.933770000000000100e-01 1.066229999999999956e-01 0.000000000000000000e+00 6.622499999999996445e-03 -1.655500000000004190e-03 -2.500000000002500222e-07 3.774724423598539857e+01
4.933770000000000100e-01 1.132449999999999984e-01 -3.311000000000008381e-03 9.933499999999997887e-03 -1.655500000000004190e-03 1.655750000000004440e-03 9.549525554117510140e+00
4.867549999999999932e-01 1.264899999999999913e-01 -3.311000000000008381e-03 9.934000000000005326e-03 -2.499999999933111283e-07 -3.310999999999994503e-03 9.550390898987510369e+00
4.867549999999999932e-01 1.331130000000000091e-01 -3.311499999999995003e-03 3.311500000000008881e-03 -1.655749999999997502e-03 -4.967000000000002663e-03 2.135225999861161199e+02
4.801320000000000032e-01 1.331130000000000091e-01 -6.622500000000003384e-03 0.000000000000000000e+00 -1.655500000000004190e-03 -1.655750000000004440e-03 3.775294451448667132e+01
4.735099999999999865e-01 1.331130000000000091e-01 -6.622500000000003384e-03 0.000000000000000000e+00 0.000000000000000000e+00 0.000000000000000000e+00 -0.000000000000000000e+00
4.668869999999999965e-01 1.331130000000000091e-01 -6.622500000000003384e-03 0.000000000000000000e+00 0.000000000000000000e+00 -1.655750000000004440e-03 3.775294451448667132e+01
4.602649999999999797e-01 1.331130000000000091e-01 -6.622500000000003384e-03 -3.311500000000008881e-03 0.000000000000000000e+00 -3.311250000000001692e-03 5.402109012287984058e+01
4.536419999999999897e-01 1.264899999999999913e-01 -6.622500000000003384e-03 -6.622500000000003384e-03 1.655749999999997502e-03 -1.655499999999993782e-03 2.669334772316137716e+01
4.470199999999999729e-01 1.198680000000000023e-01 -3.311000000000008381e-03 -6.622499999999996445e-03 1.655500000000004190e-03 0.000000000000000000e+00 2.701095284777856520e+01
4.470199999999999729e-01 1.132449999999999984e-01 -3.311499999999995003e-03 -6.622500000000003384e-03 -1.655749999999983624e-03 -1.655750000000000971e-03 -1.350527245373592500e+01
4.403969999999999829e-01 1.066229999999999956e-01 -6.622499999999975628e-03 -9.933999999999998387e-03 2.500000000071889161e-07 -3.311499999999998473e-03 1.288790311189659121e+01
4.337750000000000217e-01 9.337700000000000167e-02 -3.310999999999980625e-03 -1.324550000000000033e-02 3.311249999999987814e-03 2.500000000002500222e-07 1.723305728006824467e+01
4.337750000000000217e-01 8.013199999999999490e-02 0.000000000000000000e+00 -9.933499999999997887e-03 1.655499999999990313e-03 3.311500000000001942e-03 1.677739744759428575e+01
4.337750000000000217e-01 7.351000000000000589e-02 0.000000000000000000e+00 -6.622499999999996445e-03 0.000000000000000000e+00 -2.500000000019847457e-07 0.000000000000000000e+00
4.337750000000000217e-01 6.688700000000000201e-02 0.000000000000000000e+00 -9.934000000000001857e-03 0.000000000000000000e+00 -3.311250000000001692e-03 0.000000000000000000e+00
4.337750000000000217e-01 5.364200000000000218e-02 0.000000000000000000e+00 -1.324499999999999983e-02 0.000000000000000000e+00 2.500000000002500222e-07 0.000000000000000000e+00
4.337750000000000217e-01 4.039700000000000235e-02 0.000000000000000000e+00 -9.933500000000001356e-03 1.655499999999990313e-03 4.966999999999999194e-03 1.677739744759427154e+01
4.337750000000000217e-01 3.377499999999999947e-02 3.310999999999980625e-03 -3.311000000000001442e-03 3.311249999999987814e-03 1.655500000000000721e-03 1.601802419973243730e+02
4.403969999999999829e-01 3.377499999999999947e-02 6.622499999999975628e-03 -6.622499999999999915e-03 2.500000000071889161e-07 -3.311499999999999340e-03 -2.669334772316145887e+01
4.470199999999999729e-01 2.052999999999999964e-02 3.311499999999995003e-03 -9.934000000000000122e-03 1.387778780781445676e-17 0.000000000000000000e+00 1.200685145819864518e-13
4.470199999999999729e-01 1.390699999999999922e-02 6.622500000000003384e-03 -6.622499999999999915e-03 3.311000000000008381e-03 3.311500000000000207e-03 5.338669544632300301e+01
4.602649999999999797e-01 7.284999999999999809e-03 9.933500000000011765e-03 -3.310999999999999707e-03 0.000000000000000000e+00 3.311249999999999957e-03 2.865218199834320245e+01
4.668869999999999965e-01 7.284999999999999809e-03 6.622500000000003384e-03 0.000000000000000000e+00 2.499999999933111283e-07 3.310999999999999707e-03 7.549448847197042767e+01
4.735099999999999865e-01 7.284999999999999809e-03 9.933999999999998387e-03 3.310999999999999707e-03 1.655500000000004190e-03 3.311249999999999957e-03 2.387561644713640874e+01
4.867549999999999932e-01 1.390699999999999922e-02 9.933500000000011765e-03 6.622499999999999915e-03 -1.655749999999997502e-03 3.311500000000000207e-03 2.577509547413781732e+01
4.933770000000000100e-01 2.052999999999999964e-02 6.622500000000003384e-03 9.934000000000000122e-03 -3.311000000000008381e-03 3.311249999999999957e-03 3.221270444891571572e+01
5.000000000000000000e-01 3.377499999999999947e-02 3.311499999999995003e-03 1.324499999999999983e-02 -3.311250000000001692e-03 -2.499999999993826605e-07 1.723378431678935385e+01
5.000000000000000000e-01 4.701999999999999930e-02 0.000000000000000000e+00 9.933500000000001356e-03 -1.655749999999997502e-03 -1.655749999999999236e-03 1.677993103222853577e+01
5.000000000000000000e-01 5.364200000000000218e-02 0.000000000000000000e+00 9.933500000000001356e-03 0.000000000000000000e+00 3.311499999999998473e-03 0.000000000000000000e+00
5.000000000000000000e-01 6.688700000000000201e-02 0.000000000000000000e+00 1.655649999999999830e-02 0.000000000000000000e+00 1.655749999999999236e-03 0.000000000000000000e+00
5.000000000000000000e-01 8.675499999999999878e-02 0.000000000000000000e+00 1.324499999999999983e-02 0.000000000000000000e+00 -4.967249999999997709e-03 -0.000000000000000000e+00
5.000000000000000000e-01 9.337700000000000167e-02 0.000000000000000000e+00 6.622000000000002884e-03 0.000000000000000000e+00 -6.622999999999996945e-03 -0.000000000000000000e+00
