3.807949999999999946e-01 1.927149999999999974e-01 0.000000000000000000e+00 6.622999999999990006e-03 0.000000000000000000e+00 -4.999999999866222566e-07 -0.000000000000000000e+00
3.807949999999999946e-01 1.993379999999999874e-01 0.000000000000000000e+00 6.622500000000003384e-03 0.000000000000000000e+00 1.655250000000010879e-03 0.000000000000000000e+00
3.807949999999999946e-01 2.059600000000000042e-01 0.000000000000000000e+00 9.933500000000011765e-03 0.000000000000000000e+00 3.311249999999994753e-03 0.000000000000000000e+00
3.807949999999999946e-01 2.192050000000000110e-01 0.000000000000000000e+00 1.324499999999999289e-02 0.000000000000000000e+00 2.499999999933111283e-07 0.000000000000000000e+00
3.807949999999999946e-01 2.324499999999999900e-01 0.000000000000000000e+00 9.933999999999998387e-03 0.000000000000000000e+00 -3.311249999999994753e-03 -0.000000000000000000e+00
3.807949999999999946e-01 2.390730000000000077e-01 0.000000000000000000e+00 6.622500000000003384e-03 3.311250000000001692e-03 -2.500000000002500222e-07 -7.550018875047183542e+01
3.807949999999999946e-01 2.456949999999999967e-01 6.622500000000003384e-03 9.933499999999997887e-03 4.966750000000005882e-03 0.000000000000000000e+00 -2.899388116703351770e+01
3.940400000000000014e-01 2.589400000000000035e-01 9.933500000000011765e-03 6.622500000000003384e-03 3.311250000000001692e-03 -3.311000000000001442e-03 -3.221509921618540773e+01
4.006620000000000181e-01 2.589400000000000035e-01 1.324500000000000677e-02 3.311499999999995003e-03 3.311499999999995003e-03 -1.655500000000004190e-03 -1.292558225154612650e+01
4.205300000000000149e-01 2.655629999999999935e-01 1.655650000000000177e-02 3.311499999999995003e-03 -1.655750000000011379e-03 -3.311499999999995003e-03 -1.025118926007333542e+01
4.337750000000000217e-01 2.655629999999999935e-01 9.933499999999984009e-03 -3.311499999999995003e-03 -4.967000000000013071e-03 -6.622749999999996695e-03 -7.163117589700623000e+01
4.403969999999999829e-01 2.589400000000000035e-01 6.622499999999975628e-03 -9.933999999999998387e-03 -1.655499999999990313e-03 -3.311000000000001442e-03 -2.254811483719576870e+01
4.470199999999999729e-01 2.456949999999999967e-01 6.622500000000003384e-03 -9.933499999999997887e-03 1.387778780781445676e-17 -1.655499999999997252e-03 -6.442922540171735157e+00
4.536419999999999897e-01 2.390730000000000077e-01 6.622500000000003384e-03 -1.324499999999999289e-02 0.000000000000000000e+00 -1.655750000000004440e-03 -3.376726011406808503e+00
4.602649999999999797e-01 2.192050000000000110e-01 6.622500000000003384e-03 -1.324500000000000677e-02 -1.655749999999997502e-03 3.311249999999994753e-03 -5.098484087890363956e-04
4.668869999999999965e-01 2.125829999999999942e-01 3.311000000000008381e-03 -6.622500000000003384e-03 -1.655500000000004190e-03 3.311250000000001692e-03 0.000000000000000000e+00
4.668869999999999965e-01 2.059600000000000042e-01 3.311499999999995003e-03 -6.622500000000003384e-03 2.499999999933111283e-07 0.000000000000000000e+00 4.078602500674562321e-03
4.735099999999999865e-01 1.993379999999999874e-01 3.311499999999995003e-03 -6.622500000000003384e-03 -2.499999999933111283e-07 1.655500000000004190e-03 1.350119385123550408e+01
4.735099999999999865e-01 1.927149999999999974e-01 3.311000000000008381e-03 -3.311499999999995003e-03 -2.499999999933111283e-07 6.622500000000003384e-03 2.135225951174491001e+02
4.801320000000000032e-01 1.927149999999999974e-01 3.311000000000008381e-03 6.622500000000003384e-03 2.499999999933111283e-07 8.278250000000000886e-03 6.752432281342574072e+01
4.801320000000000032e-01 2.059600000000000042e-01 3.311499999999995003e-03 1.324500000000000677e-02 1.655749999999997502e-03 3.311249999999994753e-03 -4.308852703628056169e+00
4.867549999999999932e-01 2.192050000000000110e-01 6.622500000000003384e-03 1.324499999999999289e-02 1.655500000000004190e-03 -1.655500000000004190e-03 -1.012864848899405246e+01
4.933770000000000100e-01 2.324499999999999900e-01 6.622500000000003384e-03 9.933999999999998387e-03 2.500000000071889161e-07 -1.655499999999997252e-03 -6.443708360439043048e+00
5.000000000000000000e-01 2.390730000000000077e-01 6.623000000000017762e-03 9.933999999999998387e-03 -1.387778780781445676e-17 -2.500000000002500222e-07 -9.728611364421868623e-04
5.066230000000000455e-01 2.523179999999999867e-01 6.622499999999975628e-03 9.933499999999997887e-03 3.310999999999966747e-03 -2.499999999933111283e-07 -1.932925413584166208e+01
5.132449999999999513e-01 2.589400000000000035e-01 1.324499999999995126e-02 9.933500000000011765e-03 4.967000000000026949e-03 2.500000000002500222e-07 -1.087159302311424014e+01
5.331129999999999480e-01 2.721850000000000103e-01 1.655650000000002953e-02 9.933999999999998387e-03 2.775557561562891351e-17 -3.311000000000008381e-03 -7.615707920397245978e+00
5.463580000000000103e-01 2.788080000000000003e-01 1.324500000000000677e-02 3.311499999999995003e-03 -3.311500000000022759e-03 -6.622749999999996695e-03 -3.016034242767344864e+01
5.596029999999999616e-01 2.788080000000000003e-01 9.933499999999984009e-03 -3.311499999999995003e-03 0.000000000000000000e+00 -6.622749999999996695e-03 -5.730393119086414799e+01
5.662249999999999783e-01 2.721850000000000103e-01 1.324500000000000677e-02 -9.933999999999998387e-03 1.655750000000011379e-03 -4.966750000000005882e-03 -1.087100205790259722e+01
5.860929999999999751e-01 2.589400000000000035e-01 1.324500000000000677e-02 -1.324500000000000677e-02 -1.655749999999983624e-03 -4.966749999999998944e-03 -1.334667386158068858e+01
5.927149999999999919e-01 2.456949999999999967e-01 9.933500000000039520e-03 -1.986749999999999627e-02 -1.655500000000004190e-03 -3.311249999999994753e-03 -6.002403768902103920e+00
6.059600000000000541e-01 2.192050000000000110e-01 9.933999999999998387e-03 -1.986749999999999627e-02 -3.311000000000036136e-03 3.311249999999994753e-03 -3.000733589511000332e+00
6.125829999999999886e-01 2.059600000000000042e-01 3.311499999999967248e-03 -1.324500000000000677e-02 -4.966999999999999194e-03 -1.655500000000004190e-03 -2.800607873545569504e+01
6.125829999999999886e-01 1.927149999999999974e-01 0.000000000000000000e+00 -2.317850000000000465e-02 -3.311499999999967248e-03 -4.966749999999998944e-03 -6.163879006472488875e+00
6.125829999999999886e-01 1.596029999999999949e-01 -3.311499999999967248e-03 -2.317850000000000465e-02 -4.966999999999999194e-03 4.966750000000005882e-03 -1.025071760512590124e+01
6.059600000000000541e-01 1.463579999999999881e-01 -9.933999999999998387e-03 -1.324499999999999289e-02 -4.966750000000019760e-03 1.655500000000004190e-03 -1.811900558226036040e+01
5.927149999999999919e-01 1.331130000000000091e-01 -1.324500000000000677e-02 -1.986749999999999627e-02 -1.655500000000004190e-03 -1.655750000000004440e-03 -8.050799959021619490e-01
5.794700000000000406e-01 1.066229999999999956e-01 -1.324500000000000677e-02 -1.655650000000000177e-02 -1.655500000000004190e-03 4.966749999999998944e-03 -9.777408099056550839e+00
5.662249999999999783e-01 1.000000000000000056e-01 -1.655600000000001515e-02 -9.933999999999998387e-03 0.000000000000000000e+00 4.966999999999999194e-03 -1.142512800179929222e+01
5.463580000000000103e-01 8.675499999999999878e-02 -1.324500000000000677e-02 -6.622500000000003384e-03 4.966749999999992005e-03 4.966999999999999194e-03 -1.013017803422038909e+01
5.397349999999999648e-01 8.675499999999999878e-02 -6.622500000000031140e-03 0.000000000000000000e+00 1.655750000000011379e-03 3.311250000000001692e-03 -7.550018875047119593e+01
5.331129999999999480e-01 8.675499999999999878e-02 -9.933499999999984009e-03 0.000000000000000000e+00 -1.655749999999983624e-03 1.655500000000000721e-03 -1.677739744759443852e+01
5.198679999999999968e-01 8.675499999999999878e-02 -9.933999999999998387e-03 3.311000000000001442e-03 1.655500000000004190e-03 3.311250000000001692e-03 -3.342384428607370239e+01
5.132449999999999513e-01 9.337700000000000167e-02 -6.622499999999975628e-03 6.622500000000003384e-03 1.655750000000011379e-03 1.655999999999997752e-03 -2.669737842874459943e+01
5.066230000000000455e-01 1.000000000000000056e-01 -6.622499999999975628e-03 6.622999999999996945e-03 -1.655750000000025257e-03 1.655749999999997502e-03 1.007638353974219013e-03
5.000000000000000000e-01 1.066229999999999956e-01 -9.934000000000026143e-03 9.933999999999998387e-03 -1.655750000000011379e-03 -2.499999999967805753e-07 5.932899990981974625e+00
4.867549999999999932e-01 1.198680000000000023e-01 -9.933999999999998387e-03 6.622500000000003384e-03 1.387778780781445676e-17 -3.311500000000001942e-03 1.933015215237836415e+01
4.801320000000000032e-01 1.198680000000000023e-01 -9.933999999999998387e-03 3.310999999999994503e-03 2.499999999933111283e-07 0.000000000000000000e+00 -7.209474357204603574e-04
4.668869999999999965e-01 1.264899999999999913e-01 -9.933500000000011765e-03 6.622500000000003384e-03 2.499999999933111283e-07 2.500000000071889161e-07 -2.432356256357761943e-03
4.602649999999999797e-01 1.331130000000000091e-01 -9.933500000000011765e-03 3.311500000000008881e-03 -2.499999999933111283e-07 -3.311250000000001692e-03 2.865160514349426890e+01
4.470199999999999729e-01 1.331130000000000091e-01 -9.933999999999998387e-03 0.000000000000000000e+00 -2.499999999933111283e-07 -1.655750000000004440e-03 1.677824193330101110e+01
4.403969999999999829e-01 1.331130000000000091e-01 -9.933999999999998387e-03 0.000000000000000000e+00 2.500000000071889161e-07 0.000000000000000000e+00 -0.000000000000000000e+00
4.271519999999999762e-01 1.331130000000000091e-01 -9.933499999999984009e-03 0.000000000000000000e+00 2.500000000071889161e-07 -3.311250000000001692e-03 3.355732847982307021e+01
4.205300000000000149e-01 1.331130000000000091e-01 -9.933499999999984009e-03 -6.622500000000003384e-03 -2.500000000071889161e-07 -4.967000000000002663e-03 2.899436760890140974e+01
4.072850000000000081e-01 1.198680000000000023e-01 -9.933999999999998387e-03 -9.934000000000005326e-03 3.310999999999994503e-03 -1.655749999999997502e-03 1.779422163660002099e+01
4.006620000000000181e-01 1.132449999999999984e-01 -3.311499999999995003e-03 -9.933999999999998387e-03 4.966999999999999194e-03 -3.311249999999998223e-03 5.252368859490074726e+01
4.006620000000000181e-01 1.000000000000000056e-01 0.000000000000000000e+00 -1.655650000000000177e-02 1.655749999999997502e-03 -3.311250000000001692e-03 6.040288703765698486e+00
4.006620000000000181e-01 8.013199999999999490e-02 0.000000000000000000e+00 -1.655650000000000177e-02 3.311250000000001692e-03 1.655750000000002706e-03 1.207966539051439447e+01
4.006620000000000181e-01 6.688700000000000201e-02 6.622500000000003384e-03 -1.324499999999999636e-02 8.278250000000000886e-03 3.311500000000000207e-03 4.051867274324640533e+01
4.139070000000000249e-01 5.364200000000000218e-02 1.655650000000000177e-02 -9.933500000000001356e-03 3.311249999999987814e-03 4.966999999999997459e-03 1.599493700750358549e+01
4.337750000000000217e-01 4.701999999999999930e-02 1.324499999999997901e-02 -3.311000000000001442e-03 -1.655750000000011379e-03 4.966750000000000678e-03 2.369688161785335367e+01
4.403969999999999829e-01 4.701999999999999930e-02 1.324499999999997901e-02 0.000000000000000000e+00 1.655750000000011379e-03 3.311000000000001442e-03 1.887362211799270284e+01
4.602649999999999797e-01 4.701999999999999930e-02 1.655650000000000177e-02 3.311000000000001442e-03 1.655500000000018068e-03 3.311249999999999957e-03 1.025085190764029264e+01
4.735099999999999865e-01 5.364200000000000218e-02 1.655600000000001515e-02 6.622499999999999915e-03 -1.655749999999997502e-03 1.655749999999999236e-03 6.768994171499496559e+00
4.933770000000000100e-01 6.026499999999999913e-02 1.324500000000000677e-02 6.622499999999999915e-03 -4.966499999999998693e-03 1.655499999999998986e-03 1.688108081499000690e+01
5.000000000000000000e-01 6.688700000000000201e-02 6.623000000000017762e-03 9.933499999999997887e-03 -4.966749999999992005e-03 4.967000000000000928e-03 4.832268616291130314e+01
5.066230000000000455e-01 8.013199999999999490e-02 3.311500000000022759e-03 1.655650000000000177e-02 -3.311500000000008881e-03 3.311500000000001942e-03 1.366848166831455202e+01
5.066230000000000455e-01 1.000000000000000056e-01 0.000000000000000000e+00 1.655650000000000177e-02 -1.655750000000011379e-03 -3.311250000000001692e-03 6.040288703765749112e+00
5.066230000000000455e-01 1.132449999999999984e-01 0.000000000000000000e+00 9.933999999999998387e-03 0.000000000000000000e+00 -4.967000000000002663e-03 -0.000000000000000000e+00
5.066230000000000455e-01 1.198680000000000023e-01 0.000000000000000000e+00 6.622499999999996445e-03 0.000000000000000000e+00 -1.656000000000004690e-03 -0.000000000000000000e+00
5.066230000000000455e-01 1.264899999999999913e-01 0.000000000000000000e+00 6.621999999999989006e-03 0.000000000000000000e+00 -5.000000000074389384e-07 -0.000000000000000000e+00
