2.350990000000000024e-01 3.317880000000000273e-01 0.000000000000000000e+00 6.622999999999990006e-03 0.000000000000000000e+00 -5.000000000143778323e-07 -0.000000000000000000e+00
2.350990000000000024e-01 3.384110000000000174e-01 0.000000000000000000e+00 6.622499999999975628e-03 0.000000000000000000e+00 -2.499999999933111283e-07 -0.000000000000000000e+00
2.350990000000000024e-01 3.450329999999999786e-01 0.000000000000000000e+00 6.622500000000003384e-03 0.000000000000000000e+00 1.387778780781445676e-17 0.000000000000000000e+00
2.350990000000000024e-01 3.516560000000000241e-01 0.000000000000000000e+00 6.622500000000003384e-03 0.000000000000000000e+00 -1.387778780781445676e-17 -0.000000000000000000e+00
2.350990000000000024e-01 3.582779999999999854e-01 0.000000000000000000e+00 6.622499999999975628e-03 1.655749999999997502e-03 0.000000000000000000e+00 -3.775294451448684185e+01
2.350990000000000024e-01 3.649009999999999754e-01 3.311499999999995003e-03 6.622500000000003384e-03 1.655749999999997502e-03 1.387778780781445676e-17 -2.701258436269021246e+01
2.417219999999999924e-01 3.715229999999999921e-01 3.311499999999995003e-03 6.622500000000003384e-03 -1.655749999999997502e-03 0.000000000000000000e+00 2.701258436269032259e+01
2.417219999999999924e-01 3.781459999999999821e-01 0.000000000000000000e+00 6.622500000000003384e-03 -2.499999999933111283e-07 0.000000000000000000e+00 5.700278501204359728e-03
2.417219999999999924e-01 3.847679999999999989e-01 3.311000000000008381e-03 6.622500000000003384e-03 1.655500000000004190e-03 0.000000000000000000e+00 -2.701095284777852612e+01
2.483440000000000092e-01 3.913909999999999889e-01 3.311000000000008381e-03 6.622500000000003384e-03 2.499999999933111283e-07 0.000000000000000000e+00 -4.078972039724518966e-03
2.483440000000000092e-01 3.980130000000000057e-01 3.311499999999995003e-03 6.622500000000003384e-03 2.499999999933111283e-07 0.000000000000000000e+00 -4.078602500674562321e-03
2.549669999999999992e-01 4.046359999999999957e-01 3.311499999999995003e-03 6.622500000000003384e-03 -2.499999999933111283e-07 0.000000000000000000e+00 4.078602500674562321e-03
2.549669999999999992e-01 4.112580000000000124e-01 3.311000000000008381e-03 6.622500000000003384e-03 1.655500000000004190e-03 -1.655500000000004190e-03 -4.051540960564864946e+01
2.615890000000000160e-01 4.178810000000000024e-01 6.622500000000003384e-03 3.311499999999995003e-03 1.655749999999997502e-03 -3.311250000000001692e-03 -6.752840203183411916e+01
2.682120000000000060e-01 4.178810000000000024e-01 6.622500000000003384e-03 0.000000000000000000e+00 0.000000000000000000e+00 -2.499999999933111283e-07 -5.700278501204359728e-03
2.748340000000000227e-01 4.178810000000000024e-01 6.622500000000003384e-03 3.311000000000008381e-03 -1.387778780781445676e-17 1.655500000000004190e-03 2.701095284777863981e+01
2.814570000000000127e-01 4.245030000000000192e-01 6.622499999999975628e-03 3.311000000000008381e-03 0.000000000000000000e+00 -1.655500000000004190e-03 -2.701095284777868955e+01
2.880789999999999740e-01 4.245030000000000192e-01 6.622500000000003384e-03 0.000000000000000000e+00 2.500000000210667039e-07 2.499999999933111283e-07 5.700278501204359728e-03
2.947020000000000195e-01 4.245030000000000192e-01 6.623000000000017762e-03 3.311499999999995003e-03 0.000000000000000000e+00 1.655749999999997502e-03 2.700972945794691071e+01
3.013250000000000095e-01 4.311260000000000092e-01 6.622500000000003384e-03 3.311499999999995003e-03 -2.500000000071889161e-07 -1.655749999999997502e-03 -2.701054490747224435e+01
3.079470000000000263e-01 4.311260000000000092e-01 6.622500000000003384e-03 0.000000000000000000e+00 -1.387778780781445676e-17 -1.655749999999997502e-03 -3.775294451448651500e+01
3.145700000000000163e-01 4.311260000000000092e-01 6.622499999999975628e-03 0.000000000000000000e+00 0.000000000000000000e+00 0.000000000000000000e+00 0.000000000000000000e+00
3.211919999999999775e-01 4.311260000000000092e-01 6.622500000000003384e-03 0.000000000000000000e+00 1.387778780781445676e-17 0.000000000000000000e+00 0.000000000000000000e+00
3.278150000000000230e-01 4.311260000000000092e-01 6.622500000000003384e-03 0.000000000000000000e+00 -1.387778780781445676e-17 -1.655749999999997502e-03 -3.775294451448651500e+01
3.344369999999999843e-01 4.311260000000000092e-01 6.622499999999975628e-03 -3.311499999999995003e-03 0.000000000000000000e+00 -3.311250000000001692e-03 -5.402109012288029533e+01
3.410599999999999743e-01 4.245030000000000192e-01 6.622500000000003384e-03 -6.622500000000003384e-03 1.387778780781445676e-17 -1.655500000000004190e-03 -1.334566618518490522e+01
3.476819999999999911e-01 4.178810000000000024e-01 6.622500000000003384e-03 -6.622500000000003384e-03 -1.655500000000004190e-03 0.000000000000000000e+00 -1.334566618518501713e+01
3.543049999999999811e-01 4.112580000000000124e-01 3.311499999999995003e-03 -6.622500000000003384e-03 -3.311250000000001692e-03 0.000000000000000000e+00 -5.402109012287997558e+01
3.543049999999999811e-01 4.046359999999999957e-01 0.000000000000000000e+00 -6.622500000000003384e-03 -1.655749999999997502e-03 0.000000000000000000e+00 -3.775294451448651500e+01
3.543049999999999811e-01 3.980130000000000057e-01 0.000000000000000000e+00 -6.622500000000003384e-03 1.655500000000004190e-03 0.000000000000000000e+00 3.774724423598531331e+01
3.543049999999999811e-01 3.913909999999999889e-01 3.311000000000008381e-03 -6.622500000000003384e-03 1.655500000000004190e-03 0.000000000000000000e+00 2.701095284777852612e+01
3.609269999999999978e-01 3.847679999999999989e-01 3.311000000000008381e-03 -6.622500000000003384e-03 -1.655500000000004190e-03 0.000000000000000000e+00 -2.701095284777852612e+01
3.609269999999999978e-01 3.781459999999999821e-01 0.000000000000000000e+00 -6.622500000000003384e-03 -1.655500000000004190e-03 0.000000000000000000e+00 -3.774724423598531331e+01
3.609269999999999978e-01 3.715229999999999921e-01 0.000000000000000000e+00 -6.622500000000003384e-03 0.000000000000000000e+00 0.000000000000000000e+00 0.000000000000000000e+00
3.609269999999999978e-01 3.649009999999999754e-01 0.000000000000000000e+00 -6.622500000000003384e-03 0.000000000000000000e+00 1.387778780781445676e-17 0.000000000000000000e+00
3.609269999999999978e-01 3.582779999999999854e-01 0.000000000000000000e+00 -6.622499999999975628e-03 0.000000000000000000e+00 0.000000000000000000e+00 0.000000000000000000e+00
3.609269999999999978e-01 3.516560000000000241e-01 0.000000000000000000e+00 -6.622500000000003384e-03 0.000000000000000000e+00 -1.387778780781445676e-17 0.000000000000000000e+00
3.609269999999999978e-01 3.450329999999999786e-01 0.000000000000000000e+00 -6.622500000000003384e-03 0.000000000000000000e+00 3.311250000000001692e-03 0.000000000000000000e+00
3.609269999999999978e-01 3.384110000000000174e-01 0.000000000000000000e+00 0.000000000000000000e+00 0.000000000000000000e+00 6.622500000000003384e-03 0.000000000000000000e+00
3.609269999999999978e-01 3.450329999999999786e-01 0.000000000000000000e+00 6.622500000000003384e-03 0.000000000000000000e+00 3.311250000000001692e-03 0.000000000000000000e+00
3.609269999999999978e-01 3.516560000000000241e-01 0.000000000000000000e+00 6.622500000000003384e-03 0.000000000000000000e+00 -1.387778780781445676e-17 -0.000000000000000000e+00
3.609269999999999978e-01 3.582779999999999854e-01 0.000000000000000000e+00 6.622499999999975628e-03 0.000000000000000000e+00 0.000000000000000000e+00 0.000000000000000000e+00
3.609269999999999978e-01 3.649009999999999754e-01 0.000000000000000000e+00 6.622500000000003384e-03 0.000000000000000000e+00 1.387778780781445676e-17 0.000000000000000000e+00
3.609269999999999978e-01 3.715229999999999921e-01 0.000000000000000000e+00 6.622500000000003384e-03 1.655749999999997502e-03 0.000000000000000000e+00 -3.775294451448651500e+01
3.609269999999999978e-01 3.781459999999999821e-01 3.311499999999995003e-03 6.622500000000003384e-03 1.655749999999997502e-03 0.000000000000000000e+00 -2.701258436269032259e+01
3.675499999999999878e-01 3.847679999999999989e-01 3.311499999999995003e-03 6.622500000000003384e-03 -1.655749999999997502e-03 0.000000000000000000e+00 2.701258436269032259e+01
3.675499999999999878e-01 3.913909999999999889e-01 0.000000000000000000e+00 6.622500000000003384e-03 -2.499999999933111283e-07 0.000000000000000000e+00 5.700278501204359728e-03
3.675499999999999878e-01 3.980130000000000057e-01 3.311000000000008381e-03 6.622500000000003384e-03 1.655500000000004190e-03 0.000000000000000000e+00 -2.701095284777852612e+01
3.741720000000000046e-01 4.046359999999999957e-01 3.311000000000008381e-03 6.622500000000003384e-03 2.499999999933111283e-07 0.000000000000000000e+00 -4.078972039724518966e-03
3.741720000000000046e-01 4.112580000000000124e-01 3.311499999999995003e-03 6.622500000000003384e-03 2.499999999933111283e-07 0.000000000000000000e+00 -4.078602500674562321e-03
3.807949999999999946e-01 4.178810000000000024e-01 3.311499999999995003e-03 6.622500000000003384e-03 -2.499999999933111283e-07 0.000000000000000000e+00 4.078602500674562321e-03
3.807949999999999946e-01 4.245030000000000192e-01 3.311000000000008381e-03 6.622500000000003384e-03 1.655500000000004190e-03 0.000000000000000000e+00 -2.701095284777852612e+01
3.874170000000000114e-01 4.311260000000000092e-01 6.622500000000003384e-03 6.622500000000003384e-03 2.499999999933111283e-07 0.000000000000000000e+00 -2.015352791426746389e-03
3.940400000000000014e-01 4.377480000000000260e-01 3.311499999999995003e-03 6.622500000000003384e-03 -1.655749999999997502e-03 -1.387778780781445676e-17 2.701258436269021246e+01
3.940400000000000014e-01 4.443710000000000160e-01 3.311000000000008381e-03 6.622499999999975628e-03 1.655500000000004190e-03 -1.655750000000011379e-03 -4.051744893768734812e+01
4.006620000000000181e-01 4.509929999999999772e-01 6.622500000000003384e-03 3.310999999999980625e-03 1.655749999999997502e-03 -3.311249999999987814e-03 -6.753248075750516932e+01
4.072850000000000081e-01 4.509929999999999772e-01 6.622500000000003384e-03 0.000000000000000000e+00 1.655499999999990313e-03 2.500000000210667039e-07 5.700278501837218077e-03
4.139070000000000249e-01 4.509929999999999772e-01 9.933499999999984009e-03 3.311500000000022759e-03 1.655749999999997502e-03 1.655750000000011379e-03 9.550534975243913038e+00
4.271519999999999762e-01 4.576160000000000228e-01 9.933999999999998387e-03 3.311500000000022759e-03 -1.655499999999990313e-03 -1.655750000000011379e-03 -9.550679209373381440e+00
4.337750000000000217e-01 4.576160000000000228e-01 6.622500000000003384e-03 0.000000000000000000e+00 -1.655750000000011379e-03 -1.655750000000011379e-03 -3.775294451448683475e+01
4.403969999999999829e-01 4.576160000000000228e-01 6.622499999999975628e-03 0.000000000000000000e+00 0.000000000000000000e+00 -1.655750000000011379e-03 -3.775294451448715449e+01
4.470199999999999729e-01 4.576160000000000228e-01 6.622500000000003384e-03 -3.311500000000022759e-03 1.387778780781445676e-17 -3.311250000000001692e-03 -5.402109012287958478e+01
4.536419999999999897e-01 4.509929999999999772e-01 6.622500000000003384e-03 -6.622500000000003384e-03 -1.655500000000004190e-03 -1.655499999999976435e-03 -2.669133237036981043e+01
4.602649999999999797e-01 4.443710000000000160e-01 3.311499999999995003e-03 -6.622499999999975628e-03 -1.655749999999997502e-03 0.000000000000000000e+00 -2.701258436269048602e+01
4.602649999999999797e-01 4.377480000000000260e-01 3.311000000000008381e-03 -6.622500000000003384e-03 -2.499999999933111283e-07 -1.387778780781445676e-17 -4.078972039837724418e-03
4.668869999999999965e-01 4.311260000000000092e-01 3.311000000000008381e-03 -6.622500000000003384e-03 2.499999999933111283e-07 0.000000000000000000e+00 4.078972039724518966e-03
4.668869999999999965e-01 4.245030000000000192e-01 3.311499999999995003e-03 -6.622500000000003384e-03 2.499999999933111283e-07 0.000000000000000000e+00 4.078602500674562321e-03
4.735099999999999865e-01 4.178810000000000024e-01 3.311499999999995003e-03 -6.622500000000003384e-03 -1.655749999999997502e-03 0.000000000000000000e+00 -2.701258436269032259e+01
4.735099999999999865e-01 4.112580000000000124e-01 0.000000000000000000e+00 -6.622500000000003384e-03 -2.499999999933111283e-07 -1.655500000000004190e-03 -5.700278501204359728e-03
4.735099999999999865e-01 4.046359999999999957e-01 3.311000000000008381e-03 -9.933500000000011765e-03 1.655500000000004190e-03 -1.655749999999997502e-03 9.549525554117515469e+00
4.801320000000000032e-01 3.913909999999999889e-01 3.311000000000008381e-03 -9.933999999999998387e-03 -1.655500000000004190e-03 1.655500000000004190e-03 -9.549669733808737959e+00
4.801320000000000032e-01 3.847679999999999989e-01 0.000000000000000000e+00 -6.622500000000003384e-03 -1.655500000000004190e-03 1.655749999999997502e-03 -3.774724423598531331e+01
4.801320000000000032e-01 3.781459999999999821e-01 0.000000000000000000e+00 -6.622500000000003384e-03 0.000000000000000000e+00 0.000000000000000000e+00 0.000000000000000000e+00
4.801320000000000032e-01 3.715229999999999921e-01 0.000000000000000000e+00 -6.622500000000003384e-03 0.000000000000000000e+00 0.000000000000000000e+00 0.000000000000000000e+00
4.801320000000000032e-01 3.649009999999999754e-01 0.000000000000000000e+00 -6.622500000000003384e-03 0.000000000000000000e+00 1.387778780781445676e-17 0.000000000000000000e+00
4.801320000000000032e-01 3.582779999999999854e-01 0.000000000000000000e+00 -6.622499999999975628e-03 0.000000000000000000e+00 0.000000000000000000e+00 0.000000000000000000e+00
4.801320000000000032e-01 3.516560000000000241e-01 0.000000000000000000e+00 -6.622500000000003384e-03 0.000000000000000000e+00 -1.387778780781445676e-17 0.000000000000000000e+00
4.801320000000000032e-01 3.450329999999999786e-01 0.000000000000000000e+00 -6.622500000000003384e-03 0.000000000000000000e+00 1.387778780781445676e-17 0.000000000000000000e+00
4.801320000000000032e-01 3.384110000000000174e-01 0.000000000000000000e+00 -6.622499999999975628e-03 0.000000000000000000e+00 0.000000000000000000e+00 0.000000000000000000e+00
4.801320000000000032e-01 3.317880000000000273e-01 0.000000000000000000e+00 -6.622500000000003384e-03 0.000000000000000000e+00 -1.387778780781445676e-17 0.000000000000000000e+00
4.801320000000000032e-01 3.251660000000000106e-01 0.000000000000000000e+00 -6.622500000000003384e-03 0.000000000000000000e+00 0.000000000000000000e+00 0.000000000000000000e+00
4.801320000000000032e-01 3.185430000000000206e-01 0.000000000000000000e+00 -6.622500000000003384e-03 0.000000000000000000e+00 0.000000000000000000e+00 0.000000000000000000e+00
4.801320000000000032e-01 3.119210000000000038e-01 0.000000000000000000e+00 -6.622500000000003384e-03 0.000000000000000000e+00 -2.499999999933111283e-07 0.000000000000000000e+00
4.801320000000000032e-01 3.052980000000000138e-01 0.000000000000000000e+00 -6.622999999999990006e-03 0.000000000000000000e+00 0.000000000000000000e+00 0.000000000000000000e+00
4.801320000000000032e-01 2.986750000000000238e-01 0.000000000000000000e+00 -6.622500000000003384e-03 0.000000000000000000e+00 2.499999999933111283e-07 0.000000000000000000e+00
4.801320000000000032e-01 2.920530000000000070e-01 0.000000000000000000e+00 -6.622500000000003384e-03 0.000000000000000000e+00 -1.655749999999997502e-03 0.000000000000000000e+00
4.801320000000000032e-01 2.854300000000000170e-01 0.000000000000000000e+00 -9.933999999999998387e-03 0.000000000000000000e+00 -1.655500000000004190e-03 0.000000000000000000e+00
4.801320000000000032e-01 2.721850000000000103e-01 0.000000000000000000e+00 -9.933500000000011765e-03 -1.655500000000004190e-03 1.655749999999997502e-03 -1.677739744759438167e+01
4.801320000000000032e-01 2.655629999999999935e-01 -3.311000000000008381e-03 -6.622500000000003384e-03 -1.655500000000004190e-03 1.655500000000004190e-03 -4.051540960564864946e+01
4.735099999999999865e-01 2.589400000000000035e-01 -3.311000000000008381e-03 -6.622500000000003384e-03 -2.499999999933111283e-07 0.000000000000000000e+00 -4.078972039724518966e-03
4.735099999999999865e-01 2.523179999999999867e-01 -3.311499999999995003e-03 -6.622500000000003384e-03 -2.499999999933111283e-07 6.938893903907228378e-18 -4.078602500731168951e-03
4.668869999999999965e-01 2.456949999999999967e-01 -3.311499999999995003e-03 -6.622499999999989506e-03 1.655749999999997502e-03 0.000000000000000000e+00 2.701258436269041141e+01
4.668869999999999965e-01 2.390730000000000077e-01 0.000000000000000000e+00 -6.622500000000003384e-03 2.499999999933111283e-07 -6.938893903907228378e-18 5.700278501204359728e-03
4.668869999999999965e-01 2.324499999999999900e-01 -3.311000000000008381e-03 -6.622500000000003384e-03 -3.311250000000001692e-03 6.938893903907228378e-18 -5.402598466759684470e+01
4.602649999999999797e-01 2.258280000000000010e-01 -6.622500000000003384e-03 -6.622499999999989506e-03 -1.655749999999997502e-03 0.000000000000000000e+00 -1.334768153797646129e+01
4.536419999999999897e-01 2.192050000000000110e-01 -6.622500000000003384e-03 -6.622500000000003384e-03 0.000000000000000000e+00 1.655749999999990563e-03 -1.334768153797638846e+01
4.470199999999999729e-01 2.125829999999999942e-01 -6.622500000000003384e-03 -3.311000000000008381e-03 1.387778780781445676e-17 3.311250000000001692e-03 -5.402598466759666707e+01
4.403969999999999829e-01 2.125829999999999942e-01 -6.622499999999975628e-03 0.000000000000000000e+00 0.000000000000000000e+00 -2.499999999933111283e-07 5.700278501204409168e-03
4.337750000000000217e-01 2.125829999999999942e-01 -6.622500000000003384e-03 -3.311499999999995003e-03 -1.387778780781445676e-17 -1.655749999999997502e-03 2.701258436269021246e+01
4.271519999999999762e-01 2.059600000000000042e-01 -6.622500000000003384e-03 -3.311499999999995003e-03 1.387778780781445676e-17 1.655749999999997502e-03 -2.701258436269021246e+01
4.205300000000000149e-01 2.059600000000000042e-01 -6.622499999999975628e-03 0.000000000000000000e+00 0.000000000000000000e+00 1.655749999999997502e-03 -3.775294451448684185e+01
4.139070000000000249e-01 2.059600000000000042e-01 -6.622500000000003384e-03 0.000000000000000000e+00 -1.387778780781445676e-17 0.000000000000000000e+00 0.000000000000000000e+00
4.072850000000000081e-01 2.059600000000000042e-01 -6.622500000000003384e-03 0.000000000000000000e+00 0.000000000000000000e+00 0.000000000000000000e+00 -0.000000000000000000e+00
4.006620000000000181e-01 2.059600000000000042e-01 -6.622500000000003384e-03 0.000000000000000000e+00 0.000000000000000000e+00 0.000000000000000000e+00 -0.000000000000000000e+00
3.940400000000000014e-01 2.059600000000000042e-01 -6.622500000000003384e-03 0.000000000000000000e+00 0.000000000000000000e+00 0.000000000000000000e+00 -0.000000000000000000e+00
3.874170000000000114e-01 2.059600000000000042e-01 -6.622500000000003384e-03 0.000000000000000000e+00 0.000000000000000000e+00 0.000000000000000000e+00 -0.000000000000000000e+00
3.807949999999999946e-01 2.059600000000000042e-01 -6.622500000000003384e-03 0.000000000000000000e+00 -1.655749999999997502e-03 1.655749999999997502e-03 -3.775294451448651500e+01
3.741720000000000046e-01 2.059600000000000042e-01 -9.933999999999998387e-03 3.311499999999995003e-03 -1.655500000000004190e-03 1.655749999999997502e-03 -9.550679209373285516e+00
3.609269999999999978e-01 2.125829999999999942e-01 -9.933500000000011765e-03 3.311499999999995003e-03 1.655749999999997502e-03 -1.655749999999997502e-03 9.550534975243820668e+00
3.543049999999999811e-01 2.125829999999999942e-01 -6.622500000000003384e-03 0.000000000000000000e+00 1.655500000000004190e-03 -1.655749999999997502e-03 3.775294451448651500e+01
3.476819999999999911e-01 2.125829999999999942e-01 -6.622500000000003384e-03 0.000000000000000000e+00 0.000000000000000000e+00 1.655500000000004190e-03 -3.774724423598531331e+01
3.410599999999999743e-01 2.125829999999999942e-01 -6.622500000000003384e-03 3.311000000000008381e-03 1.387778780781445676e-17 1.655500000000004190e-03 -2.701095284777863981e+01
3.344369999999999843e-01 2.192050000000000110e-01 -6.622499999999975628e-03 3.311000000000008381e-03 0.000000000000000000e+00 2.499999999933111283e-07 -4.078972039724544120e-03
3.278150000000000230e-01 2.192050000000000110e-01 -6.622500000000003384e-03 3.311499999999995003e-03 -1.655750000000011379e-03 2.499999999933111283e-07 1.350323330645358411e+01
3.211919999999999775e-01 2.258280000000000010e-01 -9.933999999999998387e-03 3.311499999999995003e-03 -1.655499999999990313e-03 -2.500000000002500222e-07 4.776781543111164652e+00
3.079470000000000263e-01 2.258280000000000010e-01 -9.933499999999984009e-03 3.310999999999994503e-03 1.655749999999997502e-03 -2.500000000002500222e-07 -4.773320577330650849e+00
3.013250000000000095e-01 2.324499999999999900e-01 -6.622500000000003384e-03 3.310999999999994503e-03 1.655249999999983124e-03 2.500000000071889161e-07 -1.350649639787153866e+01
2.947020000000000195e-01 2.324499999999999900e-01 -6.623000000000017762e-03 3.311500000000008881e-03 0.000000000000000000e+00 1.655750000000004440e-03 -2.700972945794696045e+01
2.880789999999999740e-01 2.390730000000000077e-01 -6.622500000000003384e-03 6.622500000000003384e-03 1.656000000000018568e-03 -1.655750000000004440e-03 -2.015352791595874989e-03
2.814570000000000127e-01 2.456949999999999967e-01 -3.310999999999980625e-03 0.000000000000000000e+00 3.311250000000001692e-03 -6.622500000000003384e-03 6.040927247897744792e+02
2.814570000000000127e-01 2.390730000000000077e-01 0.000000000000000000e+00 -6.622500000000003384e-03 1.655499999999990313e-03 -3.311250000000001692e-03 3.774724423598500067e+01
2.814570000000000127e-01 2.324499999999999900e-01 0.000000000000000000e+00 -6.622500000000003384e-03 1.655499999999990313e-03 6.938893903907228378e-18 3.774724423598500067e+01
2.814570000000000127e-01 2.258280000000000010e-01 3.310999999999980625e-03 -6.622499999999989506e-03 1.655499999999990313e-03 0.000000000000000000e+00 2.701095284777851901e+01
2.880789999999999740e-01 2.192050000000000110e-01 3.310999999999980625e-03 -6.622500000000003384e-03 -1.655499999999990313e-03 -6.938893903907228378e-18 -2.701095284777849415e+01
2.880789999999999740e-01 2.125829999999999942e-01 0.000000000000000000e+00 -6.622500000000003384e-03 -3.310999999999980625e-03 0.000000000000000000e+00 -7.549448847197000134e+01
2.880789999999999740e-01 2.059600000000000042e-01 -3.310999999999980625e-03 -6.622500000000003384e-03 -3.311249999999987814e-03 1.655749999999997502e-03 -6.753248075750516932e+01
2.814570000000000127e-01 1.993379999999999874e-01 -6.622499999999975628e-03 -3.311000000000008381e-03 -1.655750000000011379e-03 3.311250000000001692e-03 -6.753248075750576618e+01
2.748340000000000227e-01 1.993379999999999874e-01 -6.622500000000003384e-03 0.000000000000000000e+00 -1.387778780781445676e-17 1.655500000000004190e-03 -3.774724423598531331e+01
2.682120000000000060e-01 1.993379999999999874e-01 -6.622500000000003384e-03 0.000000000000000000e+00 0.000000000000000000e+00 0.000000000000000000e+00 -0.000000000000000000e+00
2.615890000000000160e-01 1.993379999999999874e-01 -6.622500000000003384e-03 0.000000000000000000e+00 0.000000000000000000e+00 1.655500000000004190e-03 -3.774724423598531331e+01
2.549669999999999992e-01 1.993379999999999874e-01 -6.622500000000003384e-03 3.311000000000008381e-03 0.000000000000000000e+00 1.655500000000004190e-03 -2.701095284777852612e+01
2.483440000000000092e-01 2.059600000000000042e-01 -6.622500000000003384e-03 3.311000000000008381e-03 0.000000000000000000e+00 2.499999999933111283e-07 -4.078972039724518966e-03
2.417219999999999924e-01 2.059600000000000042e-01 -6.622500000000003384e-03 3.311499999999995003e-03 1.655500000000004190e-03 1.655749999999997502e-03 -4.051785681642650161e+01
2.350990000000000024e-01 2.125829999999999942e-01 -3.311499999999995003e-03 6.622500000000003384e-03 3.311250000000001692e-03 1.655500000000004190e-03 -6.752636257661615105e+01
2.350990000000000024e-01 2.192050000000000110e-01 0.000000000000000000e+00 6.622500000000003384e-03 2.500000000002500222e-07 -6.938893903907228378e-18 -5.700278501362575183e-03
2.350990000000000024e-01 2.258280000000000010e-01 -3.310999999999994503e-03 6.622499999999989506e-03 -1.655499999999997252e-03 1.655499999999997252e-03 1.350649608990845252e+01
2.284770000000000134e-01 2.324499999999999900e-01 -3.310999999999994503e-03 9.933499999999997887e-03 1.655499999999997252e-03 1.655750000000004440e-03 -1.910049319907677301e+01
2.284770000000000134e-01 2.456949999999999967e-01 0.000000000000000000e+00 9.933999999999998387e-03 1.655499999999997252e-03 -1.655499999999997252e-03 -1.677570860370207129e+01
2.284770000000000134e-01 2.523179999999999867e-01 0.000000000000000000e+00 6.622500000000003384e-03 1.655499999999997252e-03 -1.655749999999997502e-03 -3.774724423598515699e+01
2.284770000000000134e-01 2.589400000000000035e-01 3.310999999999994503e-03 6.622500000000003384e-03 1.655499999999997252e-03 0.000000000000000000e+00 -2.701095284777847993e+01
2.350990000000000024e-01 2.655629999999999935e-01 3.310999999999994503e-03 6.622500000000003384e-03 -1.655499999999997252e-03 0.000000000000000000e+00 2.701095284777847993e+01
2.350990000000000024e-01 2.721850000000000103e-01 0.000000000000000000e+00 6.622500000000003384e-03 2.500000000002500222e-07 0.000000000000000000e+00 -5.700278501362575183e-03
2.350990000000000024e-01 2.788080000000000003e-01 3.311499999999995003e-03 6.622500000000003384e-03 1.655749999999997502e-03 0.000000000000000000e+00 -2.701258436269032259e+01
2.417219999999999924e-01 2.854300000000000170e-01 3.311499999999995003e-03 6.622500000000003384e-03 -2.499999999933111283e-07 0.000000000000000000e+00 4.078602500674562321e-03
2.417219999999999924e-01 2.920530000000000070e-01 3.311000000000008381e-03 6.622500000000003384e-03 1.655500000000004190e-03 0.000000000000000000e+00 -2.701095284777852612e+01
2.483440000000000092e-01 2.986750000000000238e-01 6.622500000000003384e-03 6.622500000000003384e-03 1.655749999999997502e-03 -1.655500000000004190e-03 -2.669334772316146243e+01
2.549669999999999992e-01 3.052980000000000138e-01 6.622500000000003384e-03 3.311499999999995003e-03 0.000000000000000000e+00 -3.311250000000001692e-03 -5.402109012287997558e+01
2.615890000000000160e-01 3.052980000000000138e-01 6.622500000000003384e-03 0.000000000000000000e+00 0.000000000000000000e+00 -1.655749999999997502e-03 -3.775294451448651500e+01
2.682120000000000060e-01 3.052980000000000138e-01 6.622500000000003384e-03 0.000000000000000000e+00 0.000000000000000000e+00 -1.655749999999997502e-03 -3.775294451448651500e+01
2.748340000000000227e-01 3.052980000000000138e-01 6.622500000000003384e-03 -3.311499999999995003e-03 -1.387778780781445676e-17 -3.311250000000001692e-03 -5.402109012288009637e+01
2.814570000000000127e-01 2.986750000000000238e-01 6.622499999999975628e-03 -6.622500000000003384e-03 0.000000000000000000e+00 -1.655500000000004190e-03 -1.334566618518504733e+01
2.880789999999999740e-01 2.920530000000000070e-01 6.622500000000003384e-03 -6.622500000000003384e-03 -1.655499999999976435e-03 0.000000000000000000e+00 -1.334566618518479508e+01
2.947020000000000195e-01 2.854300000000000170e-01 3.311500000000022759e-03 -6.622500000000003384e-03 -3.311250000000001692e-03 -1.655500000000004190e-03 -6.752636257661592367e+01
2.947020000000000195e-01 2.788080000000000003e-01 0.000000000000000000e+00 -9.933500000000011765e-03 -1.655750000000011379e-03 -1.655749999999997502e-03 -1.677993103222864235e+01
2.947020000000000195e-01 2.655629999999999935e-01 0.000000000000000000e+00 -9.933999999999998387e-03 0.000000000000000000e+00 1.655500000000004190e-03 0.000000000000000000e+00
2.947020000000000195e-01 2.589400000000000035e-01 0.000000000000000000e+00 -6.622500000000003384e-03 0.000000000000000000e+00 1.655749999999997502e-03 0.000000000000000000e+00
2.947020000000000195e-01 2.523179999999999867e-01 0.000000000000000000e+00 -6.622500000000003384e-03 1.655749999999997502e-03 6.938893903907228378e-18 3.775294451448651500e+01
2.947020000000000195e-01 2.456949999999999967e-01 3.311499999999995003e-03 -6.622499999999989506e-03 3.311499999999995003e-03 2.500000000071889161e-07 5.402720818059889751e+01
3.013250000000000095e-01 2.390730000000000077e-01 6.622999999999990006e-03 -6.621999999999989006e-03 3.311499999999995003e-03 5.000000000005000445e-07 2.669737835263026327e+01
