4.403969999999999829e-01 2.059600000000000042e-01 0.000000000000000000e+00 -6.622000000000016762e-03 -3.310999999999980625e-03 3.311000000000008381e-03 -7.550588945937698782e+01
4.403969999999999829e-01 1.993379999999999874e-01 -3.310999999999980625e-03 -3.311000000000008381e-03 -3.311250000000001692e-03 3.311000000000008381e-03 -2.135709684535726751e+02
4.337750000000000217e-01 1.993379999999999874e-01 -6.622500000000003384e-03 0.000000000000000000e+00 -1.655750000000011379e-03 1.655500000000004190e-03 -3.774724423598531331e+01
4.271519999999999762e-01 1.993379999999999874e-01 -6.622500000000003384e-03 0.000000000000000000e+00 1.655750000000011379e-03 1.655500000000004190e-03 -3.774724423598531331e+01
4.205300000000000149e-01 1.993379999999999874e-01 -3.310999999999980625e-03 3.311000000000008381e-03 3.311250000000001692e-03 3.311250000000001692e-03 -2.135790310821523974e+02
4.205300000000000149e-01 2.059600000000000042e-01 0.000000000000000000e+00 6.622500000000003384e-03 -2.500000000071889161e-07 1.655749999999997502e-03 5.700278501520788903e-03
4.205300000000000149e-01 2.125829999999999942e-01 -3.311499999999995003e-03 6.622500000000003384e-03 -1.655749999999997502e-03 0.000000000000000000e+00 2.701258436269032259e+01
4.139070000000000249e-01 2.192050000000000110e-01 -3.311499999999995003e-03 6.622500000000003384e-03 1.655749999999997502e-03 -6.938893903907228378e-18 -2.701258436269026575e+01
4.139070000000000249e-01 2.258280000000000010e-01 0.000000000000000000e+00 6.622499999999989506e-03 1.655749999999997502e-03 0.000000000000000000e+00 -3.775294451448668553e+01
4.139070000000000249e-01 2.324499999999999900e-01 0.000000000000000000e+00 6.622500000000003384e-03 1.655749999999997502e-03 6.938893903907228378e-18 -3.775294451448651500e+01
4.139070000000000249e-01 2.390730000000000077e-01 3.311499999999995003e-03 6.622500000000003384e-03 1.655749999999997502e-03 -6.938893903907228378e-18 -2.701258436269038299e+01
4.205300000000000149e-01 2.456949999999999967e-01 3.311499999999995003e-03 6.622499999999989506e-03 -1.655749999999997502e-03 0.000000000000000000e+00 2.701258436269041141e+01
4.205300000000000149e-01 2.523179999999999867e-01 0.000000000000000000e+00 6.622500000000003384e-03 -2.500000000071889161e-07 6.938893903907228378e-18 5.700278501520788903e-03
4.205300000000000149e-01 2.589400000000000035e-01 3.310999999999980625e-03 6.622500000000003384e-03 3.311250000000001692e-03 0.000000000000000000e+00 -5.402598466759705076e+01
4.271519999999999762e-01 2.655629999999999935e-01 6.622500000000003384e-03 6.622500000000003384e-03 1.655750000000011379e-03 0.000000000000000000e+00 -1.334768153797655543e+01
4.337750000000000217e-01 2.721850000000000103e-01 6.622500000000003384e-03 6.622500000000003384e-03 -1.387778780781445676e-17 0.000000000000000000e+00 1.118745535922209808e-13
4.403969999999999829e-01 2.788080000000000003e-01 6.622499999999975628e-03 6.622500000000003384e-03 0.000000000000000000e+00 -1.655749999999997502e-03 -1.334768153797647372e+01
4.470199999999999729e-01 2.854300000000000170e-01 6.622500000000003384e-03 3.311000000000008381e-03 1.387778780781445676e-17 -3.311250000000001692e-03 -5.402598466759690155e+01
4.536419999999999897e-01 2.854300000000000170e-01 6.622500000000003384e-03 0.000000000000000000e+00 0.000000000000000000e+00 -1.655500000000004190e-03 -3.774724423598531331e+01
4.602649999999999797e-01 2.854300000000000170e-01 6.622500000000003384e-03 0.000000000000000000e+00 0.000000000000000000e+00 0.000000000000000000e+00 0.000000000000000000e+00
4.668869999999999965e-01 2.854300000000000170e-01 6.622500000000003384e-03 0.000000000000000000e+00 0.000000000000000000e+00 -1.655500000000004190e-03 -3.774724423598531331e+01
4.735099999999999865e-01 2.854300000000000170e-01 6.622500000000003384e-03 -3.311000000000008381e-03 0.000000000000000000e+00 -3.311250000000001692e-03 -5.402598466759678075e+01
4.801320000000000032e-01 2.788080000000000003e-01 6.622500000000003384e-03 -6.622500000000003384e-03 0.000000000000000000e+00 -1.655749999999997502e-03 -1.334768153797644352e+01
4.867549999999999932e-01 2.721850000000000103e-01 6.622500000000003384e-03 -6.622500000000003384e-03 0.000000000000000000e+00 0.000000000000000000e+00 0.000000000000000000e+00
4.933770000000000100e-01 2.655629999999999935e-01 6.622500000000003384e-03 -6.622500000000003384e-03 2.500000000071889161e-07 -1.655749999999997502e-03 -1.334566618518490522e+01
5.000000000000000000e-01 2.589400000000000035e-01 6.623000000000017762e-03 -9.933999999999998387e-03 -1.387778780781445676e-17 -3.311250000000001692e-03 -1.288554575323684936e+01
5.066230000000000455e-01 2.456949999999999967e-01 6.622499999999975628e-03 -1.324500000000000677e-02 -1.656000000000032446e-03 2.500000000002500222e-07 -6.753961871222520230e+00
5.132449999999999513e-01 2.324499999999999900e-01 3.310999999999952870e-03 -9.933499999999997887e-03 -3.311249999999987814e-03 3.311250000000008631e-03 -1.910193539880497582e+01
5.132449999999999513e-01 2.258280000000000010e-01 0.000000000000000000e+00 -6.622499999999989506e-03 2.500000000349444917e-07 1.655499999999997252e-03 5.700278502153672405e-03
5.132449999999999513e-01 2.192050000000000110e-01 3.311500000000022759e-03 -6.622500000000003384e-03 1.655750000000011379e-03 -6.938893903907228378e-18 2.701258436269035457e+01
5.198679999999999968e-01 2.125829999999999942e-01 3.311500000000022759e-03 -6.622500000000003384e-03 -1.655750000000011379e-03 3.311250000000001692e-03 0.000000000000000000e+00
5.198679999999999968e-01 2.059600000000000042e-01 0.000000000000000000e+00 0.000000000000000000e+00 -1.655750000000011379e-03 6.622500000000003384e-03 0.000000000000000000e+00
5.198679999999999968e-01 2.125829999999999942e-01 0.000000000000000000e+00 6.622500000000003384e-03 0.000000000000000000e+00 4.966749999999998944e-03 0.000000000000000000e+00
5.198679999999999968e-01 2.192050000000000110e-01 0.000000000000000000e+00 9.933499999999997887e-03 0.000000000000000000e+00 1.655749999999997502e-03 0.000000000000000000e+00
5.198679999999999968e-01 2.324499999999999900e-01 0.000000000000000000e+00 9.933999999999998387e-03 0.000000000000000000e+00 -1.655499999999997252e-03 -0.000000000000000000e+00
5.198679999999999968e-01 2.390730000000000077e-01 0.000000000000000000e+00 6.622500000000003384e-03 0.000000000000000000e+00 -1.655750000000004440e-03 -0.000000000000000000e+00
5.198679999999999968e-01 2.456949999999999967e-01 0.000000000000000000e+00 6.622499999999989506e-03 1.655500000000004190e-03 1.655749999999997502e-03 -3.774724423598548384e+01
5.198679999999999968e-01 2.523179999999999867e-01 3.311000000000008381e-03 9.933999999999998387e-03 3.311249999999987814e-03 1.655500000000011129e-03 -2.387561644713625242e+01
5.264900000000000135e-01 2.655629999999999935e-01 6.622499999999975628e-03 9.933500000000011765e-03 2.499999999794333405e-07 -1.655749999999997502e-03 -6.445354896428019842e+00
5.331129999999999480e-01 2.721850000000000103e-01 3.311499999999967248e-03 6.622500000000003384e-03 2.775557561562891351e-17 2.499999999933111283e-07 2.039455217513774267e-03
5.331129999999999480e-01 2.788080000000000003e-01 6.622500000000031140e-03 9.933999999999998387e-03 3.311000000000036136e-03 1.655500000000004190e-03 -1.288498447198236718e+01
5.463580000000000103e-01 2.920530000000000070e-01 9.933500000000039520e-03 9.933500000000011765e-03 -2.775557561562891351e-17 -3.311499999999995003e-03 -1.186520302073124000e+01
5.529800000000000271e-01 2.986750000000000238e-01 6.622499999999975628e-03 3.311000000000008381e-03 -1.655500000000031946e-03 -3.311000000000008381e-03 -4.051744893768689337e+01
5.596029999999999616e-01 2.986750000000000238e-01 6.622499999999975628e-03 3.311499999999995003e-03 2.775557561562891351e-17 2.499999999933111283e-07 4.078602500448162693e-03
5.662249999999999783e-01 3.052980000000000138e-01 6.622500000000031140e-03 3.311499999999995003e-03 3.311250000000015570e-03 -1.655749999999997502e-03 -5.402516872538033255e+01
5.728480000000000238e-01 3.052980000000000138e-01 1.324500000000000677e-02 0.000000000000000000e+00 3.311249999999987814e-03 -3.311499999999995003e-03 -1.887647225724325750e+01
5.927149999999999919e-01 3.052980000000000138e-01 1.324500000000000677e-02 -3.311499999999995003e-03 -3.311249999999987814e-03 -3.311250000000001692e-03 -2.154296233960979023e+01
5.993380000000000374e-01 2.986750000000000238e-01 6.622500000000031140e-03 -6.622500000000003384e-03 0.000000000000000000e+00 -3.311000000000008381e-03 -2.669133237036997741e+01
6.059600000000000541e-01 2.920530000000000070e-01 1.324500000000000677e-02 -9.933500000000011765e-03 3.311249999999960059e-03 -1.655749999999997502e-03 2.415524466274461712e+00
6.258280000000000509e-01 2.788080000000000003e-01 1.324499999999995126e-02 -9.933999999999998387e-03 -1.655750000000011379e-03 -2.499999999933111283e-07 -3.625004990812770611e+00
6.324499999999999567e-01 2.721850000000000103e-01 9.933499999999984009e-03 -9.933999999999998387e-03 -3.311249999999960059e-03 2.499999999933111283e-07 -1.186311296888658617e+01
6.456950000000000189e-01 2.589400000000000035e-01 6.622500000000031140e-03 -9.933500000000011765e-03 -3.311000000000008381e-03 2.500000000002500222e-07 -1.932730822145329697e+01
6.456950000000000189e-01 2.523179999999999867e-01 3.311499999999967248e-03 -9.933499999999997887e-03 -2.775557561562891351e-17 -1.655749999999990563e-03 -4.775988609260220841e+00
6.523179999999999534e-01 2.390730000000000077e-01 6.622499999999975628e-03 -1.324499999999999289e-02 1.655500000000031946e-03 -2.500000000002500222e-07 6.751922477587374516e+00
6.589399999999999702e-01 2.258280000000000010e-01 6.622500000000031140e-03 -9.933999999999998387e-03 -1.655499999999976435e-03 -6.938893903907228378e-18 -9.663616756231910188e+00
6.655630000000000157e-01 2.192050000000000110e-01 3.311500000000022759e-03 -1.324500000000000677e-02 -3.311250000000015570e-03 -1.655500000000004190e-03 -1.938837332819963777e+01
6.655630000000000157e-01 1.993379999999999874e-01 0.000000000000000000e+00 -1.324500000000000677e-02 -1.655750000000011379e-03 1.655500000000004190e-03 -9.438236128621708687e+00
6.655630000000000157e-01 1.927149999999999974e-01 0.000000000000000000e+00 -9.933999999999998387e-03 0.000000000000000000e+00 6.938893903907228378e-18 0.000000000000000000e+00
6.655630000000000157e-01 1.794699999999999906e-01 0.000000000000000000e+00 -1.324499999999999289e-02 0.000000000000000000e+00 2.500000000002500222e-07 0.000000000000000000e+00
6.655630000000000157e-01 1.662250000000000116e-01 0.000000000000000000e+00 -9.933499999999997887e-03 0.000000000000000000e+00 3.311249999999994753e-03 0.000000000000000000e+00
6.655630000000000157e-01 1.596029999999999949e-01 0.000000000000000000e+00 -6.622500000000003384e-03 -1.655750000000011379e-03 -2.500000000002500222e-07 -3.775294451448683475e+01
6.655630000000000157e-01 1.529800000000000049e-01 -3.311500000000022759e-03 -9.933999999999998387e-03 -1.655750000000011379e-03 -1.655499999999997252e-03 -9.550679209373360123e+00
6.589399999999999702e-01 1.397349999999999981e-01 -3.311500000000022759e-03 -9.933499999999997887e-03 2.500000000071889161e-07 1.655749999999997502e-03 -4.773825462108476358e+00
6.589399999999999702e-01 1.331130000000000091e-01 -3.311000000000008381e-03 -6.622500000000003384e-03 -1.655499999999976435e-03 1.655499999999997252e-03 -4.051540960564814498e+01
6.523179999999999534e-01 1.264899999999999913e-01 -6.622499999999975628e-03 -6.622500000000003384e-03 -3.311499999999995003e-03 -1.655499999999997252e-03 -1.334969689076806887e+01
6.456950000000000189e-01 1.198680000000000023e-01 -9.933999999999998387e-03 -9.933499999999997887e-03 -3.311250000000015570e-03 -1.655749999999997502e-03 -5.930959320333973217e+00
6.324499999999999567e-01 1.066229999999999956e-01 -1.324500000000000677e-02 -9.933999999999998387e-03 2.500000000071889161e-07 3.311000000000001442e-03 -9.662484652420294751e+00
6.192050000000000054e-01 1.000000000000000056e-01 -9.933499999999984009e-03 -3.311499999999995003e-03 1.655750000000011379e-03 3.311249999999998223e-03 -2.387489541259622428e+01
6.125829999999999886e-01 1.000000000000000056e-01 -9.933499999999984009e-03 -3.311500000000001942e-03 -2.500000000071889161e-07 -3.469446951953614189e-18 -7.211216381094032310e-04
5.993380000000000374e-01 9.337700000000000167e-02 -9.933999999999998387e-03 -3.311500000000001942e-03 -2.500000000071889161e-07 1.655750000000000971e-03 -1.432601881405998689e+01
5.927149999999999919e-01 9.337700000000000167e-02 -9.933999999999998387e-03 0.000000000000000000e+00 2.500000000071889161e-07 1.655750000000000971e-03 -1.677824193330097202e+01
5.794700000000000406e-01 9.337700000000000167e-02 -9.933499999999984009e-03 0.000000000000000000e+00 2.499999999794333405e-07 0.000000000000000000e+00 -0.000000000000000000e+00
5.728480000000000238e-01 9.337700000000000167e-02 -9.933500000000039520e-03 0.000000000000000000e+00 1.655499999999976435e-03 1.655750000000000971e-03 -1.677993103222844340e+01
5.596029999999999616e-01 9.337700000000000167e-02 -6.622500000000031140e-03 3.311500000000001942e-03 3.311000000000036136e-03 3.311499999999998473e-03 -8.103571363285266216e+01
5.596029999999999616e-01 1.000000000000000056e-01 -3.311499999999967248e-03 6.622999999999996945e-03 2.775557561562891351e-17 1.655499999999997252e-03 -1.350282564325309131e+01
5.529800000000000271e-01 1.066229999999999956e-01 -6.622499999999975628e-03 6.622499999999996445e-03 2.499999999794333405e-07 -2.499999999967805753e-07 1.398367566448896413e-13
5.463580000000000103e-01 1.132449999999999984e-01 -3.311000000000008381e-03 6.622500000000003384e-03 3.311249999999987814e-03 0.000000000000000000e+00 -5.402598466759654627e+01
5.463580000000000103e-01 1.198680000000000023e-01 0.000000000000000000e+00 6.622499999999996445e-03 -2.500000000071889161e-07 -1.655750000000004440e-03 5.700278501520801046e-03
5.463580000000000103e-01 1.264899999999999913e-01 -3.311500000000022759e-03 3.310999999999994503e-03 -1.655750000000011379e-03 -1.655499999999993782e-03 1.067733893710503850e+02
5.397349999999999648e-01 1.264899999999999913e-01 -3.311500000000022759e-03 3.311500000000008881e-03 1.655750000000011379e-03 1.655750000000004440e-03 -1.067653300900715863e+02
5.397349999999999648e-01 1.331130000000000091e-01 0.000000000000000000e+00 6.622500000000003384e-03 1.655750000000011379e-03 -1.655750000000004440e-03 -3.775294451448683475e+01
5.397349999999999648e-01 1.397349999999999981e-01 0.000000000000000000e+00 0.000000000000000000e+00 1.655750000000011379e-03 -4.966749999999998944e-03 0.000000000000000000e+00
5.397349999999999648e-01 1.331130000000000091e-01 3.311500000000022759e-03 -3.310999999999994503e-03 1.655750000000011379e-03 -1.655750000000004440e-03 -8.062019735281044513e-03
5.463580000000000103e-01 1.331130000000000091e-01 3.311500000000022759e-03 -3.311500000000008881e-03 -1.655750000000011379e-03 -1.655750000000004440e-03 -1.067653300900715863e+02
5.463580000000000103e-01 1.264899999999999913e-01 0.000000000000000000e+00 -6.622500000000003384e-03 -1.655750000000011379e-03 -1.655499999999993782e-03 -3.775294451448683475e+01
5.463580000000000103e-01 1.198680000000000023e-01 0.000000000000000000e+00 -6.622499999999996445e-03 0.000000000000000000e+00 0.000000000000000000e+00 0.000000000000000000e+00
5.463580000000000103e-01 1.132449999999999984e-01 0.000000000000000000e+00 -6.622500000000003384e-03 0.000000000000000000e+00 0.000000000000000000e+00 0.000000000000000000e+00
5.463580000000000103e-01 1.066229999999999956e-01 0.000000000000000000e+00 -6.622499999999996445e-03 0.000000000000000000e+00 -2.499999999967805753e-07 0.000000000000000000e+00
5.463580000000000103e-01 1.000000000000000056e-01 0.000000000000000000e+00 -6.622999999999996945e-03 -1.655750000000011379e-03 -3.469446951953614189e-18 -3.774724445115536042e+01
5.463580000000000103e-01 9.337700000000000167e-02 -3.311500000000022759e-03 -6.622500000000003384e-03 -1.655750000000011379e-03 2.499999999967805753e-07 -2.701462381790840439e+01
5.397349999999999648e-01 8.675499999999999878e-02 -3.311500000000022759e-03 -6.622500000000003384e-03 1.655750000000011379e-03 3.469446951953614189e-18 2.701258436269038299e+01
5.397349999999999648e-01 8.013199999999999490e-02 0.000000000000000000e+00 -6.622499999999996445e-03 2.500000000071889161e-07 1.655750000000004440e-03 5.700278501520801046e-03
5.397349999999999648e-01 7.351000000000000589e-02 -3.311000000000008381e-03 -3.310999999999994503e-03 -1.655500000000004190e-03 1.655499999999997252e-03 -1.067814529124957943e+02
5.331129999999999480e-01 7.351000000000000589e-02 -3.311000000000008381e-03 -3.311500000000001942e-03 -2.499999999794333405e-07 -1.655750000000004440e-03 5.337863266579101662e+01
5.331129999999999480e-01 6.688700000000000201e-02 -3.311499999999967248e-03 -6.622500000000003384e-03 -1.655749999999983624e-03 2.500000000002500222e-07 -2.701462381790826228e+01
5.264900000000000135e-01 6.026499999999999913e-02 -6.622499999999975628e-03 -3.311000000000001442e-03 -1.655500000000031946e-03 3.311250000000001692e-03 -6.753044142546764306e+01
5.198679999999999968e-01 6.026499999999999913e-02 -6.622500000000031140e-03 0.000000000000000000e+00 0.000000000000000000e+00 1.655500000000000721e-03 -3.774724423598492251e+01
5.132449999999999513e-01 6.026499999999999913e-02 -6.622499999999975628e-03 0.000000000000000000e+00 2.775557561562891351e-17 0.000000000000000000e+00 -0.000000000000000000e+00
5.066230000000000455e-01 6.026499999999999913e-02 -6.622499999999975628e-03 0.000000000000000000e+00 -1.655750000000025257e-03 3.311250000000001692e-03 -7.550018875047247491e+01
5.000000000000000000e-01 6.026499999999999913e-02 -9.934000000000026143e-03 6.622500000000003384e-03 -1.387778780781445676e-17 4.966749999999998944e-03 -2.899230958865317120e+01
4.867549999999999932e-01 7.351000000000000589e-02 -6.622500000000003384e-03 9.933499999999997887e-03 4.967000000000013071e-03 -3.469446951953614189e-18 -2.899534056609566335e+01
4.867549999999999932e-01 8.013199999999999490e-02 0.000000000000000000e+00 6.622499999999996445e-03 1.655500000000004190e-03 -1.655499999999997252e-03 -3.774724423598539857e+01
4.867549999999999932e-01 8.675499999999999878e-02 -3.311499999999995003e-03 6.622500000000003384e-03 -1.655749999999997502e-03 1.655750000000000971e-03 1.350527245373615060e+01
4.801320000000000032e-01 9.337700000000000167e-02 -3.311499999999995003e-03 9.933999999999998387e-03 1.655749999999997502e-03 1.655749999999997502e-03 -1.910063739510101044e+01
4.801320000000000032e-01 1.066229999999999956e-01 0.000000000000000000e+00 9.933999999999998387e-03 1.655749999999997502e-03 -2.500000000002500222e-07 -1.677824193330093649e+01
4.801320000000000032e-01 1.132449999999999984e-01 0.000000000000000000e+00 9.933499999999997887e-03 0.000000000000000000e+00 3.469446951953614189e-18 0.000000000000000000e+00
4.801320000000000032e-01 1.264899999999999913e-01 0.000000000000000000e+00 9.934000000000005326e-03 0.000000000000000000e+00 -1.655499999999997252e-03 -0.000000000000000000e+00
4.801320000000000032e-01 1.331130000000000091e-01 0.000000000000000000e+00 6.622500000000003384e-03 1.655749999999997502e-03 -1.655750000000007910e-03 -3.775294451448651500e+01
4.801320000000000032e-01 1.397349999999999981e-01 3.311499999999995003e-03 6.622499999999989506e-03 4.966999999999999194e-03 0.000000000000000000e+00 -8.103367448557054331e+01
4.867549999999999932e-01 1.463579999999999881e-01 9.933999999999998387e-03 6.622500000000003384e-03 3.311250000000015570e-03 -1.655749999999990563e-03 -2.255054701264078076e+01
5.000000000000000000e-01 1.529800000000000049e-01 9.934000000000026143e-03 3.311000000000008381e-03 -1.655750000000011379e-03 -3.311250000000001692e-03 -2.387489549970053204e+01
5.066230000000000455e-01 1.529800000000000049e-01 6.622499999999975628e-03 0.000000000000000000e+00 -2.500000000210667039e-07 -1.655500000000004190e-03 -3.774724423598564016e+01
5.132449999999999513e-01 1.529800000000000049e-01 9.933499999999984009e-03 0.000000000000000000e+00 1.655750000000011379e-03 0.000000000000000000e+00 0.000000000000000000e+00
5.264900000000000135e-01 1.529800000000000049e-01 9.933999999999998387e-03 0.000000000000000000e+00 -1.655500000000004190e-03 0.000000000000000000e+00 0.000000000000000000e+00
5.331129999999999480e-01 1.529800000000000049e-01 6.622499999999975628e-03 0.000000000000000000e+00 -1.655749999999983624e-03 -1.655500000000004190e-03 -3.774724423598564016e+01
5.397349999999999648e-01 1.529800000000000049e-01 6.622500000000031140e-03 -3.311000000000008381e-03 2.775557561562891351e-17 -4.966749999999998944e-03 -8.103693751537447554e+01
5.463580000000000103e-01 1.463579999999999881e-01 6.622500000000031140e-03 -9.933499999999997887e-03 -2.775557561562891351e-17 -3.311499999999995003e-03 -1.288779099473225642e+01
5.529800000000000271e-01 1.331130000000000091e-01 6.622499999999975628e-03 -9.933999999999998387e-03 -1.655500000000031946e-03 -2.500000000037194692e-07 -9.664589611720137086e+00
5.596029999999999616e-01 1.264899999999999913e-01 3.311499999999967248e-03 -9.934000000000005326e-03 -3.311249999999987814e-03 -1.655499999999997252e-03 -3.342305119979962313e+01
5.596029999999999616e-01 1.132449999999999984e-01 0.000000000000000000e+00 -1.324499999999999289e-02 -3.311499999999967248e-03 -3.310999999999987564e-03 -1.887647225724314382e+01
