4.205300000000000149e-01 3.516560000000000241e-01 0.000000000000000000e+00 6.621999999999961251e-03 0.000000000000000000e+00 3.311500000000022759e-03 0.000000000000000000e+00
4.205300000000000149e-01 3.582779999999999854e-01 0.000000000000000000e+00 9.933499999999984009e-03 -1.655749999999997502e-03 4.967250000000020260e-03 1.677993103222859617e+01
4.205300000000000149e-01 3.715229999999999921e-01 -3.311499999999995003e-03 1.655650000000000177e-02 -1.655749999999997502e-03 1.655750000000011379e-03 4.556045895329805973e+00
4.139070000000000249e-01 3.913909999999999889e-01 -3.311499999999995003e-03 1.324500000000000677e-02 3.311499999999995003e-03 -3.311499999999995003e-03 -1.292623279169172790e+01
4.139070000000000249e-01 3.980130000000000057e-01 3.311499999999995003e-03 9.933500000000011765e-03 3.311499999999995003e-03 -1.655500000000004190e-03 -3.342831465662957413e+01
4.205300000000000149e-01 4.112580000000000124e-01 3.311499999999995003e-03 9.933999999999998387e-03 1.655500000000004190e-03 -1.655500000000004190e-03 -1.909775340938538335e+01
4.205300000000000149e-01 4.178810000000000024e-01 6.622500000000003384e-03 6.622500000000003384e-03 3.310999999999994503e-03 -1.655749999999997502e-03 -4.003901390834636231e+01
4.337750000000000217e-01 4.245030000000000192e-01 9.933499999999984009e-03 6.622500000000003384e-03 1.655499999999990313e-03 -1.655500000000004190e-03 -1.610706312949564278e+01
4.403969999999999829e-01 4.311260000000000092e-01 9.933499999999984009e-03 3.311499999999995003e-03 2.500000000071889161e-07 -3.311250000000001692e-03 -2.865160514349448206e+01
4.536419999999999897e-01 4.311260000000000092e-01 9.933999999999998387e-03 0.000000000000000000e+00 2.500000000071889161e-07 -1.655749999999997502e-03 -1.677824193330093649e+01
4.602649999999999797e-01 4.311260000000000092e-01 9.933999999999998387e-03 0.000000000000000000e+00 -2.499999999933111283e-07 -1.655749999999997502e-03 -1.677824193330093649e+01
4.735099999999999865e-01 4.311260000000000092e-01 9.933500000000011765e-03 -3.311499999999995003e-03 1.655500000000004190e-03 -8.278250000000000886e-03 -6.685302414059432863e+01
4.801320000000000032e-01 4.245030000000000192e-01 1.324500000000000677e-02 -1.655650000000000177e-02 2.499999999933111283e-07 -6.622250000000010073e-03 -9.201811759015408043e+00
5.000000000000000000e-01 3.980130000000000057e-01 9.933999999999998387e-03 -1.655600000000001515e-02 -4.966749999999992005e-03 3.311499999999995003e-03 -6.854087695411851477e+00
5.000000000000000000e-01 3.913909999999999889e-01 3.311500000000022759e-03 -9.933500000000011765e-03 -1.655750000000011379e-03 1.655500000000004190e-03 -9.551256096881978408e+00
5.066230000000000455e-01 3.781459999999999821e-01 6.622499999999975628e-03 -1.324500000000000677e-02 -2.500000000349444917e-07 -2.499999999933111283e-07 -1.529545226494643346e-03
5.132449999999999513e-01 3.649009999999999754e-01 3.310999999999952870e-03 -9.933999999999998387e-03 -1.655499999999976435e-03 3.311250000000015570e-03 -4.774834866904273056e+00
5.132449999999999513e-01 3.582779999999999854e-01 3.311500000000022759e-03 -6.622499999999975628e-03 2.500000000349444917e-07 4.966999999999999194e-03 4.052397487414637567e+01
5.198679999999999968e-01 3.516560000000000241e-01 3.311500000000022759e-03 0.000000000000000000e+00 -1.655750000000011379e-03 8.277999999999979819e-03 7.548764960088336693e+02
5.198679999999999968e-01 3.582779999999999854e-01 0.000000000000000000e+00 9.933499999999984009e-03 -1.655750000000011379e-03 4.966999999999999194e-03 1.677993103222873827e+01
5.198679999999999968e-01 3.715229999999999921e-01 0.000000000000000000e+00 9.933999999999998387e-03 0.000000000000000000e+00 2.500000000071889161e-07 0.000000000000000000e+00
5.198679999999999968e-01 3.781459999999999821e-01 0.000000000000000000e+00 9.933999999999998387e-03 1.655500000000004190e-03 1.655500000000004190e-03 -1.677570860370213879e+01
5.198679999999999968e-01 3.913909999999999889e-01 3.311000000000008381e-03 1.324500000000000677e-02 3.311249999999987814e-03 -2.499999999933111283e-07 -1.723489416032205668e+01
5.264900000000000135e-01 4.046359999999999957e-01 6.622499999999975628e-03 9.933500000000011765e-03 1.655749999999983624e-03 -3.311250000000001692e-03 -2.255241802592367861e+01
5.331129999999999480e-01 4.112580000000000124e-01 6.622499999999975628e-03 6.622500000000003384e-03 1.655500000000031946e-03 -1.655500000000004190e-03 -2.669133237037037532e+01
5.397349999999999648e-01 4.178810000000000024e-01 9.933500000000039520e-03 6.622500000000003384e-03 6.622500000000031140e-03 0.000000000000000000e+00 -2.577363607507566456e+01
5.529800000000000271e-01 4.245030000000000192e-01 1.986750000000003791e-02 6.622500000000003384e-03 6.622749999999982817e-03 -1.655500000000004190e-03 -8.356249478527116636e+00
5.794700000000000406e-01 4.311260000000000092e-01 2.317900000000000515e-02 3.311499999999995003e-03 -1.655500000000031946e-03 -3.311250000000001692e-03 -5.552079609159184415e+00
5.993380000000000374e-01 4.311260000000000092e-01 1.655649999999997402e-02 0.000000000000000000e+00 -3.311500000000022759e-03 -3.311499999999995003e-03 -1.208057740753143783e+01
6.125829999999999886e-01 4.311260000000000092e-01 1.655599999999995964e-02 -3.311499999999995003e-03 -1.655749999999983624e-03 -3.311250000000001692e-03 -1.252927177984785168e+01
6.324499999999999567e-01 4.245030000000000192e-01 1.324500000000000677e-02 -6.622500000000003384e-03 -1.655499999999976435e-03 -3.311000000000008381e-03 -1.688108081498999979e+01
6.390730000000000022e-01 4.178810000000000024e-01 1.324500000000000677e-02 -9.933500000000011765e-03 -1.655750000000011379e-03 -4.966999999999999194e-03 -1.812108504385739849e+01
6.589399999999999702e-01 4.046359999999999957e-01 9.933499999999984009e-03 -1.655650000000000177e-02 -4.966749999999992005e-03 -3.311499999999995003e-03 -1.599470697209658887e+01
6.589399999999999702e-01 3.847679999999999989e-01 3.311500000000022759e-03 -1.655650000000000177e-02 -3.310999999999980625e-03 2.500000000071889161e-07 -1.138839493057428243e+01
6.655630000000000157e-01 3.715229999999999921e-01 3.311500000000022759e-03 -1.655599999999998739e-02 -1.655750000000011379e-03 -3.310999999999994503e-03 -7.973516913523644334e+00
6.655630000000000157e-01 3.516560000000000241e-01 0.000000000000000000e+00 -2.317849999999999078e-02 -1.655750000000011379e-03 -3.311500000000008881e-03 -3.081939503236299949e+00
6.655630000000000157e-01 3.251660000000000106e-01 0.000000000000000000e+00 -2.317900000000000515e-02 -3.311250000000015570e-03 -3.311500000000008881e-03 -6.163147765373121700e+00
6.655630000000000157e-01 3.052980000000000138e-01 -6.622500000000031140e-03 -2.980150000000000854e-02 -4.966999999999999194e-03 -3.311250000000001692e-03 -4.431841014246614030e+00
6.523179999999999534e-01 2.655629999999999935e-01 -9.933999999999998387e-03 -2.980150000000000854e-02 -3.311249999999960059e-03 1.655750000000004440e-03 -3.713896669323633049e+00
6.456950000000000189e-01 2.456949999999999967e-01 -1.324499999999995126e-02 -2.648999999999999966e-02 -3.311000000000008381e-03 3.311500000000001942e-03 -5.064579168701418332e+00
6.258280000000000509e-01 2.125829999999999942e-01 -1.655600000000001515e-02 -2.317850000000000465e-02 1.655499999999976435e-03 6.622500000000003384e-03 -3.083896869468898849e+00
6.125829999999999886e-01 1.993379999999999874e-01 -9.933999999999998387e-03 -1.324499999999999289e-02 3.311000000000008381e-03 6.622250000000003134e-03 -4.832427945026722682e+00
6.059600000000000541e-01 1.860930000000000084e-01 -9.933999999999998387e-03 -9.933999999999998387e-03 -1.655500000000004190e-03 3.311249999999994753e-03 -1.779422163660005651e+01
5.927149999999999919e-01 1.794699999999999906e-01 -1.324500000000000677e-02 -6.622500000000003384e-03 -4.966749999999992005e-03 1.655750000000004440e-03 -1.688261036021637906e+01
5.794700000000000406e-01 1.728480000000000016e-01 -1.986749999999998240e-02 -6.622499999999989506e-03 -1.655500000000004190e-03 1.655500000000004190e-03 -4.774690687215052520e+00
5.529800000000000271e-01 1.662250000000000116e-01 -1.655600000000001515e-02 -3.311499999999995003e-03 4.966999999999971438e-03 3.311249999999994753e-03 -7.972656960705649887e+00
5.463580000000000103e-01 1.662250000000000116e-01 -9.933500000000039520e-03 0.000000000000000000e+00 1.655500000000004190e-03 4.966999999999992255e-03 -5.033725951205103399e+01
5.331129999999999480e-01 1.662250000000000116e-01 -1.324500000000000677e-02 6.622499999999989506e-03 1.655500000000031946e-03 4.966999999999999194e-03 -2.363555253462125805e+01
5.198679999999999968e-01 1.794699999999999906e-01 -6.622499999999975628e-03 9.933999999999998387e-03 4.966749999999992005e-03 6.938893903907228378e-18 -2.899230958865341279e+01
5.198679999999999968e-01 1.860930000000000084e-01 -3.311500000000022759e-03 6.622500000000003384e-03 1.655499999999976435e-03 -2.500000000002500222e-07 -2.700646630497103828e+01
5.132449999999999513e-01 1.927149999999999974e-01 -3.311500000000022759e-03 9.933499999999997887e-03 1.655750000000011379e-03 1.655749999999997502e-03 -1.910251219376400655e+01
5.132449999999999513e-01 2.059600000000000042e-01 0.000000000000000000e+00 9.933999999999998387e-03 1.655750000000011379e-03 -1.655499999999997252e-03 -1.677824193330107860e+01
5.132449999999999513e-01 2.125829999999999942e-01 0.000000000000000000e+00 6.622500000000003384e-03 0.000000000000000000e+00 -4.966999999999999194e-03 -0.000000000000000000e+00
5.132449999999999513e-01 2.192050000000000110e-01 0.000000000000000000e+00 0.000000000000000000e+00 0.000000000000000000e+00 -6.622500000000003384e-03 0.000000000000000000e+00
5.132449999999999513e-01 2.125829999999999942e-01 0.000000000000000000e+00 -6.622500000000003384e-03 0.000000000000000000e+00 -3.311250000000001692e-03 0.000000000000000000e+00
5.132449999999999513e-01 2.059600000000000042e-01 0.000000000000000000e+00 -6.622500000000003384e-03 -1.655499999999976435e-03 -1.655499999999997252e-03 -3.774724423598468093e+01
5.132449999999999513e-01 1.993379999999999874e-01 -3.310999999999952870e-03 -9.933499999999997887e-03 -3.311249999999987814e-03 6.938893903907228378e-18 -2.865218199834331259e+01
5.066230000000000455e-01 1.860930000000000084e-01 -6.622499999999975628e-03 -6.622499999999989506e-03 -4.967250000000034138e-03 1.655499999999997252e-03 -5.338871079911500317e+01
5.000000000000000000e-01 1.860930000000000084e-01 -1.324550000000002115e-02 -6.622500000000003384e-03 -3.311250000000015570e-03 -6.938893903907228378e-18 -6.752330390957008710e+00
4.801320000000000032e-01 1.728480000000000016e-01 -1.324500000000000677e-02 -6.622500000000003384e-03 1.656000000000004690e-03 3.311250000000001692e-03 -1.012864848899400627e+01
4.735099999999999865e-01 1.728480000000000016e-01 -9.933500000000011765e-03 0.000000000000000000e+00 -4.966999999999999194e-03 4.966749999999998944e-03 -5.033472592741719609e+01
4.602649999999999797e-01 1.728480000000000016e-01 -2.317900000000000515e-02 3.310999999999994503e-03 -4.966999999999985316e-03 3.311250000000001692e-03 -4.698030489316435521e+00
4.271519999999999762e-01 1.794699999999999906e-01 -1.986749999999998240e-02 6.622500000000003384e-03 4.967000000000013071e-03 3.311500000000001942e-03 -1.074449611530278226e+01
4.205300000000000149e-01 1.860930000000000084e-01 -1.324499999999997901e-02 9.933999999999998387e-03 4.966749999999992005e-03 3.311249999999994753e-03 -2.053549316759073662e+01
4.006620000000000181e-01 1.993379999999999874e-01 -9.933999999999998387e-03 1.324499999999999289e-02 6.622499999999989506e-03 -2.499999999933111283e-07 -1.932697576210842172e+01
4.006620000000000181e-01 2.125829999999999942e-01 0.000000000000000000e+00 9.933500000000011765e-03 4.966999999999999194e-03 6.938893903907228378e-18 -5.033725951205138927e+01
4.006620000000000181e-01 2.192050000000000110e-01 0.000000000000000000e+00 1.324500000000000677e-02 1.655749999999997502e-03 1.655749999999990563e-03 -9.438236128621628751e+00
4.006620000000000181e-01 2.390730000000000077e-01 3.311499999999995003e-03 1.324499999999999289e-02 8.278250000000000886e-03 -3.311250000000008631e-03 -4.739477738284777075e+01
4.072850000000000081e-01 2.456949999999999967e-01 1.655650000000000177e-02 6.622499999999989506e-03 9.933499999999997887e-03 -3.311249999999994753e-03 -2.127079765482749352e+01
4.337750000000000217e-01 2.523179999999999867e-01 2.317849999999999078e-02 6.622500000000003384e-03 -1.655750000000011379e-03 -1.655749999999990563e-03 -1.956921727442451298e+00
4.536419999999999897e-01 2.589400000000000035e-01 1.324499999999997901e-02 3.311000000000008381e-03 -4.966749999999992005e-03 -6.622500000000003384e-03 -2.800682502689193143e+01
4.602649999999999797e-01 2.589400000000000035e-01 1.324500000000000677e-02 -6.622500000000003384e-03 1.387778780781445676e-17 -6.622250000000003134e-03 -2.701074900080157803e+01
4.801320000000000032e-01 2.456949999999999967e-01 1.324500000000000677e-02 -9.933499999999997887e-03 -3.311250000000001692e-03 -3.311249999999994753e-03 -1.691231954132136295e+01
4.867549999999999932e-01 2.390730000000000077e-01 6.622500000000003384e-03 -1.324499999999999289e-02 -3.311499999999995003e-03 -4.967249999999999444e-03 -2.363708207984755916e+01
4.933770000000000100e-01 2.192050000000000110e-01 6.622000000000016762e-03 -1.986799999999999677e-02 -4.999999999866222566e-07 -6.623000000000003884e-03 -4.775916396929514640e+00
