5.132449999999999513e-01 1.596029999999999949e-01 -1.324499999999995126e-02 0.000000000000000000e+00 3.310999999999980625e-03 0.000000000000000000e+00 -0.000000000000000000e+00
5.000000000000000000e-01 1.596029999999999949e-01 -9.933999999999970631e-03 0.000000000000000000e+00 3.311249999999973936e-03 1.655500000000004190e-03 -1.677570860370223116e+01
4.933770000000000100e-01 1.596029999999999949e-01 -6.622500000000003384e-03 3.311000000000008381e-03 2.499999999794333405e-07 4.966749999999998944e-03 -8.103897684741336604e+01
4.867549999999999932e-01 1.662250000000000116e-01 -9.933500000000011765e-03 9.933499999999997887e-03 0.000000000000000000e+00 3.311499999999995003e-03 -1.186520302073138211e+01
4.735099999999999865e-01 1.794699999999999906e-01 -6.622500000000003384e-03 9.933999999999998387e-03 4.966750000000005882e-03 2.500000000002500222e-07 -2.899328244414119737e+01
4.735099999999999865e-01 1.860930000000000084e-01 0.000000000000000000e+00 9.933999999999998387e-03 3.311250000000001692e-03 3.311000000000001442e-03 -3.355395053700308239e+01
4.735099999999999865e-01 1.993379999999999874e-01 0.000000000000000000e+00 1.655600000000000127e-02 3.311250000000001692e-03 4.966750000000005882e-03 -1.208039502616290228e+01
4.735099999999999865e-01 2.192050000000000110e-01 6.622500000000003384e-03 1.986750000000001015e-02 6.622500000000003384e-03 2.499999999933111283e-07 -1.432497335481317435e+01
4.867549999999999932e-01 2.390730000000000077e-01 1.324500000000000677e-02 1.655649999999998789e-02 1.655750000000011379e-03 -6.622500000000010323e-03 -1.207866440666213137e+01
5.000000000000000000e-01 2.523179999999999867e-01 9.934000000000026143e-03 6.622499999999989506e-03 0.000000000000000000e+00 -8.278249999999993947e-03 -4.832246174103163128e+01
5.066230000000000455e-01 2.523179999999999867e-01 1.324500000000000677e-02 0.000000000000000000e+00 4.966749999999978127e-03 -3.311249999999994753e-03 -1.887504718761791977e+01
5.264900000000000135e-01 2.523179999999999867e-01 1.986749999999998240e-02 0.000000000000000000e+00 0.000000000000000000e+00 -4.966999999999999194e-03 -1.258368147388429925e+01
5.463580000000000103e-01 2.523179999999999867e-01 1.324500000000000677e-02 -9.933999999999998387e-03 -6.622500000000003384e-03 -6.622499999999996445e-03 -3.382353003645790324e+01
5.529800000000000271e-01 2.324499999999999900e-01 6.622499999999975628e-03 -1.324499999999999289e-02 -3.311250000000015570e-03 1.655750000000004440e-03 -1.012915833740290239e+01
5.596029999999999616e-01 2.258280000000000010e-01 6.622499999999975628e-03 -6.622499999999989506e-03 2.775557561562891351e-17 3.311249999999994753e-03 2.669334772316177506e+01
5.662249999999999783e-01 2.192050000000000110e-01 6.622500000000031140e-03 -6.622500000000003384e-03 -1.655499999999976435e-03 3.311249999999994753e-03 1.334768153797663892e+01
5.728480000000000238e-01 2.125829999999999942e-01 3.311500000000022759e-03 0.000000000000000000e+00 -1.655750000000011379e-03 6.622500000000003384e-03 6.039103158756361154e+02
5.728480000000000238e-01 2.192050000000000110e-01 3.311000000000008381e-03 6.622500000000003384e-03 -2.500000000071889161e-07 4.966999999999999194e-03 4.052152790972688479e+01
5.794700000000000406e-01 2.258280000000000010e-01 3.311000000000008381e-03 9.933999999999998387e-03 1.655749999999983624e-03 3.311249999999994753e-03 -4.776997926954540397e+00
5.794700000000000406e-01 2.390730000000000077e-01 6.622499999999975628e-03 1.324499999999999289e-02 6.622749999999982817e-03 1.655499999999997252e-03 -2.363657223143879094e+01
5.927149999999999919e-01 2.523179999999999867e-01 1.655649999999997402e-02 1.324499999999999289e-02 4.967000000000026949e-03 -4.966999999999992255e-03 -1.552989748554127480e+01
6.125829999999999886e-01 2.655629999999999935e-01 1.655650000000002953e-02 3.311000000000008381e-03 -2.499999999794333405e-07 -1.158949999999999564e-02 -3.986394640450782845e+01
6.258280000000000509e-01 2.589400000000000035e-01 1.655600000000001515e-02 -9.933999999999998387e-03 -2.500000000349444917e-07 -1.158925000000000233e-02 -2.665801862956754320e+01
6.456950000000000189e-01 2.456949999999999967e-01 1.655599999999995964e-02 -1.986749999999999627e-02 -3.311000000000008381e-03 -6.622250000000003134e-03 -1.014179154500782509e+01
6.589399999999999702e-01 2.192050000000000110e-01 9.933999999999998387e-03 -2.317850000000000465e-02 -6.622249999999968439e-03 -3.311250000000001692e-03 -1.162268086785504195e+01
6.655630000000000157e-01 1.993379999999999874e-01 3.311500000000022759e-03 -2.648999999999999966e-02 -4.966999999999999194e-03 -6.622749999999996695e-03 -8.068279053510234888e+00
6.655630000000000157e-01 1.662250000000000116e-01 0.000000000000000000e+00 -3.642399999999999805e-02 -4.967000000000026949e-03 -3.311250000000001692e-03 -3.743853838691925784e+00
6.655630000000000157e-01 1.264899999999999913e-01 -6.622500000000031140e-03 -3.311250000000000304e-02 -4.966999999999999194e-03 4.967000000000002663e-03 -5.125561566510776323e+00
6.523179999999999534e-01 1.000000000000000056e-01 -9.933999999999998387e-03 -2.648999999999999272e-02 2.775557561562891351e-17 8.278000000000000635e-03 -3.631494000999490268e+00
6.456950000000000189e-01 7.351000000000000589e-02 -6.622499999999975628e-03 -1.655650000000000177e-02 2.500000000071889161e-07 9.933749999999994668e-03 -1.160160290770321190e+01
6.390730000000000022e-01 6.688700000000000201e-02 -9.933499999999984009e-03 -6.622500000000003384e-03 -3.311250000000015570e-03 6.622750000000000165e-03 -5.154775859201955512e+01
6.258280000000000509e-01 6.026499999999999913e-02 -1.324500000000000677e-02 -3.311000000000001442e-03 -2.500000000071889161e-07 3.311250000000001692e-03 -1.723489416032215615e+01
6.125829999999999886e-01 6.026499999999999913e-02 -9.933999999999998387e-03 0.000000000000000000e+00 3.311250000000015570e-03 3.311000000000001442e-03 -3.355141720740420652e+01
6.059600000000000541e-01 6.026499999999999913e-02 -6.622499999999975628e-03 3.311000000000001442e-03 3.311499999999995003e-03 3.311250000000001692e-03 -8.103897684741421870e+01
5.993380000000000374e-01 6.688700000000000201e-02 -3.311000000000008381e-03 6.622500000000003384e-03 1.655499999999976435e-03 1.655749999999997502e-03 -4.051744893768648126e+01
5.993380000000000374e-01 7.351000000000000589e-02 -3.311500000000022759e-03 6.622499999999996445e-03 -2.500000000071889161e-07 -3.469446951953614189e-18 4.078602500929259626e-03
5.927149999999999919e-01 8.013199999999999490e-02 -3.311500000000022759e-03 6.622499999999996445e-03 1.655750000000011379e-03 3.469446951953614189e-18 -2.701258436269048602e+01
5.927149999999999919e-01 8.675499999999999878e-02 0.000000000000000000e+00 6.622500000000003384e-03 1.655750000000011379e-03 1.655750000000000971e-03 -3.775294451448683475e+01
5.927149999999999919e-01 9.337700000000000167e-02 0.000000000000000000e+00 9.933999999999998387e-03 0.000000000000000000e+00 3.311499999999998473e-03 0.000000000000000000e+00
5.927149999999999919e-01 1.066229999999999956e-01 0.000000000000000000e+00 1.324550000000000033e-02 0.000000000000000000e+00 -2.500000000002500222e-07 -0.000000000000000000e+00
5.927149999999999919e-01 1.198680000000000023e-01 0.000000000000000000e+00 9.933499999999997887e-03 0.000000000000000000e+00 -3.311499999999998473e-03 -0.000000000000000000e+00
5.927149999999999919e-01 1.264899999999999913e-01 0.000000000000000000e+00 6.622500000000003384e-03 1.655750000000011379e-03 -3.310999999999994503e-03 -3.775294451448683475e+01
5.927149999999999919e-01 1.331130000000000091e-01 3.311500000000022759e-03 3.311500000000008881e-03 1.655750000000011379e-03 -1.655750000000004440e-03 -1.067653300900715863e+02
5.993380000000000374e-01 1.331130000000000091e-01 3.311500000000022759e-03 3.310999999999994503e-03 -1.655750000000011379e-03 1.655499999999990313e-03 1.067733893710502713e+02
5.993380000000000374e-01 1.397349999999999981e-01 0.000000000000000000e+00 6.622499999999989506e-03 -3.311500000000022759e-03 2.500000000002500222e-07 7.550588902897401056e+01
5.993380000000000374e-01 1.463579999999999881e-01 -3.311500000000022759e-03 3.311499999999995003e-03 -1.655750000000011379e-03 -1.655749999999990563e-03 1.067653300900716005e+02
5.927149999999999919e-01 1.463579999999999881e-01 -3.311500000000022759e-03 3.311000000000008381e-03 2.500000000071889161e-07 -2.499999999933111283e-07 1.217275671374270956e-06
5.927149999999999919e-01 1.529800000000000049e-01 -3.311000000000008381e-03 3.311000000000008381e-03 -3.310999999999980625e-03 -1.655500000000004190e-03 1.601721793687424622e+02
5.860929999999999751e-01 1.529800000000000049e-01 -9.933499999999984009e-03 0.000000000000000000e+00 -4.966999999999999194e-03 -1.655500000000004190e-03 1.677739744759447760e+01
5.728480000000000238e-01 1.529800000000000049e-01 -1.324500000000000677e-02 0.000000000000000000e+00 -1.655750000000011379e-03 -1.655500000000004190e-03 9.436811058996328327e+00
5.596029999999999616e-01 1.529800000000000049e-01 -1.324500000000000677e-02 -3.311000000000008381e-03 -1.655749999999983624e-03 -6.622500000000003384e-03 3.231481666524594232e+01
5.463580000000000103e-01 1.463579999999999881e-01 -1.655649999999997402e-02 -1.324500000000000677e-02 1.655500000000004190e-03 -6.622749999999993226e-03 1.380432437422647141e+01
5.264900000000000135e-01 1.264899999999999913e-01 -9.933999999999998387e-03 -1.655649999999999483e-02 6.622749999999982817e-03 -1.655749999999994032e-03 1.751822133041621399e+01
5.264900000000000135e-01 1.132449999999999984e-01 -3.311000000000008381e-03 -1.655649999999999483e-02 4.966999999999999194e-03 -1.655500000000000721e-03 1.822364120412344235e+01
5.198679999999999968e-01 9.337700000000000167e-02 0.000000000000000000e+00 -1.986749999999999627e-02 6.622249999999996195e-03 2.499999999967805753e-07 1.677718635804915337e+01
5.264900000000000135e-01 7.351000000000000589e-02 9.933499999999984009e-03 -1.655600000000000127e-02 8.278249999999987008e-03 3.311249999999996488e-03 2.361252231548399294e+01
5.397349999999999648e-01 6.026499999999999913e-02 1.655649999999997402e-02 -1.324500000000000330e-02 4.967000000000026949e-03 3.311000000000001442e-03 1.265339223666440382e+01
5.596029999999999616e-01 4.701999999999999930e-02 1.986750000000003791e-02 -9.933999999999998387e-03 1.655500000000031946e-03 6.622500000000001649e-03 1.350560487463772574e+01
5.794700000000000406e-01 4.039700000000000235e-02 1.986750000000003791e-02 0.000000000000000000e+00 -1.655500000000031946e-03 8.278249999999999151e-03 2.097259133504773132e+01
5.993380000000000374e-01 4.701999999999999930e-02 1.655649999999997402e-02 6.622499999999999915e-03 -3.311250000000015570e-03 4.966750000000000678e-03 1.837021442415055716e+01
6.125829999999999886e-01 5.364200000000000218e-02 1.324500000000000677e-02 9.933500000000001356e-03 -3.311499999999995003e-03 4.966999999999999194e-03 2.174537501266793882e+01
6.258280000000000509e-01 6.688700000000000201e-02 9.933499999999984009e-03 1.655649999999999830e-02 -4.967000000000026949e-03 1.655749999999999236e-03 1.371022531033111136e+01
6.324499999999999567e-01 8.675499999999999878e-02 3.310999999999952870e-03 1.324499999999999983e-02 -4.966749999999992005e-03 -3.311249999999999957e-03 2.154288579867632691e+01
6.324499999999999567e-01 9.337700000000000167e-02 0.000000000000000000e+00 9.933999999999998387e-03 2.500000000349444917e-07 -3.311000000000001442e-03 -2.533329599221831839e-03
6.324499999999999567e-01 1.066229999999999956e-01 3.311500000000022759e-03 6.622999999999996945e-03 3.311500000000022759e-03 -4.966999999999999194e-03 -9.453201401709412721e+01
6.390730000000000022e-01 1.066229999999999956e-01 6.623000000000045517e-03 0.000000000000000000e+00 3.311500000000022759e-03 -6.622999999999996945e-03 -1.509889778046181164e+02
