4.735099999999999865e-01 2.059600000000000042e-01 -6.622999999999990006e-03 6.622999999999990006e-03 3.311499999999995003e-03 3.311000000000008381e-03 -5.337863494802241604e+01
4.668869999999999965e-01 2.125829999999999942e-01 -3.311499999999995003e-03 9.933999999999998387e-03 1.655999999999990813e-03 1.655250000000003940e-03 -1.910135830987993089e+01
4.668869999999999965e-01 2.258280000000000010e-01 -3.311000000000008381e-03 9.933499999999997887e-03 2.499999999933111283e-07 -2.500000000002500222e-07 -1.442199728050486346e-03
4.602649999999999797e-01 2.324499999999999900e-01 -3.311000000000008381e-03 9.933499999999997887e-03 1.655500000000004190e-03 2.500000000002500222e-07 -1.432573042201804370e+01
4.602649999999999797e-01 2.456949999999999967e-01 0.000000000000000000e+00 9.933999999999998387e-03 3.311000000000008381e-03 -1.655499999999997252e-03 -3.355141720740427758e+01
4.602649999999999797e-01 2.523179999999999867e-01 3.311000000000008381e-03 6.622500000000003384e-03 3.311250000000001692e-03 -1.655749999999997502e-03 -6.753248075750518353e+01
4.668869999999999965e-01 2.589400000000000035e-01 6.622500000000003384e-03 6.622500000000003384e-03 3.311499999999995003e-03 -1.655500000000004190e-03 -4.004102926113790062e+01
4.735099999999999865e-01 2.655629999999999935e-01 9.933999999999998387e-03 3.311499999999995003e-03 1.655500000000004190e-03 -3.311250000000001692e-03 -3.342305119979975103e+01
4.867549999999999932e-01 2.655629999999999935e-01 9.933500000000011765e-03 0.000000000000000000e+00 1.387778780781445676e-17 -1.655749999999997502e-03 -1.677993103222850024e+01
4.933770000000000100e-01 2.655629999999999935e-01 9.934000000000026143e-03 0.000000000000000000e+00 2.499999999794333405e-07 -1.655749999999997502e-03 -1.677824193330084412e+01
5.066230000000000455e-01 2.655629999999999935e-01 9.933999999999970631e-03 -3.311499999999995003e-03 -1.655750000000025257e-03 -3.311250000000001692e-03 -3.342377222344556742e+01
5.132449999999999513e-01 2.589400000000000035e-01 6.622499999999975628e-03 -6.622500000000003384e-03 -1.655749999999969746e-03 -1.655500000000004190e-03 -2.669334772316135584e+01
5.198679999999999968e-01 2.523179999999999867e-01 6.622500000000031140e-03 -6.622500000000003384e-03 0.000000000000000000e+00 6.938893903907228378e-18 5.593727679611037678e-14
5.264900000000000135e-01 2.456949999999999967e-01 6.622499999999975628e-03 -6.622499999999989506e-03 -2.775557561562891351e-17 0.000000000000000000e+00 -2.237491071844436528e-13
5.331129999999999480e-01 2.390730000000000077e-01 6.622499999999975628e-03 -6.622500000000003384e-03 2.775557561562891351e-17 -6.938893903907228378e-18 1.678118303883328027e-13
5.397349999999999648e-01 2.324499999999999900e-01 6.622500000000031140e-03 -6.622500000000003384e-03 2.775557561562891351e-17 1.655750000000004440e-03 1.334768153797669576e+01
5.463580000000000103e-01 2.258280000000000010e-01 6.622500000000031140e-03 -3.310999999999994503e-03 -1.655750000000011379e-03 1.655500000000004190e-03 1.350445675787007715e+01
5.529800000000000271e-01 2.258280000000000010e-01 3.311000000000008381e-03 -3.311499999999995003e-03 -1.655500000000031946e-03 -2.500000000002500222e-07 -5.339475548798518645e+01
5.529800000000000271e-01 2.192050000000000110e-01 3.311499999999967248e-03 -3.311499999999995003e-03 2.499999999794333405e-07 3.311499999999995003e-03 1.067733902840996905e+02
5.596029999999999616e-01 2.192050000000000110e-01 3.311499999999967248e-03 3.311499999999995003e-03 -2.499999999794333405e-07 6.622749999999996695e-03 2.135306601801449915e+02
5.596029999999999616e-01 2.258280000000000010e-01 3.311000000000008381e-03 9.933999999999998387e-03 1.655500000000031946e-03 3.311000000000001442e-03 -4.775555814340348704e+00
5.662249999999999783e-01 2.390730000000000077e-01 6.622500000000031140e-03 9.933499999999997887e-03 1.655750000000011379e-03 -1.655750000000004440e-03 -1.610949548575201007e+01
5.728480000000000238e-01 2.456949999999999967e-01 6.622500000000031140e-03 6.622499999999989506e-03 1.655499999999976435e-03 -1.655499999999997252e-03 -2.669133237036970030e+01
5.794700000000000406e-01 2.523179999999999867e-01 9.933499999999984009e-03 6.622500000000003384e-03 3.311249999999987814e-03 6.938893903907228378e-18 -1.288681803753783406e+01
5.927149999999999919e-01 2.589400000000000035e-01 1.324500000000000677e-02 6.622500000000003384e-03 4.966999999999999194e-03 0.000000000000000000e+00 -1.012966818581158357e+01
6.059600000000000541e-01 2.655629999999999935e-01 1.986749999999998240e-02 6.622500000000003384e-03 3.311249999999987814e-03 -1.655749999999997502e-03 -5.969084393553250933e+00
6.324499999999999567e-01 2.721850000000000103e-01 1.986749999999998240e-02 3.311000000000008381e-03 -3.311249999999987814e-03 -3.311250000000001692e-03 -6.709415122872337989e+00
6.456950000000000189e-01 2.721850000000000103e-01 1.324500000000000677e-02 0.000000000000000000e+00 -4.966749999999992005e-03 -1.655500000000004190e-03 -9.436811058996328327e+00
6.589399999999999702e-01 2.721850000000000103e-01 9.933999999999998387e-03 0.000000000000000000e+00 -3.311249999999987814e-03 -1.655500000000004190e-03 -1.677570860370213879e+01
6.655630000000000157e-01 2.721850000000000103e-01 6.622500000000031140e-03 -3.311000000000008381e-03 -1.655750000000011379e-03 -4.966750000000005882e-03 -9.454343360528321227e+01
6.721850000000000325e-01 2.655629999999999935e-01 6.622499999999975628e-03 -9.933500000000011765e-03 -2.775557561562891351e-17 -4.966999999999992255e-03 -1.933071353490400668e+01
6.788079999999999670e-01 2.523179999999999867e-01 6.622499999999975628e-03 -1.324499999999999289e-02 2.775557561562891351e-17 -1.655749999999990563e-03 -3.376726011406661954e+00
6.854299999999999837e-01 2.390730000000000077e-01 6.622500000000031140e-03 -1.324499999999999289e-02 2.775557561562891351e-17 -4.967000000000006132e-03 -1.012966818581152673e+01
6.920530000000000292e-01 2.258280000000000010e-01 6.622500000000031140e-03 -2.317900000000000515e-02 -1.655750000000011379e-03 -6.622500000000003384e-03 -5.870295767733182402e+00
6.986750000000000460e-01 1.927149999999999974e-01 3.311000000000008381e-03 -2.648999999999999966e-02 -4.966750000000019760e-03 3.311500000000001942e-03 -6.338992951382840246e+00
6.986750000000000460e-01 1.728480000000000016e-01 -3.311000000000008381e-03 -1.655600000000000127e-02 -4.966750000000019760e-03 6.622499999999996445e-03 -2.164081453241603015e+01
6.920530000000000292e-01 1.596029999999999949e-01 -6.622500000000031140e-03 -1.324500000000000677e-02 -1.655750000000011379e-03 1.655500000000004190e-03 -1.012966818581162620e+01
6.854299999999999837e-01 1.463579999999999881e-01 -6.622500000000031140e-03 -1.324499999999999289e-02 -3.311249999999987814e-03 -1.655749999999994032e-03 -1.012915833740273008e+01
6.788079999999999670e-01 1.331130000000000091e-01 -1.324500000000000677e-02 -1.655649999999999483e-02 -4.966999999999971438e-03 -6.938893903907228378e-18 -8.627778726552730149e+00
6.589399999999999702e-01 1.132449999999999984e-01 -1.655649999999997402e-02 -1.324500000000000677e-02 1.655750000000011379e-03 4.966999999999999194e-03 -6.326956673966693145e+00
6.456950000000000189e-01 1.066229999999999956e-01 -9.933499999999984009e-03 -6.622499999999996445e-03 3.311499999999995003e-03 3.311000000000004911e-03 -6.440490183915533073e+00
6.390730000000000022e-01 1.000000000000000056e-01 -9.933499999999984009e-03 -6.622999999999996945e-03 -1.655750000000011379e-03 1.655499999999997252e-03 -1.610739994279963483e+01
6.258280000000000509e-01 9.337700000000000167e-02 -1.324500000000000677e-02 -3.311500000000001942e-03 -3.311500000000022759e-03 4.967249999999999444e-03 -3.016229424458880715e+01
6.125829999999999886e-01 9.337700000000000167e-02 -1.655650000000002953e-02 3.311500000000001942e-03 0.000000000000000000e+00 4.967249999999999444e-03 -1.708543009423055281e+01
5.927149999999999919e-01 1.000000000000000056e-01 -1.324500000000000677e-02 6.622999999999996945e-03 4.967000000000026949e-03 -3.469446951953614189e-18 -1.012997406791116362e+01
5.860929999999999751e-01 1.066229999999999956e-01 -6.622499999999975628e-03 3.311499999999995003e-03 4.966750000000019760e-03 -1.655999999999997752e-03 -1.350119385123575455e+01
5.794700000000000406e-01 1.066229999999999956e-01 -3.311499999999967248e-03 3.311000000000001442e-03 1.655749999999983624e-03 1.655500000000004190e-03 -1.067733893710513655e+02
5.794700000000000406e-01 1.132449999999999984e-01 -3.311000000000008381e-03 6.622500000000003384e-03 1.655749999999983624e-03 1.655749999999997502e-03 -4.052152790972643004e+01
5.728480000000000238e-01 1.198680000000000023e-01 0.000000000000000000e+00 6.622499999999996445e-03 3.311000000000008381e-03 0.000000000000000000e+00 -7.549448847197079715e+01
5.794700000000000406e-01 1.264899999999999913e-01 3.311000000000008381e-03 6.622500000000003384e-03 1.655749999999983624e-03 3.469446951953614189e-18 -2.701503181981799884e+01
5.794700000000000406e-01 1.331130000000000091e-01 3.311499999999967248e-03 6.622500000000003384e-03 2.499999999794333405e-07 -3.311250000000001692e-03 -2.701666296519069022e+01
5.860929999999999751e-01 1.397349999999999981e-01 3.311499999999967248e-03 0.000000000000000000e+00 -1.655749999999983624e-03 -6.622500000000003384e-03 -6.039103158756563516e+02
5.860929999999999751e-01 1.331130000000000091e-01 0.000000000000000000e+00 -6.622500000000003384e-03 -3.311499999999967248e-03 -3.311250000000001692e-03 -7.550588902897240473e+01
5.860929999999999751e-01 1.264899999999999913e-01 -3.311499999999967248e-03 -6.622500000000003384e-03 -3.311249999999987814e-03 3.469446951953614189e-18 -5.402109012288005374e+01
5.794700000000000406e-01 1.198680000000000023e-01 -6.622499999999975628e-03 -6.622499999999996445e-03 -1.655500000000031946e-03 0.000000000000000000e+00 -1.334566618518533332e+01
5.728480000000000238e-01 1.132449999999999984e-01 -6.622500000000031140e-03 -6.622500000000003384e-03 -3.311250000000015570e-03 -1.655750000000000971e-03 -1.334566618518496206e+01
5.662249999999999783e-01 1.066229999999999956e-01 -1.324500000000000677e-02 -9.933999999999998387e-03 -4.966749999999992005e-03 -2.499999999967805753e-07 -1.087100205790258656e+01
5.463580000000000103e-01 9.337700000000000167e-02 -1.655600000000001515e-02 -6.622999999999996945e-03 1.655500000000004190e-03 3.311499999999998473e-03 -7.735835082742387847e+00
5.331129999999999480e-01 9.337700000000000167e-02 -9.933999999999998387e-03 -3.311000000000001442e-03 -2.499999999794333405e-07 3.311499999999998473e-03 -2.865261437409103706e+01
5.264900000000000135e-01 8.675499999999999878e-02 -1.655649999999997402e-02 0.000000000000000000e+00 -4.966750000000005882e-03 4.966750000000002413e-03 -1.811904207726314198e+01
5.000000000000000000e-01 9.337700000000000167e-02 -1.986750000000001015e-02 6.622500000000003384e-03 3.311249999999987814e-03 3.311499999999998473e-03 -9.550643184865352353e+00
4.867549999999999932e-01 1.000000000000000056e-01 -9.933999999999998387e-03 6.622999999999996945e-03 4.966750000000005882e-03 3.311249999999994753e-03 -3.865517804145113701e+01
4.801320000000000032e-01 1.066229999999999956e-01 -9.933999999999998387e-03 1.324499999999999289e-02 2.499999999933111283e-07 3.311000000000004911e-03 -7.248185914540345109e+00
4.668869999999999965e-01 1.264899999999999913e-01 -9.933500000000011765e-03 1.324500000000000677e-02 4.966999999999999194e-03 6.938893903907228378e-18 -1.449679507504683329e+01
4.602649999999999797e-01 1.331130000000000091e-01 0.000000000000000000e+00 1.324500000000000677e-02 8.278000000000007574e-03 -1.655750000000004440e-03 -4.718690543423224426e+01
4.668869999999999965e-01 1.529800000000000049e-01 6.622500000000003384e-03 9.933499999999997887e-03 6.622500000000003384e-03 -4.966750000000005882e-03 -5.798922173312914197e+01
4.735099999999999865e-01 1.529800000000000049e-01 1.324500000000000677e-02 3.311499999999995003e-03 6.622499999999989506e-03 -3.311000000000001442e-03 -2.585051386470737356e+01
4.933770000000000100e-01 1.596029999999999949e-01 1.986749999999998240e-02 3.311499999999995003e-03 4.966999999999985316e-03 -1.655749999999997502e-03 -6.038815053747084605e+00
5.132449999999999513e-01 1.596029999999999949e-01 2.317899999999997740e-02 0.000000000000000000e+00 2.775557561562891351e-17 -3.311499999999995003e-03 -6.163613084192681058e+00
5.397349999999999648e-01 1.596029999999999949e-01 1.986750000000003791e-02 -3.311499999999995003e-03 -4.966999999999985316e-03 -6.622499999999996445e-03 -1.811512812812318174e+01
5.529800000000000271e-01 1.529800000000000049e-01 1.324500000000000677e-02 -1.324499999999999289e-02 -6.622500000000031140e-03 -4.966750000000005882e-03 -2.335642733866743015e+01
5.662249999999999783e-01 1.331130000000000091e-01 6.622499999999975628e-03 -1.324500000000000677e-02 -6.622500000000003384e-03 3.310999999999987564e-03 -2.025933637162329148e+01
5.662249999999999783e-01 1.264899999999999913e-01 0.000000000000000000e+00 -6.623000000000017762e-03 -6.622499999999975628e-03 6.621999999999989006e-03 -1.509775789689096541e+02
