4.072850000000000081e-01 2.854300000000000170e-01 6.622000000000016762e-03 0.000000000000000000e+00 4.999999999866222566e-07 -3.311000000000008381e-03 -7.550588945937762730e+01
4.139070000000000249e-01 2.854300000000000170e-01 6.622500000000003384e-03 -3.311000000000008381e-03 -1.655250000000010879e-03 0.000000000000000000e+00 -1.350241742583184035e+01
4.205300000000000149e-01 2.788080000000000003e-01 3.311499999999995003e-03 0.000000000000000000e+00 -3.311250000000001692e-03 6.622250000000010073e-03 6.038875182042282859e+02
4.205300000000000149e-01 2.854300000000000170e-01 0.000000000000000000e+00 9.933500000000011765e-03 -1.655749999999997502e-03 6.622749999999996695e-03 1.677993103222850024e+01
4.205300000000000149e-01 2.986750000000000238e-01 0.000000000000000000e+00 1.324549999999999339e-02 0.000000000000000000e+00 3.311499999999995003e-03 0.000000000000000000e+00
4.205300000000000149e-01 3.119210000000000038e-01 0.000000000000000000e+00 1.655650000000000177e-02 0.000000000000000000e+00 1.655249999999997002e-03 0.000000000000000000e+00
4.205300000000000149e-01 3.317880000000000273e-01 0.000000000000000000e+00 1.655599999999998739e-02 0.000000000000000000e+00 -1.655750000000011379e-03 -0.000000000000000000e+00
4.205300000000000149e-01 3.450329999999999786e-01 0.000000000000000000e+00 1.324499999999997901e-02 0.000000000000000000e+00 -1.655499999999990313e-03 -0.000000000000000000e+00
4.205300000000000149e-01 3.582779999999999854e-01 0.000000000000000000e+00 1.324500000000000677e-02 1.655499999999990313e-03 1.387778780781445676e-17 -9.436811058996250168e+00
4.205300000000000149e-01 3.715229999999999921e-01 3.310999999999980625e-03 1.324500000000000677e-02 1.655499999999990313e-03 -1.655500000000004190e-03 -1.077062965336605060e+01
4.271519999999999762e-01 3.847679999999999989e-01 3.310999999999980625e-03 9.933999999999998387e-03 2.500000000210667039e-07 -3.311250000000001692e-03 -9.551111846423470553e+00
4.271519999999999762e-01 3.913909999999999889e-01 3.311500000000022759e-03 6.622500000000003384e-03 3.311500000000008881e-03 -3.311499999999995003e-03 -8.103979254328896786e+01
4.337750000000000217e-01 3.980130000000000057e-01 9.933999999999998387e-03 3.311000000000008381e-03 3.310999999999980625e-03 -3.311250000000001692e-03 -3.819795820554226395e+01
4.470199999999999729e-01 3.980130000000000057e-01 9.933499999999984009e-03 0.000000000000000000e+00 -1.655749999999997502e-03 -3.311000000000008381e-03 -3.355479489518895519e+01
4.536419999999999897e-01 3.980130000000000057e-01 6.622500000000003384e-03 -3.311000000000008381e-03 -1.655499999999990313e-03 -4.966750000000005882e-03 -9.454139427324531653e+01
4.602649999999999797e-01 3.913909999999999889e-01 6.622500000000003384e-03 -9.933500000000011765e-03 1.655500000000004190e-03 -4.966999999999999194e-03 -9.666572945580078624e+00
4.668869999999999965e-01 3.781459999999999821e-01 9.933500000000011765e-03 -1.324500000000000677e-02 1.655749999999997502e-03 -1.655749999999983624e-03 1.208218274698384942e+00
4.801320000000000032e-01 3.649009999999999754e-01 9.933999999999998387e-03 -1.324499999999997901e-02 -1.655500000000004190e-03 1.387778780781445676e-17 -4.831515939027220874e+00
4.867549999999999932e-01 3.516560000000000241e-01 6.622500000000003384e-03 -1.324499999999997901e-02 -1.655749999999997502e-03 -1.387778780781445676e-17 -6.753452022813621447e+00
4.933770000000000100e-01 3.384110000000000174e-01 6.622500000000003384e-03 -1.324500000000000677e-02 -1.655500000000004190e-03 -1.387778780781445676e-17 -6.752432325996050366e+00
5.000000000000000000e-01 3.251660000000000106e-01 3.311499999999995003e-03 -1.324500000000000677e-02 -1.655499999999990313e-03 1.655500000000004190e-03 -6.462140536507776645e+00
5.000000000000000000e-01 3.119210000000000038e-01 3.311500000000022759e-03 -9.933999999999998387e-03 1.387778780781445676e-17 3.311000000000008381e-03 9.549237162082336638e+00
5.066230000000000455e-01 3.052980000000000138e-01 3.311500000000022759e-03 -6.622999999999990006e-03 -1.655750000000011379e-03 1.655749999999997502e-03 -1.350486472897357793e+01
5.066230000000000455e-01 2.986750000000000238e-01 0.000000000000000000e+00 -6.622500000000003384e-03 -1.655750000000011379e-03 3.311499999999995003e-03 -3.775294451448683475e+01
5.066230000000000455e-01 2.920530000000000070e-01 0.000000000000000000e+00 0.000000000000000000e+00 0.000000000000000000e+00 6.622500000000003384e-03 0.000000000000000000e+00
5.066230000000000455e-01 2.986750000000000238e-01 0.000000000000000000e+00 6.622500000000003384e-03 1.655499999999976435e-03 4.966999999999999194e-03 -3.774724423598468093e+01
5.066230000000000455e-01 3.052980000000000138e-01 3.310999999999952870e-03 9.933999999999998387e-03 1.655499999999976435e-03 3.311250000000001692e-03 -4.774834866904313024e+00
5.132449999999999513e-01 3.185430000000000206e-01 3.310999999999952870e-03 1.324500000000000677e-02 2.500000000349444917e-07 1.655499999999990313e-03 2.152694605973231479e+00
5.132449999999999513e-01 3.317880000000000273e-01 3.311500000000022759e-03 1.324499999999997901e-02 2.500000000349444917e-07 -1.655500000000004190e-03 -2.155564870748489792e+00
5.198679999999999968e-01 3.450329999999999786e-01 3.311500000000022759e-03 9.933999999999998387e-03 1.655499999999976435e-03 1.387778780781445676e-17 -1.432313482834398677e+01
5.198679999999999968e-01 3.516560000000000241e-01 6.622499999999975628e-03 1.324500000000000677e-02 4.966749999999992005e-03 1.655499999999990313e-03 -1.688210051180763216e+01
5.331129999999999480e-01 3.715229999999999921e-01 1.324500000000000677e-02 1.324499999999997901e-02 3.311250000000015570e-03 -3.311250000000001692e-03 -1.334667386158078806e+01
5.463580000000000103e-01 3.781459999999999821e-01 1.324500000000000677e-02 6.622500000000003384e-03 -1.655750000000011379e-03 -3.311249999999987814e-03 -1.012915833740272298e+01
5.596029999999999616e-01 3.847679999999999989e-01 9.933499999999984009e-03 6.622500000000003384e-03 -1.655749999999983624e-03 -1.655500000000004190e-03 -3.220245091957821160e+00
5.662249999999999783e-01 3.913909999999999889e-01 9.933500000000039520e-03 3.311499999999995003e-03 3.311500000000022759e-03 -3.311250000000001692e-03 -3.820286124037609454e+01
5.794700000000000406e-01 3.913909999999999889e-01 1.655650000000002953e-02 0.000000000000000000e+00 3.311499999999967248e-03 -1.655749999999997502e-03 -6.040288703765678058e+00
5.993380000000000374e-01 3.913909999999999889e-01 1.655649999999997402e-02 0.000000000000000000e+00 -1.655750000000011379e-03 -1.655749999999997502e-03 -6.040288703765718914e+00
6.125829999999999886e-01 3.913909999999999889e-01 1.324500000000000677e-02 -3.311499999999995003e-03 -3.311499999999995003e-03 -4.966999999999999194e-03 -3.016099306605831742e+01
6.258280000000000509e-01 3.847679999999999989e-01 9.933499999999984009e-03 -9.933999999999998387e-03 -1.655750000000011379e-03 -4.966750000000005882e-03 -2.372712162758221766e+01
6.324499999999999567e-01 3.715229999999999921e-01 9.933499999999984009e-03 -1.324500000000000677e-02 2.500000000071889161e-07 -1.655500000000004190e-03 -3.623013085492967633e+00
6.456950000000000189e-01 3.582779999999999854e-01 9.933999999999998387e-03 -1.324500000000000677e-02 -1.655500000000004190e-03 1.387778780781445676e-17 -4.831515939027210216e+00
6.523179999999999534e-01 3.450329999999999786e-01 6.622499999999975628e-03 -1.324499999999997901e-02 -3.311499999999995003e-03 -1.655499999999990313e-03 -1.688312020862521834e+01
6.589399999999999702e-01 3.317880000000000273e-01 3.311000000000008381e-03 -1.655599999999998739e-02 -3.311249999999987814e-03 -1.655750000000011379e-03 -1.252931807795735963e+01
6.589399999999999702e-01 3.119210000000000038e-01 0.000000000000000000e+00 -1.655650000000000177e-02 -1.655500000000004190e-03 -3.311500000000008881e-03 -6.039376686748696876e+00
6.589399999999999702e-01 2.986750000000000238e-01 0.000000000000000000e+00 -2.317900000000000515e-02 0.000000000000000000e+00 -3.311000000000008381e-03 0.000000000000000000e+00
6.589399999999999702e-01 2.655629999999999935e-01 0.000000000000000000e+00 -2.317850000000001853e-02 -1.655500000000004190e-03 3.311250000000001692e-03 -3.081474164341029720e+00
6.589399999999999702e-01 2.523179999999999867e-01 -3.311000000000008381e-03 -1.655650000000000177e-02 -3.311249999999987814e-03 3.311000000000015320e-03 -1.366717196752164476e+01
6.523179999999999534e-01 2.324499999999999900e-01 -6.622499999999975628e-03 -1.655649999999998789e-02 -2.499999999794333405e-07 1.655750000000004440e-03 -1.934598139457085697e+00
6.456950000000000189e-01 2.192050000000000110e-01 -3.311499999999967248e-03 -1.324499999999999289e-02 -2.775557561562891351e-17 2.499999999933111283e-07 -3.253191925576528944e-04
6.456950000000000189e-01 2.059600000000000042e-01 -6.622500000000031140e-03 -1.655600000000000127e-02 -3.311000000000008381e-03 -1.655500000000004190e-03 -7.734762719087039606e+00
6.324499999999999567e-01 1.860930000000000084e-01 -9.933499999999984009e-03 -1.655600000000000127e-02 2.775557561562891351e-17 1.655499999999997252e-03 -2.284863906768318742e+00
6.258280000000000509e-01 1.728480000000000016e-01 -6.622499999999975628e-03 -1.324500000000000677e-02 1.655499999999976435e-03 3.311000000000001442e-03 -6.990595774620557203e-14
6.192050000000000054e-01 1.596029999999999949e-01 -6.622500000000031140e-03 -9.933999999999998387e-03 0.000000000000000000e+00 3.311250000000001692e-03 -1.288547093645157915e+01
6.125829999999999886e-01 1.529800000000000049e-01 -6.622499999999975628e-03 -6.622500000000003384e-03 2.775557561562891351e-17 1.655749999999997502e-03 -1.334768153797624990e+01
6.059600000000000541e-01 1.463579999999999881e-01 -6.622499999999975628e-03 -6.622500000000003384e-03 -3.311250000000015570e-03 1.655500000000004190e-03 -4.003901390834679574e+01
5.993380000000000374e-01 1.397349999999999981e-01 -1.324500000000000677e-02 -3.311499999999995003e-03 -3.311250000000015570e-03 1.655750000000004440e-03 -1.292655811088419426e+01
5.794700000000000406e-01 1.397349999999999981e-01 -1.324500000000000677e-02 -3.310999999999994503e-03 1.655749999999983624e-03 2.500000000002500222e-07 2.153019884713863519e+00
5.728480000000000238e-01 1.331130000000000091e-01 -9.933500000000039520e-03 -3.310999999999994503e-03 1.655500000000004190e-03 1.655499999999997252e-03 -9.550246599538315451e+00
5.596029999999999616e-01 1.331130000000000091e-01 -9.933999999999998387e-03 0.000000000000000000e+00 -2.499999999794333405e-07 3.310999999999994503e-03 -3.355141720740414257e+01
5.529800000000000271e-01 1.331130000000000091e-01 -9.933999999999998387e-03 3.310999999999994503e-03 2.499999999794333405e-07 3.311249999999994753e-03 -2.865045131404069778e+01
5.397349999999999648e-01 1.397349999999999981e-01 -9.933500000000039520e-03 6.622499999999989506e-03 2.500000000071889161e-07 1.655750000000004440e-03 -9.666572945580162113e+00
5.331129999999999480e-01 1.463579999999999881e-01 -9.933499999999984009e-03 6.622500000000003384e-03 1.655500000000031946e-03 6.938893903907228378e-18 -6.442922540172013157e+00
5.198679999999999968e-01 1.529800000000000049e-01 -6.622499999999975628e-03 6.622500000000003384e-03 3.310999999999980625e-03 0.000000000000000000e+00 -2.669133237036998452e+01
5.198679999999999968e-01 1.596029999999999949e-01 -3.311500000000022759e-03 6.622500000000003384e-03 1.655499999999976435e-03 0.000000000000000000e+00 -2.700850576018905969e+01
5.132449999999999513e-01 1.662250000000000116e-01 -3.311500000000022759e-03 6.622500000000003384e-03 2.500000000349444917e-07 -1.655500000000004190e-03 1.350119385123487170e+01
5.132449999999999513e-01 1.728480000000000016e-01 -3.310999999999952870e-03 3.311499999999995003e-03 2.500000000349444917e-07 -4.966999999999999194e-03 1.601439612343824592e+02
5.066230000000000455e-01 1.728480000000000016e-01 -3.310999999999952870e-03 -3.311499999999995003e-03 1.655499999999976435e-03 -4.966999999999999194e-03 2.135387179396444708e+02
5.066230000000000455e-01 1.662250000000000116e-01 0.000000000000000000e+00 -6.622500000000003384e-03 1.655499999999976435e-03 -1.655500000000004190e-03 3.774724423598468093e+01
5.066230000000000455e-01 1.596029999999999949e-01 0.000000000000000000e+00 -6.622500000000003384e-03 -1.655750000000011379e-03 0.000000000000000000e+00 -3.775294451448683475e+01
5.066230000000000455e-01 1.529800000000000049e-01 -3.311500000000022759e-03 -6.622500000000003384e-03 -3.311500000000008881e-03 0.000000000000000000e+00 -5.402516872538059545e+01
5.000000000000000000e-01 1.463579999999999881e-01 -6.623000000000017762e-03 -6.622500000000003384e-03 -1.655499999999990313e-03 6.938893903907228378e-18 -1.334415487029241731e+01
4.933770000000000100e-01 1.397349999999999981e-01 -6.622500000000003384e-03 -6.622499999999989506e-03 2.500000000071889161e-07 0.000000000000000000e+00 2.015352791538623043e-03
4.867549999999999932e-01 1.331130000000000091e-01 -6.622500000000003384e-03 -6.622500000000003384e-03 0.000000000000000000e+00 1.655499999999990313e-03 -1.334566618518490522e+01
4.801320000000000032e-01 1.264899999999999913e-01 -6.622500000000003384e-03 -3.311500000000008881e-03 -1.655500000000004190e-03 1.655750000000004440e-03 -4.051785681642657266e+01
4.735099999999999865e-01 1.264899999999999913e-01 -9.933500000000011765e-03 -3.310999999999994503e-03 -1.655749999999997502e-03 2.500000000071889161e-07 -4.777647067628653765e+00
4.602649999999999797e-01 1.198680000000000023e-01 -9.933999999999998387e-03 -3.310999999999994503e-03 -2.499999999933111283e-07 1.655499999999997252e-03 -1.432450460071306608e+01
4.536419999999999897e-01 1.198680000000000023e-01 -9.933999999999998387e-03 0.000000000000000000e+00 -1.655500000000004190e-03 3.310999999999994503e-03 -3.355141720740414257e+01
4.403969999999999829e-01 1.198680000000000023e-01 -1.324500000000000677e-02 3.310999999999994503e-03 2.500000000071889161e-07 4.966749999999998944e-03 -2.585152799451120842e+01
4.271519999999999762e-01 1.264899999999999913e-01 -9.933499999999984009e-03 9.933499999999997887e-03 4.967000000000013071e-03 3.311500000000001942e-03 -2.966211179439085299e+01
4.205300000000000149e-01 1.397349999999999981e-01 -3.310999999999980625e-03 9.933999999999998387e-03 4.966749999999992005e-03 -1.655499999999997252e-03 -3.819940010041381129e+01
4.205300000000000149e-01 1.463579999999999881e-01 0.000000000000000000e+00 6.622500000000003384e-03 1.655499999999990313e-03 -2.499999999933111283e-07 -3.774724423598500067e+01
4.205300000000000149e-01 1.529800000000000049e-01 0.000000000000000000e+00 9.933500000000011765e-03 1.655499999999990313e-03 3.311249999999994753e-03 -1.677739744759424312e+01
4.205300000000000149e-01 1.662250000000000116e-01 3.310999999999980625e-03 1.324499999999999289e-02 3.311250000000001692e-03 -1.655500000000011129e-03 -1.938856470075881688e+01
4.271519999999999762e-01 1.794699999999999906e-01 6.622500000000003384e-03 6.622499999999989506e-03 4.967000000000013071e-03 -4.966749999999992005e-03 -8.008004316948455426e+01
4.337750000000000217e-01 1.794699999999999906e-01 1.324500000000000677e-02 3.311500000000008881e-03 3.311249999999987814e-03 6.938893903907228378e-18 -4.308852703628006431e+00
4.536419999999999897e-01 1.860930000000000084e-01 1.324499999999997901e-02 6.622500000000003384e-03 0.000000000000000000e+00 -2.500000000071889161e-07 -1.019696817606492983e-03
4.602649999999999797e-01 1.927149999999999974e-01 1.324500000000000677e-02 3.310999999999994503e-03 3.311250000000015570e-03 -4.966749999999998944e-03 -3.015951963286530457e+01
4.801320000000000032e-01 1.927149999999999974e-01 1.986750000000001015e-02 -3.310999999999994503e-03 1.655749999999983624e-03 -4.966749999999998944e-03 -1.140552955151579617e+01
5.000000000000000000e-01 1.860930000000000084e-01 1.655649999999997402e-02 -6.622500000000003384e-03 -4.966750000000005882e-03 -1.655750000000004440e-03 -1.063576382389350528e+01
5.132449999999999513e-01 1.794699999999999906e-01 9.933999999999998387e-03 -6.622500000000003384e-03 -4.966999999999971438e-03 6.938893903907228378e-18 -1.932869283242112246e+01
5.198679999999999968e-01 1.728480000000000016e-01 6.622500000000031140e-03 -6.622499999999989506e-03 -1.655750000000011379e-03 1.655500000000004190e-03 -2.015352791455642546e-03
5.264900000000000135e-01 1.662250000000000116e-01 6.622499999999975628e-03 -3.311499999999995003e-03 -1.655500000000031946e-03 1.655749999999990563e-03 1.350731190895383094e+01
5.331129999999999480e-01 1.662250000000000116e-01 3.311499999999967248e-03 -3.311000000000008381e-03 -3.311249999999987814e-03 -1.655500000000004190e-03 -1.601520232541184328e+02
5.331129999999999480e-01 1.596029999999999949e-01 0.000000000000000000e+00 -6.622500000000003384e-03 -1.655749999999983624e-03 -1.655999999999990813e-03 -3.775294451448620237e+01
5.331129999999999480e-01 1.529800000000000049e-01 0.000000000000000000e+00 -6.622999999999990006e-03 0.000000000000000000e+00 -4.999999999866222566e-07 0.000000000000000000e+00
