3.675499999999999878e-01 3.384110000000000174e-01 0.000000000000000000e+00 6.621999999999961251e-03 0.000000000000000000e+00 3.311500000000022759e-03 0.000000000000000000e+00
3.675499999999999878e-01 3.450329999999999786e-01 0.000000000000000000e+00 9.933499999999984009e-03 4.966750000000005882e-03 3.311500000000022759e-03 -5.033472592741755136e+01
3.675499999999999878e-01 3.582779999999999854e-01 9.933500000000011765e-03 1.324500000000000677e-02 1.158925000000000927e-02 2.500000000071889161e-07 -3.382409185480506153e+01
3.874170000000000114e-01 3.715229999999999921e-01 2.317850000000001853e-02 9.933999999999998387e-03 8.278249999999987008e-03 -9.933750000000005076e-03 -1.948582656701121252e+01
4.139070000000000249e-01 3.781459999999999821e-01 2.648999999999998578e-02 -6.622500000000003384e-03 -1.655500000000018068e-03 -1.655649999999998789e-02 -2.208178181974982479e+01
4.403969999999999829e-01 3.582779999999999854e-01 1.986749999999998240e-02 -2.317899999999997740e-02 -8.277999999999993697e-03 -8.277999999999993697e-03 -1.252422509687469088e+01
4.536419999999999897e-01 3.317880000000000273e-01 9.933999999999998387e-03 -2.317849999999999078e-02 -8.277999999999993697e-03 9.933999999999984509e-03 -5.810927467311246986e+00
4.602649999999999797e-01 3.119210000000000038e-01 3.311499999999995003e-03 -3.311000000000008381e-03 -3.311499999999995003e-03 1.986724999999998909e-02 5.339072569539267761e+02
4.602649999999999797e-01 3.251660000000000106e-01 3.311000000000008381e-03 1.655599999999998739e-02 4.966750000000005882e-03 1.324474999999999958e-02 -7.973483859142223018e+00
4.668869999999999965e-01 3.450329999999999786e-01 1.324500000000000677e-02 2.317849999999999078e-02 9.933999999999984509e-03 4.967000000000013071e-03 -8.644586374292980935e+00
4.867549999999999932e-01 3.715229999999999921e-01 2.317899999999997740e-02 2.649000000000001354e-02 6.622499999999989506e-03 -4.966749999999992005e-03 -6.662353450196263793e+00
5.132449999999999513e-01 3.980130000000000057e-01 2.648999999999998578e-02 1.324500000000000677e-02 3.311250000000029448e-03 -1.655625000000000846e-02 -1.857059097961323602e+01
5.397349999999999648e-01 3.980130000000000057e-01 2.980150000000003629e-02 -6.622500000000003384e-03 3.311250000000029448e-03 -1.821174999999999877e-02 -1.830473831735276491e+01
5.728480000000000238e-01 3.847679999999999989e-01 3.311250000000004468e-02 -2.317849999999999078e-02 -4.967000000000026949e-03 -1.324499999999999289e-02 -8.385441318004296818e+00
6.059600000000000541e-01 3.516560000000000241e-01 1.986749999999998240e-02 -3.311249999999998916e-02 -1.490050000000003871e-02 -4.967250000000006382e-03 -1.028243220571325978e+01
6.125829999999999886e-01 3.185430000000000206e-01 3.311499999999967248e-03 -3.311300000000000354e-02 -9.933749999999991198e-03 -1.655750000000011379e-03 -9.074294714531994543e+00
6.125829999999999886e-01 2.854300000000000170e-01 0.000000000000000000e+00 -3.642400000000001192e-02 -4.966999999999971438e-03 -1.655250000000003940e-03 -3.743853838691880487e+00
6.125829999999999886e-01 2.456949999999999967e-01 -6.622499999999975628e-03 -3.642350000000001142e-02 -6.622500000000003384e-03 4.967000000000006132e-03 -5.402445105452541085e+00
5.993380000000000374e-01 2.125829999999999942e-01 -1.324500000000000677e-02 -2.648999999999999966e-02 -6.622500000000031140e-03 8.278000000000007574e-03 -1.097346730235673640e+01
5.860929999999999751e-01 1.927149999999999974e-01 -1.986750000000003791e-02 -1.986749999999999627e-02 -4.966999999999999194e-03 6.622500000000003384e-03 -1.038085830082897765e+01
5.596029999999999616e-01 1.728480000000000016e-01 -2.317900000000000515e-02 -1.324499999999999289e-02 -1.655749999999983624e-03 8.278000000000000635e-03 -1.123734444773036856e+01
5.397349999999999648e-01 1.662250000000000116e-01 -2.317900000000000515e-02 -3.311499999999995003e-03 1.655750000000011379e-03 9.933749999999991198e-03 -1.751033050075249164e+01
5.132449999999999513e-01 1.662250000000000116e-01 -1.986749999999998240e-02 6.622499999999989506e-03 4.967000000000013071e-03 8.278249999999993947e-03 -2.148809093743745535e+01
5.000000000000000000e-01 1.794699999999999906e-01 -1.324499999999997901e-02 1.324499999999999289e-02 6.622499999999989506e-03 3.311250000000008631e-03 -2.002001079237115277e+01
4.867549999999999932e-01 1.927149999999999974e-01 -6.622500000000003384e-03 1.324500000000000677e-02 3.311249999999987814e-03 -6.622499999999996445e-03 4.382164515433770485e-14
4.867549999999999932e-01 2.059600000000000042e-01 -6.622500000000003384e-03 0.000000000000000000e+00 -4.966999999999999194e-03 -1.490050000000000402e-02 3.397479992378724774e+02
4.735099999999999865e-01 1.927149999999999974e-01 -1.655650000000000177e-02 -1.655600000000000127e-02 -1.324499999999999289e-02 -1.158925000000000233e-02 -2.135145363110564354e+00
4.536419999999999897e-01 1.728480000000000016e-01 -3.311249999999998916e-02 -2.317850000000000465e-02 -1.324474999999999958e-02 -2.500000000002500222e-07 -4.649076431731220538e+00
4.072850000000000081e-01 1.463579999999999881e-01 -4.304600000000000093e-02 -1.655650000000000177e-02 1.655499999999990313e-03 1.490050000000000402e-02 -6.258816913253966163e+00
3.675499999999999878e-01 1.397349999999999981e-01 -2.980150000000000854e-02 6.622500000000003384e-03 1.324474999999999958e-02 2.152325000000000071e-02 -2.562685476837015841e+01
3.476819999999999911e-01 1.596029999999999949e-01 -1.655650000000000177e-02 2.648999999999999966e-02 1.490075000000000427e-02 1.158925000000000233e-02 -1.924306907603894956e+01
3.344369999999999843e-01 1.927149999999999974e-01 0.000000000000000000e+00 2.980100000000000804e-02 1.986775000000000346e-02 -1.655499999999997252e-03 -2.237108312809612087e+01
3.476819999999999911e-01 2.192050000000000110e-01 2.317900000000000515e-02 2.317900000000000515e-02 1.655625000000000846e-02 -9.933500000000004826e-03 -1.743184979835376325e+01
3.807949999999999946e-01 2.390730000000000077e-01 3.311250000000001692e-02 9.933999999999998387e-03 3.310999999999994503e-03 -1.655650000000000177e-02 -1.406521558576633346e+01
4.139070000000000249e-01 2.390730000000000077e-01 2.980099999999999416e-02 -9.933999999999998387e-03 -9.933750000000018954e-03 -1.655650000000000177e-02 -1.910068016742857111e+01
4.403969999999999829e-01 2.192050000000000110e-01 1.324499999999997901e-02 -2.317900000000000515e-02 -1.986724999999998909e-02 -8.278000000000000635e-03 -2.996600531278939528e+01
4.403969999999999829e-01 1.927149999999999974e-01 -9.933499999999984009e-03 -2.648999999999999966e-02 -1.490049999999998320e-02 3.311500000000001942e-03 -1.888385714868896414e+01
4.205300000000000149e-01 1.662250000000000116e-01 -1.655599999999998739e-02 -1.655600000000000127e-02 -2.500000000071889161e-07 9.933749999999998137e-03 -1.281351632980311628e+01
4.072850000000000081e-01 1.596029999999999949e-01 -9.933999999999998387e-03 -6.622500000000003384e-03 4.966499999999998693e-03 4.966500000000005632e-03 -9.664103147250614256e+00
4.006620000000000181e-01 1.529800000000000049e-01 -6.622999999999990006e-03 -6.622999999999990006e-03 3.311000000000008381e-03 -4.999999999866222566e-07 2.669133252251805999e+01
