3.874170000000000114e-01 1.529800000000000049e-01 -6.622000000000016762e-03 6.622999999999990006e-03 3.311000000000008381e-03 -4.999999999866222566e-07 -2.668931694153331335e+01
3.807949999999999946e-01 1.596029999999999949e-01 -3.311000000000008381e-03 6.622500000000003384e-03 1.655250000000010879e-03 1.655250000000003940e-03 -4.050929130157058466e+01
3.807949999999999946e-01 1.662250000000000116e-01 -3.311499999999995003e-03 9.933499999999997887e-03 -2.499999999933111283e-07 3.311249999999994753e-03 -9.549092949730477287e+00
3.741720000000000046e-01 1.794699999999999906e-01 -3.311499999999995003e-03 1.324499999999999289e-02 1.655749999999997502e-03 2.500000000002500222e-07 -8.618030726448534296e+00
3.741720000000000046e-01 1.927149999999999974e-01 0.000000000000000000e+00 9.933999999999998387e-03 1.655749999999997502e-03 -1.655499999999997252e-03 -1.677824193330093649e+01
3.741720000000000046e-01 1.993379999999999874e-01 0.000000000000000000e+00 9.933999999999998387e-03 1.655749999999997502e-03 1.655500000000004190e-03 -1.677824193330093649e+01
3.741720000000000046e-01 2.125829999999999942e-01 3.311499999999995003e-03 1.324500000000000677e-02 1.655749999999997502e-03 -2.500000000002500222e-07 -8.618030726448516532e+00
3.807949999999999946e-01 2.258280000000000010e-01 3.311499999999995003e-03 9.933499999999997887e-03 -2.499999999933111283e-07 -1.655750000000004440e-03 -4.773825462108587381e+00
3.807949999999999946e-01 2.324499999999999900e-01 3.311000000000008381e-03 9.933499999999997887e-03 1.655500000000004190e-03 2.500000000002500222e-07 -1.432428833117628741e+01
3.874170000000000114e-01 2.456949999999999967e-01 6.622500000000003384e-03 9.933999999999998387e-03 1.655749999999997502e-03 -3.311000000000001442e-03 -2.254957415715292512e+01
3.940400000000000014e-01 2.523179999999999867e-01 6.622500000000003384e-03 3.311499999999995003e-03 0.000000000000000000e+00 -3.311499999999995003e-03 -5.402516872538064518e+01
4.006620000000000181e-01 2.523179999999999867e-01 6.622500000000003384e-03 3.311000000000008381e-03 1.655749999999997502e-03 -2.499999999933111283e-07 -1.351057506194812952e+01
4.072850000000000081e-01 2.589400000000000035e-01 9.933999999999998387e-03 3.311000000000008381e-03 3.311250000000001692e-03 -4.966750000000005882e-03 -5.252246280625544728e+01
4.205300000000000149e-01 2.589400000000000035e-01 1.324500000000000677e-02 -6.622500000000003384e-03 -2.500000000071889161e-07 -8.278000000000007574e-03 -3.376471087202401833e+01
4.337750000000000217e-01 2.456949999999999967e-01 9.933499999999984009e-03 -1.324500000000000677e-02 -3.311250000000015570e-03 -4.966749999999998944e-03 -2.053606228229433484e+01
4.403969999999999829e-01 2.324499999999999900e-01 6.622499999999975628e-03 -1.655600000000000127e-02 -1.655499999999990313e-03 -1.655499999999997252e-03 -6.767972127988763908e+00
4.470199999999999729e-01 2.125829999999999942e-01 6.622500000000003384e-03 -1.655600000000000127e-02 -1.655749999999983624e-03 3.311000000000001442e-03 -9.675206190276837148e-01
4.536419999999999897e-01 1.993379999999999874e-01 3.311000000000008381e-03 -9.933999999999998387e-03 -1.655500000000004190e-03 4.966750000000005882e-03 -7.209474357214264899e-04
4.536419999999999897e-01 1.927149999999999974e-01 3.311499999999995003e-03 -6.622499999999989506e-03 2.499999999933111283e-07 1.655749999999997502e-03 1.351139051145489134e+01
4.602649999999999797e-01 1.860930000000000084e-01 3.311499999999995003e-03 -6.622500000000003384e-03 -1.655749999999997502e-03 -6.938893903907228378e-18 -2.701258436269038299e+01
4.602649999999999797e-01 1.794699999999999906e-01 0.000000000000000000e+00 -6.622500000000003384e-03 -1.655749999999997502e-03 3.311250000000001692e-03 -3.775294451448651500e+01
4.602649999999999797e-01 1.728480000000000016e-01 0.000000000000000000e+00 0.000000000000000000e+00 0.000000000000000000e+00 6.622500000000003384e-03 0.000000000000000000e+00
4.602649999999999797e-01 1.794699999999999906e-01 0.000000000000000000e+00 6.622500000000003384e-03 1.655500000000004190e-03 3.311250000000001692e-03 -3.774724423598531331e+01
4.602649999999999797e-01 1.860930000000000084e-01 3.311000000000008381e-03 6.622500000000003384e-03 1.655500000000004190e-03 1.655499999999997252e-03 -1.350649608990846140e+01
4.668869999999999965e-01 1.927149999999999974e-01 3.311000000000008381e-03 9.933499999999997887e-03 2.499999999933111283e-07 1.655749999999997502e-03 4.773320577330705028e+00
4.668869999999999965e-01 2.059600000000000042e-01 3.311499999999995003e-03 9.933999999999998387e-03 2.499999999933111283e-07 2.500000000002500222e-07 -1.441938424481305171e-03
4.735099999999999865e-01 2.125829999999999942e-01 3.311499999999995003e-03 9.933999999999998387e-03 -2.499999999933111283e-07 -2.500000000002500222e-07 1.441938424481305171e-03
4.735099999999999865e-01 2.258280000000000010e-01 3.311000000000008381e-03 9.933499999999997887e-03 1.655500000000004190e-03 -2.500000000002500222e-07 -1.432573042201804370e+01
4.801320000000000032e-01 2.324499999999999900e-01 6.622500000000003384e-03 9.933499999999997887e-03 4.967250000000006382e-03 1.655750000000004440e-03 -2.255290446779167368e+01
4.867549999999999932e-01 2.456949999999999967e-01 1.324550000000002115e-02 1.324500000000000677e-02 4.966999999999999194e-03 2.500000000002500222e-07 -1.000918667040757981e+01
5.066230000000000455e-01 2.589400000000000035e-01 1.655650000000000177e-02 9.933999999999998387e-03 1.655249999999969246e-03 -4.966750000000005882e-03 -1.370852726471008154e+01
5.198679999999999968e-01 2.655629999999999935e-01 1.655599999999995964e-02 3.311499999999995003e-03 -2.499999999933111283e-07 -4.966999999999999194e-03 -1.708537058055141244e+01
5.397349999999999648e-01 2.655629999999999935e-01 1.655600000000001515e-02 0.000000000000000000e+00 -3.310999999999980625e-03 -3.311499999999995003e-03 -1.208130709826751392e+01
5.529800000000000271e-01 2.655629999999999935e-01 9.933999999999998387e-03 -3.311499999999995003e-03 -4.966750000000019760e-03 -3.311250000000001692e-03 -4.297300938552751859e+01
5.596029999999999616e-01 2.589400000000000035e-01 6.622499999999975628e-03 -6.622500000000003384e-03 -2.499999999794333405e-07 -3.311000000000001442e-03 -2.669334772316135229e+01
5.662249999999999783e-01 2.523179999999999867e-01 9.933500000000039520e-03 -9.933499999999997887e-03 1.655750000000011379e-03 -3.311249999999994753e-03 -5.931705752927883601e+00
5.794700000000000406e-01 2.390730000000000077e-01 9.933999999999998387e-03 -1.324499999999999289e-02 -3.311000000000036136e-03 -1.655750000000004440e-03 -1.328730725305049987e+01
5.860929999999999751e-01 2.258280000000000010e-01 3.311499999999967248e-03 -1.324500000000000677e-02 -3.311499999999995003e-03 1.655499999999997252e-03 -1.508114712229441778e+01
5.860929999999999751e-01 2.125829999999999942e-01 3.311000000000008381e-03 -9.933999999999998387e-03 1.655500000000031946e-03 -1.655749999999997502e-03 9.548948786373255615e+00
5.927149999999999919e-01 2.059600000000000042e-01 6.622500000000031140e-03 -1.655650000000000177e-02 2.500000000071889161e-07 -6.622250000000003134e-03 -7.733866614707738840e+00
5.993380000000000374e-01 1.794699999999999906e-01 3.311500000000022759e-03 -2.317850000000000465e-02 -3.311250000000015570e-03 2.500000000002500222e-07 -5.979343418719621717e+00
5.993380000000000374e-01 1.596029999999999949e-01 0.000000000000000000e+00 -1.655600000000000127e-02 -3.311500000000022759e-03 4.966750000000005882e-03 -1.208130709826763471e+01
5.993380000000000374e-01 1.463579999999999881e-01 -3.311500000000022759e-03 -1.324499999999999289e-02 -3.311250000000015570e-03 -1.655749999999997502e-03 -1.507952062457158782e+01
5.927149999999999919e-01 1.331130000000000091e-01 -6.622500000000031140e-03 -1.986749999999999627e-02 -1.655499999999976435e-03 -3.311500000000005411e-03 -1.193312154536458225e+00
5.860929999999999751e-01 1.066229999999999956e-01 -6.622499999999975628e-03 -1.986800000000000371e-02 -1.655749999999983624e-03 1.655500000000000721e-03 -4.774997129613893776e+00
5.794700000000000406e-01 9.337700000000000167e-02 -9.933999999999998387e-03 -1.655649999999999483e-02 -1.655500000000031946e-03 3.311500000000001942e-03 -8.378014754640020101e+00
5.662249999999999783e-01 7.351000000000000589e-02 -9.933500000000039520e-03 -1.324499999999999983e-02 1.655750000000011379e-03 4.966999999999995724e-03 -6.039814435085077982e+00
5.596029999999999616e-01 6.688700000000000201e-02 -6.622499999999975628e-03 -6.622500000000003384e-03 1.655500000000031946e-03 3.311249999999999957e-03 -1.334768153797617884e+01
5.529800000000000271e-01 6.026499999999999913e-02 -6.622499999999975628e-03 -6.622499999999999915e-03 -2.775557561562891351e-17 1.655500000000002456e-03 -1.334566618518526582e+01
5.463580000000000103e-01 5.364200000000000218e-02 -6.622500000000031140e-03 -3.311499999999998473e-03 -1.655750000000011379e-03 1.655749999999999236e-03 -4.051989627164431340e+01
5.397349999999999648e-01 5.364200000000000218e-02 -9.933999999999998387e-03 -3.311000000000001442e-03 -1.655499999999976435e-03 2.499999999985152987e-07 -4.776276979518876864e+00
5.264900000000000135e-01 4.701999999999999930e-02 -9.933499999999984009e-03 -3.311000000000001442e-03 2.500000000071889161e-07 3.311000000000001442e-03 -2.864929770777346363e+01
5.198679999999999968e-01 4.701999999999999930e-02 -9.933499999999984009e-03 3.311000000000001442e-03 -2.500000000071889161e-07 3.311000000000001442e-03 -2.864929770777346363e+01
5.066230000000000455e-01 5.364200000000000218e-02 -9.933999999999998387e-03 3.311000000000001442e-03 1.655249999999983124e-03 2.499999999985152987e-07 -4.775556032083156488e+00
5.000000000000000000e-01 5.364200000000000218e-02 -6.623000000000017762e-03 3.311499999999998473e-03 3.311250000000001692e-03 1.655749999999999236e-03 -5.401741983017297599e+01
4.933770000000000100e-01 6.026499999999999913e-02 -3.311499999999995003e-03 6.622499999999999915e-03 1.656000000000004690e-03 1.655500000000002456e-03 -4.052193541892743411e+01
4.933770000000000100e-01 6.688700000000000201e-02 -3.311000000000008381e-03 6.622500000000003384e-03 2.499999999933111283e-07 -1.734723475976807094e-18 -4.078972039710368827e-03
4.867549999999999932e-01 7.351000000000000589e-02 -3.311000000000008381e-03 6.622499999999996445e-03 1.655500000000004190e-03 -3.469446951953614189e-18 -2.701095284777853678e+01
4.867549999999999932e-01 8.013199999999999490e-02 0.000000000000000000e+00 6.622499999999996445e-03 1.655500000000004190e-03 3.469446951953614189e-18 -3.774724423598539857e+01
4.867549999999999932e-01 8.675499999999999878e-02 0.000000000000000000e+00 6.622500000000003384e-03 0.000000000000000000e+00 3.469446951953614189e-18 0.000000000000000000e+00
4.867549999999999932e-01 9.337700000000000167e-02 0.000000000000000000e+00 6.622500000000003384e-03 0.000000000000000000e+00 -3.311250000000001692e-03 -0.000000000000000000e+00
4.867549999999999932e-01 1.000000000000000056e-01 0.000000000000000000e+00 0.000000000000000000e+00 1.655500000000004190e-03 -6.622500000000003384e-03 0.000000000000000000e+00
4.867549999999999932e-01 9.337700000000000167e-02 3.311000000000008381e-03 -6.622500000000003384e-03 1.655500000000004190e-03 0.000000000000000000e+00 2.701095284777852612e+01
4.933770000000000100e-01 8.675499999999999878e-02 3.311000000000008381e-03 0.000000000000000000e+00 -1.655500000000004190e-03 6.622500000000003384e-03 6.040927247897642474e+02
4.933770000000000100e-01 9.337700000000000167e-02 0.000000000000000000e+00 6.622500000000003384e-03 -1.655500000000004190e-03 3.311499999999998473e-03 3.774724423598531331e+01
4.933770000000000100e-01 1.000000000000000056e-01 0.000000000000000000e+00 6.622999999999996945e-03 -1.655500000000004190e-03 -3.469446951953614189e-18 3.774154503330057508e+01
4.933770000000000100e-01 1.066229999999999956e-01 -3.311000000000008381e-03 6.622499999999996445e-03 -3.311250000000001692e-03 -2.499999999967805753e-07 5.402802399963516677e+01
4.867549999999999932e-01 1.132449999999999984e-01 -6.622500000000003384e-03 6.622500000000003384e-03 -1.655749999999997502e-03 -1.655499999999997252e-03 2.669334772316140558e+01
4.801320000000000032e-01 1.198680000000000023e-01 -6.622500000000003384e-03 3.311500000000001942e-03 -1.655500000000004190e-03 -1.655750000000004440e-03 4.051785681642659398e+01
4.735099999999999865e-01 1.198680000000000023e-01 -9.933500000000011765e-03 3.310999999999994503e-03 -1.655749999999997502e-03 -2.500000000037194692e-07 4.777647067628623567e+00
4.602649999999999797e-01 1.264899999999999913e-01 -9.933999999999998387e-03 3.310999999999994503e-03 1.655500000000004190e-03 -1.655499999999997252e-03 9.549669733808711314e+00
4.536419999999999897e-01 1.264899999999999913e-01 -6.622500000000003384e-03 0.000000000000000000e+00 3.311499999999995003e-03 -3.310999999999994503e-03 7.549448847197031398e+01
4.470199999999999729e-01 1.264899999999999913e-01 -3.311000000000008381e-03 -3.310999999999994503e-03 1.655500000000004190e-03 -1.655499999999997252e-03 1.067814529124957943e+02
4.470199999999999729e-01 1.198680000000000023e-01 -3.311499999999995003e-03 -3.310999999999994503e-03 -1.655749999999983624e-03 -1.655750000000004440e-03 8.062019735734816950e-03
4.403969999999999829e-01 1.198680000000000023e-01 -6.622499999999975628e-03 -6.622500000000003384e-03 2.500000000071889161e-07 -3.311500000000001942e-03 2.669737842874454614e+01
4.337750000000000217e-01 1.066229999999999956e-01 -3.310999999999980625e-03 -9.933999999999998387e-03 1.655499999999976435e-03 -3.311499999999998473e-03 2.387345338708587050e+01
4.337750000000000217e-01 1.000000000000000056e-01 -3.311500000000022759e-03 -1.324550000000000033e-02 -2.500000000210667039e-07 -3.311250000000001692e-03 4.307092376711568527e+00
4.271519999999999762e-01 8.013199999999999490e-02 -3.311500000000022759e-03 -1.655650000000000177e-02 1.655750000000011379e-03 2.500000000019847457e-07 5.694971373581045881e+00
4.271519999999999762e-01 6.688700000000000201e-02 0.000000000000000000e+00 -1.324499999999999636e-02 1.655750000000011379e-03 1.655750000000000971e-03 9.438236128621724674e+00
4.271519999999999762e-01 5.364200000000000218e-02 0.000000000000000000e+00 -1.324499999999999983e-02 1.655750000000011379e-03 -2.602085213965210642e-18 9.438236128621719345e+00
4.271519999999999762e-01 4.039700000000000235e-02 3.311500000000022759e-03 -1.324500000000000156e-02 1.655750000000011379e-03 1.655749999999999236e-03 1.077229441866641046e+01
4.337750000000000217e-01 2.715199999999999905e-02 3.311500000000022759e-03 -9.933500000000001356e-03 1.655499999999976435e-03 3.311250000000000825e-03 2.387561653423412622e+01
4.337750000000000217e-01 2.052999999999999964e-02 6.622499999999975628e-03 -6.622499999999999915e-03 4.966749999999978127e-03 3.311000000000000575e-03 6.673034627871656710e+01
4.470199999999999729e-01 1.390699999999999922e-02 1.324499999999997901e-02 -3.311500000000000207e-03 1.655500000000018068e-03 3.311249999999999957e-03 1.938837332819966619e+01
4.602649999999999797e-01 1.390699999999999922e-02 9.933500000000011765e-03 0.000000000000000000e+00 -3.311249999999987814e-03 3.311500000000000207e-03 3.355986206445705733e+01
4.668869999999999965e-01 1.390699999999999922e-02 6.622500000000003384e-03 3.311500000000000207e-03 -3.311000000000008381e-03 3.311249999999999957e-03 8.103163503035226256e+01
4.735099999999999865e-01 2.052999999999999964e-02 3.311499999999995003e-03 6.622499999999999915e-03 -1.655749999999997502e-03 3.311000000000000575e-03 5.402312927016267707e+01
4.735099999999999865e-01 2.715199999999999905e-02 3.311000000000008381e-03 9.933500000000001356e-03 1.655500000000004190e-03 3.311250000000000825e-03 -4.774762777058759511e+00
4.801320000000000032e-01 4.039700000000000235e-02 6.622500000000003384e-03 1.324500000000000156e-02 2.499999999933111283e-07 2.499999999985152987e-07 -5.098484087643294881e-04
4.867549999999999932e-01 5.364200000000000218e-02 3.311499999999995003e-03 9.933999999999998387e-03 -3.311250000000001692e-03 -1.655499999999999854e-03 2.387381403771760446e+01
4.867549999999999932e-01 6.026499999999999913e-02 0.000000000000000000e+00 9.934000000000001857e-03 -1.655749999999997502e-03 -2.500000000002500222e-07 1.677824193330092584e+01
4.867549999999999932e-01 7.351000000000000589e-02 0.000000000000000000e+00 9.933499999999997887e-03 0.000000000000000000e+00 -2.500000000019847457e-07 -0.000000000000000000e+00
4.867549999999999932e-01 8.013199999999999490e-02 0.000000000000000000e+00 9.933499999999997887e-03 0.000000000000000000e+00 2.500000000037194692e-07 0.000000000000000000e+00
4.867549999999999932e-01 9.337700000000000167e-02 0.000000000000000000e+00 9.934000000000005326e-03 0.000000000000000000e+00 -4.966749999999998944e-03 -0.000000000000000000e+00
4.867549999999999932e-01 1.000000000000000056e-01 0.000000000000000000e+00 0.000000000000000000e+00 0.000000000000000000e+00 -9.934000000000005326e-03 0.000000000000000000e+00
4.867549999999999932e-01 9.337700000000000167e-02 0.000000000000000000e+00 -9.934000000000005326e-03 0.000000000000000000e+00 -4.966749999999998944e-03 0.000000000000000000e+00
4.867549999999999932e-01 8.013199999999999490e-02 0.000000000000000000e+00 -9.933499999999997887e-03 1.655500000000004190e-03 -1.655499999999995517e-03 1.677739744759442431e+01
4.867549999999999932e-01 7.351000000000000589e-02 3.311000000000008381e-03 -1.324499999999999636e-02 1.655500000000004190e-03 -1.655750000000002706e-03 6.462312736271591085e+00
4.933770000000000100e-01 5.364200000000000218e-02 3.311000000000008381e-03 -1.324500000000000330e-02 2.499999999933111283e-07 3.311249999999998223e-03 4.309618130298092709e+00
4.933770000000000100e-01 4.701999999999999930e-02 3.311499999999995003e-03 -6.622499999999999915e-03 1.656000000000004690e-03 3.311250000000001692e-03 5.402924732788160611e+01
5.000000000000000000e-01 4.039700000000000235e-02 6.623000000000017762e-03 -6.622499999999999915e-03 1.655499999999990313e-03 1.655749999999999236e-03 2.669133250350367348e+01
5.066230000000000455e-01 3.377499999999999947e-02 6.622499999999975628e-03 -3.311000000000001442e-03 1.655249999999983124e-03 3.311249999999999957e-03 6.752840209342888045e+01
5.132449999999999513e-01 3.377499999999999947e-02 9.933499999999984009e-03 0.000000000000000000e+00 3.311250000000015570e-03 1.655500000000000721e-03 1.677739744759443852e+01
5.264900000000000135e-01 3.377499999999999947e-02 1.324500000000000677e-02 0.000000000000000000e+00 1.655749999999983624e-03 0.000000000000000000e+00 0.000000000000000000e+00
5.397349999999999648e-01 3.377499999999999947e-02 1.324499999999995126e-02 0.000000000000000000e+00 -5.551115123125782702e-17 0.000000000000000000e+00 0.000000000000000000e+00
