4.536419999999999897e-01 2.589400000000000035e-01 -6.622000000000016762e-03 6.622999999999990006e-03 3.311000000000008381e-03 -4.999999999866222566e-07 -2.668931694153331335e+01
4.470199999999999729e-01 2.655629999999999935e-01 -3.311000000000008381e-03 6.622500000000003384e-03 1.655250000000010879e-03 1.655250000000010879e-03 -4.050929130157064151e+01
4.470199999999999729e-01 2.721850000000000103e-01 -3.311499999999995003e-03 9.933500000000011765e-03 -2.499999999933111283e-07 1.655749999999997502e-03 -4.773825462108550077e+00
4.403969999999999829e-01 2.854300000000000170e-01 -3.311499999999995003e-03 9.933999999999998387e-03 1.655749999999997502e-03 -1.655500000000004190e-03 -9.550679209373285516e+00
4.403969999999999829e-01 2.920530000000000070e-01 0.000000000000000000e+00 6.622500000000003384e-03 1.655749999999997502e-03 -1.655749999999997502e-03 -3.775294451448651500e+01
4.403969999999999829e-01 2.986750000000000238e-01 0.000000000000000000e+00 6.622500000000003384e-03 1.655749999999997502e-03 2.499999999933111283e-07 -3.775294451448651500e+01
4.403969999999999829e-01 3.052980000000000138e-01 3.311499999999995003e-03 6.622999999999990006e-03 3.311250000000001692e-03 -1.655500000000004190e-03 -6.751820638770537641e+01
4.470199999999999729e-01 3.119210000000000038e-01 6.622500000000003384e-03 3.311499999999995003e-03 1.655500000000004190e-03 -3.311499999999995003e-03 -6.753044117911682065e+01
4.536419999999999897e-01 3.119210000000000038e-01 6.622500000000003384e-03 0.000000000000000000e+00 1.655749999999997502e-03 -1.655749999999997502e-03 -3.775294451448651500e+01
4.602649999999999797e-01 3.119210000000000038e-01 9.933999999999998387e-03 0.000000000000000000e+00 1.655500000000004190e-03 0.000000000000000000e+00 0.000000000000000000e+00
4.735099999999999865e-01 3.119210000000000038e-01 9.933500000000011765e-03 0.000000000000000000e+00 -2.499999999933111283e-07 -1.655749999999997502e-03 -1.677993103222850024e+01
4.801320000000000032e-01 3.119210000000000038e-01 9.933500000000011765e-03 -3.311499999999995003e-03 2.499999999933111283e-07 -3.311499999999995003e-03 -2.865232604736956290e+01
4.933770000000000100e-01 3.052980000000000138e-01 9.933999999999998387e-03 -6.622999999999990006e-03 -1.655249999999997002e-03 -1.655500000000004190e-03 -1.610425689686618966e+01
5.000000000000000000e-01 2.986750000000000238e-01 6.623000000000017762e-03 -6.622500000000003384e-03 -1.655750000000011379e-03 2.499999999933111283e-07 -1.334415471815029974e+01
5.066230000000000455e-01 2.920530000000000070e-01 6.622499999999975628e-03 -6.622500000000003384e-03 -1.656000000000032446e-03 -1.655749999999997502e-03 -2.669737842874476641e+01
5.132449999999999513e-01 2.854300000000000170e-01 3.310999999999952870e-03 -9.933999999999998387e-03 -1.655499999999976435e-03 -1.655500000000004190e-03 -1.909789757274581135e+01
5.132449999999999513e-01 2.721850000000000103e-01 3.311500000000022759e-03 -9.933500000000011765e-03 1.655750000000039135e-03 2.499999999933111283e-07 1.432724470614225609e+01
5.198679999999999968e-01 2.655629999999999935e-01 6.622500000000031140e-03 -9.933500000000011765e-03 1.655499999999976435e-03 -1.655749999999990563e-03 3.220245091957600447e+00
5.264900000000000135e-01 2.523179999999999867e-01 6.622499999999975628e-03 -1.324499999999999289e-02 -1.655500000000031946e-03 -2.499999999933111283e-07 -6.752942174404937603e+00
5.331129999999999480e-01 2.390730000000000077e-01 3.311499999999967248e-03 -9.933999999999998387e-03 -3.311249999999987814e-03 3.311249999999994753e-03 -1.909847443303097236e+01
5.331129999999999480e-01 2.324499999999999900e-01 0.000000000000000000e+00 -6.622500000000003384e-03 -1.655749999999983624e-03 4.966999999999999194e-03 -3.775294451448620237e+01
5.331129999999999480e-01 2.258280000000000010e-01 0.000000000000000000e+00 0.000000000000000000e+00 0.000000000000000000e+00 6.622500000000003384e-03 0.000000000000000000e+00
5.331129999999999480e-01 2.324499999999999900e-01 0.000000000000000000e+00 6.622500000000003384e-03 0.000000000000000000e+00 4.966999999999999194e-03 0.000000000000000000e+00
5.331129999999999480e-01 2.390730000000000077e-01 0.000000000000000000e+00 9.933999999999998387e-03 0.000000000000000000e+00 3.311249999999994753e-03 0.000000000000000000e+00
5.331129999999999480e-01 2.523179999999999867e-01 0.000000000000000000e+00 1.324499999999999289e-02 1.655500000000004190e-03 -2.499999999933111283e-07 -9.436811058996349644e+00
5.331129999999999480e-01 2.655629999999999935e-01 3.311000000000008381e-03 9.933500000000011765e-03 1.655500000000004190e-03 -1.655749999999990563e-03 -1.910049319907673038e+01
5.397349999999999648e-01 2.721850000000000103e-01 3.311000000000008381e-03 9.933500000000011765e-03 2.500000000071889161e-07 2.499999999933111283e-07 -1.442199728190581096e-03
5.397349999999999648e-01 2.854300000000000170e-01 3.311500000000022759e-03 9.933999999999998387e-03 1.655750000000011379e-03 -1.655500000000004190e-03 -1.909991637145555998e+01
5.463580000000000103e-01 2.920530000000000070e-01 6.622500000000031140e-03 6.622500000000003384e-03 1.655499999999976435e-03 -1.655749999999997502e-03 -2.669334772316112492e+01
5.529800000000000271e-01 2.986750000000000238e-01 6.622499999999975628e-03 6.622500000000003384e-03 1.655749999999983624e-03 2.499999999933111283e-07 -1.334566618518499226e+01
5.596029999999999616e-01 3.052980000000000138e-01 9.933999999999998387e-03 6.622999999999990006e-03 6.622500000000031140e-03 -1.655500000000004190e-03 -3.543403481842623393e+01
5.728480000000000238e-01 3.119210000000000038e-01 1.986750000000003791e-02 3.311499999999995003e-03 4.966749999999992005e-03 -3.311499999999995003e-03 -1.006455666651126535e+01
5.993380000000000374e-01 3.119210000000000038e-01 1.986749999999998240e-02 0.000000000000000000e+00 -3.311250000000015570e-03 -3.311499999999995003e-03 -8.389543225441475016e+00
6.125829999999999886e-01 3.119210000000000038e-01 1.324500000000000677e-02 -3.311499999999995003e-03 -4.966999999999999194e-03 -4.966999999999999194e-03 -3.231525675827613497e+01
6.258280000000000509e-01 3.052980000000000138e-01 9.933499999999984009e-03 -9.933999999999998387e-03 -1.655750000000011379e-03 -4.966750000000005882e-03 -2.372712162758221766e+01
6.324499999999999567e-01 2.920530000000000070e-01 9.933499999999984009e-03 -1.324500000000000677e-02 2.500000000071889161e-07 -4.966750000000005882e-03 -1.087104579527642656e+01
6.456950000000000189e-01 2.788080000000000003e-01 9.933999999999998387e-03 -1.986750000000001015e-02 -1.655500000000004190e-03 -3.311249999999994753e-03 -6.002373562506402749e+00
6.523179999999999534e-01 2.523179999999999867e-01 6.622499999999975628e-03 -1.986749999999999627e-02 -3.311499999999995003e-03 1.655500000000011129e-03 -5.969444910820479677e+00
6.589399999999999702e-01 2.390730000000000077e-01 3.311000000000008381e-03 -1.655649999999998789e-02 -3.311249999999987814e-03 1.655499999999997252e-03 -1.025085190764027310e+01
6.589399999999999702e-01 2.192050000000000110e-01 0.000000000000000000e+00 -1.655650000000000177e-02 -3.311000000000008381e-03 -3.311000000000008381e-03 -1.207875337349739375e+01
6.589399999999999702e-01 2.059600000000000042e-01 -3.311000000000008381e-03 -2.317850000000000465e-02 -1.655500000000004190e-03 -3.311000000000001442e-03 -2.135416219319208775e+00
6.523179999999999534e-01 1.728480000000000016e-01 -3.311000000000008381e-03 -2.317850000000000465e-02 -2.499999999794333405e-07 4.966749999999998944e-03 -1.281649591102217212e+00
6.523179999999999534e-01 1.596029999999999949e-01 -3.311499999999967248e-03 -1.324500000000000677e-02 -2.499999999794333405e-07 4.966750000000005882e-03 -6.464417574376175146e+00
6.456950000000000189e-01 1.463579999999999881e-01 -3.311499999999967248e-03 -1.324499999999999289e-02 -1.655500000000031946e-03 -1.655749999999994032e-03 -6.461815217315622029e+00
6.456950000000000189e-01 1.331130000000000091e-01 -6.622500000000031140e-03 -1.655649999999999483e-02 -3.311000000000008381e-03 -6.938893903907228378e-18 -9.668026753980152321e+00
6.324499999999999567e-01 1.132449999999999984e-01 -9.933499999999984009e-03 -1.324500000000000677e-02 2.775557561562891351e-17 4.966999999999999194e-03 -1.087232267859392998e+01
6.258280000000000509e-01 1.066229999999999956e-01 -6.622499999999975628e-03 -6.622499999999996445e-03 1.655499999999976435e-03 3.311000000000004911e-03 -1.334566618518521963e+01
6.192050000000000054e-01 1.000000000000000056e-01 -6.622500000000031140e-03 -6.622999999999996945e-03 -3.311250000000015570e-03 -3.469446951953614189e-18 -2.669233998971516542e+01
6.125829999999999886e-01 9.337700000000000167e-02 -1.324500000000000677e-02 -6.622500000000003384e-03 -3.311249999999987814e-03 1.655999999999997752e-03 -1.350741389403591697e+01
5.927149999999999919e-01 8.675499999999999878e-02 -1.324500000000000677e-02 -3.311000000000001442e-03 0.000000000000000000e+00 3.311250000000001692e-03 -1.723456888158170841e+01
5.860929999999999751e-01 8.675499999999999878e-02 -1.324500000000000677e-02 0.000000000000000000e+00 0.000000000000000000e+00 3.311000000000001442e-03 -1.887362211799261758e+01
5.662249999999999783e-01 8.675499999999999878e-02 -1.324500000000000677e-02 3.311000000000001442e-03 3.311250000000015570e-03 1.655500000000000721e-03 -1.292495075128360504e+01
5.596029999999999616e-01 9.337700000000000167e-02 -6.622499999999975628e-03 3.311000000000001442e-03 1.655500000000004190e-03 1.655999999999997752e-03 -4.052356754972853992e+01
5.529800000000000271e-01 9.337700000000000167e-02 -9.933999999999998387e-03 6.622999999999996945e-03 -1.655500000000031946e-03 3.311499999999998473e-03 -1.288651861437315027e+01
5.397349999999999648e-01 1.066229999999999956e-01 -9.933500000000039520e-03 9.933999999999998387e-03 3.311499999999995003e-03 1.655250000000000471e-03 -1.779526661743934568e+01
5.331129999999999480e-01 1.132449999999999984e-01 -3.311000000000008381e-03 9.933499999999997887e-03 4.966750000000019760e-03 3.469446951953614189e-18 -4.297719137494056696e+01
5.331129999999999480e-01 1.264899999999999913e-01 0.000000000000000000e+00 9.934000000000005326e-03 1.655500000000004190e-03 -1.655499999999997252e-03 -1.677570860370211747e+01
5.331129999999999480e-01 1.331130000000000091e-01 0.000000000000000000e+00 6.622500000000003384e-03 0.000000000000000000e+00 -1.655750000000007910e-03 -0.000000000000000000e+00
5.331129999999999480e-01 1.397349999999999981e-01 0.000000000000000000e+00 6.622499999999989506e-03 0.000000000000000000e+00 -3.311250000000001692e-03 -0.000000000000000000e+00
5.331129999999999480e-01 1.463579999999999881e-01 0.000000000000000000e+00 0.000000000000000000e+00 0.000000000000000000e+00 -6.622499999999989506e-03 0.000000000000000000e+00
5.331129999999999480e-01 1.397349999999999981e-01 0.000000000000000000e+00 -6.622499999999989506e-03 0.000000000000000000e+00 -3.311250000000001692e-03 0.000000000000000000e+00
5.331129999999999480e-01 1.331130000000000091e-01 0.000000000000000000e+00 -6.622500000000003384e-03 0.000000000000000000e+00 -6.938893903907228378e-18 0.000000000000000000e+00
5.331129999999999480e-01 1.264899999999999913e-01 0.000000000000000000e+00 -6.622500000000003384e-03 -1.655749999999983624e-03 -1.655499999999997252e-03 -3.775294451448620237e+01
5.331129999999999480e-01 1.198680000000000023e-01 -3.311499999999967248e-03 -9.933499999999997887e-03 -3.311249999999987814e-03 0.000000000000000000e+00 -2.865088402185622485e+01
5.264900000000000135e-01 1.066229999999999956e-01 -6.622499999999975628e-03 -6.622500000000003384e-03 -1.655500000000031946e-03 3.311000000000001442e-03 -4.003699855555537113e+01
5.198679999999999968e-01 1.066229999999999956e-01 -6.622500000000031140e-03 -3.311499999999995003e-03 -3.311500000000008881e-03 -2.499999999967805753e-07 -2.701054521540740083e+01
5.132449999999999513e-01 1.000000000000000056e-01 -1.324549999999999339e-02 -6.622999999999996945e-03 -4.966999999999971438e-03 -3.469446951953614189e-18 -1.012905636964662826e+01
4.933770000000000100e-01 9.337700000000000167e-02 -1.655649999999997402e-02 -3.311500000000001942e-03 -1.655250000000010879e-03 4.967249999999999444e-03 -1.822418358131934113e+01
4.801320000000000032e-01 9.337700000000000167e-02 -1.655600000000001515e-02 3.311500000000001942e-03 -1.655500000000018068e-03 4.967249999999999444e-03 -1.594737783933953956e+01
4.602649999999999797e-01 1.000000000000000056e-01 -1.986750000000001015e-02 6.622999999999996945e-03 1.655500000000018068e-03 1.655499999999997252e-03 -4.774672658630149336e+00
4.403969999999999829e-01 1.066229999999999956e-01 -1.324499999999997901e-02 6.622499999999996445e-03 6.622500000000003384e-03 1.655250000000000471e-03 -2.025729697798811202e+01
4.337750000000000217e-01 1.132449999999999984e-01 -6.622500000000003384e-03 9.933499999999997887e-03 4.966749999999978127e-03 3.311250000000001692e-03 -4.188069920457124340e+01
4.271519999999999762e-01 1.264899999999999913e-01 -3.311500000000022759e-03 1.324499999999999983e-02 3.311250000000001692e-03 1.655750000000004440e-03 -1.938869864739200821e+01
4.271519999999999762e-01 1.397349999999999981e-01 0.000000000000000000e+00 1.324500000000000677e-02 1.655750000000011379e-03 -1.655500000000000721e-03 -9.438236128621708687e+00
4.271519999999999762e-01 1.529800000000000049e-01 0.000000000000000000e+00 9.933999999999998387e-03 4.966999999999999194e-03 -1.655500000000004190e-03 -5.033219247030401533e+01
4.271519999999999762e-01 1.596029999999999949e-01 9.933999999999998387e-03 9.933999999999998387e-03 6.622500000000003384e-03 -1.655749999999997502e-03 -2.965823028402566663e+01
4.470199999999999729e-01 1.728480000000000016e-01 1.324500000000000677e-02 6.622500000000003384e-03 3.311000000000008381e-03 -4.966999999999999194e-03 -2.701176869761918908e+01
4.536419999999999897e-01 1.728480000000000016e-01 1.655600000000001515e-02 0.000000000000000000e+00 3.311250000000001692e-03 -6.622500000000003384e-03 -2.416079005232576549e+01
4.801320000000000032e-01 1.728480000000000016e-01 1.986750000000001015e-02 -6.622500000000003384e-03 -3.311000000000008381e-03 -3.311250000000001692e-03 -9.549922150330912629e+00
4.933770000000000100e-01 1.596029999999999949e-01 9.933999999999998387e-03 -6.622500000000003384e-03 -4.966750000000019760e-03 -1.655749999999997502e-03 -2.899279605312269936e+01
5.000000000000000000e-01 1.596029999999999949e-01 9.933999999999970631e-03 -9.933999999999998387e-03 0.000000000000000000e+00 -4.966999999999999194e-03 -1.779511730386925095e+01
5.132449999999999513e-01 1.397349999999999981e-01 9.933999999999998387e-03 -1.655650000000000177e-02 -1.655499999999962557e-03 -1.655500000000004190e-03 -6.092589335465812717e+00
5.198679999999999968e-01 1.264899999999999913e-01 6.623000000000045517e-03 -1.324500000000000677e-02 -3.310999999999952870e-03 3.311499999999995003e-03 -6.750596925617435851e+00
