3.940400000000000014e-01 2.125829999999999942e-01 -6.622999999999990006e-03 0.000000000000000000e+00 4.999999999866222566e-07 0.000000000000000000e+00 -0.000000000000000000e+00
3.874170000000000114e-01 2.125829999999999942e-01 -6.622500000000003384e-03 0.000000000000000000e+00 2.499999999933111283e-07 0.000000000000000000e+00 -0.000000000000000000e+00
3.807949999999999946e-01 2.125829999999999942e-01 -6.622500000000003384e-03 0.000000000000000000e+00 1.655500000000004190e-03 1.655500000000004190e-03 -3.774724423598531331e+01
3.741720000000000046e-01 2.125829999999999942e-01 -3.311499999999995003e-03 3.311000000000008381e-03 1.655749999999997502e-03 3.311250000000001692e-03 -1.601681460763108760e+02
3.741720000000000046e-01 2.192050000000000110e-01 -3.311000000000008381e-03 6.622500000000003384e-03 -1.655500000000004190e-03 3.311499999999995003e-03 -2.039332038281363359e-03
3.675499999999999878e-01 2.258280000000000010e-01 -6.622500000000003384e-03 9.933999999999998387e-03 -2.499999999933111283e-07 1.655499999999997252e-03 -6.440789720524744411e+00
3.609269999999999978e-01 2.390730000000000077e-01 -3.311499999999995003e-03 9.933499999999997887e-03 3.311250000000001692e-03 -2.500000000002500222e-07 -2.865016290021815237e+01
3.609269999999999978e-01 2.456949999999999967e-01 0.000000000000000000e+00 9.933499999999997887e-03 1.655749999999997502e-03 1.655750000000004440e-03 -1.677993103222854998e+01
3.609269999999999978e-01 2.589400000000000035e-01 0.000000000000000000e+00 1.324500000000000677e-02 1.655749999999997502e-03 1.655750000000004440e-03 -9.438236128621628751e+00
3.609269999999999978e-01 2.721850000000000103e-01 3.311499999999995003e-03 1.324500000000000677e-02 3.311250000000001692e-03 0.000000000000000000e+00 -1.723410963598175982e+01
3.675499999999999878e-01 2.854300000000000170e-01 6.622500000000003384e-03 1.324500000000000677e-02 1.655500000000004190e-03 -1.655500000000004190e-03 -1.012864848899403292e+01
3.741720000000000046e-01 2.986750000000000238e-01 6.622500000000003384e-03 9.933999999999998387e-03 1.655749999999997502e-03 -3.311000000000008381e-03 -2.254957415715295355e+01
3.807949999999999946e-01 3.052980000000000138e-01 9.933999999999998387e-03 6.622999999999990006e-03 1.655500000000004190e-03 -3.311250000000001692e-03 -2.576963228821443508e+01
3.940400000000000014e-01 3.119210000000000038e-01 9.933500000000011765e-03 3.311499999999995003e-03 -2.499999999933111283e-07 -3.311499999999995003e-03 -2.865232604736956290e+01
4.006620000000000181e-01 3.119210000000000038e-01 9.933500000000011765e-03 0.000000000000000000e+00 2.499999999933111283e-07 -3.311499999999995003e-03 -3.355986206445700049e+01
4.139070000000000249e-01 3.119210000000000038e-01 9.933999999999998387e-03 -3.311499999999995003e-03 2.499999999933111283e-07 -3.311499999999995003e-03 -2.864987455718317122e+01
4.205300000000000149e-01 3.052980000000000138e-01 9.933999999999998387e-03 -6.622999999999990006e-03 -2.500000000071889161e-07 -3.311250000000001692e-03 -1.932831870330085167e+01
4.337750000000000217e-01 2.986750000000000238e-01 9.933499999999984009e-03 -9.933999999999998387e-03 -1.655750000000011379e-03 -3.311000000000008381e-03 -1.779496802411375000e+01
4.403969999999999829e-01 2.854300000000000170e-01 6.622499999999975628e-03 -1.324500000000000677e-02 -1.655499999999990313e-03 -1.655500000000004190e-03 -1.012864848899398851e+01
4.470199999999999729e-01 2.721850000000000103e-01 6.622500000000003384e-03 -1.324500000000000677e-02 1.387778780781445676e-17 0.000000000000000000e+00 5.660454425055848255e-14
4.536419999999999897e-01 2.589400000000000035e-01 6.622500000000003384e-03 -1.324500000000000677e-02 0.000000000000000000e+00 0.000000000000000000e+00 0.000000000000000000e+00
4.602649999999999797e-01 2.456949999999999967e-01 6.622500000000003384e-03 -1.324500000000000677e-02 -1.655749999999997502e-03 1.655750000000004440e-03 -3.376726011406771644e+00
4.668869999999999965e-01 2.324499999999999900e-01 3.311000000000008381e-03 -9.933499999999997887e-03 -3.311250000000001692e-03 8.278250000000007824e-03 -4.776204976786785572e+00
4.668869999999999965e-01 2.258280000000000010e-01 0.000000000000000000e+00 3.311500000000008881e-03 -1.655500000000004190e-03 1.158924999999999539e-02 1.509661801332013624e+02
4.668869999999999965e-01 2.390730000000000077e-01 0.000000000000000000e+00 1.324499999999999289e-02 0.000000000000000000e+00 4.966749999999992005e-03 0.000000000000000000e+00
4.668869999999999965e-01 2.523179999999999867e-01 0.000000000000000000e+00 1.324499999999999289e-02 0.000000000000000000e+00 1.655500000000011129e-03 0.000000000000000000e+00
4.668869999999999965e-01 2.655629999999999935e-01 0.000000000000000000e+00 1.655600000000001515e-02 1.655749999999997502e-03 1.655500000000011129e-03 -6.040653549133756961e+00
4.668869999999999965e-01 2.854300000000000170e-01 3.311499999999995003e-03 1.655600000000001515e-02 1.655749999999997502e-03 -1.655250000000010879e-03 -6.834320207201482589e+00
4.735099999999999865e-01 2.986750000000000238e-01 3.311499999999995003e-03 1.324549999999999339e-02 -2.499999999933111283e-07 -1.655250000000010879e-03 -2.152407717093519413e+00
4.735099999999999865e-01 3.119210000000000038e-01 3.311000000000008381e-03 1.324549999999999339e-02 4.966750000000005882e-03 -2.499999999933111283e-07 -2.584974846846472474e+01
4.801320000000000032e-01 3.251660000000000106e-01 1.324500000000000677e-02 1.324500000000000677e-02 6.622749999999982817e-03 -3.311499999999995003e-03 -2.002101846876678337e+01
5.000000000000000000e-01 3.384110000000000174e-01 1.655649999999997402e-02 6.622500000000003384e-03 0.000000000000000000e+00 -8.278250000000000886e-03 -2.417225686382856509e+01
5.132449999999999513e-01 3.384110000000000174e-01 1.324500000000000677e-02 -3.311499999999995003e-03 -1.655749999999983624e-03 -8.278250000000000886e-03 -4.524051369062982531e+01
5.264900000000000135e-01 3.317880000000000273e-01 1.324500000000000677e-02 -9.933999999999998387e-03 0.000000000000000000e+00 -4.966750000000005882e-03 -1.449527743289853099e+01
5.397349999999999648e-01 3.185430000000000206e-01 1.324500000000000677e-02 -1.324500000000000677e-02 -1.655500000000004190e-03 -3.311250000000001692e-03 -1.000975347708662078e+01
5.529800000000000271e-01 3.052980000000000138e-01 9.933999999999998387e-03 -1.655650000000000177e-02 -1.655500000000004190e-03 -3.311250000000001692e-03 -8.377669732686573667e+00
5.596029999999999616e-01 2.854300000000000170e-01 9.933999999999998387e-03 -1.986750000000001015e-02 -2.499999999794333405e-07 -1.655500000000004190e-03 -1.501008813538978748e+00
5.728480000000000238e-01 2.655629999999999935e-01 9.933500000000039520e-03 -1.986750000000001015e-02 -3.311499999999995003e-03 6.938893903907228378e-18 -6.003159111283574489e+00
5.794700000000000406e-01 2.456949999999999967e-01 3.311000000000008381e-03 -1.986749999999999627e-02 -3.311000000000036136e-03 6.938893903907228378e-18 -8.050568709025638370e+00
5.794700000000000406e-01 2.258280000000000010e-01 3.311499999999967248e-03 -1.986749999999999627e-02 2.499999999794333405e-07 -1.655750000000004440e-03 -6.704166224188508050e-01
5.860929999999999751e-01 2.059600000000000042e-01 3.311499999999967248e-03 -2.317900000000000515e-02 -1.655749999999983624e-03 -1.655500000000004190e-03 -3.416882643668802899e+00
5.860929999999999751e-01 1.794699999999999906e-01 0.000000000000000000e+00 -2.317850000000000465e-02 -1.655749999999983624e-03 3.311500000000001942e-03 -3.081939503236244438e+00
5.860929999999999751e-01 1.596029999999999949e-01 0.000000000000000000e+00 -1.655600000000000127e-02 0.000000000000000000e+00 3.311000000000001442e-03 0.000000000000000000e+00
5.860929999999999751e-01 1.463579999999999881e-01 0.000000000000000000e+00 -1.655650000000000177e-02 0.000000000000000000e+00 -2.499999999967805753e-07 0.000000000000000000e+00
5.860929999999999751e-01 1.264899999999999913e-01 0.000000000000000000e+00 -1.655649999999999483e-02 0.000000000000000000e+00 3.311500000000001942e-03 0.000000000000000000e+00
5.860929999999999751e-01 1.132449999999999984e-01 0.000000000000000000e+00 -9.933499999999997887e-03 -1.655749999999983624e-03 3.311249999999998223e-03 -1.677993103222840787e+01
5.860929999999999751e-01 1.066229999999999956e-01 -3.311499999999967248e-03 -9.933999999999998387e-03 -4.966999999999999194e-03 -1.656000000000001221e-03 -3.819766978084093978e+01
5.794700000000000406e-01 9.337700000000000167e-02 -9.933999999999998387e-03 -1.324550000000000033e-02 -3.311000000000036136e-03 1.655749999999997502e-03 -1.328670899797996618e+01
5.662249999999999783e-01 8.013199999999999490e-02 -9.933500000000039520e-03 -6.622500000000003384e-03 1.655750000000011379e-03 4.967250000000002913e-03 -2.255290446779156355e+01
5.596029999999999616e-01 8.013199999999999490e-02 -6.622499999999975628e-03 -3.310999999999994503e-03 -2.499999999794333405e-07 1.655750000000004440e-03 -2.701707115185675789e+01
5.529800000000000271e-01 7.351000000000000589e-02 -9.933999999999998387e-03 -3.310999999999994503e-03 -1.655500000000031946e-03 1.655499999999997252e-03 -1.909789757274606004e+01
5.397349999999999648e-01 7.351000000000000589e-02 -9.933500000000039520e-03 0.000000000000000000e+00 2.500000000071889161e-07 3.310999999999994503e-03 -3.355479489518842939e+01
5.331129999999999480e-01 7.351000000000000589e-02 -9.933499999999984009e-03 3.310999999999994503e-03 -1.655749999999955868e-03 3.311249999999998223e-03 -2.387669817586382592e+01
5.198679999999999968e-01 8.013199999999999490e-02 -1.324499999999995126e-02 6.622499999999996445e-03 -1.656000000000004690e-03 1.655750000000004440e-03 -3.376216162998022075e+00
5.066230000000000455e-01 8.675499999999999878e-02 -1.324549999999999339e-02 6.622500000000003384e-03 1.655499999999962557e-03 3.469446951953614189e-18 -3.375910294368945408e+00
4.933770000000000100e-01 9.337700000000000167e-02 -9.934000000000026143e-03 6.622500000000003384e-03 1.655999999999990813e-03 2.499999999967805753e-07 -6.445654071414602448e+00
4.867549999999999932e-01 1.000000000000000056e-01 -9.933500000000011765e-03 6.622999999999996945e-03 1.387778780781445676e-17 -3.469446951953614189e-18 -3.375846829298047032e-14
4.735099999999999865e-01 1.066229999999999956e-01 -9.933999999999998387e-03 6.622499999999996445e-03 -3.311499999999995003e-03 -2.499999999967805753e-07 1.288790311189651838e+01
4.668869999999999965e-01 1.132449999999999984e-01 -1.655650000000000177e-02 6.622500000000003384e-03 -3.310999999999994503e-03 0.000000000000000000e+00 3.867152307446226178e+00
4.403969999999999829e-01 1.198680000000000023e-01 -1.655599999999998739e-02 6.622499999999996445e-03 4.966999999999999194e-03 -1.655750000000004440e-03 -9.667905910982430573e-01
4.337750000000000217e-01 1.264899999999999913e-01 -6.622500000000003384e-03 3.310999999999994503e-03 1.655499999999990313e-03 -3.311249999999998223e-03 4.052152790972687058e+01
4.271519999999999762e-01 1.264899999999999913e-01 -1.324500000000000677e-02 0.000000000000000000e+00 -3.311249999999987814e-03 -1.655499999999997252e-03 9.436811058996289248e+00
4.072850000000000081e-01 1.264899999999999913e-01 -1.324499999999997901e-02 0.000000000000000000e+00 3.311250000000001692e-03 0.000000000000000000e+00 -0.000000000000000000e+00
4.006620000000000181e-01 1.264899999999999913e-01 -6.622500000000003384e-03 0.000000000000000000e+00 1.655749999999983624e-03 -1.655499999999997252e-03 3.774724423598515699e+01
3.940400000000000014e-01 1.264899999999999913e-01 -9.933500000000011765e-03 -3.310999999999994503e-03 -1.655749999999997502e-03 -3.311249999999998223e-03 2.387669817586360566e+01
3.807949999999999946e-01 1.198680000000000023e-01 -9.933999999999998387e-03 -6.622499999999996445e-03 3.311000000000008381e-03 -3.311500000000001942e-03 3.221465023334220490e+01
3.741720000000000046e-01 1.132449999999999984e-01 -3.311499999999995003e-03 -9.933999999999998387e-03 4.966999999999999194e-03 -1.655750000000000971e-03 4.774907001385968641e+01
3.741720000000000046e-01 1.000000000000000056e-01 0.000000000000000000e+00 -9.933999999999998387e-03 1.655749999999997502e-03 -3.469446951953614189e-18 1.677824193330093649e+01
3.741720000000000046e-01 9.337700000000000167e-02 0.000000000000000000e+00 -9.934000000000005326e-03 1.655749999999997502e-03 -4.966750000000000678e-03 1.677824193330091873e+01
3.741720000000000046e-01 8.013199999999999490e-02 3.311499999999995003e-03 -1.986749999999999974e-02 3.311250000000001692e-03 -3.310999999999996238e-03 6.709231676165900105e+00
3.807949999999999946e-01 5.364200000000000218e-02 6.622500000000003384e-03 -1.655599999999999780e-02 -2.499999999933111283e-07 4.966999999999999194e-03 5.801035540123558043e+00
3.874170000000000114e-01 4.701999999999999930e-02 3.311000000000008381e-03 -9.933500000000001356e-03 0.000000000000000000e+00 1.655499999999998986e-03 4.774762777058755958e+00
3.874170000000000114e-01 3.377499999999999947e-02 6.622500000000003384e-03 -1.324499999999999983e-02 3.311499999999995003e-03 1.655500000000000721e-03 1.688312020862516505e+01
4.006620000000000181e-01 2.052999999999999964e-02 9.933999999999998387e-03 -6.622499999999999915e-03 3.311249999999987814e-03 6.622499999999999915e-03 5.154285660129406921e+01
4.072850000000000081e-01 2.052999999999999964e-02 1.324499999999997901e-02 0.000000000000000000e+00 1.655500000000004190e-03 6.622499999999999915e-03 3.775009437523606692e+01
4.271519999999999762e-01 2.052999999999999964e-02 1.324500000000000677e-02 6.622499999999999915e-03 -1.655499999999990313e-03 6.622499999999999915e-03 3.038798486061716275e+01
4.337750000000000217e-01 3.377499999999999947e-02 9.933999999999998387e-03 1.324499999999999983e-02 -1.387778780781445676e-17 1.655500000000000721e-03 3.623728149361801876e+00
4.470199999999999729e-01 4.701999999999999930e-02 1.324499999999997901e-02 9.933500000000001356e-03 -2.499999999933111283e-07 -1.655749999999999236e-03 -4.831961015671282667e+00
4.602649999999999797e-01 5.364200000000000218e-02 9.933500000000011765e-03 9.933500000000001356e-03 -1.655749999999983624e-03 1.655749999999997502e-03 1.186520302073131639e+01
4.668869999999999965e-01 6.688700000000000201e-02 9.933500000000011765e-03 1.324499999999999636e-02 -1.655500000000004190e-03 1.655749999999999236e-03 8.456068556839570149e+00
4.801320000000000032e-01 8.013199999999999490e-02 6.622500000000003384e-03 1.324499999999999983e-02 -1.655500000000004190e-03 2.500000000019847457e-07 6.752942174404819475e+00
4.801320000000000032e-01 9.337700000000000167e-02 6.622500000000003384e-03 1.324550000000000033e-02 1.655749999999997502e-03 -1.655500000000000721e-03 -1.012900540789963877e+01
4.933770000000000100e-01 1.066229999999999956e-01 9.933999999999998387e-03 9.933999999999998387e-03 2.499999999933111283e-07 -3.311749999999998723e-03 -1.186579998196391195e+01
5.000000000000000000e-01 1.132449999999999984e-01 6.622999999999990006e-03 6.622000000000002884e-03 -3.311000000000008381e-03 -3.311999999999995503e-03 -1.209242096436565286e-02
