4.801320000000000032e-01 2.456949999999999967e-01 0.000000000000000000e+00 1.324500000000000677e-02 3.311499999999995003e-03 0.000000000000000000e+00 -1.887647225724325750e+01
4.801320000000000032e-01 2.589400000000000035e-01 3.311499999999995003e-03 1.324500000000000677e-02 1.655749999999997502e-03 1.655749999999997502e-03 -6.463116395845863948e+00
4.867549999999999932e-01 2.721850000000000103e-01 3.311499999999995003e-03 1.655650000000000177e-02 -2.499999999933111283e-07 1.655749999999997502e-03 1.139957373288785103e+00
4.867549999999999932e-01 2.920530000000000070e-01 3.311000000000008381e-03 1.655650000000000177e-02 1.655500000000004190e-03 -1.655749999999997502e-03 -6.833327992522218786e+00
4.933770000000000100e-01 3.052980000000000138e-01 6.622500000000003384e-03 1.324500000000000677e-02 1.656000000000004690e-03 -3.311250000000001692e-03 -1.350741389403597559e+01
5.000000000000000000e-01 3.185430000000000206e-01 6.623000000000017762e-03 9.933999999999998387e-03 -1.387778780781445676e-17 -3.311250000000001692e-03 -1.288554575323668594e+01
5.066230000000000455e-01 3.251660000000000106e-01 6.622499999999975628e-03 6.622500000000003384e-03 1.655249999999983124e-03 -1.655749999999997502e-03 -2.669133237036992767e+01
5.132449999999999513e-01 3.317880000000000273e-01 9.933499999999984009e-03 6.622500000000003384e-03 1.655750000000011379e-03 -1.655500000000004190e-03 -1.610803608668994968e+01
5.264900000000000135e-01 3.384110000000000174e-01 9.933999999999998387e-03 3.311499999999995003e-03 2.500000000071889161e-07 -4.966999999999999194e-03 -4.297445143281863977e+01
5.331129999999999480e-01 3.384110000000000174e-01 9.933999999999998387e-03 -3.311499999999995003e-03 1.655500000000004190e-03 -4.966999999999999194e-03 -3.819911182813195438e+01
5.463580000000000103e-01 3.317880000000000273e-01 1.324500000000000677e-02 -6.622500000000003384e-03 1.655500000000004190e-03 -3.311000000000008381e-03 -1.012864848899403292e+01
5.596029999999999616e-01 3.251660000000000106e-01 1.324500000000000677e-02 -9.933500000000011765e-03 0.000000000000000000e+00 -4.966999999999999194e-03 -1.449679507504681730e+01
5.728480000000000238e-01 3.119210000000000038e-01 1.324500000000000677e-02 -1.655650000000000177e-02 -1.655750000000011379e-03 -3.311499999999995003e-03 -7.477715099029592416e+00
5.860929999999999751e-01 2.920530000000000070e-01 9.933499999999984009e-03 -1.655650000000000177e-02 -3.311249999999987814e-03 1.655749999999997502e-03 -5.331530663041954554e+00
5.927149999999999919e-01 2.788080000000000003e-01 6.622500000000031140e-03 -1.324500000000000677e-02 -1.655499999999976435e-03 3.311250000000001692e-03 5.098484089163265011e-04
5.993380000000000374e-01 2.655629999999999935e-01 6.622500000000031140e-03 -9.933999999999998387e-03 -2.775557561562891351e-17 3.311250000000001692e-03 1.288547093645141750e+01
6.059600000000000541e-01 2.589400000000000035e-01 6.622499999999975628e-03 -6.622500000000003384e-03 -1.655500000000031946e-03 1.655749999999997502e-03 2.015352791146340049e-03
6.125829999999999886e-01 2.523179999999999867e-01 3.311499999999967248e-03 -6.622500000000003384e-03 -1.655749999999983624e-03 1.655500000000004190e-03 -1.350731190895410450e+01
6.125829999999999886e-01 2.456949999999999967e-01 3.311000000000008381e-03 -3.311499999999995003e-03 -2.499999999794333405e-07 4.966999999999999194e-03 1.601439612343829424e+02
6.192050000000000054e-01 2.456949999999999967e-01 3.311000000000008381e-03 3.311499999999995003e-03 -1.655500000000004190e-03 4.966999999999999194e-03 2.135387179396426802e+02
6.192050000000000054e-01 2.523179999999999867e-01 0.000000000000000000e+00 6.622500000000003384e-03 -1.655500000000004190e-03 1.655500000000004190e-03 3.774724423598531331e+01
6.192050000000000054e-01 2.589400000000000035e-01 0.000000000000000000e+00 6.622500000000003384e-03 0.000000000000000000e+00 1.655749999999997502e-03 0.000000000000000000e+00
6.192050000000000054e-01 2.655629999999999935e-01 0.000000000000000000e+00 9.933999999999998387e-03 0.000000000000000000e+00 1.655500000000004190e-03 0.000000000000000000e+00
6.192050000000000054e-01 2.788080000000000003e-01 0.000000000000000000e+00 9.933500000000011765e-03 0.000000000000000000e+00 -2.499999999933111283e-07 -0.000000000000000000e+00
6.192050000000000054e-01 2.854300000000000170e-01 0.000000000000000000e+00 9.933500000000011765e-03 1.655750000000011379e-03 2.499999999933111283e-07 -1.677993103222864235e+01
6.192050000000000054e-01 2.986750000000000238e-01 3.311500000000022759e-03 9.933999999999998387e-03 3.311249999999987814e-03 2.499999999933111283e-07 -2.864771159511291287e+01
6.258280000000000509e-01 3.052980000000000138e-01 6.622499999999975628e-03 9.933999999999998387e-03 1.655499999999976435e-03 0.000000000000000000e+00 -9.663616756231958149e+00
6.324499999999999567e-01 3.185430000000000206e-01 6.622499999999975628e-03 9.933999999999998387e-03 3.311250000000015570e-03 -1.655749999999997502e-03 -2.577191472839112407e+01
6.390730000000000022e-01 3.251660000000000106e-01 1.324500000000000677e-02 6.622500000000003384e-03 3.311250000000015570e-03 -3.311499999999995003e-03 -2.025984622003196733e+01
6.589399999999999702e-01 3.317880000000000273e-01 1.324500000000000677e-02 3.311000000000008381e-03 -1.655500000000004190e-03 -3.311250000000001692e-03 -1.508057306240464968e+01
6.655630000000000157e-01 3.317880000000000273e-01 9.933999999999998387e-03 0.000000000000000000e+00 0.000000000000000000e+00 -3.311000000000008381e-03 -3.355141720740427758e+01
6.788079999999999670e-01 3.317880000000000273e-01 1.324500000000000677e-02 -3.311000000000008381e-03 1.655500000000004190e-03 -4.966750000000005882e-03 -2.369720689659372326e+01
6.920530000000000292e-01 3.251660000000000106e-01 1.324500000000000677e-02 -9.933500000000011765e-03 0.000000000000000000e+00 -3.311499999999995003e-03 -9.665016487017810576e+00
7.052979999999999805e-01 3.119210000000000038e-01 1.324500000000000677e-02 -9.933999999999998387e-03 3.311249999999987814e-03 -3.311499999999995003e-03 -2.416487585330458376e+00
7.185430000000000428e-01 3.052980000000000138e-01 1.986749999999998240e-02 -1.655650000000000177e-02 1.655749999999983624e-03 -4.966750000000005882e-03 -4.119915432362208030e+00
7.450329999999999453e-01 2.788080000000000003e-01 1.655649999999997402e-02 -1.986750000000001015e-02 -6.622499999999975628e-03 1.655749999999997502e-03 -6.021690966540012013e+00
7.516559999999999908e-01 2.655629999999999935e-01 6.622500000000031140e-03 -1.324500000000000677e-02 -4.966999999999971438e-03 3.311250000000008631e-03 -1.350639419721817625e+01
7.582780000000000076e-01 2.523179999999999867e-01 6.622500000000031140e-03 -1.324499999999999289e-02 -2.775557561562891351e-17 6.938893903907228378e-18 -9.905795243847716303e-14
7.649010000000000531e-01 2.390730000000000077e-01 6.622499999999975628e-03 -1.324499999999999289e-02 -1.655750000000039135e-03 -3.311250000000008631e-03 -1.350639419721858658e+01
7.715229999999999588e-01 2.258280000000000010e-01 3.310999999999952870e-03 -1.986750000000001015e-02 -3.311249999999987814e-03 -3.311250000000001692e-03 -9.392938025880788189e+00
7.715229999999999588e-01 1.993379999999999874e-01 0.000000000000000000e+00 -1.986749999999999627e-02 -1.655499999999976435e-03 3.311250000000008631e-03 -4.194138248442748740e+00
7.715229999999999588e-01 1.860930000000000084e-01 0.000000000000000000e+00 -1.324499999999999289e-02 0.000000000000000000e+00 3.311249999999994753e-03 0.000000000000000000e+00
7.715229999999999588e-01 1.728480000000000016e-01 0.000000000000000000e+00 -1.324500000000000677e-02 -1.655499999999976435e-03 1.655499999999997252e-03 -9.436811058996170232e+00
7.715229999999999588e-01 1.596029999999999949e-01 -3.310999999999952870e-03 -9.933999999999998387e-03 -3.311249999999987814e-03 3.311250000000001692e-03 -3.819867915297796657e+01
7.649010000000000531e-01 1.529800000000000049e-01 -6.622499999999975628e-03 -6.622500000000003384e-03 -1.655750000000039135e-03 1.655749999999997502e-03 -2.669536307595334179e+01
7.582780000000000076e-01 1.463579999999999881e-01 -6.622500000000031140e-03 -6.622500000000003384e-03 -2.775557561562891351e-17 -1.655749999999997502e-03 1.334768153797619128e+01
7.516559999999999908e-01 1.397349999999999981e-01 -6.622500000000031140e-03 -9.933999999999998387e-03 -1.655749999999983624e-03 -1.655499999999997252e-03 -3.222827035707216403e+00
7.450329999999999453e-01 1.264899999999999913e-01 -9.933999999999998387e-03 -9.933499999999997887e-03 -3.311249999999960059e-03 1.655750000000000971e-03 -1.779586371392228372e+01
7.317879999999999940e-01 1.198680000000000023e-01 -1.324499999999995126e-02 -6.622499999999996445e-03 2.500000000071889161e-07 3.310999999999997973e-03 -1.350435480358328810e+01
7.185430000000000428e-01 1.132449999999999984e-01 -9.933499999999984009e-03 -3.311500000000001942e-03 3.311249999999960059e-03 3.311249999999998223e-03 -1.909962792497440631e+01
7.119210000000000260e-01 1.132449999999999984e-01 -6.622500000000031140e-03 0.000000000000000000e+00 -2.500000000071889161e-07 1.655750000000000971e-03 -3.775294451448628053e+01
7.052979999999999805e-01 1.132449999999999984e-01 -9.933999999999998387e-03 0.000000000000000000e+00 -1.655749999999983624e-03 0.000000000000000000e+00 0.000000000000000000e+00
6.920530000000000292e-01 1.132449999999999984e-01 -9.933999999999998387e-03 0.000000000000000000e+00 1.655749999999983624e-03 0.000000000000000000e+00 -0.000000000000000000e+00
6.854299999999999837e-01 1.132449999999999984e-01 -6.622500000000031140e-03 0.000000000000000000e+00 1.655750000000011379e-03 0.000000000000000000e+00 -0.000000000000000000e+00
6.788079999999999670e-01 1.132449999999999984e-01 -6.622499999999975628e-03 0.000000000000000000e+00 -1.655749999999983624e-03 3.311249999999998223e-03 -7.550018875047240385e+01
6.721850000000000325e-01 1.132449999999999984e-01 -9.933999999999998387e-03 6.622499999999996445e-03 -1.655500000000031946e-03 3.311249999999998223e-03 -1.288644379193928202e+01
6.589399999999999702e-01 1.264899999999999913e-01 -9.933500000000039520e-03 6.622499999999996445e-03 1.655750000000011379e-03 3.469446951953614189e-18 -6.443895497366064262e+00
6.523179999999999534e-01 1.264899999999999913e-01 -6.622499999999975628e-03 6.622500000000003384e-03 3.311000000000036136e-03 1.655750000000000971e-03 -4.003901390834693075e+01
6.456950000000000189e-01 1.397349999999999981e-01 -3.311499999999967248e-03 9.933999999999998387e-03 1.655749999999983624e-03 -1.655500000000004190e-03 -9.550679209373232226e+00
6.456950000000000189e-01 1.463579999999999881e-01 -3.311000000000008381e-03 3.311499999999995003e-03 2.499999999794333405e-07 -3.311499999999995003e-03 1.067653273513162873e+02
6.390730000000000022e-01 1.463579999999999881e-01 -3.311000000000008381e-03 3.311000000000008381e-03 1.655500000000004190e-03 1.655500000000004190e-03 -1.067814529124955811e+02
6.390730000000000022e-01 1.529800000000000049e-01 0.000000000000000000e+00 6.622500000000003384e-03 1.655500000000004190e-03 -1.655500000000004190e-03 -3.774724423598531331e+01
6.390730000000000022e-01 1.596029999999999949e-01 0.000000000000000000e+00 0.000000000000000000e+00 -1.655750000000011379e-03 -6.622500000000003384e-03 0.000000000000000000e+00
6.390730000000000022e-01 1.529800000000000049e-01 -3.311500000000022759e-03 -6.622500000000003384e-03 -1.655750000000011379e-03 -3.311250000000001692e-03 0.000000000000000000e+00
6.324499999999999567e-01 1.463579999999999881e-01 -3.311500000000022759e-03 -6.622500000000003384e-03 -1.655499999999976435e-03 -1.655749999999997502e-03 -1.350119385123487170e+01
6.324499999999999567e-01 1.397349999999999981e-01 -6.622499999999975628e-03 -9.933999999999998387e-03 -1.655499999999976435e-03 -1.655499999999997252e-03 -3.221367715750106164e+00
6.192050000000000054e-01 1.264899999999999913e-01 -6.622499999999975628e-03 -9.933499999999997887e-03 0.000000000000000000e+00 3.311500000000001942e-03 -1.288779099473211254e+01
6.192050000000000054e-01 1.198680000000000023e-01 -6.622499999999975628e-03 -3.310999999999994503e-03 -1.655500000000004190e-03 3.310999999999997973e-03 -6.752636245342756638e+01
6.059600000000000541e-01 1.198680000000000023e-01 -9.933499999999984009e-03 -3.311500000000001942e-03 -3.311250000000015570e-03 -1.655750000000004440e-03 4.775267487621903229e+00
5.993380000000000374e-01 1.132449999999999984e-01 -1.324500000000000677e-02 -6.622500000000003384e-03 -3.311500000000022759e-03 2.500000000002500222e-07 -6.754471719631205850e+00
5.794700000000000406e-01 1.066229999999999956e-01 -1.655650000000002953e-02 -3.311000000000001442e-03 -1.655500000000004190e-03 3.311250000000001692e-03 -1.252839861422785184e+01
5.662249999999999783e-01 1.066229999999999956e-01 -1.655600000000001515e-02 0.000000000000000000e+00 1.655750000000011379e-03 1.655500000000000721e-03 -6.039741477029112460e+00
5.463580000000000103e-01 1.066229999999999956e-01 -1.324500000000000677e-02 0.000000000000000000e+00 3.311000000000008381e-03 3.311250000000001692e-03 -1.887504718761795885e+01
5.397349999999999648e-01 1.066229999999999956e-01 -9.933999999999998387e-03 6.622500000000003384e-03 3.311250000000015570e-03 6.622500000000003384e-03 -5.154285660129417579e+01
5.264900000000000135e-01 1.198680000000000023e-01 -6.622499999999975628e-03 1.324500000000000677e-02 3.311499999999995003e-03 1.655499999999997252e-03 -1.688312020862516860e+01
5.264900000000000135e-01 1.331130000000000091e-01 -3.311000000000008381e-03 9.933499999999997887e-03 1.655749999999983624e-03 -1.655750000000004440e-03 -9.551688799266321084e+00
5.198679999999999968e-01 1.397349999999999981e-01 -3.311000000000008381e-03 9.933499999999997887e-03 3.311000000000008381e-03 -1.655499999999997252e-03 -2.387525597613557338e+01
5.198679999999999968e-01 1.529800000000000049e-01 3.311000000000008381e-03 6.622500000000003384e-03 8.278000000000007574e-03 -1.655499999999997252e-03 -1.485673789408421612e+02
5.264900000000000135e-01 1.529800000000000049e-01 1.324500000000000677e-02 6.622500000000003384e-03 6.622749999999982817e-03 0.000000000000000000e+00 -1.350639419721834145e+01
5.463580000000000103e-01 1.662250000000000116e-01 1.655649999999997402e-02 6.622500000000003384e-03 4.966749999999992005e-03 -3.311250000000001692e-03 -1.546977720088356811e+01
5.596029999999999616e-01 1.662250000000000116e-01 2.317849999999999078e-02 0.000000000000000000e+00 8.278000000000035330e-03 -4.966750000000005882e-03 -9.244887831918347842e+00
5.927149999999999919e-01 1.662250000000000116e-01 3.311250000000004468e-02 -3.311000000000008381e-03 1.655750000000011379e-03 -3.311250000000001692e-03 -2.826510136939016427e+00
6.258280000000000509e-01 1.596029999999999949e-01 2.649000000000001354e-02 -6.622500000000003384e-03 -6.622500000000031140e-03 -3.311499999999995003e-03 -6.463202523304566682e+00
6.456950000000000189e-01 1.529800000000000049e-01 1.986749999999998240e-02 -9.933999999999998387e-03 -4.966750000000019760e-03 0.000000000000000000e+00 -4.501893466964062895e+00
6.655630000000000157e-01 1.397349999999999981e-01 1.655649999999997402e-02 -6.622500000000003384e-03 -4.966999999999999194e-03 3.311500000000001942e-03 3.868174293180260293e+00
6.788079999999999670e-01 1.397349999999999981e-01 9.933499999999984009e-03 -3.310999999999994503e-03 -4.967249999999978627e-03 2.500000000071889161e-07 -1.432428822228983378e+01
6.854299999999999837e-01 1.331130000000000091e-01 6.622000000000016762e-03 -6.621999999999989006e-03 -3.311499999999967248e-03 -3.310999999999994503e-03 -5.339475777053752381e+01
