4.337750000000000217e-01 2.523179999999999867e-01 -6.623000000000045517e-03 6.622000000000016762e-03 3.311500000000022759e-03 4.999999999866222566e-07 -2.669737835262998260e+01
4.271519999999999762e-01 2.589400000000000035e-01 -3.311500000000022759e-03 6.622500000000003384e-03 3.311500000000022759e-03 1.655999999999990813e-03 -6.753452008955298425e+01
4.271519999999999762e-01 2.655629999999999935e-01 0.000000000000000000e+00 9.933999999999998387e-03 1.655750000000011379e-03 1.655500000000004190e-03 -1.677824193330107860e+01
4.271519999999999762e-01 2.788080000000000003e-01 0.000000000000000000e+00 9.933500000000011765e-03 0.000000000000000000e+00 -2.499999999933111283e-07 -0.000000000000000000e+00
4.271519999999999762e-01 2.854300000000000170e-01 0.000000000000000000e+00 9.933500000000011765e-03 0.000000000000000000e+00 2.499999999933111283e-07 0.000000000000000000e+00
4.271519999999999762e-01 2.986750000000000238e-01 0.000000000000000000e+00 9.933999999999998387e-03 0.000000000000000000e+00 2.499999999933111283e-07 0.000000000000000000e+00
4.271519999999999762e-01 3.052980000000000138e-01 0.000000000000000000e+00 9.933999999999998387e-03 1.655750000000011379e-03 0.000000000000000000e+00 -1.677824193330107860e+01
4.271519999999999762e-01 3.185430000000000206e-01 3.311500000000022759e-03 9.933999999999998387e-03 4.966999999999999194e-03 -3.311250000000001692e-03 -5.252368859490070463e+01
4.337750000000000217e-01 3.251660000000000106e-01 9.933999999999998387e-03 3.311499999999995003e-03 3.310999999999980625e-03 -4.966999999999999194e-03 -5.252296757125511562e+01
4.470199999999999729e-01 3.251660000000000106e-01 9.933499999999984009e-03 0.000000000000000000e+00 -2.499999999933111283e-07 -1.655749999999997502e-03 -1.677993103222859617e+01
4.536419999999999897e-01 3.251660000000000106e-01 9.933500000000011765e-03 0.000000000000000000e+00 2.500000000071889161e-07 0.000000000000000000e+00 0.000000000000000000e+00
4.668869999999999965e-01 3.251660000000000106e-01 9.933999999999998387e-03 0.000000000000000000e+00 2.499999999933111283e-07 -1.655749999999997502e-03 -1.677824193330093649e+01
4.735099999999999865e-01 3.251660000000000106e-01 9.933999999999998387e-03 -3.311499999999995003e-03 -1.655749999999997502e-03 -4.966999999999999194e-03 -4.774907001385967931e+01
4.867549999999999932e-01 3.185430000000000206e-01 6.622500000000003384e-03 -9.933999999999998387e-03 -3.311499999999995003e-03 -3.311250000000001692e-03 -3.221562308882995751e+01
4.867549999999999932e-01 3.052980000000000138e-01 3.311000000000008381e-03 -9.933999999999998387e-03 -1.655749999999997502e-03 0.000000000000000000e+00 -1.432594671332765657e+01
4.933770000000000100e-01 2.986750000000000238e-01 3.311000000000008381e-03 -9.933999999999998387e-03 2.499999999933111283e-07 2.499999999933111283e-07 2.884007485991394327e-03
4.933770000000000100e-01 2.854300000000000170e-01 3.311499999999995003e-03 -9.933500000000011765e-03 2.499999999933111283e-07 2.499999999933111283e-07 2.884268789559531199e-03
5.000000000000000000e-01 2.788080000000000003e-01 3.311499999999995003e-03 -9.933500000000011765e-03 1.387778780781445676e-17 1.655500000000004190e-03 4.775267487622031126e+00
5.000000000000000000e-01 2.655629999999999935e-01 3.311500000000022759e-03 -6.622500000000003384e-03 1.387778780781445676e-17 6.622250000000010073e-03 5.402312927016308919e+01
5.066230000000000455e-01 2.655629999999999935e-01 3.311500000000022759e-03 3.311000000000008381e-03 -1.655750000000011379e-03 6.622500000000003384e-03 2.669495974670953160e+02
5.066230000000000455e-01 2.721850000000000103e-01 0.000000000000000000e+00 6.622500000000003384e-03 -2.500000000349444917e-07 3.311499999999995003e-03 5.700278502153647252e-03
5.066230000000000455e-01 2.788080000000000003e-01 3.310999999999952870e-03 9.933999999999998387e-03 1.655499999999976435e-03 3.311250000000001692e-03 -4.774834866904313024e+00
5.132449999999999513e-01 2.920530000000000070e-01 3.310999999999952870e-03 1.324500000000000677e-02 2.500000000349444917e-07 0.000000000000000000e+00 -1.301213203774311726e-03
5.132449999999999513e-01 3.052980000000000138e-01 3.311500000000022759e-03 9.933999999999998387e-03 4.967000000000026949e-03 -1.655500000000004190e-03 -4.774834899021427503e+01
5.198679999999999968e-01 3.119210000000000038e-01 1.324500000000000677e-02 9.933999999999998387e-03 6.622249999999996195e-03 -1.655749999999997502e-03 -1.932770537792521992e+01
5.397349999999999648e-01 3.251660000000000106e-01 1.655600000000001515e-02 6.622500000000003384e-03 1.655750000000011379e-03 -3.311499999999995003e-03 -1.160396914845425265e+01
5.529800000000000271e-01 3.251660000000000106e-01 1.655650000000002953e-02 3.311000000000008381e-03 2.499999999794333405e-07 -3.311250000000001692e-03 -1.138979722912391424e+01
5.728480000000000238e-01 3.317880000000000273e-01 1.655649999999997402e-02 0.000000000000000000e+00 -1.655750000000011379e-03 -3.311000000000008381e-03 -1.207875337349743283e+01
5.860929999999999751e-01 3.251660000000000106e-01 1.324500000000000677e-02 -3.311000000000008381e-03 -1.655749999999983624e-03 -1.655749999999997502e-03 -1.077225614531009334e+01
5.993380000000000374e-01 3.251660000000000106e-01 1.324500000000000677e-02 -3.311499999999995003e-03 0.000000000000000000e+00 -3.311499999999995003e-03 -1.723541081451218915e+01
6.125829999999999886e-01 3.185430000000000206e-01 1.324500000000000677e-02 -9.933999999999998387e-03 -1.655750000000011379e-03 -4.966750000000005882e-03 -1.811955280789446476e+01
6.258280000000000509e-01 3.052980000000000138e-01 9.933499999999984009e-03 -1.324500000000000677e-02 -1.655750000000011379e-03 -4.966750000000005882e-03 -1.570428369426532811e+01
6.324499999999999567e-01 2.920530000000000070e-01 9.933499999999984009e-03 -1.986750000000001015e-02 -1.655499999999976435e-03 -4.966999999999999194e-03 -7.503155776752449491e+00
6.456950000000000189e-01 2.655629999999999935e-01 6.622500000000031140e-03 -2.317900000000000515e-02 -3.311000000000008381e-03 1.655500000000004190e-03 -4.695752052892717465e+00
6.456950000000000189e-01 2.456949999999999967e-01 3.311499999999967248e-03 -1.655650000000000177e-02 -1.655500000000031946e-03 3.311500000000001942e-03 -3.416088522041143882e+00
6.523179999999999534e-01 2.324499999999999900e-01 3.311499999999967248e-03 -1.655600000000000127e-02 -3.311499999999967248e-03 -3.310999999999994503e-03 -1.366898442669528357e+01
6.523179999999999534e-01 2.125829999999999942e-01 -3.311499999999967248e-03 -2.317849999999999078e-02 -3.311499999999967248e-03 -1.655749999999997502e-03 -5.552689695460971464e+00
6.456950000000000189e-01 1.860930000000000084e-01 -3.311499999999967248e-03 -1.986749999999999627e-02 2.499999999794333405e-07 4.966749999999992005e-03 -2.012262948473335200e+00
6.456950000000000189e-01 1.728480000000000016e-01 -3.311000000000008381e-03 -1.324500000000000677e-02 -1.655500000000031946e-03 3.311249999999994753e-03 -1.292495075128374360e+01
6.390730000000000022e-01 1.596029999999999949e-01 -6.622500000000031140e-03 -1.324500000000000677e-02 -1.655749999999983624e-03 1.655500000000004190e-03 -1.012966818581151252e+01
6.324499999999999567e-01 1.463579999999999881e-01 -6.622499999999975628e-03 -9.933999999999998387e-03 -1.655499999999976435e-03 1.655500000000004190e-03 -1.610586579671383944e+01
6.258280000000000509e-01 1.397349999999999981e-01 -9.933499999999984009e-03 -9.933999999999998387e-03 -3.311250000000015570e-03 2.500000000002500222e-07 -1.186490434850429843e+01
6.125829999999999886e-01 1.264899999999999913e-01 -1.324500000000000677e-02 -9.933499999999997887e-03 -2.500000000071889161e-07 3.311500000000001942e-03 -9.665563714855521127e+00
5.993380000000000374e-01 1.198680000000000023e-01 -9.933999999999998387e-03 -3.310999999999994503e-03 0.000000000000000000e+00 4.966749999999998944e-03 -4.297351401988242259e+01
5.927149999999999919e-01 1.198680000000000023e-01 -1.324500000000000677e-02 0.000000000000000000e+00 -1.655500000000004190e-03 1.655499999999997252e-03 -9.436811058996289248e+00
5.728480000000000238e-01 1.198680000000000023e-01 -1.324500000000000677e-02 0.000000000000000000e+00 3.311249999999987814e-03 0.000000000000000000e+00 -0.000000000000000000e+00
5.662249999999999783e-01 1.198680000000000023e-01 -6.622500000000031140e-03 0.000000000000000000e+00 1.655750000000011379e-03 1.655499999999997252e-03 -3.774724423598483725e+01
5.596029999999999616e-01 1.198680000000000023e-01 -9.933499999999984009e-03 3.310999999999994503e-03 2.775557561562891351e-17 3.311250000000001692e-03 -2.865218199834345825e+01
5.463580000000000103e-01 1.264899999999999913e-01 -6.622499999999975628e-03 6.622500000000003384e-03 3.310999999999980625e-03 1.655750000000004440e-03 -4.003901390834651863e+01
5.463580000000000103e-01 1.331130000000000091e-01 -3.311500000000022759e-03 6.622500000000003384e-03 1.655499999999976435e-03 1.655499999999997252e-03 -4.051377821392522804e+01
5.397349999999999648e-01 1.397349999999999981e-01 -3.311500000000022759e-03 9.933499999999997887e-03 1.655750000000011379e-03 1.655749999999997502e-03 -1.910251219376400655e+01
5.397349999999999648e-01 1.529800000000000049e-01 0.000000000000000000e+00 9.933999999999998387e-03 1.655750000000011379e-03 -1.655499999999997252e-03 -1.677824193330107860e+01
5.397349999999999648e-01 1.596029999999999949e-01 0.000000000000000000e+00 6.622500000000003384e-03 0.000000000000000000e+00 -1.655749999999997502e-03 -0.000000000000000000e+00
5.397349999999999648e-01 1.662250000000000116e-01 0.000000000000000000e+00 6.622500000000003384e-03 -1.655500000000004190e-03 -6.938893903907228378e-18 3.774724423598531331e+01
5.397349999999999648e-01 1.728480000000000016e-01 -3.311000000000008381e-03 6.622499999999989506e-03 -1.655500000000004190e-03 -3.311250000000001692e-03 5.402190569555727961e+01
5.331129999999999480e-01 1.794699999999999906e-01 -3.311000000000008381e-03 0.000000000000000000e+00 1.655500000000004190e-03 -6.622499999999989506e-03 6.040927247897629968e+02
5.331129999999999480e-01 1.728480000000000016e-01 0.000000000000000000e+00 -6.622499999999989506e-03 -2.499999999794333405e-07 -4.966999999999999194e-03 -5.700278500887956575e-03
5.331129999999999480e-01 1.662250000000000116e-01 -3.311499999999967248e-03 -9.933999999999998387e-03 -3.311249999999987814e-03 -1.655500000000011129e-03 -2.387381403771755117e+01
5.264900000000000135e-01 1.529800000000000049e-01 -6.622499999999975628e-03 -9.933500000000011765e-03 -1.655500000000031946e-03 1.655749999999997502e-03 -1.610803608669002784e+01
5.198679999999999968e-01 1.463579999999999881e-01 -6.622500000000031140e-03 -6.622500000000003384e-03 0.000000000000000000e+00 1.655500000000011129e-03 -1.334566618518504377e+01
5.132449999999999513e-01 1.397349999999999981e-01 -6.622499999999975628e-03 -6.622499999999989506e-03 -3.311249999999973936e-03 0.000000000000000000e+00 -2.669334772316144111e+01
5.066230000000000455e-01 1.331130000000000091e-01 -1.324499999999997901e-02 -6.622500000000003384e-03 -3.311500000000022759e-03 -6.938893903907228378e-18 -6.753452022813634770e+00
4.867549999999999932e-01 1.264899999999999913e-01 -1.324550000000002115e-02 -6.622500000000003384e-03 -1.387778780781445676e-17 1.655750000000004440e-03 -6.753095113530674709e+00
4.801320000000000032e-01 1.198680000000000023e-01 -1.324500000000000677e-02 -3.310999999999994503e-03 -1.655249999999997002e-03 4.966749999999998944e-03 -2.800487325620736101e+01
4.602649999999999797e-01 1.198680000000000023e-01 -1.655600000000001515e-02 3.310999999999994503e-03 1.387778780781445676e-17 6.622249999999996195e-03 -2.277968709553385196e+01
4.470199999999999729e-01 1.264899999999999913e-01 -1.324499999999997901e-02 9.933499999999997887e-03 3.311000000000008381e-03 3.311500000000001942e-03 -1.691250196896371349e+01
4.337750000000000217e-01 1.397349999999999981e-01 -9.933999999999998387e-03 9.933999999999998387e-03 4.966749999999978127e-03 1.655750000000004440e-03 -2.372622596031279940e+01
4.271519999999999762e-01 1.463579999999999881e-01 -3.311500000000022759e-03 1.324500000000000677e-02 4.966999999999999194e-03 1.655500000000004190e-03 -2.800607873545564530e+01
4.271519999999999762e-01 1.662250000000000116e-01 0.000000000000000000e+00 1.324500000000000677e-02 3.311500000000022759e-03 -1.655500000000004190e-03 -1.887647225724341737e+01
4.271519999999999762e-01 1.728480000000000016e-01 3.311500000000022759e-03 9.933999999999998387e-03 4.966999999999999194e-03 -1.655750000000004440e-03 -4.774907001385961536e+01
4.337750000000000217e-01 1.860930000000000084e-01 9.933999999999998387e-03 9.933499999999997887e-03 6.622249999999982317e-03 -1.655750000000004440e-03 -2.965837954124177145e+01
4.470199999999999729e-01 1.927149999999999974e-01 1.655599999999998739e-02 6.622499999999989506e-03 3.311000000000008381e-03 -3.311000000000001442e-03 -1.353594425597762374e+01
4.668869999999999965e-01 1.993379999999999874e-01 1.655600000000001515e-02 3.311499999999995003e-03 2.500000000071889161e-07 -4.966999999999992255e-03 -1.708571459284368999e+01
4.801320000000000032e-01 1.993379999999999874e-01 1.655650000000000177e-02 -3.311499999999995003e-03 -1.655249999999997002e-03 -4.966999999999992255e-03 -1.822332367744415649e+01
5.000000000000000000e-01 1.927149999999999974e-01 1.324550000000002115e-02 -6.622499999999989506e-03 -1.655749999999997502e-03 -3.311000000000001442e-03 -1.688057103779286905e+01
5.066230000000000455e-01 1.860930000000000084e-01 1.324500000000000677e-02 -9.933499999999997887e-03 -2.500000000349444917e-07 -1.655750000000004440e-03 -4.833055471346667353e+00
5.264900000000000135e-01 1.728480000000000016e-01 1.324499999999995126e-02 -9.933999999999998387e-03 -1.655500000000004190e-03 -2.500000000002500222e-07 -3.624457765178621838e+00
5.331129999999999480e-01 1.662250000000000116e-01 9.933999999999998387e-03 -9.933999999999998387e-03 5.551115123125782702e-17 -1.655500000000004190e-03 -5.931108656443446314e+00
5.463580000000000103e-01 1.529800000000000049e-01 1.324500000000006228e-02 -1.324500000000000677e-02 3.311000000000063892e-03 -3.311000000000008381e-03 8.454798496486419207e-14
