4.139070000000000249e-01 2.192050000000000110e-01 0.000000000000000000e+00 -6.622000000000016762e-03 3.311499999999995003e-03 -4.999999999866222566e-07 7.551729173806342033e+01
4.139070000000000249e-01 2.125829999999999942e-01 3.311499999999995003e-03 -6.622500000000003384e-03 1.655749999999997502e-03 3.311000000000008381e-03 5.402312927016267707e+01
4.205300000000000149e-01 2.059600000000000042e-01 3.311499999999995003e-03 0.000000000000000000e+00 -1.655749999999997502e-03 6.622500000000003384e-03 6.039103158756462335e+02
4.205300000000000149e-01 2.125829999999999942e-01 0.000000000000000000e+00 6.622500000000003384e-03 -1.655749999999997502e-03 4.966749999999998944e-03 3.775294451448651500e+01
4.205300000000000149e-01 2.192050000000000110e-01 0.000000000000000000e+00 9.933499999999997887e-03 0.000000000000000000e+00 3.311249999999994753e-03 0.000000000000000000e+00
4.205300000000000149e-01 2.324499999999999900e-01 0.000000000000000000e+00 1.324499999999999289e-02 0.000000000000000000e+00 1.655750000000004440e-03 0.000000000000000000e+00
4.205300000000000149e-01 2.456949999999999967e-01 0.000000000000000000e+00 1.324500000000000677e-02 1.655499999999990313e-03 1.655750000000004440e-03 -9.436811058996250168e+00
4.205300000000000149e-01 2.589400000000000035e-01 3.310999999999980625e-03 1.655650000000000177e-02 4.966749999999992005e-03 0.000000000000000000e+00 -1.708400793197262502e+01
4.271519999999999762e-01 2.788080000000000003e-01 9.933499999999984009e-03 1.324500000000000677e-02 4.967000000000013071e-03 -6.622749999999996695e-03 -2.899340772245146525e+01
4.403969999999999829e-01 2.854300000000000170e-01 1.324500000000000677e-02 3.311000000000008381e-03 1.655750000000011379e-03 -6.622500000000003384e-03 -3.662345886108090554e+01
4.536419999999999897e-01 2.854300000000000170e-01 1.324500000000000677e-02 0.000000000000000000e+00 1.655749999999997502e-03 -1.655500000000004190e-03 -9.436811058996328327e+00
4.668869999999999965e-01 2.854300000000000170e-01 1.655650000000000177e-02 0.000000000000000000e+00 1.655749999999997502e-03 -3.311250000000001692e-03 -1.207966539051439447e+01
4.867549999999999932e-01 2.854300000000000170e-01 1.655650000000000177e-02 -6.622500000000003384e-03 3.311249999999987814e-03 -8.278000000000007574e-03 -2.030408257064827637e+01
5.000000000000000000e-01 2.721850000000000103e-01 2.317899999999997740e-02 -1.655600000000001515e-02 1.655499999999990313e-03 -4.966749999999998944e-03 -3.795350383154408647e+00
5.331129999999999480e-01 2.523179999999999867e-01 1.986749999999998240e-02 -1.655600000000000127e-02 -8.278249999999973130e-03 1.655500000000011129e-03 -6.022201721352132608e+00
5.397349999999999648e-01 2.390730000000000077e-01 6.622500000000031140e-03 -1.324499999999999289e-02 -6.622499999999975628e-03 3.311000000000001442e-03 -2.025933637162301437e+01
5.463580000000000103e-01 2.258280000000000010e-01 6.622500000000031140e-03 -9.933999999999998387e-03 -2.775557561562891351e-17 3.311249999999994753e-03 1.288547093645138908e+01
5.529800000000000271e-01 2.192050000000000110e-01 6.622499999999975628e-03 -6.622500000000003384e-03 -2.775557561562891351e-17 3.311499999999995003e-03 2.669536307595272717e+01
5.596029999999999616e-01 2.125829999999999942e-01 6.622499999999975628e-03 -3.311000000000008381e-03 2.775557561562891351e-17 4.966750000000005882e-03 8.103693751537602452e+01
5.662249999999999783e-01 2.125829999999999942e-01 6.622500000000031140e-03 3.311000000000008381e-03 -1.655499999999976435e-03 4.966750000000005882e-03 9.454139427324457756e+01
5.728480000000000238e-01 2.192050000000000110e-01 3.311500000000022759e-03 6.622500000000003384e-03 -1.655750000000011379e-03 3.311499999999995003e-03 5.402720818059879093e+01
5.728480000000000238e-01 2.258280000000000010e-01 3.311000000000008381e-03 9.933999999999998387e-03 1.655499999999976435e-03 3.311249999999994753e-03 -4.774834866904149600e+00
5.794700000000000406e-01 2.390730000000000077e-01 6.622499999999975628e-03 1.324499999999999289e-02 1.655749999999983624e-03 -2.500000000002500222e-07 -6.753961871222331936e+00
5.860929999999999751e-01 2.523179999999999867e-01 6.622499999999975628e-03 9.933499999999997887e-03 4.966750000000019760e-03 -1.655749999999990563e-03 -3.543777666439972762e+01
5.927149999999999919e-01 2.589400000000000035e-01 1.655600000000001515e-02 9.933500000000011765e-03 6.622500000000003384e-03 -1.655499999999997252e-03 -1.294829055707997867e+01
6.192050000000000054e-01 2.721850000000000103e-01 1.986749999999998240e-02 6.622500000000003384e-03 -1.655500000000004190e-03 -4.966750000000005882e-03 -9.549922150330932169e+00
6.324499999999999567e-01 2.721850000000000103e-01 1.324500000000000677e-02 0.000000000000000000e+00 -1.655499999999976435e-03 -6.622500000000003384e-03 -3.775009437523591771e+01
6.456950000000000189e-01 2.721850000000000103e-01 1.655650000000002953e-02 -6.622500000000003384e-03 3.311249999999987814e-03 -8.278000000000000635e-03 -2.030408257064820532e+01
6.655630000000000157e-01 2.589400000000000035e-01 1.986749999999998240e-02 -1.655600000000000127e-02 -1.655750000000011379e-03 -4.966749999999998944e-03 -7.289811997394833654e+00
6.854299999999999837e-01 2.390730000000000077e-01 1.324500000000000677e-02 -1.655600000000000127e-02 -8.277999999999979819e-03 1.655499999999997252e-03 -1.207881057237698386e+01
6.920530000000000292e-01 2.258280000000000010e-01 3.311500000000022759e-03 -1.324500000000000677e-02 -6.622500000000003384e-03 -2.500000000002500222e-07 -3.446854459115589009e+01
6.920530000000000292e-01 2.125829999999999942e-01 0.000000000000000000e+00 -1.655650000000000177e-02 -1.655750000000011379e-03 -3.311249999999994753e-03 -6.040288703765749112e+00
6.920530000000000292e-01 1.927149999999999974e-01 0.000000000000000000e+00 -1.986749999999999627e-02 -1.655750000000011379e-03 -1.655499999999997252e-03 -4.194771612720765930e+00
6.920530000000000292e-01 1.728480000000000016e-01 -3.311500000000022759e-03 -1.986749999999999627e-02 -3.311250000000015570e-03 0.000000000000000000e+00 -8.051078002220430463e+00
6.854299999999999837e-01 1.529800000000000049e-01 -6.622500000000031140e-03 -1.986749999999999627e-02 -1.655499999999976435e-03 -3.469446951953614189e-18 -3.581018015411217004e+00
6.788079999999999670e-01 1.331130000000000091e-01 -6.622499999999975628e-03 -1.986750000000000321e-02 2.775557561562891351e-17 -1.655750000000004440e-03 1.193852930437433679e+00
6.721850000000000325e-01 1.132449999999999984e-01 -6.622499999999975628e-03 -2.317900000000000515e-02 -1.655500000000031946e-03 -4.966999999999997459e-03 -3.911009225991136651e-01
6.655630000000000157e-01 8.675499999999999878e-02 -9.933500000000039520e-03 -2.980149999999999813e-02 -4.967000000000026949e-03 -1.655499999999997252e-03 -4.244639504217294856e+00
6.523179999999999534e-01 5.364200000000000218e-02 -1.655650000000002953e-02 -2.648999999999999966e-02 -3.311499999999967248e-03 8.278249999999997416e-03 -7.373813451077336545e+00
6.324499999999999567e-01 3.377499999999999947e-02 -1.655649999999997402e-02 -1.324500000000000156e-02 3.311500000000022759e-03 1.158924999999999886e-02 -1.552911583175190202e+01
6.192050000000000054e-01 2.715199999999999905e-02 -9.933499999999984009e-03 -3.311500000000000207e-03 4.966999999999999194e-03 6.622500000000000782e-03 -4.297452333757057374e+01
6.125829999999999886e-01 2.715199999999999905e-02 -6.622499999999975628e-03 0.000000000000000000e+00 -2.500000000071889161e-07 3.311500000000000207e-03 -7.550588902897379739e+01
6.059600000000000541e-01 2.715199999999999905e-02 -9.933999999999998387e-03 3.311500000000000207e-03 -1.655500000000031946e-03 4.967000000000000061e-03 -3.819911182813185491e+01
5.927149999999999919e-01 3.377499999999999947e-02 -9.933500000000039520e-03 9.934000000000000122e-03 1.655750000000011379e-03 3.311000000000000575e-03 -1.779496802411362921e+01
5.860929999999999751e-01 4.701999999999999930e-02 -6.622499999999975628e-03 9.933500000000001356e-03 3.311000000000036136e-03 -2.499999999993826605e-07 -1.932730822145363803e+01
5.794700000000000406e-01 5.364200000000000218e-02 -3.311499999999967248e-03 9.933500000000001356e-03 1.655749999999983624e-03 1.655749999999997502e-03 -1.910251219376377207e+01
5.794700000000000406e-01 6.688700000000000201e-02 -3.311000000000008381e-03 1.324499999999999636e-02 2.499999999794333405e-07 2.499999999985152987e-07 -1.626491943920939983e-03
5.728480000000000238e-01 8.013199999999999490e-02 -3.311000000000008381e-03 9.933999999999998387e-03 1.655500000000004190e-03 -3.311249999999996488e-03 -4.774834866904384079e+00
5.728480000000000238e-01 8.675499999999999878e-02 0.000000000000000000e+00 6.622500000000003384e-03 1.655500000000004190e-03 -1.655749999999997502e-03 -3.774724423598531331e+01
5.728480000000000238e-01 9.337700000000000167e-02 0.000000000000000000e+00 6.622500000000003384e-03 -1.655750000000011379e-03 -3.311250000000001692e-03 3.775294451448683475e+01
5.728480000000000238e-01 1.000000000000000056e-01 -3.311500000000022759e-03 0.000000000000000000e+00 -1.655750000000011379e-03 -8.278250000000004355e-03 7.548992936802543454e+02
5.662249999999999783e-01 9.337700000000000167e-02 -3.311500000000022759e-03 -9.934000000000005326e-03 2.500000000071889161e-07 -4.966749999999998944e-03 1.432673972883902458e+01
5.662249999999999783e-01 8.013199999999999490e-02 -3.311000000000008381e-03 -9.933499999999997887e-03 -1.655499999999976435e-03 2.500000000037194692e-07 -1.432573042201781632e+01
5.596029999999999616e-01 7.351000000000000589e-02 -6.622499999999975628e-03 -9.933499999999997887e-03 -1.655749999999983624e-03 -2.500000000019847457e-07 -9.664627031191612261e+00
5.529800000000000271e-01 6.026499999999999913e-02 -6.622499999999975628e-03 -9.934000000000001857e-03 -2.775557561562891351e-17 1.655499999999998986e-03 -6.442249040482016298e+00
5.463580000000000103e-01 5.364200000000000218e-02 -6.622500000000031140e-03 -6.622499999999999915e-03 -4.967000000000026949e-03 2.500000000002500222e-07 -4.004304461392936787e+01
5.397349999999999648e-01 4.701999999999999930e-02 -1.655650000000002953e-02 -9.933500000000001356e-03 -8.278249999999973130e-03 0.000000000000000000e+00 -1.142459354099594471e+01
5.132449999999999513e-01 3.377499999999999947e-02 -2.317899999999997740e-02 -6.622499999999999915e-03 -4.966749999999978127e-03 6.622250000000001399e-03 -1.330511341002051928e+01
4.933770000000000100e-01 3.377499999999999947e-02 -2.648999999999998578e-02 3.311000000000001442e-03 -3.311000000000008381e-03 9.933749999999999872e-03 -1.325470889932171481e+01
4.602649999999999797e-01 4.039700000000000235e-02 -2.980099999999999416e-02 1.324499999999999983e-02 4.966749999999992005e-03 6.622750000000000165e-03 -7.587131772427619936e+00
4.337750000000000217e-01 6.026499999999999913e-02 -1.655650000000000177e-02 1.655650000000000177e-02 1.324474999999998570e-02 0.000000000000000000e+00 -1.708290417748567336e+01
4.271519999999999762e-01 7.351000000000000589e-02 -3.311500000000022759e-03 1.324499999999999983e-02 8.278250000000000886e-03 -3.469446951953614189e-18 -4.308592467921958757e+01
4.271519999999999762e-01 8.675499999999999878e-02 0.000000000000000000e+00 1.655649999999999483e-02 4.967000000000013071e-03 0.000000000000000000e+00 -1.811995409428016046e+01
4.271519999999999762e-01 1.066229999999999956e-01 6.622500000000003384e-03 1.324499999999999983e-02 6.622500000000003384e-03 -4.966999999999995724e-03 -3.714143688343079219e+01
4.403969999999999829e-01 1.132449999999999984e-01 1.324500000000000677e-02 6.622500000000003384e-03 8.278250000000000886e-03 -4.966749999999998944e-03 -3.714092703502196713e+01
4.536419999999999897e-01 1.198680000000000023e-01 2.317900000000000515e-02 3.311500000000001942e-03 1.158950000000000258e-02 -6.622500000000003384e-03 -1.494811994553525203e+01
4.867549999999999932e-01 1.198680000000000023e-01 3.642400000000001192e-02 -6.622500000000003384e-03 3.311250000000001692e-03 -8.278500000000001136e-03 -5.510600965679683938e+00
5.264900000000000135e-01 1.066229999999999956e-01 2.980150000000000854e-02 -1.324550000000000033e-02 -9.933750000000018954e-03 -6.622749999999996695e-03 -9.483595515134336296e+00
5.463580000000000103e-01 9.337700000000000167e-02 1.655649999999997402e-02 -1.986799999999999677e-02 -9.934000000000012265e-03 -4.966500000000000428e-03 -1.616343860637481455e+01
5.596029999999999616e-01 6.688700000000000201e-02 9.933499999999984009e-03 -2.317850000000000119e-02 -4.967249999999978627e-03 4.999999999970305975e-07 -7.179292799217571464e+00
5.662249999999999783e-01 4.701999999999999930e-02 6.622000000000016762e-03 -1.986700000000000271e-02 -3.311499999999967248e-03 3.311499999999998473e-03 -4.775844399633167647e+00
