4.801320000000000032e-01 2.920530000000000070e-01 6.622999999999990006e-03 -6.622999999999990006e-03 -3.311499999999995003e-03 6.622999999999990006e-03 2.669133252251806354e+01
4.867549999999999932e-01 2.854300000000000170e-01 3.311499999999995003e-03 0.000000000000000000e+00 -4.967249999999992505e-03 6.622749999999996695e-03 6.039331135470640675e+02
4.867549999999999932e-01 2.920530000000000070e-01 -3.311499999999995003e-03 6.622500000000003384e-03 -4.966999999999999194e-03 6.622500000000003384e-03 2.700850576018965654e+01
4.801320000000000032e-01 2.986750000000000238e-01 -6.622500000000003384e-03 1.324500000000000677e-02 2.499999999933111283e-07 4.966999999999999194e-03 -1.013068788262913245e+01
4.735099999999999865e-01 3.185430000000000206e-01 -3.311000000000008381e-03 1.655650000000000177e-02 3.311250000000001692e-03 -1.387778780781445676e-17 -1.138962526093408734e+01
4.735099999999999865e-01 3.317880000000000273e-01 0.000000000000000000e+00 1.324499999999997901e-02 1.655500000000004190e-03 -1.655750000000011379e-03 -9.436811058996370960e+00
4.735099999999999865e-01 3.450329999999999786e-01 0.000000000000000000e+00 1.324499999999997901e-02 1.655500000000004190e-03 -1.655499999999990313e-03 -9.436811058996370960e+00
4.735099999999999865e-01 3.582779999999999854e-01 3.311000000000008381e-03 9.933999999999998387e-03 1.655500000000004190e-03 -1.655499999999990313e-03 -1.909789757274599253e+01
4.801320000000000032e-01 3.649009999999999754e-01 3.311000000000008381e-03 9.933999999999998387e-03 1.655749999999997502e-03 -2.499999999933111283e-07 -1.432666766076337694e+01
4.801320000000000032e-01 3.781459999999999821e-01 6.622500000000003384e-03 9.933500000000011765e-03 4.967250000000006382e-03 -1.655749999999997502e-03 -3.544069546252372760e+01
4.933770000000000100e-01 3.847679999999999989e-01 1.324550000000002115e-02 6.622500000000003384e-03 3.311499999999995003e-03 -3.311000000000008381e-03 -2.025699113438088617e+01
5.066230000000000455e-01 3.913909999999999889e-01 1.324549999999999339e-02 3.311499999999995003e-03 -2.500000000349444917e-07 -3.311250000000001692e-03 -1.723259805826177171e+01
5.198679999999999968e-01 3.913909999999999889e-01 1.324499999999995126e-02 0.000000000000000000e+00 -2.499999999933111283e-07 -3.311499999999995003e-03 -1.887647225724342093e+01
5.331129999999999480e-01 3.913909999999999889e-01 1.324500000000000677e-02 -3.311499999999995003e-03 2.775557561562891351e-17 -4.966999999999999194e-03 -2.585181504323782065e+01
5.463580000000000103e-01 3.847679999999999989e-01 1.324500000000000677e-02 -9.933999999999998387e-03 -1.655750000000011379e-03 -3.311000000000008381e-03 -1.328730725305041638e+01
5.596029999999999616e-01 3.715229999999999921e-01 9.933499999999984009e-03 -9.933500000000011765e-03 -1.655749999999983624e-03 2.500000000071889161e-07 -5.931705752927856956e+00
5.662249999999999783e-01 3.649009999999999754e-01 9.933500000000039520e-03 -9.933499999999984009e-03 -1.655499999999976435e-03 -1.655749999999983624e-03 -1.186430726329346008e+01
5.794700000000000406e-01 3.516560000000000241e-01 6.622500000000031140e-03 -1.324499999999997901e-02 -3.311000000000036136e-03 -2.500000000071889161e-07 -1.350537450040096665e+01
5.794700000000000406e-01 3.384110000000000174e-01 3.311499999999967248e-03 -9.933999999999998387e-03 -2.775557561562891351e-17 1.655499999999990313e-03 4.774618581040773080e+00
5.860929999999999751e-01 3.317880000000000273e-01 6.622499999999975628e-03 -9.933999999999998387e-03 -2.499999999794333405e-07 2.499999999933111283e-07 -4.864644692128669481e-04
5.927149999999999919e-01 3.185430000000000206e-01 3.311000000000008381e-03 -9.933500000000011765e-03 -3.311249999999987814e-03 4.966999999999999194e-03 -1.432645157632508237e+01
5.927149999999999919e-01 3.119210000000000038e-01 0.000000000000000000e+00 0.000000000000000000e+00 2.500000000071889161e-07 8.278000000000007574e-03 0.000000000000000000e+00
5.927149999999999919e-01 3.185430000000000206e-01 3.311500000000022759e-03 6.622500000000003384e-03 1.655750000000011379e-03 4.966999999999999194e-03 1.350731190895419154e+01
5.993380000000000374e-01 3.251660000000000106e-01 3.311500000000022759e-03 9.933999999999998387e-03 -2.500000000071889161e-07 4.966749999999992005e-03 1.432673972883903346e+01
5.993380000000000374e-01 3.384110000000000174e-01 3.311000000000008381e-03 1.655599999999998739e-02 3.310999999999980625e-03 4.966749999999992005e-03 -7.972623891340598234e+00
6.059600000000000541e-01 3.582779999999999854e-01 9.933499999999984009e-03 1.986749999999998240e-02 4.966999999999971438e-03 2.500000000071889161e-07 -9.004058864484868252e+00
6.192050000000000054e-01 3.781459999999999821e-01 1.324499999999995126e-02 1.655650000000000177e-02 2.500000000071889161e-07 -4.966999999999985316e-03 -6.902553014007868804e+00
6.324499999999999567e-01 3.913909999999999889e-01 9.933999999999998387e-03 9.933500000000011765e-03 -1.655499999999976435e-03 -6.622749999999996695e-03 -1.779765513862428961e+01
6.390730000000000022e-01 3.980130000000000057e-01 9.933999999999998387e-03 3.311000000000008381e-03 3.311000000000008381e-03 -4.966750000000005882e-03 -5.252174185881972335e+01
6.523179999999999534e-01 3.980130000000000057e-01 1.655600000000001515e-02 0.000000000000000000e+00 3.311000000000008381e-03 -1.655500000000004190e-03 -6.039741477029125782e+00
6.721850000000000325e-01 3.980130000000000057e-01 1.655600000000001515e-02 0.000000000000000000e+00 2.499999999794333405e-07 -1.655500000000004190e-03 -6.039741477029125782e+00
6.854299999999999837e-01 3.980130000000000057e-01 1.655649999999997402e-02 -3.311000000000008381e-03 2.500000000071889161e-07 -3.311250000000001692e-03 -1.138945329274426221e+01
7.052979999999999805e-01 3.913909999999999889e-01 1.655650000000002953e-02 -6.622500000000003384e-03 2.775557561562891351e-17 -4.966999999999999194e-03 -1.450350011688890106e+01
7.185430000000000428e-01 3.847679999999999989e-01 1.655650000000002953e-02 -1.324500000000000677e-02 -1.655750000000039135e-03 -6.622500000000003384e-03 -1.380423751797686727e+01
7.384110000000000396e-01 3.649009999999999754e-01 1.324499999999995126e-02 -1.986750000000001015e-02 -4.967000000000026949e-03 -1.655749999999983624e-03 -8.859528353696784819e+00
7.450329999999999453e-01 3.450329999999999786e-01 6.622499999999975628e-03 -1.655649999999997402e-02 -4.966749999999964249e-03 1.655750000000011379e-03 -1.256890197743177495e+01
7.516559999999999908e-01 3.317880000000000273e-01 3.311500000000022759e-03 -1.655599999999998739e-02 -3.311249999999987814e-03 -3.311250000000015570e-03 -1.366829648002367747e+01
7.516559999999999908e-01 3.119210000000000038e-01 0.000000000000000000e+00 -2.317900000000000515e-02 -3.311500000000022759e-03 -8.278500000000008074e-03 -6.163613084192717473e+00
7.516559999999999908e-01 2.854300000000000170e-01 -3.311500000000022759e-03 -3.311300000000000354e-02 -3.311249999999987814e-03 -3.311000000000001442e-03 -2.677659263945916468e+00
7.450329999999999453e-01 2.456949999999999967e-01 -6.622499999999975628e-03 -2.980100000000000804e-02 -1.655499999999976435e-03 8.278500000000001136e-03 -3.661059253808616631e+00
7.384110000000000396e-01 2.258280000000000010e-01 -6.622499999999975628e-03 -1.655600000000000127e-02 -1.655750000000011379e-03 6.622250000000003134e-03 -1.257017570839007625e+01
7.317879999999999940e-01 2.125829999999999942e-01 -9.933999999999998387e-03 -1.655650000000000177e-02 -1.655500000000004190e-03 -2.500000000002500222e-07 -3.807508938245232955e+00
7.185430000000000428e-01 1.927149999999999974e-01 -9.933499999999984009e-03 -1.655650000000000177e-02 -3.311250000000015570e-03 2.500000000002500222e-07 -7.616932396970009123e+00
7.119210000000000260e-01 1.794699999999999906e-01 -1.655650000000002953e-02 -1.655600000000000127e-02 -4.967250000000006382e-03 1.655750000000004440e-03 -8.542451685224849101e+00
6.854299999999999837e-01 1.596029999999999949e-01 -1.986799999999999677e-02 -1.324499999999999289e-02 1.655750000000011379e-03 4.966749999999998944e-03 -5.637271923170898091e+00
6.721850000000000325e-01 1.529800000000000049e-01 -1.324500000000000677e-02 -6.622500000000003384e-03 2.499999999794333405e-07 4.966999999999992255e-03 -2.025882652321439181e+01
6.589399999999999702e-01 1.463579999999999881e-01 -1.986750000000003791e-02 -3.311000000000008381e-03 -3.311249999999987814e-03 3.311250000000001692e-03 -9.392938025880802400e+00
6.324499999999999567e-01 1.463579999999999881e-01 -1.986749999999998240e-02 0.000000000000000000e+00 3.311250000000043325e-03 3.311000000000008381e-03 -8.388276496885650246e+00
6.192050000000000054e-01 1.463579999999999881e-01 -1.324499999999995126e-02 3.311000000000008381e-03 4.966999999999999194e-03 4.966750000000005882e-03 -3.231384073078307040e+01
6.059600000000000541e-01 1.529800000000000049e-01 -9.933499999999984009e-03 9.933500000000011765e-03 3.311249999999960059e-03 3.311499999999995003e-03 -2.372951028402488660e+01
5.993380000000000374e-01 1.662250000000000116e-01 -6.622500000000031140e-03 9.933999999999998387e-03 1.655499999999976435e-03 2.499999999933111283e-07 -9.664589611719694773e+00
5.927149999999999919e-01 1.728480000000000016e-01 -6.622500000000031140e-03 9.933999999999998387e-03 1.655750000000011379e-03 -2.500000000002500222e-07 -9.664103220701390384e+00
5.860929999999999751e-01 1.860930000000000084e-01 -3.311000000000008381e-03 9.933499999999997887e-03 3.311250000000015570e-03 -2.500000000002500222e-07 -2.865146095292250550e+01
5.860929999999999751e-01 1.927149999999999974e-01 0.000000000000000000e+00 9.933499999999997887e-03 3.311000000000008381e-03 -1.655499999999997252e-03 -3.355479489518884861e+01
5.860929999999999751e-01 2.059600000000000042e-01 3.311000000000008381e-03 6.622500000000003384e-03 3.311250000000015570e-03 -6.622250000000003134e-03 -1.080458510311157312e+02
5.927149999999999919e-01 2.059600000000000042e-01 6.622500000000031140e-03 -3.311000000000008381e-03 1.655750000000011379e-03 -4.966750000000005882e-03 -6.753044142546644935e+01
5.993380000000000374e-01 1.993379999999999874e-01 6.622500000000031140e-03 -3.311000000000008381e-03 -1.655750000000011379e-03 -2.499999999933111283e-07 -1.351057506194810820e+01
6.059600000000000541e-01 1.993379999999999874e-01 3.311000000000008381e-03 -3.311499999999995003e-03 -3.311250000000015570e-03 -3.311499999999995003e-03 -2.135548407618366582e+02
6.059600000000000541e-01 1.927149999999999974e-01 0.000000000000000000e+00 -9.933999999999998387e-03 -1.655500000000004190e-03 -4.966749999999998944e-03 -1.677570860370213879e+01
6.059600000000000541e-01 1.794699999999999906e-01 0.000000000000000000e+00 -1.324499999999999289e-02 0.000000000000000000e+00 -1.655499999999997252e-03 0.000000000000000000e+00
6.059600000000000541e-01 1.662250000000000116e-01 0.000000000000000000e+00 -1.324499999999999289e-02 -1.655500000000004190e-03 1.655749999999990563e-03 -9.436811058996349644e+00
6.059600000000000541e-01 1.529800000000000049e-01 -3.311000000000008381e-03 -9.933500000000011765e-03 -4.966750000000019760e-03 1.655749999999997502e-03 -4.775267519742006783e+01
5.993380000000000374e-01 1.463579999999999881e-01 -9.933500000000039520e-03 -9.933499999999997887e-03 -4.966999999999999194e-03 1.655500000000011129e-03 -2.372861452658717951e+01
5.860929999999999751e-01 1.331130000000000091e-01 -1.324500000000000677e-02 -6.622499999999989506e-03 -4.966999999999971438e-03 3.310999999999994503e-03 -2.363453283780352265e+01
5.728480000000000238e-01 1.331130000000000091e-01 -1.986749999999998240e-02 -3.311500000000008881e-03 -3.311250000000015570e-03 1.655499999999990313e-03 -5.367182715510653068e+00
5.463580000000000103e-01 1.264899999999999913e-01 -1.986750000000003791e-02 -3.311500000000008881e-03 0.000000000000000000e+00 4.967000000000006132e-03 -1.207692093228496510e+01
5.331129999999999480e-01 1.264899999999999913e-01 -1.986749999999998240e-02 6.622500000000003384e-03 1.655500000000031946e-03 6.622750000000003634e-03 -1.551936706115145093e+01
5.066230000000000455e-01 1.397349999999999981e-01 -1.655649999999997402e-02 9.933999999999998387e-03 6.622249999999982317e-03 0.000000000000000000e+00 -9.139286523022549957e+00
5.000000000000000000e-01 1.463579999999999881e-01 -6.623000000000017762e-03 6.622500000000003384e-03 6.622499999999989506e-03 1.655500000000004190e-03 -6.672581208680385600e+01
4.933770000000000100e-01 1.529800000000000049e-01 -3.311499999999995003e-03 1.324500000000000677e-02 3.311500000000008881e-03 6.622499999999996445e-03 -2.585311622176834589e+01
4.933770000000000100e-01 1.728480000000000016e-01 0.000000000000000000e+00 1.986749999999999627e-02 3.311499999999995003e-03 1.655499999999997252e-03 -8.389543225441460805e+00
4.933770000000000100e-01 1.927149999999999974e-01 3.311499999999995003e-03 1.655600000000000127e-02 6.622749999999996695e-03 -3.311249999999994753e-03 -2.505923150636730412e+01
5.000000000000000000e-01 2.059600000000000042e-01 1.324549999999999339e-02 1.324500000000000677e-02 4.966750000000005882e-03 -4.966749999999998944e-03 -2.001875122659509287e+01
5.198679999999999968e-01 2.192050000000000110e-01 1.324500000000000677e-02 6.622500000000003384e-03 1.655250000000010879e-03 -6.622500000000003384e-03 -3.038747501220842651e+01
5.264900000000000135e-01 2.192050000000000110e-01 1.655600000000001515e-02 0.000000000000000000e+00 3.311249999999987814e-03 -3.311250000000001692e-03 -1.208039502616288274e+01
5.529800000000000271e-01 2.192050000000000110e-01 1.986749999999998240e-02 0.000000000000000000e+00 -1.655500000000004190e-03 -3.311250000000001692e-03 -8.388909861163561743e+00
5.662249999999999783e-01 2.192050000000000110e-01 1.324500000000000677e-02 -6.622500000000003384e-03 -3.311249999999987814e-03 -8.278000000000000635e-03 -4.051714319801994435e+01
5.794700000000000406e-01 2.059600000000000042e-01 1.324500000000000677e-02 -1.655600000000000127e-02 -1.655500000000004190e-03 -4.966749999999998944e-03 -9.777861409573167961e+00
5.927149999999999919e-01 1.860930000000000084e-01 9.933999999999998387e-03 -1.655600000000000127e-02 -3.310999999999980625e-03 1.655499999999997252e-03 -5.331097683159567779e+00
5.993380000000000374e-01 1.728480000000000016e-01 6.623000000000045517e-03 -1.324500000000000677e-02 -3.310999999999952870e-03 3.310999999999994503e-03 -6.751616653226446552e+00
