4.271519999999999762e-01 1.927149999999999974e-01 0.000000000000000000e+00 6.622999999999990006e-03 0.000000000000000000e+00 -4.999999999866222566e-07 -0.000000000000000000e+00
4.271519999999999762e-01 1.993379999999999874e-01 0.000000000000000000e+00 6.622500000000003384e-03 0.000000000000000000e+00 1.655250000000010879e-03 0.000000000000000000e+00
4.271519999999999762e-01 2.059600000000000042e-01 0.000000000000000000e+00 9.933500000000011765e-03 0.000000000000000000e+00 3.311249999999994753e-03 0.000000000000000000e+00
4.271519999999999762e-01 2.192050000000000110e-01 0.000000000000000000e+00 1.324499999999999289e-02 0.000000000000000000e+00 2.499999999933111283e-07 0.000000000000000000e+00
4.271519999999999762e-01 2.324499999999999900e-01 0.000000000000000000e+00 9.933999999999998387e-03 3.311250000000001692e-03 -1.655499999999997252e-03 -3.355395053700308239e+01
4.271519999999999762e-01 2.390730000000000077e-01 6.622500000000003384e-03 9.933999999999998387e-03 4.966999999999999194e-03 -1.655750000000004440e-03 -3.543699080458018358e+01
4.403969999999999829e-01 2.523179999999999867e-01 9.933999999999998387e-03 6.622499999999989506e-03 0.000000000000000000e+00 -3.311499999999995003e-03 -1.933015215237841744e+01
4.470199999999999729e-01 2.523179999999999867e-01 6.622500000000003384e-03 3.311000000000008381e-03 -2.499999999933111283e-07 -1.655749999999990563e-03 -2.701299248777985795e+01
4.536419999999999897e-01 2.589400000000000035e-01 9.933500000000011765e-03 3.311000000000008381e-03 4.966999999999999194e-03 -1.655500000000004190e-03 -2.865073979861512754e+01
4.668869999999999965e-01 2.589400000000000035e-01 1.655650000000000177e-02 0.000000000000000000e+00 3.311499999999995003e-03 -3.311000000000008381e-03 -1.207875337349739375e+01
4.867549999999999932e-01 2.589400000000000035e-01 1.655650000000000177e-02 -3.311000000000008381e-03 -1.655750000000011379e-03 -4.966749999999998944e-03 -1.822295325345629990e+01
5.000000000000000000e-01 2.523179999999999867e-01 1.324499999999997901e-02 -9.933499999999997887e-03 1.655499999999990313e-03 -4.966999999999992255e-03 -1.087305233407395910e+01
5.132449999999999513e-01 2.390730000000000077e-01 1.986749999999998240e-02 -1.324499999999999289e-02 1.655750000000025257e-03 -1.655750000000004440e-03 -8.054448357794408153e-01
5.397349999999999648e-01 2.258280000000000010e-01 1.655650000000002953e-02 -1.324500000000000677e-02 -6.622499999999975628e-03 1.655499999999997252e-03 -6.326956673966655842e+00
5.463580000000000103e-01 2.125829999999999942e-01 6.622500000000031140e-03 -9.933999999999998387e-03 -6.622750000000010573e-03 3.311250000000001692e-03 -2.577337404834799628e+01
5.529800000000000271e-01 2.059600000000000042e-01 3.311000000000008381e-03 -6.622500000000003384e-03 -1.655500000000031946e-03 1.655749999999997502e-03 -1.350445675787057809e+01
5.529800000000000271e-01 1.993379999999999874e-01 3.311499999999967248e-03 -6.622500000000003384e-03 1.655749999999983624e-03 1.655500000000004190e-03 4.051785681642637371e+01
5.596029999999999616e-01 1.927149999999999974e-01 6.622499999999975628e-03 -3.311499999999995003e-03 -2.499999999794333405e-07 6.622500000000003384e-03 1.080401407905427362e+02
5.662249999999999783e-01 1.927149999999999974e-01 3.311000000000008381e-03 6.622500000000003384e-03 -1.655499999999976435e-03 6.622749999999996695e-03 8.103489787537341726e+01
5.662249999999999783e-01 2.059600000000000042e-01 3.311500000000022759e-03 9.933999999999998387e-03 1.655750000000011379e-03 1.655749999999997502e-03 -9.549958185727779991e+00
5.728480000000000238e-01 2.125829999999999942e-01 6.622500000000031140e-03 9.933999999999998387e-03 -2.500000000071889161e-07 1.655500000000004190e-03 6.443708360439071470e+00
5.794700000000000406e-01 2.258280000000000010e-01 3.311000000000008381e-03 1.324500000000000677e-02 -1.655500000000031946e-03 1.655499999999997252e-03 1.077062965336626199e+01
5.794700000000000406e-01 2.390730000000000077e-01 3.311499999999967248e-03 1.324499999999999289e-02 1.655749999999983624e-03 -6.938893903907228378e-18 -8.617705407256059047e+00
5.860929999999999751e-01 2.523179999999999867e-01 6.622499999999975628e-03 1.324499999999999289e-02 1.655500000000031946e-03 -1.655749999999990563e-03 -1.012915833740293792e+01
5.927149999999999919e-01 2.655629999999999935e-01 6.622500000000031140e-03 9.933500000000011765e-03 2.775557561562891351e-17 -3.311249999999994753e-03 -1.288681803753799215e+01
5.993380000000000374e-01 2.721850000000000103e-01 6.622500000000031140e-03 6.622500000000003384e-03 1.655499999999976435e-03 -1.655500000000004190e-03 -2.669133237036970030e+01
6.059600000000000541e-01 2.788080000000000003e-01 9.933499999999984009e-03 6.622500000000003384e-03 1.655749999999983624e-03 -1.655749999999997502e-03 -1.610949548575191770e+01
6.192050000000000054e-01 2.854300000000000170e-01 9.933999999999998387e-03 3.311000000000008381e-03 1.655750000000011379e-03 -4.966750000000005882e-03 -4.774834888678684308e+01
6.258280000000000509e-01 2.854300000000000170e-01 1.324500000000000677e-02 -3.311000000000008381e-03 3.310999999999980625e-03 -6.622250000000010073e-03 -3.015984491160577718e+01
6.456950000000000189e-01 2.788080000000000003e-01 1.655599999999995964e-02 -9.933500000000011765e-03 0.000000000000000000e+00 -3.311499999999995003e-03 -7.617439844015851946e+00
6.589399999999999702e-01 2.655629999999999935e-01 1.324500000000000677e-02 -9.933999999999998387e-03 -3.310999999999980625e-03 -2.499999999933111283e-07 -7.248185914540275832e+00
6.721850000000000325e-01 2.589400000000000035e-01 9.933999999999998387e-03 -9.933999999999998387e-03 0.000000000000000000e+00 -4.966749999999998944e-03 -1.779422163660005651e+01
6.788079999999999670e-01 2.456949999999999967e-01 1.324500000000000677e-02 -1.986749999999999627e-02 -2.499999999794333405e-07 -6.622250000000003134e-03 -6.443193846358345134e+00
6.986750000000000460e-01 2.192050000000000110e-01 9.933500000000039520e-03 -2.317850000000000465e-02 -6.622500000000003384e-03 1.655749999999997502e-03 -8.546437914229707999e+00
6.986750000000000460e-01 1.993379999999999874e-01 0.000000000000000000e+00 -1.655600000000000127e-02 -3.311000000000036136e-03 4.966750000000005882e-03 -1.207948295405837058e+01
6.986750000000000460e-01 1.860930000000000084e-01 3.311499999999967248e-03 -1.324499999999999289e-02 0.000000000000000000e+00 -1.655750000000004440e-03 -2.154589011410230626e+00
7.052979999999999805e-01 1.728480000000000016e-01 0.000000000000000000e+00 -1.986750000000001015e-02 -3.311499999999967248e-03 -3.311250000000001692e-03 -8.389543225441379093e+00
6.986750000000000460e-01 1.463579999999999881e-01 -3.311499999999967248e-03 -1.986749999999999627e-02 -1.655500000000004190e-03 1.655500000000007660e-03 -4.696158235183053087e+00
6.986750000000000460e-01 1.331130000000000091e-01 -3.311000000000008381e-03 -1.655649999999999483e-02 -1.655500000000031946e-03 3.311249999999994753e-03 -7.972101345816112072e+00
6.920530000000000292e-01 1.132449999999999984e-01 -6.622500000000031140e-03 -1.324500000000000677e-02 -1.655750000000011379e-03 3.311249999999998223e-03 -1.350639419721840895e+01
6.854299999999999837e-01 1.066229999999999956e-01 -6.622500000000031140e-03 -9.933999999999998387e-03 -1.655499999999976435e-03 -1.655749999999994032e-03 -3.220394860262198122e+00
6.788079999999999670e-01 9.337700000000000167e-02 -9.933499999999984009e-03 -1.655649999999999483e-02 -3.311249999999987814e-03 -3.311000000000001442e-03 -3.047163984247076129e+00
6.655630000000000157e-01 7.351000000000000589e-02 -1.324500000000000677e-02 -1.655600000000000127e-02 -2.500000000071889161e-07 4.966999999999995724e-03 -6.902934336344564770e+00
6.523179999999999534e-01 6.026499999999999913e-02 -9.933999999999998387e-03 -6.622500000000003384e-03 1.655500000000004190e-03 8.278000000000000635e-03 -4.187875338059269836e+01
6.456950000000000189e-01 6.026499999999999913e-02 -9.933999999999998387e-03 0.000000000000000000e+00 -1.655500000000004190e-03 3.311250000000001692e-03 -3.355395053700308239e+01
6.324499999999999567e-01 6.026499999999999913e-02 -1.324500000000000677e-02 0.000000000000000000e+00 2.500000000071889161e-07 0.000000000000000000e+00 -0.000000000000000000e+00
6.192050000000000054e-01 6.026499999999999913e-02 -9.933499999999984009e-03 0.000000000000000000e+00 0.000000000000000000e+00 1.655500000000000721e-03 -1.677739744759443852e+01
6.125829999999999886e-01 6.026499999999999913e-02 -1.324500000000000677e-02 3.311000000000001442e-03 -1.655750000000011379e-03 1.655500000000000721e-03 -6.462312736271560887e+00
5.927149999999999919e-01 6.688700000000000201e-02 -1.324500000000000677e-02 3.311000000000001442e-03 1.655750000000011379e-03 3.311499999999998473e-03 -1.939019119270277969e+01
5.860929999999999751e-01 6.688700000000000201e-02 -9.933499999999984009e-03 9.933999999999998387e-03 3.311250000000015570e-03 4.966999999999999194e-03 -2.965957377929217387e+01
5.728480000000000238e-01 8.675499999999999878e-02 -6.622499999999975628e-03 1.324499999999999983e-02 3.310999999999980625e-03 -1.655749999999997502e-03 -1.012813864058519009e+01
5.728480000000000238e-01 9.337700000000000167e-02 -3.311500000000022759e-03 6.622500000000003384e-03 1.655499999999976435e-03 -3.311000000000001442e-03 2.039147283328330684e-03
5.662249999999999783e-01 1.000000000000000056e-01 -3.311500000000022759e-03 6.622999999999996945e-03 1.655750000000011379e-03 1.655749999999997502e-03 -4.051459418692066805e+01
5.662249999999999783e-01 1.066229999999999956e-01 0.000000000000000000e+00 9.933999999999998387e-03 1.655750000000011379e-03 1.655250000000000471e-03 -1.677824193330107860e+01
5.662249999999999783e-01 1.198680000000000023e-01 0.000000000000000000e+00 9.933499999999997887e-03 0.000000000000000000e+00 -4.966999999999999194e-03 -0.000000000000000000e+00
5.662249999999999783e-01 1.264899999999999913e-01 0.000000000000000000e+00 0.000000000000000000e+00 0.000000000000000000e+00 -8.277999999999997166e-03 0.000000000000000000e+00
5.662249999999999783e-01 1.198680000000000023e-01 0.000000000000000000e+00 -6.622499999999996445e-03 0.000000000000000000e+00 -3.311250000000001692e-03 0.000000000000000000e+00
5.662249999999999783e-01 1.132449999999999984e-01 0.000000000000000000e+00 -6.622500000000003384e-03 0.000000000000000000e+00 0.000000000000000000e+00 0.000000000000000000e+00
5.662249999999999783e-01 1.066229999999999956e-01 0.000000000000000000e+00 -6.622499999999996445e-03 0.000000000000000000e+00 -1.655749999999997502e-03 0.000000000000000000e+00
5.662249999999999783e-01 1.000000000000000056e-01 0.000000000000000000e+00 -9.933999999999998387e-03 -1.655500000000004190e-03 -4.967000000000002663e-03 -1.677570860370213879e+01
5.662249999999999783e-01 8.675499999999999878e-02 -3.311000000000008381e-03 -1.655650000000000177e-02 -3.311249999999987814e-03 -3.311249999999999957e-03 -9.111906586156598209e+00
5.596029999999999616e-01 6.688700000000000201e-02 -6.622499999999975628e-03 -1.655649999999999830e-02 -3.311499999999995003e-03 1.655750000000000971e-03 -1.160335488639666757e+01
5.529800000000000271e-01 5.364200000000000218e-02 -9.933999999999998387e-03 -1.324499999999999983e-02 -1.655500000000031946e-03 4.966999999999999194e-03 -1.570379483838090628e+01
5.397349999999999648e-01 4.039700000000000235e-02 -9.933500000000039520e-03 -6.622499999999999915e-03 -1.655500000000004190e-03 6.622499999999999915e-03 -4.510240369559102902e+01
5.331129999999999480e-01 4.039700000000000235e-02 -1.324500000000000677e-02 0.000000000000000000e+00 -3.311499999999967248e-03 3.311249999999999957e-03 -1.887504718761794820e+01
5.132449999999999513e-01 4.039700000000000235e-02 -1.655649999999997402e-02 0.000000000000000000e+00 -1.655749999999983624e-03 1.655749999999999236e-03 -6.040288703765725131e+00
5.000000000000000000e-01 4.039700000000000235e-02 -1.655649999999997402e-02 3.311499999999998473e-03 -1.387778780781445676e-17 4.966999999999999194e-03 -1.708457019035556357e+01
4.801320000000000032e-01 4.701999999999999930e-02 -1.655650000000000177e-02 9.933999999999998387e-03 4.966999999999985316e-03 4.966750000000002413e-03 -1.827903308110481007e+01
4.668869999999999965e-01 6.026499999999999913e-02 -6.622500000000003384e-03 1.324500000000000330e-02 6.622749999999996695e-03 4.966750000000002413e-03 -3.714194673183956041e+01
4.668869999999999965e-01 7.351000000000000589e-02 -3.311000000000008381e-03 1.986750000000000321e-02 1.655749999999997502e-03 1.655749999999995767e-03 -4.696823597237349546e+00
4.602649999999999797e-01 1.000000000000000056e-01 -3.311000000000008381e-03 1.655649999999999483e-02 4.966750000000005882e-03 -3.311250000000005161e-03 -1.480628925719521760e+01
4.602649999999999797e-01 1.066229999999999956e-01 6.622500000000003384e-03 1.324499999999999289e-02 1.158925000000000927e-02 -2.499999999967805753e-07 -4.727059522083365550e+01
4.735099999999999865e-01 1.264899999999999913e-01 1.986750000000001015e-02 1.655600000000000127e-02 6.622499999999989506e-03 -1.655499999999997252e-03 -8.240471846599126238e+00
5.000000000000000000e-01 1.397349999999999981e-01 1.986749999999998240e-02 9.933999999999998387e-03 1.655749999999997502e-03 -6.622250000000003134e-03 -1.350537828446930178e+01
5.132449999999999513e-01 1.463579999999999881e-01 2.317900000000000515e-02 3.311499999999995003e-03 6.622500000000031140e-03 -6.622749999999996695e-03 -1.366720813478323926e+01
5.463580000000000103e-01 1.463579999999999881e-01 3.311250000000004468e-02 -3.311499999999995003e-03 -2.500000000071889161e-07 -3.311499999999995003e-03 -2.975507580612634762e+00
5.794700000000000406e-01 1.397349999999999981e-01 2.317849999999999078e-02 -3.311499999999995003e-03 -8.278000000000035330e-03 -3.311000000000001442e-03 -8.114611314452179869e+00
5.927149999999999919e-01 1.397349999999999981e-01 1.655649999999997402e-02 -9.933499999999997887e-03 -1.655500000000004190e-03 -6.622250000000003134e-03 -1.751731140057242797e+01
6.125829999999999886e-01 1.198680000000000023e-01 1.986749999999998240e-02 -1.655600000000000127e-02 1.655249999999997002e-03 -1.655750000000004440e-03 -3.174768792030480125e-01
6.324499999999999567e-01 1.066229999999999956e-01 1.986699999999996802e-02 -1.324500000000000677e-02 -5.000000000143778323e-07 3.310999999999994503e-03 4.831583816064767056e+00
