4.735099999999999865e-01 2.788080000000000003e-01 -6.622999999999990006e-03 0.000000000000000000e+00 4.999999999866222566e-07 0.000000000000000000e+00 -0.000000000000000000e+00
4.668869999999999965e-01 2.788080000000000003e-01 -6.622500000000003384e-03 0.000000000000000000e+00 2.499999999933111283e-07 1.655500000000004190e-03 -3.774724423598531331e+01
4.602649999999999797e-01 2.788080000000000003e-01 -6.622500000000003384e-03 3.311000000000008381e-03 0.000000000000000000e+00 6.622500000000003384e-03 -1.080519693351935615e+02
4.536419999999999897e-01 2.854300000000000170e-01 -6.622500000000003384e-03 1.324500000000000677e-02 0.000000000000000000e+00 6.622749999999996695e-03 -1.350639419721836809e+01
4.470199999999999729e-01 3.052980000000000138e-01 -6.622500000000003384e-03 1.655650000000000177e-02 1.655500000000004190e-03 0.000000000000000000e+00 -4.834013376990085931e+00
4.403969999999999829e-01 3.185430000000000206e-01 -3.311499999999995003e-03 1.324500000000000677e-02 3.311250000000001692e-03 -1.655750000000011379e-03 -1.507952062457151321e+01
4.403969999999999829e-01 3.317880000000000273e-01 0.000000000000000000e+00 1.324499999999997901e-02 1.655749999999997502e-03 -1.387778780781445676e-17 -9.438236128621671384e+00
4.403969999999999829e-01 3.450329999999999786e-01 0.000000000000000000e+00 1.324499999999997901e-02 1.655749999999997502e-03 -1.655499999999990313e-03 -9.438236128621671384e+00
4.403969999999999829e-01 3.582779999999999854e-01 3.311499999999995003e-03 9.933999999999998387e-03 3.311250000000001692e-03 -3.311249999999987814e-03 -3.819839080448635826e+01
4.470199999999999729e-01 3.649009999999999754e-01 6.622500000000003384e-03 6.622500000000003384e-03 3.311000000000008381e-03 -1.655749999999997502e-03 -4.003901390834648311e+01
4.536419999999999897e-01 3.715229999999999921e-01 9.933500000000011765e-03 6.622500000000003384e-03 4.966999999999999194e-03 -1.655500000000004190e-03 -2.899485412422767538e+01
4.668869999999999965e-01 3.781459999999999821e-01 1.655650000000000177e-02 3.311499999999995003e-03 3.311499999999995003e-03 -3.311250000000001692e-03 -1.366762176443941890e+01
4.867549999999999932e-01 3.781459999999999821e-01 1.655650000000000177e-02 0.000000000000000000e+00 -3.311249999999987814e-03 -3.311499999999995003e-03 -1.208057740753139697e+01
5.000000000000000000e-01 3.781459999999999821e-01 9.934000000000026143e-03 -3.311499999999995003e-03 -3.311250000000001692e-03 -6.622499999999989506e-03 -6.684682342324458659e+01
5.066230000000000455e-01 3.715229999999999921e-01 9.933999999999998387e-03 -1.324499999999997901e-02 -2.500000000210667039e-07 -4.966750000000005882e-03 -1.087246128953636948e+01
5.198679999999999968e-01 3.516560000000000241e-01 9.933499999999984009e-03 -1.324500000000000677e-02 -1.655750000000011379e-03 1.655499999999990313e-03 -1.208765502536082614e+00
5.264900000000000135e-01 3.450329999999999786e-01 6.622499999999975628e-03 -9.933999999999998387e-03 -1.655500000000004190e-03 1.387778780781445676e-17 -9.663616756232066507e+00
5.331129999999999480e-01 3.317880000000000273e-01 6.622499999999975628e-03 -1.324499999999997901e-02 -1.655749999999983624e-03 2.499999999933111283e-07 -6.752942174404779507e+00
5.397349999999999648e-01 3.185430000000000206e-01 3.311000000000008381e-03 -9.933500000000011765e-03 -1.655499999999976435e-03 3.311249999999987814e-03 -4.774762777058558783e+00
5.397349999999999648e-01 3.119210000000000038e-01 3.311500000000022759e-03 -6.622500000000003384e-03 2.500000000071889161e-07 1.655250000000010879e-03 1.350731160101915584e+01
5.463580000000000103e-01 3.052980000000000138e-01 3.311500000000022759e-03 -6.622999999999990006e-03 -2.500000000071889161e-07 1.655500000000004190e-03 1.349874747181106471e+01
5.463580000000000103e-01 2.986750000000000238e-01 3.311000000000008381e-03 -3.311499999999995003e-03 -2.500000000071889161e-07 4.967249999999992505e-03 1.601520220368407763e+02
5.529800000000000271e-01 2.986750000000000238e-01 3.311000000000008381e-03 3.311499999999995003e-03 2.499999999794333405e-07 4.967249999999992505e-03 1.601520220368416858e+02
5.529800000000000271e-01 3.052980000000000138e-01 3.311499999999967248e-03 6.622999999999990006e-03 1.655749999999983624e-03 4.966750000000005882e-03 1.350078655753196699e+01
5.596029999999999616e-01 3.119210000000000038e-01 6.622499999999975628e-03 1.324500000000000677e-02 3.311000000000036136e-03 8.277750000000000385e-03 3.376726011406582462e+00
5.662249999999999783e-01 3.317880000000000273e-01 9.933500000000039520e-03 2.317849999999999078e-02 1.655750000000011379e-03 1.655749999999983624e-03 -1.367558087407559020e+00
5.794700000000000406e-01 3.582779999999999854e-01 9.933999999999998387e-03 1.655649999999997402e-02 2.499999999794333405e-07 -8.277999999999993697e-03 -1.142494195104358745e+01
5.860929999999999751e-01 3.649009999999999754e-01 9.933999999999998387e-03 6.622500000000003384e-03 1.655500000000004190e-03 -4.966999999999985316e-03 -3.543601794909226044e+01
5.993380000000000374e-01 3.715229999999999921e-01 1.324500000000000677e-02 6.622500000000003384e-03 1.655500000000004190e-03 -1.655500000000004190e-03 -1.012864848899403292e+01
6.125829999999999886e-01 3.781459999999999821e-01 1.324500000000000677e-02 3.311499999999995003e-03 0.000000000000000000e+00 -3.311250000000001692e-03 -1.723410963598175982e+01
6.258280000000000509e-01 3.781459999999999821e-01 1.324500000000000677e-02 0.000000000000000000e+00 1.655499999999976435e-03 -4.966999999999999194e-03 -2.831328331623959116e+01
6.390730000000000022e-01 3.781459999999999821e-01 1.655599999999995964e-02 -6.622500000000003384e-03 3.311249999999987814e-03 -6.622499999999989506e-03 -1.547069347845184950e+01
6.589399999999999702e-01 3.649009999999999754e-01 1.986749999999998240e-02 -1.324499999999997901e-02 3.311500000000022759e-03 -9.933749999999991198e-03 -1.127513318128051978e+01
6.788079999999999670e-01 3.516560000000000241e-01 2.317900000000000515e-02 -2.648999999999998578e-02 2.775557561562891351e-17 -8.278250000000014763e-03 -4.399806333435421379e+00
7.052979999999999805e-01 3.119210000000000038e-01 1.986750000000003791e-02 -2.980150000000000854e-02 -8.278249999999987008e-03 3.310999999999994503e-03 -3.937598644448453200e+00
7.185430000000000428e-01 2.920530000000000070e-01 6.622500000000031140e-03 -1.986799999999999677e-02 -8.278000000000035330e-03 4.966999999999999194e-03 -1.432427037608235665e+01
7.185430000000000428e-01 2.721850000000000103e-01 3.311499999999967248e-03 -1.986750000000001015e-02 -1.655500000000031946e-03 -4.966500000000005632e-03 -6.038004561237599432e+00
7.251659999999999773e-01 2.523179999999999867e-01 3.311499999999967248e-03 -2.980100000000000804e-02 -3.311499999999967248e-03 -8.278249999999993947e-03 -4.677631977391546236e+00
7.251659999999999773e-01 2.125829999999999942e-01 -3.311499999999967248e-03 -3.642399999999999805e-02 -4.966999999999971438e-03 3.311000000000008381e-03 -3.922019704848557442e+00
7.185430000000000428e-01 1.794699999999999906e-01 -6.622499999999975628e-03 -2.317899999999999128e-02 -1.655500000000031946e-03 1.158950000000000258e-02 -8.217964969672348019e+00
7.119210000000000260e-01 1.662250000000000116e-01 -6.622500000000031140e-03 -1.324499999999999289e-02 -1.655750000000011379e-03 4.966999999999992255e-03 -1.688312020862523255e+01
7.052979999999999805e-01 1.529800000000000049e-01 -9.933999999999998387e-03 -1.324500000000000677e-02 -4.966999999999971438e-03 -6.938893903907228378e-18 -1.449600704871524037e+01
6.920530000000000292e-01 1.397349999999999981e-01 -1.655649999999997402e-02 -1.324500000000000677e-02 -3.311250000000015570e-03 3.311250000000001692e-03 -1.035300443909775403e+01
6.721850000000000325e-01 1.264899999999999913e-01 -1.655650000000002953e-02 -6.622500000000003384e-03 1.655749999999983624e-03 4.967000000000006132e-03 -1.256963197039121383e+01
6.589399999999999702e-01 1.264899999999999913e-01 -1.324500000000000677e-02 -3.310999999999994503e-03 3.311500000000022759e-03 1.655750000000004440e-03 -4.309292851557685822e+00
6.456950000000000189e-01 1.198680000000000023e-01 -9.933499999999984009e-03 -3.310999999999994503e-03 1.655750000000011379e-03 3.310999999999994503e-03 -2.387453493071464550e+01
6.390730000000000022e-01 1.198680000000000023e-01 -9.933499999999984009e-03 3.310999999999994503e-03 -3.311499999999995003e-03 4.966749999999998944e-03 -3.342622372998125968e+01
6.258280000000000509e-01 1.264899999999999913e-01 -1.655649999999997402e-02 6.622500000000003384e-03 -1.655750000000011379e-03 1.655750000000004440e-03 -2.900875223451688800e+00
6.059600000000000541e-01 1.331130000000000091e-01 -1.324500000000000677e-02 6.622500000000003384e-03 6.622749999999982817e-03 1.655499999999997252e-03 -2.025882652321433497e+01
5.993380000000000374e-01 1.397349999999999981e-01 -3.311000000000008381e-03 9.933499999999997887e-03 6.622500000000003384e-03 1.655749999999997502e-03 -6.207984781916616868e+01
5.993380000000000374e-01 1.529800000000000049e-01 0.000000000000000000e+00 9.933999999999998387e-03 1.655500000000004190e-03 -1.655499999999997252e-03 -1.677570860370213879e+01
5.993380000000000374e-01 1.596029999999999949e-01 0.000000000000000000e+00 6.622500000000003384e-03 0.000000000000000000e+00 -1.655749999999997502e-03 -0.000000000000000000e+00
5.993380000000000374e-01 1.662250000000000116e-01 0.000000000000000000e+00 6.622500000000003384e-03 1.655500000000004190e-03 -1.655500000000004190e-03 -3.774724423598531331e+01
5.993380000000000374e-01 1.728480000000000016e-01 3.311000000000008381e-03 3.311499999999995003e-03 1.655500000000004190e-03 -4.966999999999999194e-03 -2.135387179396426802e+02
6.059600000000000541e-01 1.728480000000000016e-01 3.311000000000008381e-03 -3.311499999999995003e-03 -3.311000000000008381e-03 -4.966999999999999194e-03 -2.669254126251680646e+02
6.059600000000000541e-01 1.662250000000000116e-01 -3.311000000000008381e-03 -6.622500000000003384e-03 -4.966750000000019760e-03 -3.311000000000008381e-03 -5.402802399963528757e+01
5.993380000000000374e-01 1.596029999999999949e-01 -6.622500000000031140e-03 -9.933500000000011765e-03 -1.655750000000011379e-03 -1.655749999999997502e-03 -3.221704491019891758e+00
5.927149999999999919e-01 1.463579999999999881e-01 -6.622500000000031140e-03 -9.933999999999998387e-03 2.775557561562891351e-17 1.655500000000011129e-03 -6.442249040481746292e+00
5.860929999999999751e-01 1.397349999999999981e-01 -6.622499999999975628e-03 -6.622499999999989506e-03 -1.655749999999983624e-03 1.655749999999997502e-03 -2.669536307595295099e+01
5.794700000000000406e-01 1.331130000000000091e-01 -9.933999999999998387e-03 -6.622500000000003384e-03 -4.966750000000019760e-03 -6.938893903907228378e-18 -1.932771997693346933e+01
5.662249999999999783e-01 1.264899999999999913e-01 -1.655600000000001515e-02 -6.622500000000003384e-03 -3.311000000000008381e-03 1.655750000000004440e-03 -8.702429334881792045e+00
5.463580000000000103e-01 1.198680000000000023e-01 -1.655600000000001515e-02 -3.310999999999994503e-03 -1.655749999999983624e-03 3.311250000000001692e-03 -1.252931807795734720e+01
5.331129999999999480e-01 1.198680000000000023e-01 -1.986749999999998240e-02 0.000000000000000000e+00 -2.499999999794333405e-07 3.310999999999994503e-03 -8.388276496885614719e+00
5.066230000000000455e-01 1.198680000000000023e-01 -1.655649999999997402e-02 3.310999999999994503e-03 4.966749999999978127e-03 4.966749999999998944e-03 -2.050049996004392483e+01
5.000000000000000000e-01 1.264899999999999913e-01 -9.934000000000026143e-03 9.933499999999997887e-03 3.311249999999987814e-03 4.967000000000006132e-03 -2.965987237261778020e+01
4.867549999999999932e-01 1.397349999999999981e-01 -9.933999999999998387e-03 1.324500000000000677e-02 3.311250000000015570e-03 1.655750000000004440e-03 -1.328803686886725011e+01
4.801320000000000032e-01 1.529800000000000049e-01 -3.311499999999995003e-03 1.324500000000000677e-02 8.278250000000000886e-03 -6.938893903907228378e-18 -4.308592467921960179e+01
4.801320000000000032e-01 1.662250000000000116e-01 6.622500000000003384e-03 1.324499999999999289e-02 9.933999999999984509e-03 -1.655500000000004190e-03 -4.389488890624436124e+01
4.933770000000000100e-01 1.794699999999999906e-01 1.655649999999997402e-02 9.933999999999998387e-03 9.933999999999998387e-03 -4.966749999999992005e-03 -2.513392925081350882e+01
5.132449999999999513e-01 1.860930000000000084e-01 2.649050000000000016e-02 3.311500000000008881e-03 3.311250000000015570e-03 -6.622750000000003634e-03 -9.796845566923238380e+00
5.463580000000000103e-01 1.860930000000000084e-01 2.317900000000000515e-02 -3.311500000000008881e-03 -3.311500000000008881e-03 -6.622750000000003634e-03 -1.281305196768717103e+01
5.596029999999999616e-01 1.794699999999999906e-01 1.986749999999998240e-02 -9.933999999999998387e-03 -1.655749999999983624e-03 -8.277999999999993697e-03 -1.650686719355066145e+01
5.860929999999999751e-01 1.662250000000000116e-01 1.986750000000003791e-02 -1.986749999999999627e-02 -4.966999999999971438e-03 -3.311000000000001442e-03 -7.414706847945290669e+00
5.993380000000000374e-01 1.397349999999999981e-01 9.933500000000039520e-03 -1.655600000000000127e-02 -6.622750000000010573e-03 6.622750000000003634e-03 -6.093813862140894599e+00
6.059600000000000541e-01 1.331130000000000091e-01 6.622000000000016762e-03 -6.621999999999989006e-03 -3.311500000000022759e-03 9.934000000000012265e-03 5.339475777053797145e+01
