4.602649999999999797e-01 2.788080000000000003e-01 0.000000000000000000e+00 6.622000000000016762e-03 0.000000000000000000e+00 3.311499999999995003e-03 0.000000000000000000e+00
4.602649999999999797e-01 2.854300000000000170e-01 0.000000000000000000e+00 9.933500000000011765e-03 0.000000000000000000e+00 1.655999999999990813e-03 0.000000000000000000e+00
4.602649999999999797e-01 2.986750000000000238e-01 0.000000000000000000e+00 9.933999999999998387e-03 0.000000000000000000e+00 -1.655250000000010879e-03 -0.000000000000000000e+00
4.602649999999999797e-01 3.052980000000000138e-01 0.000000000000000000e+00 6.622999999999990006e-03 1.655500000000004190e-03 0.000000000000000000e+00 -3.774154503330065324e+01
4.602649999999999797e-01 3.119210000000000038e-01 3.311000000000008381e-03 9.933999999999998387e-03 3.311250000000001692e-03 1.655250000000010879e-03 -2.387633739457211846e+01
4.668869999999999965e-01 3.251660000000000106e-01 6.622500000000003384e-03 9.933500000000011765e-03 3.311499999999995003e-03 -3.311499999999995003e-03 -3.221899097150379987e+01
4.735099999999999865e-01 3.317880000000000273e-01 9.933999999999998387e-03 3.311000000000008381e-03 3.311250000000001692e-03 -4.966750000000005882e-03 -5.252246280625544728e+01
4.867549999999999932e-01 3.317880000000000273e-01 1.324500000000000677e-02 0.000000000000000000e+00 3.311250000000001692e-03 -1.655500000000004190e-03 -9.436811058996328327e+00
5.000000000000000000e-01 3.317880000000000273e-01 1.655650000000000177e-02 0.000000000000000000e+00 0.000000000000000000e+00 -1.655500000000004190e-03 -6.039376686748696876e+00
5.198679999999999968e-01 3.317880000000000273e-01 1.324500000000000677e-02 -3.311000000000008381e-03 -4.967000000000013071e-03 -3.311250000000001692e-03 -2.369720689659374102e+01
5.264900000000000135e-01 3.251660000000000106e-01 6.622499999999975628e-03 -6.622500000000003384e-03 -3.311250000000015570e-03 -1.655749999999997502e-03 -4.004102926113822747e+01
5.331129999999999480e-01 3.185430000000000206e-01 6.622499999999975628e-03 -6.622500000000003384e-03 -1.655749999999983624e-03 -1.655749999999997502e-03 -2.669536307595289060e+01
5.397349999999999648e-01 3.119210000000000038e-01 3.311000000000008381e-03 -9.933999999999998387e-03 -1.655499999999976435e-03 -3.311499999999995003e-03 -2.387345338708588116e+01
5.397349999999999648e-01 2.986750000000000238e-01 3.311500000000022759e-03 -1.324549999999999339e-02 2.500000000071889161e-07 2.499999999933111283e-07 1.626373485001034961e-03
5.463580000000000103e-01 2.854300000000000170e-01 3.311500000000022759e-03 -9.933500000000011765e-03 -1.655750000000011379e-03 3.311499999999995003e-03 -4.774546365983839635e+00
5.463580000000000103e-01 2.788080000000000003e-01 0.000000000000000000e+00 -6.622500000000003384e-03 -2.500000000071889161e-07 4.966750000000005882e-03 -5.700278501520788903e-03
5.463580000000000103e-01 2.721850000000000103e-01 3.311000000000008381e-03 0.000000000000000000e+00 1.655500000000004190e-03 6.622500000000003384e-03 6.040927247897642474e+02
5.529800000000000271e-01 2.788080000000000003e-01 3.311000000000008381e-03 6.622500000000003384e-03 -1.655500000000004190e-03 3.311250000000001692e-03 5.402190569555705224e+01
5.529800000000000271e-01 2.854300000000000170e-01 0.000000000000000000e+00 6.622500000000003384e-03 -1.655500000000004190e-03 0.000000000000000000e+00 3.774724423598531331e+01
5.529800000000000271e-01 2.920530000000000070e-01 0.000000000000000000e+00 6.622500000000003384e-03 1.655749999999983624e-03 0.000000000000000000e+00 -3.775294451448620237e+01
5.529800000000000271e-01 2.986750000000000238e-01 3.311499999999967248e-03 6.622500000000003384e-03 3.311249999999987814e-03 2.499999999933111283e-07 -5.401905066766205721e+01
5.596029999999999616e-01 3.052980000000000138e-01 6.622499999999975628e-03 6.622999999999990006e-03 3.311000000000036136e-03 0.000000000000000000e+00 -2.669032471300829457e+01
5.662249999999999783e-01 3.119210000000000038e-01 9.933500000000039520e-03 6.622500000000003384e-03 4.967000000000026949e-03 -2.499999999933111283e-07 -1.933217293396595338e+01
5.794700000000000406e-01 3.185430000000000206e-01 1.655650000000002953e-02 6.622500000000003384e-03 3.311499999999967248e-03 -1.655500000000004190e-03 -8.701749669985549218e+00
5.993380000000000374e-01 3.251660000000000106e-01 1.655649999999997402e-02 3.311499999999995003e-03 -1.655750000000011379e-03 -3.311250000000001692e-03 -1.025032935619829644e+01
6.125829999999999886e-01 3.251660000000000106e-01 1.324500000000000677e-02 0.000000000000000000e+00 -1.655749999999983624e-03 -1.655749999999997502e-03 -9.438236128621628751e+00
6.258280000000000509e-01 3.251660000000000106e-01 1.324500000000000677e-02 0.000000000000000000e+00 1.655499999999976435e-03 -3.311250000000001692e-03 -1.887504718761795885e+01
6.390730000000000022e-01 3.251660000000000106e-01 1.655599999999995964e-02 -6.622500000000003384e-03 0.000000000000000000e+00 -4.966999999999999194e-03 -1.450419490293485580e+01
6.589399999999999702e-01 3.119210000000000038e-01 1.324500000000000677e-02 -9.933999999999998387e-03 -3.310999999999980625e-03 -3.311499999999995003e-03 -1.691194740841156730e+01
6.655630000000000157e-01 3.052980000000000138e-01 9.933999999999998387e-03 -1.324549999999999339e-02 -1.655750000000011379e-03 -3.311250000000001692e-03 -1.207955595728575915e+01
6.788079999999999670e-01 2.854300000000000170e-01 9.933499999999984009e-03 -1.655650000000000177e-02 -3.311499999999995003e-03 -1.655250000000010879e-03 -9.901529111171862851e+00
6.854299999999999837e-01 2.721850000000000103e-01 3.311000000000008381e-03 -1.655600000000001515e-02 -3.310999999999980625e-03 -6.622250000000003134e-03 -1.594507579950951381e+01
6.854299999999999837e-01 2.523179999999999867e-01 3.311500000000022759e-03 -2.980100000000000804e-02 2.500000000071889161e-07 -6.622749999999989756e-03 -8.132582282781164462e-01
6.920530000000000292e-01 2.125829999999999942e-01 3.311500000000022759e-03 -2.980149999999999466e-02 -1.655750000000011379e-03 4.966750000000005882e-03 -1.220225865086935091e+00
6.920530000000000292e-01 1.927149999999999974e-01 0.000000000000000000e+00 -1.986749999999999627e-02 -1.655750000000011379e-03 1.655749999999997502e-03 -4.194771612720765930e+00
6.920530000000000292e-01 1.728480000000000016e-01 0.000000000000000000e+00 -2.648999999999999966e-02 0.000000000000000000e+00 -1.655750000000004440e-03 0.000000000000000000e+00
6.920530000000000292e-01 1.397349999999999981e-01 0.000000000000000000e+00 -2.317900000000000515e-02 0.000000000000000000e+00 6.622499999999999915e-03 0.000000000000000000e+00
6.920530000000000292e-01 1.264899999999999913e-01 0.000000000000000000e+00 -1.324499999999999983e-02 -1.655750000000011379e-03 1.655750000000004440e-03 -9.438236128621719345e+00
6.920530000000000292e-01 1.132449999999999984e-01 -3.311500000000022759e-03 -1.986749999999999627e-02 -3.311250000000015570e-03 -1.655750000000000971e-03 -7.380053521892809165e+00
6.854299999999999837e-01 8.675499999999999878e-02 -6.622500000000031140e-03 -1.655650000000000177e-02 -1.655499999999976435e-03 4.966749999999998944e-03 -1.063503383093400601e+01
6.788079999999999670e-01 8.013199999999999490e-02 -6.622499999999975628e-03 -9.933999999999998387e-03 -1.655749999999983624e-03 3.311500000000001942e-03 -2.255151986812856180e+01
6.721850000000000325e-01 6.688700000000000201e-02 -9.933999999999998387e-03 -9.933499999999997887e-03 -1.655500000000031946e-03 1.655749999999999236e-03 -1.186371011045406831e+01
6.589399999999999702e-01 6.026499999999999913e-02 -9.933500000000039520e-03 -6.622499999999999915e-03 2.500000000071889161e-07 3.310999999999999707e-03 -1.932730822145325078e+01
6.523179999999999534e-01 5.364200000000000218e-02 -9.933499999999984009e-03 -3.311499999999998473e-03 -1.655749999999955868e-03 3.311249999999999957e-03 -3.342687263111625384e+01
6.390730000000000022e-01 5.364200000000000218e-02 -1.324499999999995126e-02 0.000000000000000000e+00 -1.655750000000011379e-03 3.311499999999998473e-03 -1.887647225724344224e+01
6.258280000000000509e-01 5.364200000000000218e-02 -1.324500000000000677e-02 3.311499999999998473e-03 -2.775557561562891351e-17 4.967000000000000928e-03 -2.585181504323781709e+01
6.125829999999999886e-01 6.026499999999999913e-02 -1.324500000000000677e-02 9.934000000000001857e-03 1.655500000000004190e-03 3.310999999999999707e-03 -1.328676002741621964e+01
5.993380000000000374e-01 7.351000000000000589e-02 -9.933999999999998387e-03 9.933499999999997887e-03 3.311249999999987814e-03 -1.655750000000002706e-03 -5.930959320333856866e+00
5.927149999999999919e-01 8.013199999999999490e-02 -6.622500000000031140e-03 6.622499999999996445e-03 1.655750000000011379e-03 1.656000000000001221e-03 -2.669737842874442890e+01
5.860929999999999751e-01 8.675499999999999878e-02 -6.622499999999975628e-03 1.324550000000000033e-02 1.655500000000031946e-03 3.311250000000001692e-03 -1.350440586155960432e+01
5.794700000000000406e-01 1.066229999999999956e-01 -3.311499999999967248e-03 1.324499999999999983e-02 3.311249999999987814e-03 -1.656000000000001221e-03 -1.507919530537908237e+01
5.794700000000000406e-01 1.132449999999999984e-01 0.000000000000000000e+00 9.933499999999997887e-03 2.499999999794333405e-07 -1.655499999999997252e-03 -2.533584633979789422e-03
5.794700000000000406e-01 1.264899999999999913e-01 -3.311000000000008381e-03 9.934000000000005326e-03 -1.655500000000004190e-03 -1.655499999999997252e-03 1.909789757274598543e+01
5.728480000000000238e-01 1.331130000000000091e-01 -3.311000000000008381e-03 6.622500000000003384e-03 1.655500000000004190e-03 -1.655750000000007910e-03 -1.350445675787003807e+01
5.728480000000000238e-01 1.397349999999999981e-01 0.000000000000000000e+00 6.622499999999989506e-03 3.311000000000008381e-03 -1.655500000000004190e-03 -7.549448847197096768e+01
5.728480000000000238e-01 1.463579999999999881e-01 3.311000000000008381e-03 3.311499999999995003e-03 1.655500000000004190e-03 -6.622499999999989506e-03 -2.669173518227088948e+02
5.794700000000000406e-01 1.463579999999999881e-01 3.311000000000008381e-03 -6.622499999999989506e-03 -1.655500000000004190e-03 -6.622749999999996695e-03 -8.103489787537422728e+01
5.794700000000000406e-01 1.331130000000000091e-01 0.000000000000000000e+00 -9.933999999999998387e-03 -3.311000000000008381e-03 -1.655750000000007910e-03 -3.355141720740427758e+01
5.794700000000000406e-01 1.264899999999999913e-01 -3.311000000000008381e-03 -9.934000000000005326e-03 -3.311250000000015570e-03 2.500000000002500222e-07 -2.865045131404086831e+01
5.728480000000000238e-01 1.132449999999999984e-01 -6.622500000000031140e-03 -9.933499999999997887e-03 -3.311499999999995003e-03 -1.655499999999997252e-03 -1.288827743659989089e+01
5.662249999999999783e-01 1.066229999999999956e-01 -9.933999999999998387e-03 -1.324499999999999983e-02 -1.655499999999976435e-03 -1.656000000000001221e-03 -1.206693338397093695e+00
5.529800000000000271e-01 8.675499999999999878e-02 -9.933499999999984009e-03 -1.324550000000000033e-02 2.499999999794333405e-07 3.311250000000001692e-03 -7.246777753217124030e+00
5.463580000000000103e-01 8.013199999999999490e-02 -9.933500000000039520e-03 -6.622499999999996445e-03 -1.655750000000011379e-03 3.311500000000001942e-03 -2.577509547413780311e+01
5.331129999999999480e-01 7.351000000000000589e-02 -1.324500000000000677e-02 -6.622499999999996445e-03 -1.655749999999955868e-03 1.655499999999997252e-03 -1.012915833740269989e+01
5.198679999999999968e-01 6.688700000000000201e-02 -1.324499999999995126e-02 -3.311500000000001942e-03 -2.499999999933111283e-07 4.966999999999999194e-03 -2.585214036243045399e+01
5.066230000000000455e-01 6.688700000000000201e-02 -1.324549999999999339e-02 3.311500000000001942e-03 -2.500000000349444917e-07 4.966999999999999194e-03 -2.584971027413513411e+01
4.933770000000000100e-01 7.351000000000000589e-02 -1.324550000000002115e-02 6.622499999999996445e-03 1.655999999999990813e-03 1.655499999999997252e-03 -1.012900536940943041e+01
4.801320000000000032e-01 8.013199999999999490e-02 -9.933500000000011765e-03 6.622499999999996445e-03 4.967250000000006382e-03 1.655750000000004440e-03 -2.899728648048406399e+01
4.735099999999999865e-01 8.675499999999999878e-02 -3.311000000000008381e-03 9.934000000000005326e-03 4.966750000000005882e-03 4.967000000000002663e-03 -5.729729767315975408e+01
4.735099999999999865e-01 1.000000000000000056e-01 0.000000000000000000e+00 1.655650000000000177e-02 3.311000000000008381e-03 1.655499999999993782e-03 -1.207875337349739375e+01
4.735099999999999865e-01 1.198680000000000023e-01 3.311000000000008381e-03 1.324499999999999289e-02 4.966750000000005882e-03 -3.311500000000001942e-03 -3.015984491160581626e+01
4.801320000000000032e-01 1.264899999999999913e-01 9.933500000000011765e-03 9.933499999999997887e-03 6.622749999999982817e-03 6.938893903907228378e-18 -2.372951028402491147e+01
4.933770000000000100e-01 1.397349999999999981e-01 1.655649999999997402e-02 1.324500000000000677e-02 3.311499999999995003e-03 -1.655499999999997252e-03 -7.477280844010129712e+00
5.132449999999999513e-01 1.529800000000000049e-01 1.655650000000000177e-02 6.622500000000003384e-03 1.655500000000031946e-03 -6.622500000000003384e-03 -2.127108964760220999e+01
5.264900000000000135e-01 1.529800000000000049e-01 1.986750000000003791e-02 0.000000000000000000e+00 3.311250000000001692e-03 -6.622500000000003384e-03 -1.677781972232702401e+01
5.529800000000000271e-01 1.529800000000000049e-01 2.317900000000000515e-02 -6.622500000000003384e-03 -3.311250000000015570e-03 -6.622500000000003384e-03 -1.252291156482240986e+01
5.728480000000000238e-01 1.397349999999999981e-01 1.324500000000000677e-02 -1.324500000000000677e-02 -8.278250000000014763e-03 -1.655499999999997252e-03 -2.002001079237111014e+01
5.794700000000000406e-01 1.264899999999999913e-01 6.622499999999975628e-03 -9.933499999999997887e-03 -4.966750000000019760e-03 3.311250000000005161e-03 -1.610706312949581687e+01
5.860929999999999751e-01 1.198680000000000023e-01 3.311499999999967248e-03 -6.622499999999996445e-03 -3.311249999999987814e-03 1.655249999999997002e-03 -4.051785712436202402e+01
5.860929999999999751e-01 1.132449999999999984e-01 0.000000000000000000e+00 -6.623000000000003884e-03 -3.311499999999967248e-03 -5.000000000074389384e-07 -7.549448890230928555e+01
