4.867549999999999932e-01 2.523179999999999867e-01 0.000000000000000000e+00 -6.622999999999990006e-03 3.311000000000008381e-03 5.000000000005000445e-07 7.548309006660130649e+01
4.867549999999999932e-01 2.456949999999999967e-01 3.311000000000008381e-03 -6.622499999999989506e-03 0.000000000000000000e+00 4.967249999999992505e-03 4.051948826972542861e+01
4.933770000000000100e-01 2.390730000000000077e-01 0.000000000000000000e+00 3.311499999999995003e-03 -3.311000000000008381e-03 9.933749999999991198e-03 3.019323602664052260e+02
4.867549999999999932e-01 2.523179999999999867e-01 -3.311000000000008381e-03 1.324499999999999289e-02 0.000000000000000000e+00 4.966750000000005882e-03 -6.462312736271608848e+00
4.867549999999999932e-01 2.655629999999999935e-01 0.000000000000000000e+00 1.324500000000000677e-02 1.655500000000004190e-03 1.655500000000011129e-03 -9.436811058996328327e+00
4.867549999999999932e-01 2.788080000000000003e-01 0.000000000000000000e+00 1.655600000000001515e-02 0.000000000000000000e+00 1.655749999999997502e-03 0.000000000000000000e+00
4.867549999999999932e-01 2.986750000000000238e-01 0.000000000000000000e+00 1.655650000000000177e-02 1.655500000000004190e-03 -1.655250000000010879e-03 -6.039376686748696876e+00
4.867549999999999932e-01 3.119210000000000038e-01 3.311000000000008381e-03 1.324549999999999339e-02 3.311250000000001692e-03 -1.655749999999997502e-03 -1.938747401022109429e+01
4.933770000000000100e-01 3.251660000000000106e-01 6.622500000000003384e-03 1.324500000000000677e-02 1.656000000000004690e-03 -3.311499999999995003e-03 -1.350792374244475091e+01
5.000000000000000000e-01 3.384110000000000174e-01 6.623000000000017762e-03 6.622500000000003384e-03 1.655749999999997502e-03 -4.967000000000013071e-03 -5.338568761778415706e+01
5.066230000000000455e-01 3.384110000000000174e-01 9.933999999999998387e-03 3.310999999999980625e-03 6.622249999999982317e-03 -3.311250000000001692e-03 -4.774690699191523890e+01
5.198679999999999968e-01 3.450329999999999786e-01 1.986749999999998240e-02 0.000000000000000000e+00 4.966749999999992005e-03 -4.966749999999978127e-03 -1.258304810960631670e+01
5.463580000000000103e-01 3.384110000000000174e-01 1.986749999999998240e-02 -6.622499999999975628e-03 -3.311249999999987814e-03 -4.966999999999999194e-03 -1.313166120027666750e+01
5.596029999999999616e-01 3.317880000000000273e-01 1.324500000000000677e-02 -9.933999999999998387e-03 -4.966999999999971438e-03 -3.311250000000015570e-03 -2.053604039322484098e+01
5.728480000000000238e-01 3.185430000000000206e-01 9.933500000000039520e-03 -1.324500000000000677e-02 -1.655750000000011379e-03 -3.311250000000001692e-03 -1.208054095329238820e+01
5.794700000000000406e-01 3.052980000000000138e-01 9.933499999999984009e-03 -1.655650000000000177e-02 2.499999999794333405e-07 0.000000000000000000e+00 5.750537846708702293e-04
5.927149999999999919e-01 2.854300000000000170e-01 9.933999999999998387e-03 -1.324500000000000677e-02 -3.310999999999980625e-03 4.966999999999999194e-03 1.209247021299171054e+00
5.993380000000000374e-01 2.788080000000000003e-01 3.311500000000022759e-03 -6.622500000000003384e-03 -3.311499999999995003e-03 3.311250000000001692e-03 -2.701258436268996022e+01
5.993380000000000374e-01 2.721850000000000103e-01 3.311000000000008381e-03 -6.622500000000003384e-03 -2.500000000071889161e-07 0.000000000000000000e+00 -4.078972039950948085e-03
6.059600000000000541e-01 2.655629999999999935e-01 3.311000000000008381e-03 -6.622500000000003384e-03 2.499999999794333405e-07 3.311250000000001692e-03 2.701503181981802726e+01
6.059600000000000541e-01 2.589400000000000035e-01 3.311499999999967248e-03 0.000000000000000000e+00 2.499999999794333405e-07 6.622500000000003384e-03 6.039103158756563516e+02
6.125829999999999886e-01 2.655629999999999935e-01 3.311499999999967248e-03 6.622500000000003384e-03 -2.499999999794333405e-07 9.933750000000005076e-03 8.104183169057117198e+01
6.125829999999999886e-01 2.721850000000000103e-01 3.311000000000008381e-03 1.986750000000001015e-02 1.655500000000031946e-03 8.278250000000000886e-03 -6.708300741307752224e-01
6.192050000000000054e-01 3.052980000000000138e-01 6.622500000000031140e-03 2.317900000000000515e-02 1.655749999999983624e-03 -3.311250000000001692e-03 -4.304946595150079602e+00
6.258280000000000509e-01 3.185430000000000206e-01 6.622499999999975628e-03 1.324500000000000677e-02 -2.775557561562891351e-17 -6.622500000000003384e-03 -1.350588434880945776e+01
6.324499999999999567e-01 3.317880000000000273e-01 6.622499999999975628e-03 9.933999999999998387e-03 1.655750000000011379e-03 -1.655500000000004190e-03 -1.610732511667118771e+01
6.390730000000000022e-01 3.384110000000000174e-01 9.933999999999998387e-03 9.933999999999998387e-03 1.655500000000004190e-03 -2.500000000071889161e-07 -5.932004323712840588e+00
6.523179999999999534e-01 3.516560000000000241e-01 9.933499999999984009e-03 9.933499999999984009e-03 -2.499999999794333405e-07 -1.655750000000011379e-03 -5.931705752928064790e+00
6.589399999999999702e-01 3.582779999999999854e-01 9.933500000000039520e-03 6.622499999999975628e-03 6.622750000000010573e-03 -3.310999999999994503e-03 -4.510289021091734440e+01
6.721850000000000325e-01 3.649009999999999754e-01 2.317900000000000515e-02 3.311499999999995003e-03 6.622749999999982817e-03 -4.966999999999985316e-03 -1.067746806848353991e+01
7.052979999999999805e-01 3.649009999999999754e-01 2.317900000000000515e-02 -3.311499999999995003e-03 -4.966999999999999194e-03 -6.622749999999996695e-03 -1.324013005123519449e+01
7.185430000000000428e-01 3.582779999999999854e-01 1.324500000000000677e-02 -9.933999999999998387e-03 -4.967000000000026949e-03 -4.966749999999992005e-03 -2.536755633225212492e+01
7.317879999999999940e-01 3.450329999999999786e-01 1.324499999999995126e-02 -1.324499999999997901e-02 0.000000000000000000e+00 -4.966749999999992005e-03 -1.000975347708664742e+01
7.450329999999999453e-01 3.317880000000000273e-01 1.324500000000000677e-02 -1.986749999999998240e-02 -1.655499999999948679e-03 -8.278250000000014763e-03 -1.046993157208588521e+01
7.582780000000000076e-01 3.052980000000000138e-01 9.934000000000053898e-03 -2.980150000000000854e-02 -4.966749999999992005e-03 -3.311250000000015570e-03 -5.835944035447085732e+00
7.649010000000000531e-01 2.721850000000000103e-01 3.311500000000022759e-03 -2.649000000000001354e-02 -4.967000000000026949e-03 4.966999999999999194e-03 -6.051067880013039968e+00
7.649010000000000531e-01 2.523179999999999867e-01 0.000000000000000000e+00 -1.986750000000001015e-02 -3.311500000000022759e-03 3.311250000000008631e-03 -8.389543225441519425e+00
7.649010000000000531e-01 2.324499999999999900e-01 -3.311500000000022759e-03 -1.986749999999999627e-02 -4.967000000000026949e-03 -3.311249999999994753e-03 -1.073497328893018299e+01
7.582780000000000076e-01 2.125829999999999942e-01 -9.934000000000053898e-03 -2.648999999999999966e-02 -3.310999999999980625e-03 -3.311250000000001692e-03 -2.420642619543882823e+00
7.450329999999999453e-01 1.794699999999999906e-01 -9.933499999999984009e-03 -2.648999999999999966e-02 2.500000000349444917e-07 3.311250000000001692e-03 -1.452281003495176748e+00
7.384110000000000396e-01 1.596029999999999949e-01 -9.933499999999984009e-03 -1.986749999999999627e-02 -2.500000000071889161e-07 6.622500000000003384e-03 -6.003008042807322475e+00
7.251659999999999773e-01 1.397349999999999981e-01 -9.933999999999998387e-03 -1.324499999999999289e-02 -2.500000000071889161e-07 6.622499999999996445e-03 -1.449673666453219845e+01
7.185430000000000428e-01 1.331130000000000091e-01 -9.933999999999998387e-03 -6.622500000000003384e-03 -3.311250000000015570e-03 3.311249999999994753e-03 -3.221416376887285793e+01
7.052979999999999805e-01 1.264899999999999913e-01 -1.655650000000002953e-02 -6.622500000000003384e-03 -4.966749999999992005e-03 1.655750000000004440e-03 -1.063576382389341290e+01
6.854299999999999837e-01 1.198680000000000023e-01 -1.986749999999998240e-02 -3.310999999999994503e-03 -3.310999999999980625e-03 3.311250000000001692e-03 -9.392836722638005398e+00
6.655630000000000157e-01 1.198680000000000023e-01 -2.317849999999999078e-02 0.000000000000000000e+00 0.000000000000000000e+00 3.310999999999994503e-03 -6.162948328682048782e+00
6.390730000000000022e-01 1.198680000000000023e-01 -1.986749999999998240e-02 3.310999999999994503e-03 6.622249999999996195e-03 3.311250000000001692e-03 -1.073459817414227224e+01
6.258280000000000509e-01 1.264899999999999913e-01 -9.933999999999998387e-03 6.622500000000003384e-03 4.966749999999992005e-03 3.311500000000001942e-03 -3.865787212931181926e+01
6.192050000000000054e-01 1.331130000000000091e-01 -9.933999999999998387e-03 9.933999999999998387e-03 1.655750000000011379e-03 1.655499999999997252e-03 -1.186311298015646187e+01
6.059600000000000541e-01 1.463579999999999881e-01 -6.622499999999975628e-03 9.933499999999997887e-03 4.966999999999999194e-03 -1.655749999999997502e-03 -2.255144506872966303e+01
6.059600000000000541e-01 1.529800000000000049e-01 0.000000000000000000e+00 6.622500000000003384e-03 4.966999999999971438e-03 -1.655499999999997252e-03 -1.132531332649577109e+02
6.059600000000000541e-01 1.596029999999999949e-01 3.311499999999967248e-03 6.622500000000003384e-03 3.311249999999987814e-03 -1.655749999999997502e-03 -6.752840203183413337e+01
6.125829999999999886e-01 1.662250000000000116e-01 6.622499999999975628e-03 3.311000000000008381e-03 3.311000000000008381e-03 -1.655500000000004190e-03 -5.401986636351921334e+01
6.192050000000000054e-01 1.662250000000000116e-01 9.933499999999984009e-03 3.311499999999995003e-03 0.000000000000000000e+00 -1.655500000000004190e-03 -1.432436043735244091e+01
6.324499999999999567e-01 1.728480000000000016e-01 6.622499999999975628e-03 0.000000000000000000e+00 -4.966749999999992005e-03 -4.966999999999999194e-03 -1.132531332649593168e+02
6.324499999999999567e-01 1.662250000000000116e-01 0.000000000000000000e+00 -6.622500000000003384e-03 -3.311249999999987814e-03 -3.311250000000001692e-03 -7.550018875047150857e+01
6.324499999999999567e-01 1.596029999999999949e-01 0.000000000000000000e+00 -6.622500000000003384e-03 0.000000000000000000e+00 0.000000000000000000e+00 0.000000000000000000e+00
6.324499999999999567e-01 1.529800000000000049e-01 0.000000000000000000e+00 -6.622500000000003384e-03 -1.655499999999976435e-03 -3.311250000000001692e-03 -3.774724423598468093e+01
6.324499999999999567e-01 1.463579999999999881e-01 -3.310999999999952870e-03 -1.324500000000000677e-02 -3.311249999999987814e-03 -3.311249999999994753e-03 -1.292625196448721425e+01
6.258280000000000509e-01 1.264899999999999913e-01 -6.622499999999975628e-03 -1.324499999999999289e-02 -3.311500000000022759e-03 1.655750000000004440e-03 -1.688363005703411801e+01
6.192050000000000054e-01 1.198680000000000023e-01 -9.933999999999998387e-03 -9.933499999999997887e-03 -4.966750000000019760e-03 1.655499999999997252e-03 -2.372622589268911497e+01
6.059600000000000541e-01 1.066229999999999956e-01 -1.655600000000001515e-02 -9.933999999999998387e-03 -4.966750000000019760e-03 3.311000000000001442e-03 -1.447099305763599553e+01
5.860929999999999751e-01 1.000000000000000056e-01 -1.986750000000003791e-02 -3.311499999999995003e-03 -4.966999999999999194e-03 4.966999999999999194e-03 -1.408989305596742092e+01
5.662249999999999783e-01 1.000000000000000056e-01 -2.649000000000001354e-02 0.000000000000000000e+00 -6.622499999999975628e-03 3.311499999999995003e-03 -4.719118064310814376e+00
5.331129999999999480e-01 1.000000000000000056e-01 -3.311249999999998916e-02 3.311499999999995003e-03 1.655500000000018068e-03 3.311249999999998223e-03 -3.124023506213620571e+00
5.000000000000000000e-01 1.066229999999999956e-01 -2.317899999999997740e-02 6.622499999999996445e-03 9.933749999999991198e-03 3.311000000000001442e-03 -1.017441506485442027e+01
4.867549999999999932e-01 1.132449999999999984e-01 -1.324500000000000677e-02 9.933499999999997887e-03 8.278249999999987008e-03 6.622500000000003384e-03 -3.744892905145329109e+01
4.735099999999999865e-01 1.264899999999999913e-01 -6.622500000000003384e-03 1.986750000000000321e-02 6.622500000000003384e-03 4.967000000000006132e-03 -1.790653214612530419e+01
4.735099999999999865e-01 1.529800000000000049e-01 0.000000000000000000e+00 1.986750000000001015e-02 6.622500000000003384e-03 -1.655500000000000721e-03 -1.677781972232707730e+01
4.735099999999999865e-01 1.662250000000000116e-01 6.622500000000003384e-03 1.655650000000000177e-02 9.933749999999991198e-03 -3.311250000000008631e-03 -3.287371454103944046e+01
4.867549999999999932e-01 1.860930000000000084e-01 1.986749999999998240e-02 1.324499999999999289e-02 6.622500000000003384e-03 -4.967000000000006132e-03 -1.369171091520379768e+01
5.132449999999999513e-01 1.927149999999999974e-01 1.986750000000001015e-02 6.622499999999989506e-03 1.655750000000011379e-03 -6.622499999999996445e-03 -1.551900654388416001e+01
5.264900000000000135e-01 1.993379999999999874e-01 2.317900000000000515e-02 0.000000000000000000e+00 4.966999999999985316e-03 -9.933749999999991198e-03 -1.848944329611926207e+01
5.596029999999999616e-01 1.927149999999999974e-01 2.980149999999998078e-02 -1.324499999999999289e-02 1.655500000000004190e-03 -9.933749999999998137e-03 -7.902925117332642024e+00
5.860929999999999751e-01 1.728480000000000016e-01 2.649000000000001354e-02 -1.986749999999999627e-02 -4.966999999999971438e-03 -1.655750000000004440e-03 -3.926169422822560762e+00
6.125829999999999886e-01 1.529800000000000049e-01 1.986750000000003791e-02 -1.655650000000000177e-02 -8.278250000000014763e-03 1.655749999999997502e-03 -6.021930259439895572e+00
6.258280000000000509e-01 1.397349999999999981e-01 9.933499999999984009e-03 -1.655600000000000127e-02 -6.622750000000066084e-03 -1.655249999999997002e-03 -1.751882347870933287e+01
6.324499999999999567e-01 1.198680000000000023e-01 6.621999999999905739e-03 -1.986699999999999577e-02 -3.311500000000078270e-03 -3.310999999999994503e-03 -9.550967699402615807e+00
