5.860929999999999751e-01 5.364200000000000218e-02 6.622000000000016762e-03 0.000000000000000000e+00 -3.311000000000008381e-03 3.311499999999998473e-03 7.551729173806350559e+01
5.927149999999999919e-01 5.364200000000000218e-02 3.311000000000008381e-03 3.311499999999998473e-03 -3.311000000000008381e-03 3.311249999999999957e-03 2.135387179396424528e+02
5.927149999999999919e-01 6.026499999999999913e-02 0.000000000000000000e+00 6.622499999999999915e-03 -1.655500000000004190e-03 1.655500000000002456e-03 3.774724423598535594e+01
5.927149999999999919e-01 6.688700000000000201e-02 0.000000000000000000e+00 6.622500000000003384e-03 -1.655500000000004190e-03 1.655749999999999236e-03 3.774724423598531331e+01
5.927149999999999919e-01 7.351000000000000589e-02 -3.311000000000008381e-03 9.933999999999998387e-03 -1.655500000000004190e-03 1.655499999999997252e-03 9.549669733808757499e+00
5.860929999999999751e-01 8.675499999999999878e-02 -3.311000000000008381e-03 9.933499999999997887e-03 1.655500000000004190e-03 0.000000000000000000e+00 -1.432500937659716556e+01
5.860929999999999751e-01 9.337700000000000167e-02 0.000000000000000000e+00 9.933999999999998387e-03 3.311000000000008381e-03 2.500000000002500222e-07 -3.355141720740427758e+01
5.860929999999999751e-01 1.066229999999999956e-01 3.311000000000008381e-03 9.933999999999998387e-03 3.311250000000015570e-03 -1.655749999999997502e-03 -3.342456523350953290e+01
5.927149999999999919e-01 1.132449999999999984e-01 6.622500000000031140e-03 6.622500000000003384e-03 1.655750000000011379e-03 -1.655750000000000971e-03 -2.669536307595291191e+01
5.993380000000000374e-01 1.198680000000000023e-01 6.622500000000031140e-03 6.622499999999996445e-03 1.655499999999976435e-03 -1.655750000000004440e-03 -2.669334772316121374e+01
6.059600000000000541e-01 1.264899999999999913e-01 9.933499999999984009e-03 3.310999999999994503e-03 3.311249999999960059e-03 -3.311249999999998223e-03 -3.820242859788164935e+01
6.192050000000000054e-01 1.264899999999999913e-01 1.324499999999995126e-02 0.000000000000000000e+00 2.500000000071889161e-07 -1.655499999999997252e-03 -9.436811058996369184e+00
6.324499999999999567e-01 1.264899999999999913e-01 9.933999999999998387e-03 0.000000000000000000e+00 -1.655499999999976435e-03 0.000000000000000000e+00 0.000000000000000000e+00
6.390730000000000022e-01 1.264899999999999913e-01 9.933999999999998387e-03 0.000000000000000000e+00 1.655500000000004190e-03 -1.655499999999997252e-03 -1.677570860370207129e+01
6.523179999999999534e-01 1.264899999999999913e-01 1.324500000000000677e-02 -3.310999999999994503e-03 3.311000000000008381e-03 -6.622499999999996445e-03 -3.016114612480930290e+01
6.655630000000000157e-01 1.198680000000000023e-01 1.655600000000001515e-02 -1.324499999999999289e-02 0.000000000000000000e+00 -4.967250000000002913e-03 -8.628429068942399027e+00
6.854299999999999837e-01 1.000000000000000056e-01 1.324500000000000677e-02 -1.324550000000000033e-02 -6.622249999999996195e-03 3.311249999999994753e-03 -6.672959043821701464e+00
6.920530000000000292e-01 9.337700000000000167e-02 3.311500000000022759e-03 -6.622500000000003384e-03 -4.966999999999999194e-03 3.311499999999998473e-03 -5.401905066766148167e+01
6.920530000000000292e-01 8.675499999999999878e-02 3.311000000000008381e-03 -6.622500000000003384e-03 1.655499999999976435e-03 3.311250000000001692e-03 5.402190569555660460e+01
6.986750000000000460e-01 8.013199999999999490e-02 6.622499999999975628e-03 0.000000000000000000e+00 1.655999999999990813e-03 6.622500000000003384e-03 1.510003775009449498e+02
7.052979999999999805e-01 8.675499999999999878e-02 6.622999999999990006e-03 6.622500000000003384e-03 2.775557561562891351e-17 3.311250000000001692e-03 2.669233998971503752e+01
7.119210000000000260e-01 9.337700000000000167e-02 6.622500000000031140e-03 6.622500000000003384e-03 -2.500000000071889161e-07 2.499999999967805753e-07 4.030705582993318430e-03
7.185430000000000428e-01 1.000000000000000056e-01 6.622499999999975628e-03 6.622999999999996945e-03 -2.775557561562891351e-17 -3.469446951953614189e-18 1.957751890351300601e-13
7.251659999999999773e-01 1.066229999999999956e-01 6.622499999999975628e-03 6.622499999999996445e-03 1.655500000000004190e-03 -2.499999999967805753e-07 -1.334768153797656431e+01
7.317879999999999940e-01 1.132449999999999984e-01 9.933499999999984009e-03 6.622500000000003384e-03 3.311250000000015570e-03 -1.655499999999997252e-03 -2.255095862686177099e+01
7.450329999999999453e-01 1.198680000000000023e-01 1.324500000000000677e-02 3.311500000000001942e-03 3.311500000000022759e-03 -3.311250000000001692e-03 -2.154328765880225660e+01
7.582780000000000076e-01 1.198680000000000023e-01 1.655650000000002953e-02 0.000000000000000000e+00 1.655749999999983624e-03 -3.311500000000001942e-03 -1.208057740753138098e+01
7.781460000000000043e-01 1.198680000000000023e-01 1.655649999999997402e-02 -3.311500000000001942e-03 -1.655750000000011379e-03 -4.966999999999999194e-03 -1.822366765976930125e+01
7.913909999999999556e-01 1.132449999999999984e-01 1.324500000000000677e-02 -9.933999999999998387e-03 -1.655749999999983624e-03 -1.158924999999999886e-02 -3.744707579563695532e+01
8.046360000000000179e-01 1.000000000000000056e-01 1.324500000000000677e-02 -2.648999999999999966e-02 -3.311250000000015570e-03 -9.933750000000001606e-03 -8.441177718006018793e+00
8.178809999999999691e-01 6.026499999999999913e-02 6.622499999999975628e-03 -2.980150000000000160e-02 -6.622500000000003384e-03 1.655500000000000721e-03 -6.551246375303710678e+00
8.178809999999999691e-01 4.039700000000000235e-02 0.000000000000000000e+00 -2.317899999999999822e-02 -4.966999999999971438e-03 1.655750000000000971e-03 -9.244954307469383181e+00
8.178809999999999691e-01 1.390699999999999922e-02 -3.311499999999967248e-03 -2.648999999999999966e-02 -6.622500000000003384e-03 -8.278000000000000635e-03 -7.779745520147725912e+00
8.112580000000000346e-01 -1.258300000000000043e-02 -1.324500000000000677e-02 -3.973499999999999949e-02 -4.966750000000019760e-03 -4.966750000000002413e-03 -1.790599137022454990e+00
7.913909999999999556e-01 -6.556299999999999628e-02 -1.324500000000000677e-02 -3.642350000000000448e-02 3.311250000000015570e-03 1.158949999999999911e-02 -5.650529139948410329e-01
7.847680000000000211e-01 -8.543000000000000593e-02 -6.622499999999975628e-03 -1.655600000000000127e-02 -1.655500000000004190e-03 9.933500000000004826e-03 -1.643719205396882899e+01
7.781460000000000043e-01 -9.867499999999999882e-02 -1.655600000000001515e-02 -1.655649999999999483e-02 -4.967000000000026949e-03 3.311000000000001442e-03 -1.067721011033783718e+01
7.516559999999999908e-01 -1.185429999999999956e-01 -1.655650000000002953e-02 -9.933999999999998387e-03 3.311000000000008381e-03 8.278249999999997416e-03 -1.447152414285956645e+01
7.450329999999999453e-01 -1.185429999999999956e-01 -9.933999999999998387e-03 0.000000000000000000e+00 3.311500000000022759e-03 6.622499999999996445e-03 -6.710790107400607951e+01
7.317879999999999940e-01 -1.185429999999999956e-01 -9.933499999999984009e-03 3.310999999999994503e-03 1.655750000000011379e-03 3.311249999999998223e-03 -3.342766582082302307e+01
7.251659999999999773e-01 -1.119210000000000066e-01 -6.622499999999975628e-03 6.622499999999996445e-03 1.655500000000004190e-03 6.622750000000003634e-03 -6.673437698429971476e+01
7.185430000000000428e-01 -1.052980000000000027e-01 -6.622499999999975628e-03 1.655650000000000177e-02 1.655749999999983624e-03 6.622500000000003384e-03 -1.256963197039115698e+01
7.119210000000000260e-01 -7.880800000000000305e-02 -3.311000000000008381e-03 1.986750000000000321e-02 3.311249999999987814e-03 -3.311249999999999957e-03 -6.709415122872286474e+00
7.119210000000000260e-01 -6.556299999999999628e-02 0.000000000000000000e+00 9.934000000000001857e-03 1.655500000000004190e-03 -6.622500000000003384e-03 -1.677570860370212813e+01
7.119210000000000260e-01 -5.893999999999999934e-02 0.000000000000000000e+00 6.622499999999996445e-03 1.655500000000004190e-03 -1.655750000000000971e-03 -3.774724423598539857e+01
7.119210000000000260e-01 -5.231800000000000339e-02 3.311000000000008381e-03 6.622499999999999915e-03 1.655500000000004190e-03 -3.311249999999998223e-03 -5.402190569555708066e+01
7.185430000000000428e-01 -4.569499999999999951e-02 3.311000000000008381e-03 0.000000000000000000e+00 -1.655500000000004190e-03 -6.622499999999999915e-03 -6.040927247897639063e+02
7.185430000000000428e-01 -5.231800000000000339e-02 0.000000000000000000e+00 -6.622499999999999915e-03 -3.311000000000008381e-03 -6.622499999999999915e-03 -7.549448847197071188e+01
7.185430000000000428e-01 -5.893999999999999934e-02 -3.311000000000008381e-03 -1.324499999999999983e-02 -3.311250000000015570e-03 -3.311250000000001692e-03 -1.292625196448724800e+01
7.119210000000000260e-01 -7.880800000000000305e-02 -6.622500000000031140e-03 -1.324500000000000330e-02 -3.311499999999995003e-03 0.000000000000000000e+00 -1.350690404562711500e+01
7.052979999999999805e-01 -8.543000000000000593e-02 -9.933999999999998387e-03 -1.324499999999999983e-02 -3.311249999999987814e-03 -2.499999999985152987e-07 -9.663214268237103610e+00
6.920530000000000292e-01 -1.052980000000000027e-01 -1.324500000000000677e-02 -1.324550000000000033e-02 0.000000000000000000e+00 3.311250000000001692e-03 -6.672959062840572386e+00
6.788079999999999670e-01 -1.119210000000000066e-01 -9.933999999999998387e-03 -6.622499999999996445e-03 -1.655749999999983624e-03 4.967250000000002913e-03 -3.543845012453730448e+01
6.721850000000000325e-01 -1.185429999999999956e-01 -1.655649999999997402e-02 -3.310999999999994503e-03 -4.966750000000019760e-03 3.311249999999998223e-03 -1.480611728900538360e+01
6.456950000000000189e-01 -1.185429999999999956e-01 -1.986750000000003791e-02 0.000000000000000000e+00 2.499999999794333405e-07 1.655499999999997252e-03 -4.194138248442783379e+00
6.324499999999999567e-01 -1.185429999999999956e-01 -1.655600000000001515e-02 0.000000000000000000e+00 1.655750000000039135e-03 3.311249999999998223e-03 -1.208039502616286853e+01
6.125829999999999886e-01 -1.185429999999999956e-01 -1.655599999999995964e-02 6.622499999999996445e-03 -2.499999999794333405e-07 8.278249999999997416e-03 -2.417312281333372326e+01
5.993380000000000374e-01 -1.052980000000000027e-01 -1.655649999999997402e-02 1.655649999999999483e-02 1.655499999999976435e-03 9.933750000000001606e-03 -1.494766207281572079e+01
5.794700000000000406e-01 -8.543000000000000593e-02 -1.324500000000000677e-02 2.648999999999999966e-02 8.278249999999987008e-03 4.966750000000004148e-03 -1.097359476445888760e+01
5.728480000000000238e-01 -5.231800000000000339e-02 0.000000000000000000e+00 2.649000000000000313e-02 1.324500000000000677e-02 1.734723475976807094e-18 -1.887504718761797662e+01
5.794700000000000406e-01 -3.244999999999999968e-02 1.324500000000000677e-02 2.649000000000000313e-02 8.278249999999987008e-03 -3.311250000000001692e-03 -1.012954072370938441e+01
5.993380000000000374e-01 6.620000000000000450e-04 1.655649999999997402e-02 1.986749999999999974e-02 1.655499999999976435e-03 -9.933750000000001606e-03 -1.140979176363526904e+01
6.125829999999999886e-01 7.284999999999999809e-03 1.655599999999995964e-02 6.622499999999999915e-03 8.278000000000007574e-03 -9.933749999999999872e-03 -3.867687970392034913e+01
6.324499999999999567e-01 1.390699999999999922e-02 3.311249999999998916e-02 0.000000000000000000e+00 6.622750000000038328e-03 -9.933749999999999872e-03 -9.060022650056630766e+00
6.788079999999999670e-01 7.284999999999999809e-03 2.980150000000003629e-02 -1.324499999999999983e-02 -8.277999999999979819e-03 -1.324499999999999983e-02 -1.454121037685342444e+01
6.920530000000000292e-01 -1.258300000000000043e-02 1.655650000000002953e-02 -2.648999999999999966e-02 -9.933750000000018954e-03 -6.622499999999999915e-03 -1.222920818305128066e+01
7.119210000000000260e-01 -4.569499999999999951e-02 9.933999999999998387e-03 -2.648999999999999966e-02 -8.278250000000014763e-03 4.966749999999998944e-03 -7.505158282706244854e+00
7.119210000000000260e-01 -6.556299999999999628e-02 0.000000000000000000e+00 -1.655650000000000177e-02 -4.966999999999999194e-03 6.622499999999996445e-03 -1.811995409428009296e+01
7.119210000000000260e-01 -7.880800000000000305e-02 0.000000000000000000e+00 -1.324500000000000677e-02 0.000000000000000000e+00 3.311499999999995003e-03 0.000000000000000000e+00
