3.741720000000000046e-01 2.192050000000000110e-01 0.000000000000000000e+00 -6.622000000000016762e-03 0.000000000000000000e+00 6.622000000000016762e-03 0.000000000000000000e+00
3.741720000000000046e-01 2.125829999999999942e-01 0.000000000000000000e+00 0.000000000000000000e+00 0.000000000000000000e+00 8.277750000000007324e-03 0.000000000000000000e+00
3.741720000000000046e-01 2.192050000000000110e-01 0.000000000000000000e+00 9.933499999999997887e-03 0.000000000000000000e+00 6.622499999999996445e-03 0.000000000000000000e+00
3.741720000000000046e-01 2.324499999999999900e-01 0.000000000000000000e+00 1.324499999999999289e-02 0.000000000000000000e+00 2.500000000002500222e-07 0.000000000000000000e+00
3.741720000000000046e-01 2.456949999999999967e-01 0.000000000000000000e+00 9.933999999999998387e-03 0.000000000000000000e+00 -1.655499999999997252e-03 -0.000000000000000000e+00
3.741720000000000046e-01 2.523179999999999867e-01 0.000000000000000000e+00 9.933999999999998387e-03 1.655749999999997502e-03 -2.499999999933111283e-07 -1.677824193330093649e+01
3.741720000000000046e-01 2.655629999999999935e-01 3.311499999999995003e-03 9.933500000000011765e-03 3.311250000000001692e-03 -1.655749999999997502e-03 -3.342687263111621832e+01
3.807949999999999946e-01 2.721850000000000103e-01 6.622500000000003384e-03 6.622500000000003384e-03 6.622250000000010073e-03 -1.655500000000004190e-03 -6.673034627871651026e+01
3.874170000000000114e-01 2.788080000000000003e-01 1.655600000000001515e-02 6.622500000000003384e-03 6.622499999999989506e-03 -3.311250000000001692e-03 -1.740471267299652780e+01
4.139070000000000249e-01 2.854300000000000170e-01 1.986749999999998240e-02 0.000000000000000000e+00 2.499999999794333405e-07 -6.622500000000003384e-03 -1.677781972232712349e+01
4.271519999999999762e-01 2.788080000000000003e-01 1.655649999999997402e-02 -6.622500000000003384e-03 -1.655499999999990313e-03 -3.311250000000001692e-03 -1.160233290066266676e+01
4.470199999999999729e-01 2.721850000000000103e-01 1.655650000000000177e-02 -6.622500000000003384e-03 -1.655749999999983624e-03 0.000000000000000000e+00 -1.933868146497745855e+00
4.602649999999999797e-01 2.655629999999999935e-01 1.324500000000000677e-02 -6.622500000000003384e-03 -3.311499999999995003e-03 0.000000000000000000e+00 -6.753452022813571709e+00
4.735099999999999865e-01 2.589400000000000035e-01 9.933500000000011765e-03 -6.622500000000003384e-03 -3.311250000000001692e-03 0.000000000000000000e+00 -1.288681803753785005e+01
4.801320000000000032e-01 2.523179999999999867e-01 6.622500000000003384e-03 -6.622500000000003384e-03 -1.655500000000004190e-03 6.938893903907228378e-18 -1.334566618518496206e+01
4.867549999999999932e-01 2.456949999999999967e-01 6.622500000000003384e-03 -6.622499999999989506e-03 -1.655749999999997502e-03 3.311250000000001692e-03 1.334566618518508996e+01
4.933770000000000100e-01 2.390730000000000077e-01 3.311000000000008381e-03 0.000000000000000000e+00 -3.311250000000001692e-03 6.622499999999989506e-03 6.040927247897629968e+02
4.933770000000000100e-01 2.456949999999999967e-01 0.000000000000000000e+00 6.622499999999989506e-03 2.499999999933111283e-07 4.966999999999999194e-03 -5.700278501204385749e-03
4.933770000000000100e-01 2.523179999999999867e-01 3.311499999999995003e-03 9.933999999999998387e-03 3.311500000000008881e-03 1.655500000000011129e-03 -2.387597699978775623e+01
5.000000000000000000e-01 2.655629999999999935e-01 6.623000000000017762e-03 9.933500000000011765e-03 1.655499999999990313e-03 -2.499999999933111283e-07 -9.664440024442285448e+00
5.066230000000000455e-01 2.721850000000000103e-01 6.622499999999975628e-03 9.933500000000011765e-03 1.655249999999983124e-03 2.499999999933111283e-07 -9.661708233067402674e+00
5.132449999999999513e-01 2.854300000000000170e-01 9.933499999999984009e-03 9.933999999999998387e-03 3.311250000000015570e-03 -3.311000000000008381e-03 -2.372652448601496999e+01
5.264900000000000135e-01 2.920530000000000070e-01 1.324500000000000677e-02 3.311499999999995003e-03 3.311499999999995003e-03 -3.311499999999995003e-03 -2.154458883733265040e+01
5.397349999999999648e-01 2.920530000000000070e-01 1.655649999999997402e-02 3.311000000000008381e-03 1.655750000000011379e-03 -2.499999999933111283e-07 -1.139805240340646675e+00
5.596029999999999616e-01 2.986750000000000238e-01 1.655650000000002953e-02 3.311000000000008381e-03 -2.499999999794333405e-07 -3.311000000000008381e-03 -1.138859337388723603e+01
5.728480000000000238e-01 2.986750000000000238e-01 1.655600000000001515e-02 -3.311000000000008381e-03 -2.500000000071889161e-07 -4.966750000000005882e-03 -1.708515229677252023e+01
5.927149999999999919e-01 2.920530000000000070e-01 1.655600000000001515e-02 -6.622500000000003384e-03 -1.655500000000004190e-03 -6.622749999999996695e-03 -2.127289705885303306e+01
6.059600000000000541e-01 2.854300000000000170e-01 1.324500000000000677e-02 -1.655650000000000177e-02 -4.966750000000019760e-03 -8.278000000000000635e-03 -2.013041253815428888e+01
6.192050000000000054e-01 2.589400000000000035e-01 6.622499999999975628e-03 -2.317850000000000465e-02 -6.622500000000003384e-03 2.500000000002500222e-07 -1.095786343282877517e+01
6.192050000000000054e-01 2.390730000000000077e-01 0.000000000000000000e+00 -1.655600000000000127e-02 -4.966749999999992005e-03 3.311000000000001442e-03 -1.812013650319198632e+01
6.192050000000000054e-01 2.258280000000000010e-01 -3.311000000000008381e-03 -1.655650000000000177e-02 -8.278000000000007574e-03 -6.622749999999996695e-03 -2.391802387516198891e+01
6.125829999999999886e-01 2.059600000000000042e-01 -1.655600000000001515e-02 -2.980149999999999466e-02 -8.278249999999987008e-03 -6.622250000000003134e-03 -3.459332078705822155e+00
5.860929999999999751e-01 1.662250000000000116e-01 -1.986749999999998240e-02 -2.980100000000000804e-02 1.655500000000004190e-03 4.966999999999992255e-03 -1.074008218211780941e+00
5.728480000000000238e-01 1.463579999999999881e-01 -1.324500000000000677e-02 -1.986750000000001015e-02 3.311249999999987814e-03 6.622250000000006603e-03 -1.610524831681641622e+00
5.596029999999999616e-01 1.264899999999999913e-01 -1.324500000000000677e-02 -1.655649999999999483e-02 0.000000000000000000e+00 4.967000000000006132e-03 -6.902118758988429192e+00
5.463580000000000103e-01 1.132449999999999984e-01 -1.324500000000000677e-02 -9.933499999999997887e-03 -3.311249999999987814e-03 4.966999999999999194e-03 -2.174482778483026735e+01
5.331129999999999480e-01 1.066229999999999956e-01 -1.986749999999998240e-02 -6.622499999999996445e-03 -3.311499999999981125e-03 3.311000000000001442e-03 -9.549741891697303586e+00
5.066230000000000455e-01 1.000000000000000056e-01 -1.986799999999996902e-02 -3.311499999999995003e-03 4.966749999999978127e-03 3.311249999999998223e-03 -6.037966259093153987e+00
4.933770000000000100e-01 1.000000000000000056e-01 -9.934000000000026143e-03 0.000000000000000000e+00 4.967249999999978627e-03 3.311499999999995003e-03 -3.355648386660168825e+01
4.867549999999999932e-01 1.000000000000000056e-01 -9.933500000000011765e-03 3.311499999999995003e-03 1.387778780781445676e-17 3.311249999999998223e-03 -2.865088402185621774e+01
4.735099999999999865e-01 1.066229999999999956e-01 -9.933999999999998387e-03 6.622499999999996445e-03 1.655500000000004190e-03 1.655500000000004190e-03 -1.610586579671397089e+01
4.668869999999999965e-01 1.132449999999999984e-01 -6.622500000000003384e-03 6.622500000000003384e-03 3.311499999999995003e-03 0.000000000000000000e+00 -2.669536307595288704e+01
4.602649999999999797e-01 1.198680000000000023e-01 -3.311000000000008381e-03 6.622499999999996445e-03 4.966750000000005882e-03 -1.655750000000004440e-03 -6.753044142546693251e+01
4.602649999999999797e-01 1.264899999999999913e-01 3.311000000000008381e-03 3.310999999999994503e-03 3.311000000000008381e-03 -4.966749999999995474e-03 -2.669616949098195278e+02
4.668869999999999965e-01 1.264899999999999913e-01 3.311000000000008381e-03 -3.310999999999994503e-03 -1.655500000000004190e-03 -4.966749999999995474e-03 -2.135709684535716519e+02
4.668869999999999965e-01 1.198680000000000023e-01 0.000000000000000000e+00 -6.622499999999996445e-03 -1.655500000000004190e-03 -1.655750000000004440e-03 -3.774724423598539857e+01
4.668869999999999965e-01 1.132449999999999984e-01 0.000000000000000000e+00 -6.622500000000003384e-03 -1.655500000000004190e-03 1.655749999999997502e-03 -3.774724423598531331e+01
4.668869999999999965e-01 1.066229999999999956e-01 -3.311000000000008381e-03 -3.311000000000001442e-03 -3.311250000000001692e-03 1.655500000000004190e-03 -1.601802419973233498e+02
4.602649999999999797e-01 1.066229999999999956e-01 -6.622500000000003384e-03 -3.311499999999995003e-03 -3.311499999999995003e-03 -2.499999999967805753e-07 -2.701054521540755715e+01
4.536419999999999897e-01 1.000000000000000056e-01 -9.933999999999998387e-03 -3.311499999999995003e-03 -6.622499999999989506e-03 1.655749999999997502e-03 -3.342521416186977490e+01
4.403969999999999829e-01 1.000000000000000056e-01 -1.986749999999998240e-02 0.000000000000000000e+00 -4.966749999999992005e-03 3.311499999999995003e-03 -8.389543225441475016e+00
4.139070000000000249e-01 1.000000000000000056e-01 -1.986749999999998240e-02 3.311499999999995003e-03 1.655749999999983624e-03 4.966999999999999194e-03 -1.274794541261262637e+01
4.006620000000000181e-01 1.066229999999999956e-01 -1.655600000000001515e-02 9.933999999999998387e-03 4.966999999999985316e-03 4.966750000000005882e-03 -1.827990578708802971e+01
3.807949999999999946e-01 1.198680000000000023e-01 -9.933500000000011765e-03 1.324500000000000677e-02 8.278000000000007574e-03 -2.500000000002500222e-07 -2.415980502326717172e+01
3.807949999999999946e-01 1.331130000000000091e-01 0.000000000000000000e+00 9.933499999999997887e-03 4.966750000000005882e-03 -3.311250000000008631e-03 -5.033472592741740215e+01
3.807949999999999946e-01 1.397349999999999981e-01 0.000000000000000000e+00 6.622499999999989506e-03 8.278000000000007574e-03 2.500000000002500222e-07 -1.887476217369298297e+02
3.807949999999999946e-01 1.463579999999999881e-01 1.655600000000001515e-02 9.933999999999998387e-03 1.158924999999999539e-02 6.938893903907228378e-18 -1.599524821150666121e+01
4.139070000000000249e-01 1.596029999999999949e-01 2.317849999999999078e-02 6.622500000000003384e-03 2.499999999794333405e-07 -6.622749999999996695e-03 -1.095851348012762649e+01
4.271519999999999762e-01 1.596029999999999949e-01 1.655649999999997402e-02 -3.311499999999995003e-03 -1.655499999999990313e-03 -9.933749999999998137e-03 -3.530720595508724102e+01
4.470199999999999729e-01 1.529800000000000049e-01 1.986750000000001015e-02 -1.324499999999999289e-02 -3.311499999999981125e-03 -4.966750000000005882e-03 -1.047005318537834917e+01
4.668869999999999965e-01 1.331130000000000091e-01 9.933500000000011765e-03 -1.324500000000000677e-02 -9.933750000000005076e-03 3.310999999999987564e-03 -2.174537501266796369e+01
4.668869999999999965e-01 1.264899999999999913e-01 0.000000000000000000e+00 -6.623000000000017762e-03 -9.933500000000011765e-03 6.621999999999989006e-03 -2.264606690355109890e+02
