4.602649999999999797e-01 2.059600000000000042e-01 -6.622999999999990006e-03 0.000000000000000000e+00 4.999999999866222566e-07 1.324499999999999289e-02 -3.019551579378227757e+02
4.536419999999999897e-01 2.059600000000000042e-01 -6.622500000000003384e-03 1.324499999999999289e-02 1.655999999999990813e-03 9.933749999999998137e-03 -2.701329824284556125e+01
4.470199999999999729e-01 2.324499999999999900e-01 -3.311000000000008381e-03 1.986749999999999627e-02 3.311250000000001692e-03 6.938893903907228378e-18 -8.051176574376588846e+00
4.470199999999999729e-01 2.456949999999999967e-01 0.000000000000000000e+00 1.324500000000000677e-02 3.311000000000008381e-03 -1.655499999999997252e-03 -1.887362211799265665e+01
4.470199999999999729e-01 2.589400000000000035e-01 3.311000000000008381e-03 1.655650000000000177e-02 6.622500000000003384e-03 0.000000000000000000e+00 -2.277925052186819244e+01
4.536419999999999897e-01 2.788080000000000003e-01 1.324500000000000677e-02 1.324500000000000677e-02 6.622749999999996695e-03 -6.622749999999996695e-03 -2.669435539955717474e+01
4.735099999999999865e-01 2.854300000000000170e-01 1.655650000000000177e-02 3.311000000000008381e-03 0.000000000000000000e+00 -6.622500000000003384e-03 -2.277925052186819244e+01
4.867549999999999932e-01 2.854300000000000170e-01 1.324500000000000677e-02 0.000000000000000000e+00 1.655500000000004190e-03 -6.622250000000010073e-03 -3.774866930561061196e+01
5.000000000000000000e-01 2.854300000000000170e-01 1.986750000000001015e-02 -9.933500000000011765e-03 3.311249999999987814e-03 -9.933750000000005076e-03 -1.500684029887490745e+01
5.264900000000000135e-01 2.655629999999999935e-01 1.986749999999998240e-02 -1.986750000000001015e-02 -3.311250000000001692e-03 -4.966999999999992255e-03 -7.414930776033265225e+00
5.397349999999999648e-01 2.456949999999999967e-01 1.324500000000000677e-02 -1.986749999999999627e-02 -4.966749999999992005e-03 3.311250000000008631e-03 -4.026737725727539186e+00
5.529800000000000271e-01 2.258280000000000010e-01 9.933999999999998387e-03 -1.324499999999999289e-02 -3.311250000000015570e-03 4.966749999999998944e-03 1.207970179848101067e+00
5.596029999999999616e-01 2.192050000000000110e-01 6.622499999999975628e-03 -9.933999999999998387e-03 -3.311499999999995003e-03 4.966999999999992255e-03 -1.459319957217538894e-03
5.662249999999999783e-01 2.059600000000000042e-01 3.311000000000008381e-03 -3.311000000000008381e-03 -1.655499999999976435e-03 8.278250000000000886e-03 2.135870937107311818e+02
5.662249999999999783e-01 2.125829999999999942e-01 3.311500000000022759e-03 6.622500000000003384e-03 1.655750000000011379e-03 9.933500000000004826e-03 5.402312927016281208e+01
5.728480000000000238e-01 2.192050000000000110e-01 6.622500000000031140e-03 1.655600000000000127e-02 1.655499999999976435e-03 8.278249999999993947e-03 4.835266992536094932e+00
5.794700000000000406e-01 2.456949999999999967e-01 6.622499999999975628e-03 2.317899999999999128e-02 1.655749999999983624e-03 3.311500000000001942e-03 -1.174130065825989222e+00
5.860929999999999751e-01 2.655629999999999935e-01 9.933999999999998387e-03 2.317900000000000515e-02 1.655500000000031946e-03 -3.311499999999988064e-03 -4.443932766605956708e+00
5.993380000000000374e-01 2.920530000000000070e-01 9.933500000000039520e-03 1.655600000000001515e-02 3.310999999999980625e-03 -6.622500000000003384e-03 -1.675643540436007939e+01
6.059600000000000541e-01 2.986750000000000238e-01 1.655599999999995964e-02 9.933999999999998387e-03 6.622749999999955062e-03 -6.622250000000010073e-03 -2.437313104718309020e+01
6.324499999999999567e-01 3.119210000000000038e-01 2.317899999999994964e-02 3.311499999999995003e-03 1.655750000000039135e-03 -1.324525000000000008e-02 -2.434422477573257382e+01
6.523179999999999534e-01 3.052980000000000138e-01 1.986750000000003791e-02 -1.655650000000000177e-02 -4.966999999999971438e-03 -1.158950000000000258e-02 -1.806583863256368261e+01
6.721850000000000325e-01 2.788080000000000003e-01 1.324500000000000677e-02 -1.986750000000001015e-02 -6.622500000000031140e-03 -3.311250000000001692e-03 -1.288614446613190623e+01
6.788079999999999670e-01 2.655629999999999935e-01 6.622499999999975628e-03 -2.317900000000000515e-02 -4.966999999999999194e-03 -8.278249999999993947e-03 -1.213181064222333916e+01
6.854299999999999837e-01 2.324499999999999900e-01 3.311000000000008381e-03 -3.642399999999999805e-02 -6.622499999999975628e-03 -6.622249999999996195e-03 -5.378610499631699682e+00
6.854299999999999837e-01 1.927149999999999974e-01 -6.622499999999975628e-03 -3.642349999999999755e-02 -8.278000000000007574e-03 1.655749999999997502e-03 -6.158691812152536471e+00
6.721850000000000325e-01 1.596029999999999949e-01 -1.324500000000000677e-02 -3.311250000000000304e-02 -4.966750000000019760e-03 3.311000000000001442e-03 -4.592605205694087367e+00
6.589399999999999702e-01 1.264899999999999913e-01 -1.655600000000001515e-02 -2.980149999999999466e-02 -1.655499999999976435e-03 8.278000000000004105e-03 -4.704105798169846864e+00
6.390730000000000022e-01 1.000000000000000056e-01 -1.655599999999995964e-02 -1.655649999999999483e-02 1.655500000000004190e-03 1.158949999999999564e-02 -1.281287139402462572e+01
6.258280000000000509e-01 9.337700000000000167e-02 -1.324500000000000677e-02 -6.622500000000003384e-03 -2.500000000349444917e-07 3.311499999999998473e-03 -1.350741389403601644e+01
6.125829999999999886e-01 8.675499999999999878e-02 -1.655650000000002953e-02 -9.933499999999997887e-03 -3.311249999999987814e-03 3.469446951953614189e-18 -4.569768412722842399e+00
5.927149999999999919e-01 7.351000000000000589e-02 -1.986749999999998240e-02 -6.622499999999996445e-03 2.500000000071889161e-07 8.277999999999997166e-03 -1.790599137022446996e+01
5.728480000000000238e-01 7.351000000000000589e-02 -1.655600000000001515e-02 6.622499999999996445e-03 3.311249999999987814e-03 9.933749999999998137e-03 -3.287540615144833112e+01
5.596029999999999616e-01 8.675499999999999878e-02 -1.324500000000000677e-02 1.324499999999999983e-02 4.966750000000019760e-03 1.655750000000000971e-03 -1.334667386158077207e+01
5.463580000000000103e-01 1.000000000000000056e-01 -6.622499999999975628e-03 9.933999999999998387e-03 6.622500000000003384e-03 -1.655500000000000721e-03 -3.221513662436083081e+01
5.463580000000000103e-01 1.066229999999999956e-01 0.000000000000000000e+00 9.933999999999998387e-03 3.311249999999987814e-03 -2.500000000002500222e-07 -3.355395053700293317e+01
5.463580000000000103e-01 1.198680000000000023e-01 0.000000000000000000e+00 9.933499999999997887e-03 1.655500000000004190e-03 -1.655749999999997502e-03 -1.677739744759442431e+01
5.463580000000000103e-01 1.264899999999999913e-01 3.311000000000008381e-03 6.622500000000003384e-03 3.311249999999987814e-03 -4.966749999999998944e-03 -9.454139427324513179e+01
5.529800000000000271e-01 1.331130000000000091e-01 6.622499999999975628e-03 0.000000000000000000e+00 2.499999999794333405e-07 -6.622500000000003384e-03 -1.510003775009449498e+02
5.596029999999999616e-01 1.264899999999999913e-01 3.311499999999967248e-03 -6.622500000000003384e-03 -4.966999999999971438e-03 -6.622499999999996445e-03 -1.350588432109506698e+02
5.596029999999999616e-01 1.198680000000000023e-01 -3.311499999999967248e-03 -1.324499999999999289e-02 -6.622749999999982817e-03 -6.622750000000000165e-03 -2.585148972404551060e+01
5.529800000000000271e-01 1.000000000000000056e-01 -9.933999999999998387e-03 -1.986800000000000371e-02 -4.966750000000019760e-03 -3.469446951953614189e-18 -9.003243129840857506e+00
5.397349999999999648e-01 8.013199999999999490e-02 -1.324500000000000677e-02 -1.324499999999999983e-02 -3.310999999999980625e-03 4.967250000000002913e-03 -1.668359424607481856e+01
5.264900000000000135e-01 7.351000000000000589e-02 -1.655599999999995964e-02 -9.933499999999997887e-03 -8.278250000000000886e-03 3.311249999999998223e-03 -1.904221942721954619e+01
5.066230000000000455e-01 6.026499999999999913e-02 -2.980150000000000854e-02 -6.622500000000003384e-03 -4.967250000000034138e-03 6.622249999999999664e-03 -8.092491906393128431e+00
4.668869999999999965e-01 6.026499999999999913e-02 -2.649050000000002791e-02 3.311000000000001442e-03 6.622750000000010573e-03 9.933750000000001606e-03 -1.498286778053731716e+01
4.536419999999999897e-01 6.688700000000000201e-02 -1.655599999999998739e-02 1.324499999999999983e-02 6.622750000000010573e-03 6.622750000000000165e-03 -2.070758705928152565e+01
4.337750000000000217e-01 8.675499999999999878e-02 -1.324500000000000677e-02 1.655650000000000177e-02 8.277999999999993697e-03 1.655750000000000971e-03 -1.667987425681477731e+01
4.271519999999999762e-01 1.000000000000000056e-01 0.000000000000000000e+00 1.655650000000000177e-02 1.158950000000000258e-02 1.655499999999997252e-03 -4.227928487530888191e+01
4.337750000000000217e-01 1.198680000000000023e-01 9.933999999999998387e-03 1.986749999999999627e-02 9.933749999999991198e-03 -2.500000000002500222e-07 -1.800780048083529650e+01
4.470199999999999729e-01 1.397349999999999981e-01 1.986749999999998240e-02 1.655600000000000127e-02 8.278000000000007574e-03 -6.622499999999996445e-03 -1.553033170724176770e+01
4.735099999999999865e-01 1.529800000000000049e-01 2.649000000000001354e-02 6.622500000000003384e-03 0.000000000000000000e+00 -9.933500000000004826e-03 -1.292542914970851520e+01
5.000000000000000000e-01 1.529800000000000049e-01 1.986749999999998240e-02 -3.311000000000008381e-03 -6.622500000000003384e-03 -8.278000000000000635e-03 -2.281116040627449948e+01
5.132449999999999513e-01 1.463579999999999881e-01 1.324500000000000677e-02 -9.933499999999997887e-03 2.775557561562891351e-17 -1.158974999999999242e-02 -3.382609839360251414e+01
5.264900000000000135e-01 1.331130000000000091e-01 1.986750000000003791e-02 -2.649049999999999322e-02 0.000000000000000000e+00 -6.622750000000003634e-03 -3.624014530059032513e+00
5.529800000000000271e-01 9.337700000000000167e-02 1.324500000000000677e-02 -2.317900000000000515e-02 -9.933750000000018954e-03 9.934249999999995168e-03 -5.186229044869190119e+00
5.529800000000000271e-01 8.675499999999999878e-02 0.000000000000000000e+00 -6.622000000000002884e-03 -1.324500000000000677e-02 1.655700000000000227e-02 -3.020463623948834311e+02
