5.331129999999999480e-01 2.125829999999999942e-01 0.000000000000000000e+00 -6.622999999999990006e-03 -3.311499999999967248e-03 3.311499999999995003e-03 -7.549448890230961240e+01
5.331129999999999480e-01 2.059600000000000042e-01 -3.311499999999967248e-03 -3.311499999999995003e-03 -1.655749999999983624e-03 1.655999999999990813e-03 -1.067733902841001452e+02
5.264900000000000135e-01 2.059600000000000042e-01 -3.311499999999967248e-03 -3.311000000000008381e-03 2.499999999794333405e-07 2.499999999933111283e-07 -1.217276566167424204e-06
5.264900000000000135e-01 1.993379999999999874e-01 -3.311000000000008381e-03 -3.311000000000008381e-03 -1.655500000000031946e-03 4.966750000000005882e-03 -2.135709684535717372e+02
5.198679999999999968e-01 1.993379999999999874e-01 -6.622500000000031140e-03 6.622500000000003384e-03 -1.655749999999983624e-03 6.622250000000010073e-03 -4.003699855555513665e+01
5.132449999999999513e-01 2.125829999999999942e-01 -6.622499999999975628e-03 9.933500000000011765e-03 1.655750000000039135e-03 1.655499999999997252e-03 -1.610852252855795541e+01
5.066230000000000455e-01 2.192050000000000110e-01 -3.310999999999952870e-03 9.933499999999997887e-03 3.311249999999987814e-03 1.655749999999990563e-03 -3.342766582082285254e+01
5.066230000000000455e-01 2.324499999999999900e-01 0.000000000000000000e+00 1.324499999999999289e-02 1.655499999999976435e-03 1.655750000000004440e-03 -9.436811058996191548e+00
5.066230000000000455e-01 2.456949999999999967e-01 0.000000000000000000e+00 1.324500000000000677e-02 0.000000000000000000e+00 6.938893903907228378e-18 0.000000000000000000e+00
5.066230000000000455e-01 2.589400000000000035e-01 0.000000000000000000e+00 1.324500000000000677e-02 0.000000000000000000e+00 -1.655500000000004190e-03 -0.000000000000000000e+00
5.066230000000000455e-01 2.721850000000000103e-01 0.000000000000000000e+00 9.933999999999998387e-03 1.655499999999976435e-03 -3.311250000000001692e-03 -1.677570860370185812e+01
5.066230000000000455e-01 2.788080000000000003e-01 3.310999999999952870e-03 6.622500000000003384e-03 4.966749999999992005e-03 -1.655749999999997502e-03 -9.454343360528419282e+01
5.132449999999999513e-01 2.854300000000000170e-01 9.933499999999984009e-03 6.622500000000003384e-03 4.967000000000026949e-03 -1.655500000000004190e-03 -2.899485412422793829e+01
5.264900000000000135e-01 2.920530000000000070e-01 1.324500000000000677e-02 3.311499999999995003e-03 2.500000000071889161e-07 -3.311250000000001692e-03 -1.723443495517419422e+01
5.397349999999999648e-01 2.920530000000000070e-01 9.933999999999998387e-03 0.000000000000000000e+00 -1.655500000000004190e-03 -1.655749999999997502e-03 -1.677824193330093649e+01
5.463580000000000103e-01 2.920530000000000070e-01 9.933999999999998387e-03 0.000000000000000000e+00 1.655500000000004190e-03 -1.655749999999997502e-03 -1.677824193330093649e+01
5.596029999999999616e-01 2.920530000000000070e-01 1.324500000000000677e-02 -3.311499999999995003e-03 -2.499999999794333405e-07 -3.311250000000001692e-03 -1.723443495517415514e+01
5.728480000000000238e-01 2.854300000000000170e-01 9.933500000000039520e-03 -6.622500000000003384e-03 0.000000000000000000e+00 -4.966750000000005882e-03 -2.899388116703338980e+01
5.794700000000000406e-01 2.788080000000000003e-01 1.324500000000000677e-02 -1.324500000000000677e-02 1.655749999999983624e-03 -3.311250000000001692e-03 -3.336416546296282704e+00
5.993380000000000374e-01 2.589400000000000035e-01 1.324500000000000677e-02 -1.324500000000000677e-02 -4.966999999999999194e-03 1.655750000000004440e-03 -6.673336930790352284e+00
6.059600000000000541e-01 2.523179999999999867e-01 3.311000000000008381e-03 -9.933499999999997887e-03 -4.966750000000019760e-03 1.655500000000004190e-03 -3.820242859788177725e+01
6.059600000000000541e-01 2.390730000000000077e-01 3.311499999999967248e-03 -9.933999999999998387e-03 2.499999999794333405e-07 1.655499999999997252e-03 4.776781543110976358e+00
6.125829999999999886e-01 2.324499999999999900e-01 3.311499999999967248e-03 -6.622500000000003384e-03 -2.499999999794333405e-07 1.655750000000004440e-03 1.350323330645371200e+01
6.125829999999999886e-01 2.258280000000000010e-01 3.311000000000008381e-03 -6.622499999999989506e-03 -2.499999999794333405e-07 0.000000000000000000e+00 -4.078972039498102858e-03
6.192050000000000054e-01 2.192050000000000110e-01 3.311000000000008381e-03 -6.622500000000003384e-03 -1.655500000000004190e-03 -6.938893903907228378e-18 -2.701095284777858652e+01
6.192050000000000054e-01 2.125829999999999942e-01 0.000000000000000000e+00 -6.622500000000003384e-03 2.500000000071889161e-07 1.655500000000004190e-03 5.700278501520788903e-03
6.192050000000000054e-01 2.059600000000000042e-01 3.311500000000022759e-03 -3.311499999999995003e-03 3.311249999999987814e-03 6.622500000000003384e-03 3.202718096881317820e+02
6.258280000000000509e-01 2.059600000000000042e-01 6.622499999999975628e-03 6.622500000000003384e-03 -2.500000000349444917e-07 6.622749999999996695e-03 5.339072615190622884e+01
6.324499999999999567e-01 2.192050000000000110e-01 3.310999999999952870e-03 9.933999999999998387e-03 -1.655499999999976435e-03 3.311249999999994753e-03 2.387273243965010394e+01
6.324499999999999567e-01 2.258280000000000010e-01 3.311500000000022759e-03 1.324499999999999289e-02 2.500000000349444917e-07 3.311000000000001442e-03 4.307226205905022809e+00
6.390730000000000022e-01 2.456949999999999967e-01 3.311500000000022759e-03 1.655600000000000127e-02 -2.500000000071889161e-07 6.938893903907228378e-18 8.599528179627377806e-04
6.390730000000000022e-01 2.589400000000000035e-01 3.311000000000008381e-03 1.324500000000000677e-02 -2.500000000071889161e-07 -1.655499999999997252e-03 -2.152694605973414888e+00
6.456950000000000189e-01 2.721850000000000103e-01 3.311000000000008381e-03 1.324500000000000677e-02 3.311499999999995003e-03 0.000000000000000000e+00 -1.723587009478525900e+01
6.456950000000000189e-01 2.854300000000000170e-01 9.933999999999998387e-03 1.324500000000000677e-02 4.966999999999999194e-03 -1.655500000000004190e-03 -1.811973519807710531e+01
6.655630000000000157e-01 2.986750000000000238e-01 1.324500000000000677e-02 9.933999999999998387e-03 -1.655750000000011379e-03 -4.966750000000005882e-03 -1.087100205790259722e+01
6.721850000000000325e-01 3.052980000000000138e-01 6.622499999999975628e-03 3.311499999999995003e-03 -1.655500000000004190e-03 -4.966999999999999194e-03 -6.752840203183446022e+01
6.788079999999999670e-01 3.052980000000000138e-01 9.933999999999998387e-03 0.000000000000000000e+00 1.655500000000031946e-03 -3.311499999999995003e-03 -3.355648386660187299e+01
6.920530000000000292e-01 3.052980000000000138e-01 9.933500000000039520e-03 -3.311499999999995003e-03 -1.655750000000011379e-03 -3.311250000000001692e-03 -3.342687263111608331e+01
6.986750000000000460e-01 2.986750000000000238e-01 6.622499999999975628e-03 -6.622500000000003384e-03 1.655999999999963057e-03 -6.622250000000010073e-03 -4.003498320276388966e+01
7.052979999999999805e-01 2.920530000000000070e-01 1.324549999999996563e-02 -1.655600000000001515e-02 4.967000000000026949e-03 -6.622500000000003384e-03 -5.754289978519662174e-01
7.251659999999999773e-01 2.655629999999999935e-01 1.655650000000002953e-02 -1.986750000000001015e-02 -1.655999999999990813e-03 -2.499999999933111283e-07 -1.902301974221615177e+00
7.384110000000000396e-01 2.523179999999999867e-01 9.933499999999984009e-03 -1.655650000000000177e-02 -4.967000000000026949e-03 1.655500000000011129e-03 -9.140456897608224551e+00
7.450329999999999453e-01 2.324499999999999900e-01 6.622499999999975628e-03 -1.655649999999998789e-02 -1.655499999999976435e-03 2.500000000002500222e-07 -4.833721384215371231e+00
7.516559999999999908e-01 2.192050000000000110e-01 6.622500000000031140e-03 -1.655600000000000127e-02 -1.655749999999983624e-03 -4.966750000000005882e-03 -1.063644852942650054e+01
7.582780000000000076e-01 1.993379999999999874e-01 3.311000000000008381e-03 -2.648999999999999966e-02 -3.311250000000015570e-03 -3.311499999999995003e-03 -5.186591168290476617e+00
7.582780000000000076e-01 1.662250000000000116e-01 0.000000000000000000e+00 -2.317899999999999128e-02 -3.311000000000008381e-03 1.655749999999997502e-03 -6.162682446553533033e+00
7.582780000000000076e-01 1.529800000000000049e-01 -3.311000000000008381e-03 -2.317850000000000465e-02 -3.311250000000015570e-03 2.499999999933111283e-07 -5.979526580350167819e+00
7.516559999999999908e-01 1.198680000000000023e-01 -6.622500000000031140e-03 -2.317850000000000465e-02 -2.500000000071889161e-07 4.966500000000002163e-03 -2.348400624129654446e+00
7.450329999999999453e-01 1.066229999999999956e-01 -3.311500000000022759e-03 -1.324550000000000033e-02 1.655750000000039135e-03 3.311000000000004911e-03 4.309044034716657201e+00
7.450329999999999453e-01 9.337700000000000167e-02 -3.310999999999952870e-03 -1.655649999999999483e-02 -1.655499999999976435e-03 -1.655250000000000471e-03 -4.555781285934570768e+00
7.384110000000000396e-01 7.351000000000000589e-02 -6.622499999999975628e-03 -1.655600000000000127e-02 -1.655750000000039135e-03 3.311249999999996488e-03 -8.702721350463132666e+00
7.317879999999999940e-01 6.026499999999999913e-02 -6.622500000000031140e-03 -9.934000000000001857e-03 0.000000000000000000e+00 3.311000000000001442e-03 -1.288449808096372884e+01
7.251659999999999773e-01 5.364200000000000218e-02 -6.622499999999975628e-03 -9.933999999999998387e-03 2.775557561562891351e-17 1.655750000000000971e-03 -6.443221895969545976e+00
7.185430000000000428e-01 4.039700000000000235e-02 -6.622499999999975628e-03 -6.622499999999999915e-03 -2.775557561562891351e-17 3.311499999999998473e-03 -2.669536307595321745e+01
7.119210000000000260e-01 4.039700000000000235e-02 -6.622500000000031140e-03 -3.311000000000001442e-03 -1.655750000000011379e-03 1.655749999999999236e-03 -4.052152790972651530e+01
7.052979999999999805e-01 3.377499999999999947e-02 -9.933999999999998387e-03 -3.311000000000001442e-03 -1.655749999999983624e-03 1.655500000000000721e-03 -1.909861852018168449e+01
6.920530000000000292e-01 3.377499999999999947e-02 -9.933999999999998387e-03 0.000000000000000000e+00 0.000000000000000000e+00 3.311000000000001442e-03 -3.355141720740420652e+01
6.854299999999999837e-01 3.377499999999999947e-02 -9.933999999999998387e-03 3.311000000000001442e-03 2.500000000071889161e-07 3.311249999999999957e-03 -2.865045131404080436e+01
6.721850000000000325e-01 4.039700000000000235e-02 -9.933499999999984009e-03 6.622499999999999915e-03 2.499999999794333405e-07 3.311499999999998473e-03 -1.933217293396598890e+01
6.655630000000000157e-01 4.701999999999999930e-02 -9.933500000000039520e-03 9.933999999999998387e-03 -2.500000000071889161e-07 1.655500000000000721e-03 -5.930362178766596770e+00
6.523179999999999534e-01 6.026499999999999913e-02 -9.933999999999998387e-03 9.933500000000001356e-03 1.655500000000031946e-03 1.655500000000000721e-03 -1.186281437556100293e+01
6.456950000000000189e-01 6.688700000000000201e-02 -6.622499999999975628e-03 1.324499999999999983e-02 3.311499999999995003e-03 1.655749999999999236e-03 -1.688363005703397945e+01
6.390730000000000022e-01 8.675499999999999878e-02 -3.311000000000008381e-03 1.324499999999999983e-02 3.311249999999987814e-03 -3.311249999999998223e-03 -1.292625196448710945e+01
6.390730000000000022e-01 9.337700000000000167e-02 0.000000000000000000e+00 6.622500000000003384e-03 1.655500000000004190e-03 -3.311000000000001442e-03 -3.774724423598531331e+01
6.390730000000000022e-01 1.000000000000000056e-01 0.000000000000000000e+00 6.622999999999996945e-03 0.000000000000000000e+00 -3.469446951953614189e-18 -0.000000000000000000e+00
6.390730000000000022e-01 1.066229999999999956e-01 0.000000000000000000e+00 6.622499999999996445e-03 -1.655750000000011379e-03 -1.655999999999997752e-03 3.775294451448692001e+01
6.390730000000000022e-01 1.132449999999999984e-01 -3.311500000000022759e-03 3.311000000000001442e-03 -1.655750000000011379e-03 -4.966749999999998944e-03 2.135548407618356919e+02
6.324499999999999567e-01 1.132449999999999984e-01 -3.311500000000022759e-03 -3.311000000000001442e-03 2.500000000349444917e-07 -4.966749999999998944e-03 1.601762068787705573e+02
6.324499999999999567e-01 1.066229999999999956e-01 -3.310999999999952870e-03 -6.622499999999996445e-03 -1.655499999999976435e-03 -1.655999999999997752e-03 -1.350241742583169824e+01
6.258280000000000509e-01 1.000000000000000056e-01 -6.622499999999975628e-03 -6.622999999999996945e-03 -2.500000000349444917e-07 -3.469446951953614189e-18 -2.015276707669007902e-03
6.192050000000000054e-01 9.337700000000000167e-02 -3.311500000000022759e-03 -6.622500000000003384e-03 1.655749999999983624e-03 2.499999999967805753e-07 2.701054490747196724e+01
6.192050000000000054e-01 8.675499999999999878e-02 -3.311000000000008381e-03 -6.622500000000003384e-03 -3.310999999999980625e-03 -1.655749999999997502e-03 -4.051540960564819471e+01
6.125829999999999886e-01 8.013199999999999490e-02 -9.933499999999984009e-03 -9.933999999999998387e-03 -3.311499999999995003e-03 -1.655499999999997252e-03 -5.933646479928828654e+00
5.993380000000000374e-01 6.688700000000000201e-02 -9.933999999999998387e-03 -9.933499999999997887e-03 -1.655750000000011379e-03 1.655749999999999236e-03 -1.186460580026276190e+01
5.927149999999999919e-01 6.026499999999999913e-02 -1.324500000000000677e-02 -6.622499999999999915e-03 -1.655500000000004190e-03 3.310999999999999707e-03 -1.688108081499002466e+01
5.728480000000000238e-01 5.364200000000000218e-02 -1.324500000000000677e-02 -3.311499999999998473e-03 1.655500000000004190e-03 3.311249999999999957e-03 -1.507984594376392629e+01
5.662249999999999783e-01 5.364200000000000218e-02 -9.933999999999998387e-03 0.000000000000000000e+00 -1.655500000000004190e-03 3.311499999999998473e-03 -3.355648386660190852e+01
5.529800000000000271e-01 5.364200000000000218e-02 -1.655600000000001515e-02 3.311499999999998473e-03 -1.655500000000004190e-03 3.311249999999999957e-03 -1.025105037334980906e+01
5.331129999999999480e-01 6.026499999999999913e-02 -1.324500000000000677e-02 6.622499999999999915e-03 4.966750000000019760e-03 3.310999999999999707e-03 -2.363402298939484680e+01
5.264900000000000135e-01 6.688700000000000201e-02 -6.622499999999975628e-03 9.933499999999997887e-03 3.311249999999987814e-03 1.655749999999999236e-03 -2.577363607507574983e+01
5.198679999999999968e-01 8.013199999999999490e-02 -6.622500000000031140e-03 9.933999999999998387e-03 1.655499999999976435e-03 1.656000000000001221e-03 -1.610781150768943348e+01
5.132449999999999513e-01 8.675499999999999878e-02 -3.311500000000022759e-03 1.324550000000000033e-02 3.311250000000015570e-03 1.655500000000000721e-03 -1.938695743336017330e+01
5.132449999999999513e-01 1.066229999999999956e-01 0.000000000000000000e+00 1.324499999999999983e-02 1.655750000000011379e-03 -1.656000000000001221e-03 -9.438236128621719345e+00
5.132449999999999513e-01 1.132449999999999984e-01 0.000000000000000000e+00 9.933499999999997887e-03 4.966999999999999194e-03 -1.655499999999997252e-03 -5.033725951205151716e+01
5.132449999999999513e-01 1.264899999999999913e-01 9.933999999999998387e-03 9.934000000000005326e-03 9.933750000000018954e-03 -1.655499999999997252e-03 -4.152044759691296605e+01
5.331129999999999480e-01 1.331130000000000091e-01 1.986750000000003791e-02 6.622500000000003384e-03 6.622250000000023951e-03 -3.311500000000005411e-03 -1.193798852847287328e+01
5.529800000000000271e-01 1.397349999999999981e-01 2.317850000000004629e-02 3.310999999999994503e-03 -2.775557561562891351e-17 -4.966749999999998944e-03 -8.968967412131005901e+00
5.794700000000000406e-01 1.397349999999999981e-01 1.986749999999998240e-02 -3.310999999999994503e-03 -3.311000000000036136e-03 -6.622249999999996195e-03 -1.744340543166357804e+01
5.927149999999999919e-01 1.331130000000000091e-01 1.655649999999997402e-02 -9.933499999999997887e-03 -1.655499999999976435e-03 -4.967000000000006132e-03 -1.370988029195333979e+01
6.125829999999999886e-01 1.198680000000000023e-01 1.655650000000002953e-02 -1.324500000000000677e-02 -3.311499999999995003e-03 -2.500000000002500222e-07 -4.602078360191599771e+00
6.258280000000000509e-01 1.066229999999999956e-01 9.933499999999984009e-03 -9.933999999999998387e-03 -4.967250000000061894e-03 3.311000000000008381e-03 -5.934840763063594871e+00
6.324499999999999567e-01 1.000000000000000056e-01 6.621999999999905739e-03 -6.622999999999990006e-03 -3.311500000000078270e-03 3.311000000000008381e-03 -8.061411097896568553e-03
