3.675499999999999878e-01 2.788080000000000003e-01 6.622000000000016762e-03 6.622000000000016762e-03 -3.311000000000008381e-03 4.999999999866222566e-07 2.669939454241374932e+01
3.741720000000000046e-01 2.854300000000000170e-01 3.311000000000008381e-03 6.622500000000003384e-03 -3.311000000000008381e-03 2.499999999933111283e-07 5.402394502759533879e+01
3.741720000000000046e-01 2.920530000000000070e-01 0.000000000000000000e+00 6.622500000000003384e-03 -1.655500000000004190e-03 1.655749999999997502e-03 3.774724423598531331e+01
3.741720000000000046e-01 2.986750000000000238e-01 0.000000000000000000e+00 9.933999999999998387e-03 0.000000000000000000e+00 1.655749999999997502e-03 0.000000000000000000e+00
3.741720000000000046e-01 3.119210000000000038e-01 0.000000000000000000e+00 9.933999999999998387e-03 1.655749999999997502e-03 -2.499999999933111283e-07 -1.677824193330093649e+01
3.741720000000000046e-01 3.185430000000000206e-01 3.311499999999995003e-03 9.933500000000011765e-03 1.655749999999997502e-03 0.000000000000000000e+00 -1.432652358450383190e+01
3.807949999999999946e-01 3.317880000000000273e-01 3.311499999999995003e-03 9.933999999999998387e-03 -1.655749999999997502e-03 2.499999999933111283e-07 1.432601881405993005e+01
3.807949999999999946e-01 3.384110000000000174e-01 0.000000000000000000e+00 9.933999999999998387e-03 -2.499999999933111283e-07 -2.500000000071889161e-07 2.533329598799947957e-03
3.807949999999999946e-01 3.516560000000000241e-01 3.311000000000008381e-03 9.933499999999984009e-03 3.311250000000001692e-03 -1.655750000000011379e-03 -3.342766582082303728e+01
3.874170000000000114e-01 3.582779999999999854e-01 6.622500000000003384e-03 6.622499999999975628e-03 2.499999999933111283e-07 -1.655499999999990313e-03 -1.334768153797641865e+01
3.940400000000000014e-01 3.649009999999999754e-01 3.311499999999995003e-03 6.622500000000003384e-03 -1.655749999999997502e-03 1.387778780781445676e-17 2.701258436269043628e+01
3.940400000000000014e-01 3.715229999999999921e-01 3.311000000000008381e-03 6.622500000000003384e-03 1.655500000000004190e-03 -1.655500000000004190e-03 -4.051540960564864946e+01
4.006620000000000181e-01 3.781459999999999821e-01 6.622500000000003384e-03 3.311499999999995003e-03 1.655749999999997502e-03 -1.655749999999997502e-03 -4.051989627164446972e+01
4.072850000000000081e-01 3.781459999999999821e-01 6.622500000000003384e-03 3.311000000000008381e-03 0.000000000000000000e+00 -2.499999999933111283e-07 -4.078972039724518966e-03
4.139070000000000249e-01 3.847679999999999989e-01 6.622500000000003384e-03 3.311000000000008381e-03 -1.387778780781445676e-17 -1.655500000000004190e-03 -2.701095284777841599e+01
4.205300000000000149e-01 3.847679999999999989e-01 6.622499999999975628e-03 0.000000000000000000e+00 0.000000000000000000e+00 -3.311000000000008381e-03 -7.549448847197128032e+01
4.271519999999999762e-01 3.847679999999999989e-01 6.622500000000003384e-03 -3.311000000000008381e-03 1.387778780781445676e-17 -3.311250000000001692e-03 -5.402598466759666707e+01
4.337750000000000217e-01 3.781459999999999821e-01 6.622500000000003384e-03 -6.622500000000003384e-03 -1.387778780781445676e-17 -1.655749999999997502e-03 -1.334768153797655543e+01
4.403969999999999829e-01 3.715229999999999921e-01 6.622499999999975628e-03 -6.622500000000003384e-03 0.000000000000000000e+00 -1.655499999999990313e-03 -1.334566618518493719e+01
4.470199999999999729e-01 3.649009999999999754e-01 6.622500000000003384e-03 -9.933499999999984009e-03 1.387778780781445676e-17 -3.311249999999987814e-03 -1.288681803753779143e+01
4.536419999999999897e-01 3.516560000000000241e-01 6.622500000000003384e-03 -1.324499999999997901e-02 0.000000000000000000e+00 -1.655750000000011379e-03 -3.376726011406831596e+00
4.602649999999999797e-01 3.384110000000000174e-01 6.622500000000003384e-03 -1.324500000000000677e-02 -1.655749999999997502e-03 -1.387778780781445676e-17 -6.753452022813600131e+00
4.668869999999999965e-01 3.251660000000000106e-01 3.311000000000008381e-03 -1.324500000000000677e-02 0.000000000000000000e+00 -3.311499999999995003e-03 -4.308642195834964994e+00
4.668869999999999965e-01 3.119210000000000038e-01 6.622500000000003384e-03 -1.986799999999999677e-02 1.655749999999997502e-03 -1.655749999999997502e-03 2.387633752998282066e+00
4.801320000000000032e-01 2.854300000000000170e-01 6.622500000000003384e-03 -1.655650000000000177e-02 -1.655500000000004190e-03 6.622749999999996695e-03 2.901167216226320900e+00
4.801320000000000032e-01 2.788080000000000003e-01 3.311499999999995003e-03 -6.622500000000003384e-03 -1.655500000000004190e-03 4.966999999999999194e-03 1.351139051145481851e+01
4.867549999999999932e-01 2.721850000000000103e-01 3.311499999999995003e-03 -6.622500000000003384e-03 -1.655749999999997502e-03 0.000000000000000000e+00 -2.701258436269032259e+01
4.867549999999999932e-01 2.655629999999999935e-01 0.000000000000000000e+00 -6.622500000000003384e-03 -2.499999999933111283e-07 1.655500000000004190e-03 -5.700278501204359728e-03
4.867549999999999932e-01 2.589400000000000035e-01 3.311000000000008381e-03 -3.311499999999995003e-03 1.655500000000004190e-03 4.966999999999999194e-03 2.135387179396426802e+02
4.933770000000000100e-01 2.589400000000000035e-01 3.311000000000008381e-03 3.311499999999995003e-03 2.499999999933111283e-07 4.966999999999999194e-03 1.601439612343824876e+02
4.933770000000000100e-01 2.655629999999999935e-01 3.311499999999995003e-03 6.622500000000003384e-03 2.499999999933111283e-07 3.311000000000008381e-03 2.700646630497168132e+01
5.000000000000000000e-01 2.721850000000000103e-01 3.311499999999995003e-03 9.933500000000011765e-03 -1.655749999999997502e-03 1.655749999999997502e-03 1.910251219376384313e+01
5.000000000000000000e-01 2.854300000000000170e-01 0.000000000000000000e+00 9.933999999999998387e-03 -1.655749999999997502e-03 2.499999999933111283e-07 1.677824193330093649e+01
5.000000000000000000e-01 2.920530000000000070e-01 0.000000000000000000e+00 9.933999999999998387e-03 1.655750000000011379e-03 0.000000000000000000e+00 -1.677824193330107860e+01
5.000000000000000000e-01 3.052980000000000138e-01 3.311500000000022759e-03 9.933999999999998387e-03 1.655750000000011379e-03 -1.655749999999997502e-03 -1.910063739510112057e+01
5.066230000000000455e-01 3.119210000000000038e-01 3.311500000000022759e-03 6.622500000000003384e-03 -2.500000000349444917e-07 -1.655749999999997502e-03 -1.350323330645283804e+01
5.066230000000000455e-01 3.185430000000000206e-01 3.310999999999952870e-03 6.622500000000003384e-03 1.655499999999976435e-03 0.000000000000000000e+00 -2.701095284777834493e+01
5.132449999999999513e-01 3.251660000000000106e-01 6.622499999999975628e-03 6.622500000000003384e-03 1.655750000000039135e-03 0.000000000000000000e+00 -1.334768153797686630e+01
5.198679999999999968e-01 3.317880000000000273e-01 6.622500000000031140e-03 6.622500000000003384e-03 0.000000000000000000e+00 -1.387778780781445676e-17 -1.118745535922207536e-13
5.264900000000000135e-01 3.384110000000000174e-01 6.622499999999975628e-03 6.622499999999975628e-03 3.311249999999987814e-03 0.000000000000000000e+00 -2.669334772316157611e+01
5.331129999999999480e-01 3.450329999999999786e-01 1.324500000000000677e-02 6.622500000000003384e-03 3.311250000000015570e-03 -1.655499999999976435e-03 -1.350537450040073573e+01
5.529800000000000271e-01 3.516560000000000241e-01 1.324500000000000677e-02 3.311500000000022759e-03 -3.311250000000015570e-03 -3.311250000000001692e-03 -1.292525693235363882e+01
5.596029999999999616e-01 3.516560000000000241e-01 6.622499999999975628e-03 0.000000000000000000e+00 -1.655749999999983624e-03 -1.655750000000011379e-03 -3.775294451448715449e+01
5.662249999999999783e-01 3.516560000000000241e-01 9.933500000000039520e-03 0.000000000000000000e+00 3.311250000000015570e-03 -1.655750000000011379e-03 -1.677993103222854998e+01
5.794700000000000406e-01 3.516560000000000241e-01 1.324500000000000677e-02 -3.311500000000022759e-03 2.499999999794333405e-07 -3.311250000000001692e-03 -1.723378431678933964e+01
5.927149999999999919e-01 3.450329999999999786e-01 9.933999999999998387e-03 -6.622500000000003384e-03 -3.311249999999987814e-03 -3.310999999999980625e-03 -3.221270444891551676e+01
5.993380000000000374e-01 3.384110000000000174e-01 6.622500000000031140e-03 -9.933499999999984009e-03 -1.655750000000011379e-03 -3.311250000000001692e-03 -2.255241802592388822e+01
6.059600000000000541e-01 3.251660000000000106e-01 6.622499999999975628e-03 -1.324500000000000677e-02 -1.655500000000031946e-03 -2.500000000071889161e-07 -6.752942174404957143e+00
6.125829999999999886e-01 3.119210000000000038e-01 3.311499999999967248e-03 -9.933999999999998387e-03 -1.655749999999983624e-03 1.655500000000004190e-03 -9.550679209373232226e+00
6.125829999999999886e-01 3.052980000000000138e-01 3.311000000000008381e-03 -9.933999999999998387e-03 -2.499999999794333405e-07 -4.966750000000005882e-03 -1.432522576589181718e+01
6.192050000000000054e-01 2.920530000000000070e-01 3.311000000000008381e-03 -1.986750000000001015e-02 -1.655500000000004190e-03 -4.966750000000005882e-03 -6.037875880147749008e+00
6.192050000000000054e-01 2.655629999999999935e-01 0.000000000000000000e+00 -1.986750000000001015e-02 -1.655500000000004190e-03 3.311250000000008631e-03 -4.194138248442812689e+00
6.192050000000000054e-01 2.523179999999999867e-01 0.000000000000000000e+00 -1.324499999999999289e-02 -1.655500000000004190e-03 6.938893903907228378e-18 -9.436811058996349644e+00
6.192050000000000054e-01 2.390730000000000077e-01 -3.311000000000008381e-03 -1.986749999999999627e-02 -3.311249999999987814e-03 -1.655750000000004440e-03 -7.380245197002996527e+00
6.125829999999999886e-01 2.125829999999999942e-01 -6.622499999999975628e-03 -1.655650000000000177e-02 -1.655749999999983624e-03 4.966749999999998944e-03 -1.063576382389339336e+01
6.059600000000000541e-01 2.059600000000000042e-01 -6.622499999999975628e-03 -9.933999999999998387e-03 -3.311250000000015570e-03 2.500000000002500222e-07 -1.932966568790927298e+01
5.993380000000000374e-01 1.927149999999999974e-01 -1.324500000000000677e-02 -1.655600000000000127e-02 -3.311250000000015570e-03 -1.655499999999997252e-03 -3.451250035224778578e+00
5.794700000000000406e-01 1.728480000000000016e-01 -1.324500000000000677e-02 -1.324499999999999289e-02 3.311249999999987814e-03 4.966749999999998944e-03 -3.336416546296280039e+00
5.728480000000000238e-01 1.662250000000000116e-01 -6.622500000000031140e-03 -6.622500000000003384e-03 0.000000000000000000e+00 3.311249999999994753e-03 -2.669334772316134874e+01
5.662249999999999783e-01 1.596029999999999949e-01 -1.324500000000000677e-02 -6.622500000000003384e-03 -3.311249999999987814e-03 0.000000000000000000e+00 -6.752942174404767961e+00
5.463580000000000103e-01 1.529800000000000049e-01 -1.324500000000000677e-02 -6.622500000000003384e-03 1.655500000000004190e-03 1.655749999999997502e-03 -3.377235859815560737e+00
5.397349999999999648e-01 1.463579999999999881e-01 -9.933999999999998387e-03 -3.311000000000008381e-03 0.000000000000000000e+00 1.655500000000004190e-03 -1.432378365327738656e+01
5.264900000000000135e-01 1.463579999999999881e-01 -1.324500000000000677e-02 -3.311499999999995003e-03 2.500000000071889161e-07 -2.499999999933111283e-07 1.626497722859387767e-03
5.132449999999999513e-01 1.397349999999999981e-01 -9.933499999999984009e-03 -3.311499999999995003e-03 3.311250000000015570e-03 1.655749999999997502e-03 -4.775267487621867701e+00
5.066230000000000455e-01 1.397349999999999981e-01 -6.622499999999975628e-03 0.000000000000000000e+00 1.655249999999983124e-03 1.655749999999997502e-03 -3.775294451448684185e+01
5.000000000000000000e-01 1.397349999999999981e-01 -6.623000000000017762e-03 0.000000000000000000e+00 -1.387778780781445676e-17 0.000000000000000000e+00 0.000000000000000000e+00
4.933770000000000100e-01 1.397349999999999981e-01 -6.622500000000003384e-03 0.000000000000000000e+00 2.500000000071889161e-07 1.655749999999997502e-03 -3.775294451448651500e+01
4.867549999999999932e-01 1.397349999999999981e-01 -6.622500000000003384e-03 3.311499999999995003e-03 0.000000000000000000e+00 4.966999999999999194e-03 -8.103367448557030173e+01
4.801320000000000032e-01 1.463579999999999881e-01 -6.622500000000003384e-03 9.933999999999998387e-03 0.000000000000000000e+00 1.655500000000004190e-03 -6.442249040481880407e+00
4.735099999999999865e-01 1.596029999999999949e-01 -6.622500000000003384e-03 6.622500000000003384e-03 0.000000000000000000e+00 -3.311499999999995003e-03 2.669536307595288704e+01
4.668869999999999965e-01 1.596029999999999949e-01 -6.622500000000003384e-03 3.311000000000008381e-03 1.655749999999997502e-03 0.000000000000000000e+00 -1.350649608990840456e+01
4.602649999999999797e-01 1.662250000000000116e-01 -3.311000000000008381e-03 6.622500000000003384e-03 1.655500000000004190e-03 3.311499999999995003e-03 -5.402394502759533879e+01
4.602649999999999797e-01 1.728480000000000016e-01 -3.311499999999995003e-03 9.933999999999998387e-03 -1.655749999999997502e-03 0.000000000000000000e+00 1.432529779041436591e+01
4.536419999999999897e-01 1.860930000000000084e-01 -6.622500000000003384e-03 6.622500000000003384e-03 -3.310999999999994503e-03 -3.311500000000001942e-03 5.338669544632286801e+01
4.470199999999999729e-01 1.860930000000000084e-01 -9.933499999999984009e-03 3.310999999999994503e-03 -1.655749999999997502e-03 -6.938893903907228378e-18 4.775483822479700713e+00
4.337750000000000217e-01 1.927149999999999974e-01 -9.933999999999998387e-03 6.622499999999989506e-03 1.655499999999990313e-03 2.500000000002500222e-07 -6.443708360438974658e+00
4.271519999999999762e-01 1.993379999999999874e-01 -6.622500000000003384e-03 3.311499999999995003e-03 2.500000000071889161e-07 -3.311249999999994753e-03 5.401905066766178720e+01
4.205300000000000149e-01 1.993379999999999874e-01 -9.933499999999984009e-03 0.000000000000000000e+00 -3.311250000000001692e-03 -1.655749999999997502e-03 1.677993103222859617e+01
4.072850000000000081e-01 1.993379999999999874e-01 -1.324500000000000677e-02 0.000000000000000000e+00 -2.500000000071889161e-07 -1.655749999999997502e-03 9.438236128621628751e+00
3.940400000000000014e-01 1.993379999999999874e-01 -9.933999999999998387e-03 -3.311499999999995003e-03 3.311250000000001692e-03 -3.311249999999994753e-03 3.819839080448633695e+01
3.874170000000000114e-01 1.927149999999999974e-01 -6.622500000000003384e-03 -6.622499999999989506e-03 1.655749999999997502e-03 -3.311000000000001442e-03 4.003901390834652574e+01
3.807949999999999946e-01 1.860930000000000084e-01 -6.622500000000003384e-03 -9.933499999999997887e-03 0.000000000000000000e+00 -1.655750000000004440e-03 6.443895497366070479e+00
3.741720000000000046e-01 1.728480000000000016e-01 -6.622500000000003384e-03 -9.933999999999998387e-03 1.655749999999997502e-03 1.655499999999997252e-03 3.222827035707335863e+00
3.675499999999999878e-01 1.662250000000000116e-01 -3.311000000000008381e-03 -6.622500000000003384e-03 3.311250000000001692e-03 1.655749999999997502e-03 4.051948857768837797e+01
3.675499999999999878e-01 1.596029999999999949e-01 0.000000000000000000e+00 -6.622500000000003384e-03 1.655500000000004190e-03 0.000000000000000000e+00 3.774724423598531331e+01
3.675499999999999878e-01 1.529800000000000049e-01 0.000000000000000000e+00 -6.622500000000003384e-03 1.655500000000004190e-03 0.000000000000000000e+00 3.774724423598531331e+01
3.675499999999999878e-01 1.463579999999999881e-01 3.311000000000008381e-03 -6.622500000000003384e-03 4.966750000000005882e-03 6.938893903907228378e-18 8.103693751537535661e+01
3.741720000000000046e-01 1.397349999999999981e-01 9.933500000000011765e-03 -6.622499999999989506e-03 6.622749999999996695e-03 0.000000000000000000e+00 2.577460903226990752e+01
3.874170000000000114e-01 1.331130000000000091e-01 1.655650000000000177e-02 -6.622500000000003384e-03 1.655749999999997502e-03 1.655499999999990313e-03 6.767881523487807804e+00
4.072850000000000081e-01 1.264899999999999913e-01 1.324500000000000677e-02 -3.311500000000008881e-03 -3.311500000000008881e-03 3.311250000000001692e-03 1.292493161316125239e+01
4.139070000000000249e-01 1.264899999999999913e-01 9.933499999999984009e-03 0.000000000000000000e+00 1.655749999999983624e-03 1.655750000000004440e-03 1.677993103222866722e+01
4.271519999999999762e-01 1.264899999999999913e-01 1.655649999999997402e-02 0.000000000000000000e+00 3.311500000000008881e-03 1.655750000000004440e-03 6.040288703765743783e+00
4.470199999999999729e-01 1.264899999999999913e-01 1.655650000000000177e-02 3.311500000000008881e-03 -1.655749999999983624e-03 3.311250000000001692e-03 1.252852429502569720e+01
4.602649999999999797e-01 1.331130000000000091e-01 1.324500000000000677e-02 6.622500000000003384e-03 -3.311499999999995003e-03 1.655499999999990313e-03 1.350588434880953592e+01
4.735099999999999865e-01 1.397349999999999981e-01 9.933500000000011765e-03 6.622499999999989506e-03 -1.655749999999997502e-03 0.000000000000000000e+00 6.443895497366027847e+00
4.801320000000000032e-01 1.463579999999999881e-01 9.933500000000011765e-03 6.622500000000003384e-03 2.499999999933111283e-07 1.655500000000011129e-03 9.663167632129640694e+00
4.933770000000000100e-01 1.529800000000000049e-01 9.933999999999998387e-03 9.933500000000011765e-03 -1.655249999999997002e-03 0.000000000000000000e+00 5.930362223850917047e+00
5.000000000000000000e-01 1.662250000000000116e-01 6.623000000000017762e-03 6.622500000000003384e-03 -3.311249999999987814e-03 -3.311000000000008381e-03 1.521420576047454808e-07
5.066230000000000455e-01 1.662250000000000116e-01 3.311500000000022759e-03 3.311499999999995003e-03 -3.311500000000008881e-03 2.499999999933111283e-07 1.067733902840987952e+02
5.066230000000000455e-01 1.728480000000000016e-01 0.000000000000000000e+00 6.622999999999990006e-03 -3.311500000000022759e-03 3.311499999999995003e-03 7.549448890231087717e+01
