4.139070000000000249e-01 1.927149999999999974e-01 6.622999999999990006e-03 0.000000000000000000e+00 -3.311499999999995003e-03 3.311499999999995003e-03 7.549448890231025189e+01
4.205300000000000149e-01 1.927149999999999974e-01 3.311499999999995003e-03 3.311499999999995003e-03 -3.311499999999995003e-03 3.311250000000001692e-03 2.135225999861170862e+02
4.205300000000000149e-01 1.993379999999999874e-01 0.000000000000000000e+00 6.622500000000003384e-03 -1.655749999999997502e-03 1.655500000000004190e-03 3.775294451448651500e+01
4.205300000000000149e-01 2.059600000000000042e-01 0.000000000000000000e+00 6.622500000000003384e-03 0.000000000000000000e+00 0.000000000000000000e+00 0.000000000000000000e+00
4.205300000000000149e-01 2.125829999999999942e-01 0.000000000000000000e+00 6.622500000000003384e-03 0.000000000000000000e+00 1.655499999999997252e-03 0.000000000000000000e+00
4.205300000000000149e-01 2.192050000000000110e-01 0.000000000000000000e+00 9.933499999999997887e-03 0.000000000000000000e+00 1.655749999999997502e-03 0.000000000000000000e+00
4.205300000000000149e-01 2.324499999999999900e-01 0.000000000000000000e+00 9.933999999999998387e-03 0.000000000000000000e+00 2.500000000002500222e-07 0.000000000000000000e+00
4.205300000000000149e-01 2.390730000000000077e-01 0.000000000000000000e+00 9.933999999999998387e-03 1.655499999999990313e-03 1.655499999999997252e-03 -1.677570860370199668e+01
4.205300000000000149e-01 2.523179999999999867e-01 3.310999999999980625e-03 1.324499999999999289e-02 3.311250000000001692e-03 -2.499999999933111283e-07 -1.723489416032219168e+01
4.271519999999999762e-01 2.655629999999999935e-01 6.622500000000003384e-03 9.933500000000011765e-03 1.655750000000011379e-03 -4.966999999999992255e-03 -2.899631352328980682e+01
4.337750000000000217e-01 2.721850000000000103e-01 6.622500000000003384e-03 3.311000000000008381e-03 -1.387778780781445676e-17 -3.311000000000008381e-03 -5.402190569555693855e+01
4.403969999999999829e-01 2.721850000000000103e-01 6.622499999999975628e-03 3.311499999999995003e-03 0.000000000000000000e+00 2.499999999933111283e-07 4.078602500674587475e-03
4.470199999999999729e-01 2.788080000000000003e-01 6.622500000000003384e-03 3.311499999999995003e-03 1.387778780781445676e-17 -3.311499999999995003e-03 -5.402516872538076598e+01
4.536419999999999897e-01 2.788080000000000003e-01 6.622500000000003384e-03 -3.311499999999995003e-03 0.000000000000000000e+00 -4.966999999999999194e-03 -8.103367448557030173e+01
4.602649999999999797e-01 2.721850000000000103e-01 6.622500000000003384e-03 -6.622500000000003384e-03 0.000000000000000000e+00 -1.655500000000004190e-03 -1.334566618518501713e+01
4.668869999999999965e-01 2.655629999999999935e-01 6.622500000000003384e-03 -6.622500000000003384e-03 0.000000000000000000e+00 -1.655749999999997502e-03 -1.334768153797644352e+01
4.735099999999999865e-01 2.589400000000000035e-01 6.622500000000003384e-03 -9.933999999999998387e-03 0.000000000000000000e+00 -3.311250000000001692e-03 -1.288547093645157737e+01
4.801320000000000032e-01 2.456949999999999967e-01 6.622500000000003384e-03 -1.324500000000000677e-02 0.000000000000000000e+00 2.500000000002500222e-07 5.098484087890937499e-04
4.867549999999999932e-01 2.324499999999999900e-01 6.622500000000003384e-03 -9.933499999999997887e-03 -1.655749999999997502e-03 3.311250000000008631e-03 3.221218049152023699e+00
4.933770000000000100e-01 2.258280000000000010e-01 3.311000000000008381e-03 -6.622499999999989506e-03 -1.655500000000004190e-03 3.311000000000001442e-03 -2.039332038285547512e-03
4.933770000000000100e-01 2.192050000000000110e-01 3.311499999999995003e-03 -3.311499999999995003e-03 2.499999999933111283e-07 4.966999999999992255e-03 1.601479951351081468e+02
5.000000000000000000e-01 2.192050000000000110e-01 3.311499999999995003e-03 3.311499999999995003e-03 -1.655749999999997502e-03 4.966999999999992255e-03 2.135225999861168589e+02
5.000000000000000000e-01 2.258280000000000010e-01 0.000000000000000000e+00 6.622499999999989506e-03 -1.655749999999997502e-03 1.655500000000004190e-03 3.775294451448668553e+01
5.000000000000000000e-01 2.324499999999999900e-01 0.000000000000000000e+00 6.622500000000003384e-03 0.000000000000000000e+00 6.938893903907228378e-18 0.000000000000000000e+00
5.000000000000000000e-01 2.390730000000000077e-01 0.000000000000000000e+00 6.622500000000003384e-03 0.000000000000000000e+00 1.655499999999997252e-03 0.000000000000000000e+00
5.000000000000000000e-01 2.456949999999999967e-01 0.000000000000000000e+00 9.933499999999997887e-03 1.655750000000011379e-03 4.966999999999999194e-03 -1.677993103222868854e+01
5.000000000000000000e-01 2.589400000000000035e-01 3.311500000000022759e-03 1.655650000000000177e-02 3.311249999999987814e-03 1.655750000000004440e-03 -1.025032935619820407e+01
5.066230000000000455e-01 2.788080000000000003e-01 6.622499999999975628e-03 1.324500000000000677e-02 1.655499999999976435e-03 -4.966999999999999194e-03 -1.688210051180749360e+01
5.132449999999999513e-01 2.854300000000000170e-01 6.622499999999975628e-03 6.622500000000003384e-03 1.655750000000011379e-03 -1.655500000000004190e-03 -2.669334772316168980e+01
5.198679999999999968e-01 2.920530000000000070e-01 9.933999999999998387e-03 9.933999999999998387e-03 1.655500000000004190e-03 1.655749999999997502e-03 8.956672691456395337e-04
5.331129999999999480e-01 3.052980000000000138e-01 9.933499999999984009e-03 9.933999999999998387e-03 -1.655749999999983624e-03 -3.311250000000001692e-03 -5.930959320333969664e+00
5.397349999999999648e-01 3.119210000000000038e-01 6.622500000000031140e-03 3.311499999999995003e-03 2.500000000071889161e-07 -3.311499999999995003e-03 -5.402720818059840724e+01
5.463580000000000103e-01 3.119210000000000038e-01 9.933999999999998387e-03 3.311000000000008381e-03 1.655499999999976435e-03 -2.499999999933111283e-07 -4.776276979518838672e+00
5.596029999999999616e-01 3.185430000000000206e-01 9.933499999999984009e-03 3.311000000000008381e-03 -1.655749999999983624e-03 -3.311000000000008381e-03 -2.387453493071479826e+01
5.662249999999999783e-01 3.185430000000000206e-01 6.622500000000031140e-03 -3.311000000000008381e-03 -1.655499999999976435e-03 -3.311000000000008381e-03 -6.752636245342650057e+01
5.728480000000000238e-01 3.119210000000000038e-01 6.622500000000031140e-03 -3.311000000000008381e-03 1.655499999999976435e-03 -2.499999999933111283e-07 1.350037778583003600e+01
5.794700000000000406e-01 3.119210000000000038e-01 9.933499999999984009e-03 -3.311499999999995003e-03 1.655749999999983624e-03 -1.655999999999990813e-03 -9.552698122395355540e+00
5.927149999999999919e-01 3.052980000000000138e-01 9.933999999999998387e-03 -6.622999999999990006e-03 2.500000000071889161e-07 -6.622500000000003384e-03 -3.865371882319205099e+01
5.993380000000000374e-01 2.986750000000000238e-01 9.933999999999998387e-03 -1.655650000000000177e-02 -2.500000000071889161e-07 -6.622250000000010073e-03 -9.139861553822962392e+00
6.125829999999999886e-01 2.721850000000000103e-01 9.933499999999984009e-03 -1.986750000000001015e-02 -3.311499999999995003e-03 1.655749999999997502e-03 -4.502407103433204050e+00
6.192050000000000054e-01 2.589400000000000035e-01 3.311000000000008381e-03 -1.324500000000000677e-02 -4.966749999999992005e-03 3.311250000000001692e-03 -2.154288579867616704e+01
6.192050000000000054e-01 2.456949999999999967e-01 0.000000000000000000e+00 -1.324500000000000677e-02 2.500000000071889161e-07 6.938893903907228378e-18 1.425069625380197226e-03
6.192050000000000054e-01 2.324499999999999900e-01 3.311500000000022759e-03 -1.324499999999999289e-02 1.655750000000011379e-03 6.938893903907228378e-18 8.617705407256179839e+00
6.258280000000000509e-01 2.192050000000000110e-01 3.311500000000022759e-03 -1.324499999999999289e-02 -1.655750000000011379e-03 -3.311250000000008631e-03 -1.292655811088426887e+01
6.258280000000000509e-01 2.059600000000000042e-01 0.000000000000000000e+00 -1.986750000000001015e-02 -3.311500000000022759e-03 -3.311250000000001692e-03 -8.389543225441519425e+00
6.258280000000000509e-01 1.794699999999999906e-01 -3.311500000000022759e-03 -1.986749999999999627e-02 -1.655750000000011379e-03 3.311250000000008631e-03 -5.367790573419511269e+00
6.192050000000000054e-01 1.662250000000000116e-01 -3.311500000000022759e-03 -1.324499999999999289e-02 -1.655499999999976435e-03 3.311249999999994753e-03 -1.292525693235360862e+01
6.192050000000000054e-01 1.529800000000000049e-01 -6.622499999999975628e-03 -1.324500000000000677e-02 -1.655499999999976435e-03 -6.938893903907228378e-18 -6.752432325995911810e+00
6.059600000000000541e-01 1.397349999999999981e-01 -6.622499999999975628e-03 -1.324500000000000677e-02 -2.775557561562891351e-17 3.311250000000001692e-03 -6.752942174404899411e+00
6.059600000000000541e-01 1.264899999999999913e-01 -6.622500000000031140e-03 -6.622500000000003384e-03 -1.655500000000031946e-03 4.967000000000006132e-03 -5.338669544632303854e+01
5.927149999999999919e-01 1.264899999999999913e-01 -9.933500000000039520e-03 -3.310999999999994503e-03 2.775557561562891351e-17 3.469446951953614189e-18 5.003106565206969162e-14
5.860929999999999751e-01 1.198680000000000023e-01 -6.622499999999975628e-03 -6.622499999999996445e-03 -2.499999999794333405e-07 -1.655750000000004440e-03 1.334566618518523384e+01
5.794700000000000406e-01 1.132449999999999984e-01 -9.933999999999998387e-03 -6.622500000000003384e-03 -1.655500000000031946e-03 1.655749999999997502e-03 -1.610732511667118061e+01
5.662249999999999783e-01 1.066229999999999956e-01 -9.933500000000039520e-03 -3.311000000000001442e-03 1.655750000000011379e-03 3.311250000000001692e-03 -2.387669817586346355e+01
5.596029999999999616e-01 1.066229999999999956e-01 -6.622499999999975628e-03 0.000000000000000000e+00 -2.499999999794333405e-07 1.655500000000000721e-03 -3.774724423598555489e+01
5.529800000000000271e-01 1.066229999999999956e-01 -9.933999999999998387e-03 0.000000000000000000e+00 -1.655500000000031946e-03 0.000000000000000000e+00 0.000000000000000000e+00
5.397349999999999648e-01 1.066229999999999956e-01 -9.933500000000039520e-03 0.000000000000000000e+00 1.655750000000011379e-03 0.000000000000000000e+00 -0.000000000000000000e+00
5.331129999999999480e-01 1.066229999999999956e-01 -6.622499999999975628e-03 0.000000000000000000e+00 1.655500000000031946e-03 1.655500000000000721e-03 -3.774724423598555489e+01
5.264900000000000135e-01 1.066229999999999956e-01 -6.622499999999975628e-03 3.311000000000001442e-03 -2.775557561562891351e-17 3.311250000000001692e-03 -5.402598466759694418e+01
5.198679999999999968e-01 1.132449999999999984e-01 -6.622500000000031140e-03 6.622500000000003384e-03 0.000000000000000000e+00 1.655749999999997502e-03 -1.334768153797641510e+01
5.132449999999999513e-01 1.198680000000000023e-01 -6.622499999999975628e-03 6.622499999999996445e-03 1.655750000000039135e-03 0.000000000000000000e+00 -1.334768153797687162e+01
5.066230000000000455e-01 1.264899999999999913e-01 -3.310999999999952870e-03 6.622500000000003384e-03 1.655499999999976435e-03 3.469446951953614189e-18 -2.701095284777837335e+01
5.066230000000000455e-01 1.331130000000000091e-01 -3.311500000000022759e-03 6.622500000000003384e-03 -2.500000000349444917e-07 -6.938893903907228378e-18 4.078602501410372172e-03
5.000000000000000000e-01 1.397349999999999981e-01 -3.311500000000022759e-03 6.622499999999989506e-03 1.387778780781445676e-17 -1.655500000000004190e-03 1.350527245373606711e+01
5.000000000000000000e-01 1.463579999999999881e-01 -3.311499999999995003e-03 3.311499999999995003e-03 -1.655499999999990313e-03 -1.655749999999990563e-03 1.067572698960441500e+02
4.933770000000000100e-01 1.463579999999999881e-01 -6.622500000000003384e-03 3.311000000000008381e-03 -1.655500000000004190e-03 1.655500000000004190e-03 -1.350649608990840456e+01
4.867549999999999932e-01 1.529800000000000049e-01 -6.622500000000003384e-03 6.622500000000003384e-03 -1.655749999999997502e-03 2.499999999933111283e-07 1.334566618518501713e+01
4.801320000000000032e-01 1.596029999999999949e-01 -9.933999999999998387e-03 3.311499999999995003e-03 -1.655500000000004190e-03 -3.311250000000001692e-03 3.342305119979975103e+01
4.668869999999999965e-01 1.596029999999999949e-01 -9.933500000000011765e-03 0.000000000000000000e+00 1.655749999999997502e-03 -1.655749999999997502e-03 1.677993103222850024e+01
4.602649999999999797e-01 1.596029999999999949e-01 -6.622500000000003384e-03 0.000000000000000000e+00 1.655500000000004190e-03 -1.655749999999997502e-03 3.775294451448651500e+01
4.536419999999999897e-01 1.596029999999999949e-01 -6.622500000000003384e-03 -3.311499999999995003e-03 0.000000000000000000e+00 -1.655749999999997502e-03 2.701258436269032259e+01
4.470199999999999729e-01 1.529800000000000049e-01 -6.622500000000003384e-03 -3.311499999999995003e-03 1.655500000000004190e-03 2.499999999933111283e-07 1.350119385123550408e+01
4.403969999999999829e-01 1.529800000000000049e-01 -3.311499999999995003e-03 -3.311000000000008381e-03 1.655750000000011379e-03 -1.655500000000004190e-03 1.067733893710511381e+02
4.403969999999999829e-01 1.463579999999999881e-01 -3.310999999999980625e-03 -6.622500000000003384e-03 2.500000000071889161e-07 -3.311499999999995003e-03 2.701707115185666552e+01
4.337750000000000217e-01 1.397349999999999981e-01 -3.310999999999980625e-03 -9.933999999999998387e-03 1.655499999999990313e-03 -1.655499999999997252e-03 1.909789757274590016e+01
4.337750000000000217e-01 1.264899999999999913e-01 0.000000000000000000e+00 -9.933499999999997887e-03 1.655499999999990313e-03 1.655750000000000971e-03 1.677739744759428575e+01
4.337750000000000217e-01 1.198680000000000023e-01 0.000000000000000000e+00 -6.622499999999996445e-03 1.655499999999990313e-03 1.655499999999997252e-03 3.774724423598507883e+01
4.337750000000000217e-01 1.132449999999999984e-01 3.310999999999980625e-03 -6.622500000000003384e-03 4.966749999999992005e-03 0.000000000000000000e+00 8.103693751537548451e+01
4.403969999999999829e-01 1.066229999999999956e-01 9.933499999999984009e-03 -6.622499999999996445e-03 3.311500000000008881e-03 -2.499999999967805753e-07 1.288633159567008413e+01
4.536419999999999897e-01 1.000000000000000056e-01 9.933999999999998387e-03 -6.622999999999996945e-03 2.500000000071889161e-07 1.655499999999997252e-03 9.663916173089107886e+00
4.602649999999999797e-01 9.337700000000000167e-02 9.933999999999998387e-03 -3.311500000000001942e-03 3.311000000000008381e-03 3.311499999999998473e-03 3.819983274291091391e+01
4.735099999999999865e-01 9.337700000000000167e-02 1.655600000000001515e-02 0.000000000000000000e+00 1.655500000000004190e-03 1.655750000000000971e-03 6.040653549133769395e+00
4.933770000000000100e-01 9.337700000000000167e-02 1.324500000000000677e-02 0.000000000000000000e+00 -3.311000000000022259e-03 1.655750000000000971e-03 9.438236128621650067e+00
5.000000000000000000e-01 9.337700000000000167e-02 9.933999999999970631e-03 3.311500000000001942e-03 0.000000000000000000e+00 3.311499999999998473e-03 2.865059558082888813e+01
5.132449999999999513e-01 1.000000000000000056e-01 1.324500000000000677e-02 6.622999999999996945e-03 1.655500000000018068e-03 1.655499999999997252e-03 3.375808326613305876e+00
5.264900000000000135e-01 1.066229999999999956e-01 1.324500000000000677e-02 6.622499999999996445e-03 -3.311250000000015570e-03 -2.499999999967805753e-07 6.751922477587259053e+00
5.397349999999999648e-01 1.132449999999999984e-01 6.622499999999975628e-03 6.622500000000003384e-03 -4.966749999999992005e-03 -1.655499999999997252e-03 2.669334772316163296e+01
5.397349999999999648e-01 1.198680000000000023e-01 3.311500000000022759e-03 3.311500000000001942e-03 2.775557561562891351e-17 -1.655750000000004440e-03 -5.338266504503687315e+01
5.463580000000000103e-01 1.198680000000000023e-01 6.622500000000031140e-03 3.310999999999994503e-03 -2.500000000071889161e-07 1.655500000000000721e-03 2.701299217981677714e+01
5.529800000000000271e-01 1.264899999999999913e-01 3.311000000000008381e-03 6.622500000000003384e-03 -1.655500000000031946e-03 2.500000000071889161e-07 2.701299217981737755e+01
5.529800000000000271e-01 1.331130000000000091e-01 3.311499999999967248e-03 3.311500000000008881e-03 -1.655500000000004190e-03 -3.311250000000001692e-03 -5.338266504503534549e+01
5.596029999999999616e-01 1.331130000000000091e-01 0.000000000000000000e+00 0.000000000000000000e+00 -4.967249999999950871e-03 -1.655750000000004440e-03 0.000000000000000000e+00
5.529800000000000271e-01 1.331130000000000091e-01 -6.622999999999934495e-03 0.000000000000000000e+00 -6.622999999999934495e-03 0.000000000000000000e+00 0.000000000000000000e+00
