3.344369999999999843e-01 2.324499999999999900e-01 0.000000000000000000e+00 6.623000000000017762e-03 0.000000000000000000e+00 -5.000000000143778323e-07 -0.000000000000000000e+00
3.344369999999999843e-01 2.390730000000000077e-01 0.000000000000000000e+00 6.622500000000003384e-03 0.000000000000000000e+00 -2.500000000141278100e-07 -0.000000000000000000e+00
3.344369999999999843e-01 2.456949999999999967e-01 0.000000000000000000e+00 6.622499999999989506e-03 0.000000000000000000e+00 0.000000000000000000e+00 0.000000000000000000e+00
3.344369999999999843e-01 2.523179999999999867e-01 0.000000000000000000e+00 6.622500000000003384e-03 0.000000000000000000e+00 1.655500000000011129e-03 0.000000000000000000e+00
3.344369999999999843e-01 2.589400000000000035e-01 0.000000000000000000e+00 9.933500000000011765e-03 0.000000000000000000e+00 1.655749999999997502e-03 0.000000000000000000e+00
3.344369999999999843e-01 2.721850000000000103e-01 0.000000000000000000e+00 9.933999999999998387e-03 -1.655499999999990313e-03 2.499999999933111283e-07 1.677570860370199668e+01
3.344369999999999843e-01 2.788080000000000003e-01 -3.310999999999980625e-03 9.933999999999998387e-03 -1.655499999999990313e-03 1.655500000000004190e-03 9.549669733808679339e+00
3.278150000000000230e-01 2.920530000000000070e-01 -3.310999999999980625e-03 1.324500000000000677e-02 1.655499999999990313e-03 1.655500000000004190e-03 -1.077062965336605060e+01
3.278150000000000230e-01 3.052980000000000138e-01 0.000000000000000000e+00 1.324500000000000677e-02 1.655499999999990313e-03 -1.655500000000004190e-03 -9.436811058996250168e+00
3.278150000000000230e-01 3.185430000000000206e-01 0.000000000000000000e+00 9.933999999999998387e-03 1.655499999999990313e-03 -1.655500000000004190e-03 -1.677570860370199668e+01
3.278150000000000230e-01 3.251660000000000106e-01 3.310999999999980625e-03 9.933999999999998387e-03 3.311249999999987814e-03 -2.500000000071889161e-07 -2.865045131404075107e+01
3.344369999999999843e-01 3.384110000000000174e-01 6.622499999999975628e-03 9.933499999999984009e-03 1.655750000000011379e-03 -2.500000000071889161e-07 -9.666572945580282905e+00
3.410599999999999743e-01 3.450329999999999786e-01 6.622500000000003384e-03 9.933499999999984009e-03 1.387778780781445676e-17 2.500000000071889161e-07 9.729571941740637522e-04
3.476819999999999911e-01 3.582779999999999854e-01 6.622500000000003384e-03 9.933999999999998387e-03 0.000000000000000000e+00 -3.310999999999994503e-03 -1.288449808096370752e+01
3.543049999999999811e-01 3.649009999999999754e-01 6.622500000000003384e-03 3.311499999999995003e-03 0.000000000000000000e+00 -3.311499999999995003e-03 -5.402516872538064518e+01
3.609269999999999978e-01 3.649009999999999754e-01 6.622500000000003384e-03 3.311000000000008381e-03 0.000000000000000000e+00 1.655500000000004190e-03 2.701095284777852612e+01
3.675499999999999878e-01 3.715229999999999921e-01 6.622500000000003384e-03 6.622500000000003384e-03 1.655500000000004190e-03 2.499999999933111283e-07 -1.334365083239359073e+01
3.741720000000000046e-01 3.781459999999999821e-01 9.933500000000011765e-03 3.311499999999995003e-03 1.655749999999997502e-03 -3.311250000000001692e-03 -3.342687263111621832e+01
3.874170000000000114e-01 3.781459999999999821e-01 9.933999999999998387e-03 0.000000000000000000e+00 -1.655500000000004190e-03 -1.655749999999997502e-03 -1.677824193330093649e+01
3.940400000000000014e-01 3.781459999999999821e-01 6.622500000000003384e-03 0.000000000000000000e+00 -1.655749999999997502e-03 -1.655749999999997502e-03 -3.775294451448651500e+01
4.006620000000000181e-01 3.781459999999999821e-01 6.622500000000003384e-03 -3.311499999999995003e-03 -1.655500000000004190e-03 -3.311250000000001692e-03 -6.752636257661615105e+01
4.072850000000000081e-01 3.715229999999999921e-01 3.311499999999995003e-03 -6.622500000000003384e-03 -1.655749999999997502e-03 -1.655500000000004190e-03 -4.051785681642650161e+01
4.072850000000000081e-01 3.649009999999999754e-01 3.311000000000008381e-03 -6.622500000000003384e-03 1.655500000000004190e-03 1.387778780781445676e-17 2.701095284777863981e+01
4.139070000000000249e-01 3.582779999999999854e-01 6.622500000000003384e-03 -6.622499999999975628e-03 2.499999999933111283e-07 -1.655499999999990313e-03 -1.334365083239356586e+01
4.205300000000000149e-01 3.516560000000000241e-01 3.311499999999995003e-03 -9.933499999999984009e-03 -3.311250000000001692e-03 -1.655750000000011379e-03 -3.342687263111643148e+01
4.205300000000000149e-01 3.384110000000000174e-01 0.000000000000000000e+00 -9.933999999999998387e-03 -2.500000000071889161e-07 -2.500000000071889161e-07 -2.533329598940575484e-03
4.205300000000000149e-01 3.317880000000000273e-01 3.310999999999980625e-03 -9.933999999999998387e-03 1.655499999999990313e-03 2.499999999933111283e-07 1.432450460071302167e+01
4.271519999999999762e-01 3.185430000000000206e-01 3.310999999999980625e-03 -9.933500000000011765e-03 -1.655499999999990313e-03 1.655749999999997502e-03 -9.549525554117463955e+00
4.271519999999999762e-01 3.119210000000000038e-01 0.000000000000000000e+00 -6.622500000000003384e-03 -1.655499999999990313e-03 1.655250000000010879e-03 -3.774724423598500067e+01
4.271519999999999762e-01 3.052980000000000138e-01 0.000000000000000000e+00 -6.622999999999990006e-03 0.000000000000000000e+00 0.000000000000000000e+00 0.000000000000000000e+00
4.271519999999999762e-01 2.986750000000000238e-01 0.000000000000000000e+00 -6.622500000000003384e-03 0.000000000000000000e+00 3.311499999999995003e-03 0.000000000000000000e+00
4.271519999999999762e-01 2.920530000000000070e-01 0.000000000000000000e+00 0.000000000000000000e+00 0.000000000000000000e+00 6.622500000000003384e-03 0.000000000000000000e+00
4.271519999999999762e-01 2.986750000000000238e-01 0.000000000000000000e+00 6.622500000000003384e-03 0.000000000000000000e+00 3.311499999999995003e-03 0.000000000000000000e+00
4.271519999999999762e-01 3.052980000000000138e-01 0.000000000000000000e+00 6.622999999999990006e-03 0.000000000000000000e+00 0.000000000000000000e+00 0.000000000000000000e+00
4.271519999999999762e-01 3.119210000000000038e-01 0.000000000000000000e+00 6.622500000000003384e-03 0.000000000000000000e+00 -2.499999999933111283e-07 -0.000000000000000000e+00
4.271519999999999762e-01 3.185430000000000206e-01 0.000000000000000000e+00 6.622500000000003384e-03 0.000000000000000000e+00 0.000000000000000000e+00 0.000000000000000000e+00
4.271519999999999762e-01 3.251660000000000106e-01 0.000000000000000000e+00 6.622500000000003384e-03 1.655750000000011379e-03 0.000000000000000000e+00 -3.775294451448683475e+01
4.271519999999999762e-01 3.317880000000000273e-01 3.311500000000022759e-03 6.622500000000003384e-03 3.311250000000001692e-03 -1.387778780781445676e-17 -5.402109012287981926e+01
4.337750000000000217e-01 3.384110000000000174e-01 6.622500000000003384e-03 6.622499999999975628e-03 -2.500000000210667039e-07 0.000000000000000000e+00 2.015352791650500131e-03
4.403969999999999829e-01 3.450329999999999786e-01 3.310999999999980625e-03 6.622500000000003384e-03 -1.655500000000004190e-03 1.387778780781445676e-17 2.701095284777877481e+01
4.403969999999999829e-01 3.516560000000000241e-01 3.311499999999995003e-03 6.622500000000003384e-03 1.655750000000011379e-03 -1.655750000000011379e-03 -4.051989627164481078e+01
4.470199999999999729e-01 3.582779999999999854e-01 6.622500000000003384e-03 3.310999999999980625e-03 3.311000000000008381e-03 -1.655500000000004190e-03 -5.401986636351880833e+01
4.536419999999999897e-01 3.582779999999999854e-01 9.933500000000011765e-03 3.311499999999995003e-03 1.655749999999997502e-03 1.655750000000011379e-03 9.550534975243941460e+00
4.668869999999999965e-01 3.649009999999999754e-01 9.933999999999998387e-03 6.622500000000003384e-03 -1.655500000000004190e-03 -2.499999999933111283e-07 6.440789720524771056e+00
4.735099999999999865e-01 3.715229999999999921e-01 6.622500000000003384e-03 3.311000000000008381e-03 -1.655749999999997502e-03 -3.311250000000001692e-03 -4.051948857768837797e+01
4.801320000000000032e-01 3.715229999999999921e-01 6.622500000000003384e-03 0.000000000000000000e+00 0.000000000000000000e+00 -1.655500000000004190e-03 -3.774724423598531331e+01
4.867549999999999932e-01 3.715229999999999921e-01 6.622500000000003384e-03 0.000000000000000000e+00 1.655750000000011379e-03 0.000000000000000000e+00 0.000000000000000000e+00
4.933770000000000100e-01 3.715229999999999921e-01 9.934000000000026143e-03 0.000000000000000000e+00 1.655749999999983624e-03 0.000000000000000000e+00 0.000000000000000000e+00
5.066230000000000455e-01 3.715229999999999921e-01 9.933999999999970631e-03 0.000000000000000000e+00 -1.655750000000025257e-03 -1.655500000000004190e-03 -1.677570860370223116e+01
5.132449999999999513e-01 3.715229999999999921e-01 6.622499999999975628e-03 -3.311000000000008381e-03 -3.311249999999973936e-03 -3.311250000000001692e-03 -8.103693751537568346e+01
5.198679999999999968e-01 3.649009999999999754e-01 3.311500000000022759e-03 -6.622500000000003384e-03 -1.655749999999983624e-03 -1.655749999999983624e-03 -4.051989627164403629e+01
5.198679999999999968e-01 3.582779999999999854e-01 3.311000000000008381e-03 -6.622499999999975628e-03 1.655499999999976435e-03 -1.655499999999990313e-03 1.350649608990808836e+01
5.264900000000000135e-01 3.516560000000000241e-01 6.622499999999975628e-03 -9.933499999999984009e-03 1.655749999999983624e-03 -6.622500000000017262e-03 -1.610803608669004205e+01
5.331129999999999480e-01 3.384110000000000174e-01 6.622499999999975628e-03 -1.986750000000001015e-02 -1.655749999999983624e-03 -4.967250000000006382e-03 -7.163117582624199287e+00
5.397349999999999648e-01 3.119210000000000038e-01 3.311000000000008381e-03 -1.986799999999999677e-02 -1.655499999999976435e-03 3.311000000000008381e-03 -2.683528372758958280e+00
5.397349999999999648e-01 2.986750000000000238e-01 3.311500000000022759e-03 -1.324549999999999339e-02 2.500000000071889161e-07 3.311499999999995003e-03 4.310019839161788546e+00
5.463580000000000103e-01 2.854300000000000170e-01 3.311500000000022759e-03 -1.324500000000000677e-02 -1.655750000000011379e-03 -1.655250000000010879e-03 -1.077164378028156833e+01
5.463580000000000103e-01 2.721850000000000103e-01 0.000000000000000000e+00 -1.655600000000001515e-02 -1.655750000000011379e-03 -1.655499999999997252e-03 -6.040653549133807587e+00
5.463580000000000103e-01 2.523179999999999867e-01 0.000000000000000000e+00 -1.655600000000000127e-02 0.000000000000000000e+00 1.655500000000011129e-03 0.000000000000000000e+00
5.463580000000000103e-01 2.390730000000000077e-01 0.000000000000000000e+00 -1.324499999999999289e-02 -1.655750000000011379e-03 -2.500000000002500222e-07 -9.438236128621730003e+00
5.463580000000000103e-01 2.258280000000000010e-01 -3.311500000000022759e-03 -1.655650000000000177e-02 -3.311250000000015570e-03 -6.938893903907228378e-18 -1.138942682561202346e+01
5.397349999999999648e-01 2.059600000000000042e-01 -6.622500000000031140e-03 -1.324500000000000677e-02 -1.655499999999976435e-03 4.966999999999999194e-03 -1.688210051180749005e+01
5.331129999999999480e-01 1.993379999999999874e-01 -6.622499999999975628e-03 -6.622500000000003384e-03 -1.655749999999983624e-03 1.655500000000004190e-03 -2.669334772316146598e+01
5.264900000000000135e-01 1.927149999999999974e-01 -9.933999999999998387e-03 -9.933999999999998387e-03 -1.655500000000004190e-03 -1.655499999999997252e-03 -2.443840343915480323e-14
5.132449999999999513e-01 1.794699999999999906e-01 -9.933499999999984009e-03 -9.933499999999997887e-03 1.655750000000011379e-03 1.655750000000004440e-03 3.299682679999997631e-14
5.066230000000000455e-01 1.728480000000000016e-01 -6.622499999999975628e-03 -6.622499999999989506e-03 -1.656000000000018568e-03 1.655499999999997252e-03 -2.669536307595323166e+01
5.000000000000000000e-01 1.662250000000000116e-01 -1.324550000000002115e-02 -6.622500000000003384e-03 -4.967000000000013071e-03 1.655749999999990563e-03 -1.688184560107563570e+01
4.801320000000000032e-01 1.596029999999999949e-01 -1.655650000000000177e-02 -3.311000000000008381e-03 1.656000000000004690e-03 3.311250000000001692e-03 -1.025050797126056779e+01
4.668869999999999965e-01 1.596029999999999949e-01 -9.933500000000011765e-03 0.000000000000000000e+00 2.500000000071889161e-07 1.655500000000004190e-03 -1.677739744759438167e+01
4.602649999999999797e-01 1.596029999999999949e-01 -1.655599999999998739e-02 0.000000000000000000e+00 -3.311499999999995003e-03 1.655500000000004190e-03 -6.039741477029146210e+00
4.337750000000000217e-01 1.596029999999999949e-01 -1.655650000000000177e-02 3.311000000000008381e-03 4.966749999999992005e-03 1.655500000000004190e-03 -9.110874699109800190e+00
4.271519999999999762e-01 1.662250000000000116e-01 -6.622500000000003384e-03 3.311000000000008381e-03 3.311500000000008881e-03 2.499999999933111283e-07 -2.701707115185665131e+01
4.205300000000000149e-01 1.662250000000000116e-01 -9.933499999999984009e-03 3.311499999999995003e-03 -1.655749999999997502e-03 2.499999999933111283e-07 4.773825462108586493e+00
4.072850000000000081e-01 1.728480000000000016e-01 -9.933999999999998387e-03 3.311499999999995003e-03 3.310999999999994503e-03 1.655500000000004190e-03 -2.387237199042642644e+01
4.006620000000000181e-01 1.728480000000000016e-01 -3.311499999999995003e-03 6.622500000000003384e-03 3.311499999999995003e-03 3.311000000000001442e-03 -8.103571363285294638e+01
4.006620000000000181e-01 1.860930000000000084e-01 -3.311000000000008381e-03 9.933499999999997887e-03 1.655749999999997502e-03 1.655499999999997252e-03 -1.910193539880485503e+01
3.940400000000000014e-01 1.927149999999999974e-01 0.000000000000000000e+00 9.933499999999997887e-03 4.966750000000005882e-03 2.500000000002500222e-07 -5.033472592741740215e+01
4.006620000000000181e-01 2.059600000000000042e-01 6.622500000000003384e-03 9.933999999999998387e-03 4.966999999999999194e-03 -3.311000000000001442e-03 -4.187826698957420035e+01
4.072850000000000081e-01 2.125829999999999942e-01 9.933999999999998387e-03 3.311499999999995003e-03 1.655499999999990313e-03 -3.311499999999995003e-03 -3.342521416186977490e+01
4.205300000000000149e-01 2.125829999999999942e-01 9.933499999999984009e-03 3.311000000000008381e-03 -1.655749999999997502e-03 -2.499999999933111283e-07 4.773320577330724568e+00
4.271519999999999762e-01 2.192050000000000110e-01 6.622500000000003384e-03 3.311000000000008381e-03 2.500000000071889161e-07 -1.655500000000004190e-03 -2.701299217981692280e+01
4.337750000000000217e-01 2.192050000000000110e-01 9.933999999999998387e-03 0.000000000000000000e+00 1.655499999999990313e-03 -1.655500000000004190e-03 -1.677570860370213879e+01
4.470199999999999729e-01 2.192050000000000110e-01 9.933499999999984009e-03 0.000000000000000000e+00 -2.499999999933111283e-07 0.000000000000000000e+00 0.000000000000000000e+00
4.536419999999999897e-01 2.192050000000000110e-01 9.933500000000011765e-03 0.000000000000000000e+00 2.500000000071889161e-07 -1.655500000000004190e-03 -1.677739744759438167e+01
4.668869999999999965e-01 2.192050000000000110e-01 9.933999999999998387e-03 -3.311000000000008381e-03 -1.655500000000004190e-03 -1.655500000000004190e-03 -1.909789757274603517e+01
4.735099999999999865e-01 2.125829999999999942e-01 6.622500000000003384e-03 -3.311000000000008381e-03 -1.655749999999997502e-03 -2.499999999933111283e-07 -1.351057506194812952e+01
4.801320000000000032e-01 2.125829999999999942e-01 6.622500000000003384e-03 -3.311499999999995003e-03 -1.655500000000004190e-03 -1.655749999999997502e-03 -4.051785681642650161e+01
4.867549999999999932e-01 2.059600000000000042e-01 3.311499999999995003e-03 -6.622500000000003384e-03 -1.655749999999997502e-03 -1.655500000000004190e-03 -4.051785681642650161e+01
4.867549999999999932e-01 1.993379999999999874e-01 3.311000000000008381e-03 -6.622500000000003384e-03 1.655500000000004190e-03 1.655500000000004190e-03 4.051540960564864946e+01
4.933770000000000100e-01 1.927149999999999974e-01 6.622500000000003384e-03 -3.311499999999995003e-03 1.656000000000004690e-03 1.655750000000004440e-03 4.052193572686265810e+01
5.000000000000000000e-01 1.927149999999999974e-01 6.623000000000017762e-03 -3.310999999999994503e-03 -1.655499999999990313e-03 -1.655500000000004190e-03 -4.051010776730888097e+01
5.066230000000000455e-01 1.860930000000000084e-01 3.311500000000022759e-03 -6.622500000000003384e-03 -3.311500000000008881e-03 -1.656000000000011629e-03 -6.753452008955292740e+01
5.066230000000000455e-01 1.794699999999999906e-01 0.000000000000000000e+00 -6.623000000000017762e-03 -3.311500000000022759e-03 -5.000000000143778323e-07 -7.549448890231023768e+01
