3.211919999999999775e-01 3.516560000000000241e-01 0.000000000000000000e+00 6.621999999999961251e-03 0.000000000000000000e+00 5.000000000143778323e-07 0.000000000000000000e+00
3.211919999999999775e-01 3.582779999999999854e-01 0.000000000000000000e+00 6.622499999999975628e-03 0.000000000000000000e+00 2.500000000210667039e-07 0.000000000000000000e+00
3.211919999999999775e-01 3.649009999999999754e-01 0.000000000000000000e+00 6.622500000000003384e-03 1.655750000000011379e-03 1.387778780781445676e-17 -3.775294451448683475e+01
3.211919999999999775e-01 3.715229999999999921e-01 3.311500000000022759e-03 6.622500000000003384e-03 3.311250000000001692e-03 0.000000000000000000e+00 -5.402109012287970558e+01
3.278150000000000230e-01 3.781459999999999821e-01 6.622500000000003384e-03 6.622500000000003384e-03 3.310999999999980625e-03 0.000000000000000000e+00 -2.669133237036981043e+01
3.344369999999999843e-01 3.847679999999999989e-01 9.933499999999984009e-03 6.622500000000003384e-03 1.655749999999997502e-03 0.000000000000000000e+00 -6.443895497366065150e+00
3.476819999999999911e-01 3.913909999999999889e-01 9.933999999999998387e-03 6.622500000000003384e-03 -1.655499999999990313e-03 0.000000000000000000e+00 6.442249040481826228e+00
3.543049999999999811e-01 3.980130000000000057e-01 6.622500000000003384e-03 6.622500000000003384e-03 -1.655749999999997502e-03 -1.655500000000004190e-03 2.015352791426778915e-03
3.609269999999999978e-01 4.046359999999999957e-01 6.622500000000003384e-03 3.311499999999995003e-03 0.000000000000000000e+00 -3.311250000000001692e-03 -5.402109012287997558e+01
3.675499999999999878e-01 4.046359999999999957e-01 6.622500000000003384e-03 0.000000000000000000e+00 0.000000000000000000e+00 -3.311499999999995003e-03 -7.550588902897303001e+01
3.741720000000000046e-01 4.046359999999999957e-01 6.622500000000003384e-03 -3.311499999999995003e-03 1.655749999999997502e-03 -3.311250000000001692e-03 -4.051377821392583201e+01
3.807949999999999946e-01 3.980130000000000057e-01 9.933999999999998387e-03 -6.622500000000003384e-03 0.000000000000000000e+00 -1.655500000000004190e-03 -9.663616756232080718e+00
3.940400000000000014e-01 3.913909999999999889e-01 6.622500000000003384e-03 -6.622500000000003384e-03 -3.311499999999995003e-03 -1.655749999999997502e-03 -4.004304461392933234e+01
3.940400000000000014e-01 3.847679999999999989e-01 3.311000000000008381e-03 -9.933999999999998387e-03 0.000000000000000000e+00 -1.655500000000004190e-03 -4.774113919468648604e+00
4.006620000000000181e-01 3.715229999999999921e-01 6.622500000000003384e-03 -9.933500000000011765e-03 2.499999999933111283e-07 2.500000000071889161e-07 2.432356256330758804e-03
4.072850000000000081e-01 3.649009999999999754e-01 3.311499999999995003e-03 -9.933499999999984009e-03 -1.655749999999997502e-03 -2.499999999933111283e-07 -1.432724470614200207e+01
4.072850000000000081e-01 3.516560000000000241e-01 3.311000000000008381e-03 -9.933999999999998387e-03 -2.499999999933111283e-07 1.655499999999990313e-03 4.771950859418336854e+00
4.139070000000000249e-01 3.450329999999999786e-01 3.311000000000008381e-03 -6.622500000000003384e-03 2.499999999933111283e-07 1.655750000000011379e-03 1.351057506194824320e+01
4.139070000000000249e-01 3.384110000000000174e-01 3.311499999999995003e-03 -6.622499999999975628e-03 2.499999999933111283e-07 0.000000000000000000e+00 4.078602500674587475e-03
4.205300000000000149e-01 3.317880000000000273e-01 3.311499999999995003e-03 -6.622500000000003384e-03 -2.500000000071889161e-07 1.655749999999983624e-03 1.350323330645313114e+01
4.205300000000000149e-01 3.251660000000000106e-01 3.310999999999980625e-03 -3.311000000000008381e-03 -2.500000000071889161e-07 4.966750000000005882e-03 1.601721793687436275e+02
4.271519999999999762e-01 3.251660000000000106e-01 3.310999999999980625e-03 3.311000000000008381e-03 -1.655499999999990313e-03 4.966750000000005882e-03 2.135709684535717940e+02
4.271519999999999762e-01 3.317880000000000273e-01 0.000000000000000000e+00 6.622500000000003384e-03 -1.655499999999990313e-03 1.655749999999983624e-03 3.774724423598500067e+01
4.271519999999999762e-01 3.384110000000000174e-01 0.000000000000000000e+00 6.622499999999975628e-03 1.655750000000011379e-03 1.655499999999990313e-03 -3.775294451448715449e+01
4.271519999999999762e-01 3.450329999999999786e-01 3.311500000000022759e-03 9.933499999999984009e-03 1.655750000000011379e-03 1.655750000000011379e-03 -9.550534975243872182e+00
4.337750000000000217e-01 3.582779999999999854e-01 3.311500000000022759e-03 9.933999999999998387e-03 -2.500000000210667039e-07 -1.655499999999990313e-03 -4.772455618970764313e+00
4.337750000000000217e-01 3.649009999999999754e-01 3.310999999999980625e-03 6.622500000000003384e-03 1.655499999999976435e-03 -1.655749999999997502e-03 -4.051744893768656652e+01
4.403969999999999829e-01 3.715229999999999921e-01 6.622499999999975628e-03 6.622500000000003384e-03 2.500000000071889161e-07 0.000000000000000000e+00 -2.015352791538633885e-03
4.470199999999999729e-01 3.781459999999999821e-01 3.311499999999995003e-03 6.622500000000003384e-03 -1.655749999999983624e-03 0.000000000000000000e+00 2.701258436269009877e+01
4.470199999999999729e-01 3.847679999999999989e-01 3.311000000000008381e-03 6.622500000000003384e-03 1.655500000000004190e-03 -1.655500000000004190e-03 -4.051540960564864946e+01
4.536419999999999897e-01 3.913909999999999889e-01 6.622500000000003384e-03 3.311499999999995003e-03 1.655749999999997502e-03 -3.311250000000001692e-03 -6.752840203183411916e+01
4.602649999999999797e-01 3.913909999999999889e-01 6.622500000000003384e-03 0.000000000000000000e+00 0.000000000000000000e+00 -1.655749999999997502e-03 -3.775294451448651500e+01
4.668869999999999965e-01 3.913909999999999889e-01 6.622500000000003384e-03 0.000000000000000000e+00 0.000000000000000000e+00 0.000000000000000000e+00 0.000000000000000000e+00
4.735099999999999865e-01 3.913909999999999889e-01 6.622500000000003384e-03 0.000000000000000000e+00 0.000000000000000000e+00 0.000000000000000000e+00 0.000000000000000000e+00
4.801320000000000032e-01 3.913909999999999889e-01 6.622500000000003384e-03 0.000000000000000000e+00 0.000000000000000000e+00 0.000000000000000000e+00 0.000000000000000000e+00
4.867549999999999932e-01 3.913909999999999889e-01 6.622500000000003384e-03 0.000000000000000000e+00 0.000000000000000000e+00 -1.655749999999997502e-03 -3.775294451448651500e+01
4.933770000000000100e-01 3.913909999999999889e-01 6.622500000000003384e-03 -3.311499999999995003e-03 -1.655500000000004190e-03 -3.311250000000001692e-03 -6.752636257661615105e+01
5.000000000000000000e-01 3.847679999999999989e-01 3.311499999999995003e-03 -6.622500000000003384e-03 -1.655499999999990313e-03 -1.655500000000004190e-03 -4.051377821392560463e+01
5.000000000000000000e-01 3.781459999999999821e-01 3.311500000000022759e-03 -6.622500000000003384e-03 1.387778780781445676e-17 -1.655749999999997502e-03 -1.350731190895396239e+01
5.066230000000000455e-01 3.715229999999999921e-01 3.311500000000022759e-03 -9.933999999999998387e-03 -2.500000000349444917e-07 -3.311250000000001692e-03 -9.552121147798203538e+00
5.066230000000000455e-01 3.582779999999999854e-01 3.310999999999952870e-03 -1.324500000000000677e-02 -2.500000000349444917e-07 2.500000000071889161e-07 -9.759344633274741766e-04
5.132449999999999513e-01 3.450329999999999786e-01 3.310999999999952870e-03 -9.933499999999984009e-03 -1.655499999999976435e-03 1.655750000000011379e-03 -9.549525554117398229e+00
5.132449999999999513e-01 3.384110000000000174e-01 0.000000000000000000e+00 -9.933499999999984009e-03 -1.655499999999976435e-03 -4.967250000000006382e-03 -1.677739744759419338e+01
5.132449999999999513e-01 3.251660000000000106e-01 0.000000000000000000e+00 -1.986799999999999677e-02 0.000000000000000000e+00 -4.967250000000006382e-03 0.000000000000000000e+00
5.132449999999999513e-01 2.986750000000000238e-01 0.000000000000000000e+00 -1.986799999999999677e-02 0.000000000000000000e+00 3.311499999999995003e-03 0.000000000000000000e+00
5.132449999999999513e-01 2.854300000000000170e-01 0.000000000000000000e+00 -1.324500000000000677e-02 0.000000000000000000e+00 3.311499999999995003e-03 0.000000000000000000e+00
5.132449999999999513e-01 2.721850000000000103e-01 0.000000000000000000e+00 -1.324500000000000677e-02 -1.655499999999976435e-03 0.000000000000000000e+00 -9.436811058996170232e+00
5.132449999999999513e-01 2.589400000000000035e-01 -3.310999999999952870e-03 -1.324500000000000677e-02 -1.655499999999976435e-03 0.000000000000000000e+00 -8.616633834188954566e+00
5.066230000000000455e-01 2.456949999999999967e-01 -3.310999999999952870e-03 -1.324500000000000677e-02 -2.500000000349444917e-07 -1.655499999999997252e-03 2.152694605973240805e+00
5.066230000000000455e-01 2.324499999999999900e-01 -3.311500000000022759e-03 -1.655600000000000127e-02 -1.656000000000032446e-03 6.938893903907228378e-18 -5.696327465989865502e+00
5.000000000000000000e-01 2.125829999999999942e-01 -6.623000000000017762e-03 -1.324499999999999289e-02 -1.655499999999990313e-03 3.311000000000001442e-03 -1.350476266691545391e+01
4.933770000000000100e-01 2.059600000000000042e-01 -6.622500000000003384e-03 -9.933999999999998387e-03 2.500000000071889161e-07 1.655749999999997502e-03 -6.441762576012505903e+00
4.867549999999999932e-01 1.927149999999999974e-01 -6.622500000000003384e-03 -9.933499999999997887e-03 0.000000000000000000e+00 1.655749999999997502e-03 -6.443895497366043834e+00
4.801320000000000032e-01 1.860930000000000084e-01 -6.622500000000003384e-03 -6.622500000000003384e-03 1.655749999999997502e-03 1.655499999999997252e-03 2.015352791482457034e-03
4.735099999999999865e-01 1.794699999999999906e-01 -3.311000000000008381e-03 -6.622500000000003384e-03 0.000000000000000000e+00 -1.655499999999997252e-03 1.350445675787006650e+01
4.735099999999999865e-01 1.728480000000000016e-01 -6.622500000000003384e-03 -9.933499999999997887e-03 -3.311499999999995003e-03 0.000000000000000000e+00 -1.933119997677178148e+01
4.602649999999999797e-01 1.596029999999999949e-01 -9.933999999999998387e-03 -6.622500000000003384e-03 1.655500000000004190e-03 3.311000000000001442e-03 -1.288498447198224284e+01
4.536419999999999897e-01 1.596029999999999949e-01 -3.311499999999995003e-03 -3.311499999999995003e-03 3.311499999999995003e-03 1.655500000000004190e-03 5.339072523906355627e+01
4.536419999999999897e-01 1.529800000000000049e-01 -3.311000000000008381e-03 -3.311499999999995003e-03 -1.655500000000004190e-03 1.655749999999997502e-03 -1.067733893710506976e+02
4.470199999999999729e-01 1.529800000000000049e-01 -6.622500000000003384e-03 0.000000000000000000e+00 -1.655749999999983624e-03 3.311499999999995003e-03 -7.550588902897303001e+01
4.403969999999999829e-01 1.529800000000000049e-01 -6.622499999999975628e-03 3.311499999999995003e-03 0.000000000000000000e+00 3.311250000000001692e-03 -5.402109012288029533e+01
4.337750000000000217e-01 1.596029999999999949e-01 -6.622500000000003384e-03 6.622500000000003384e-03 -1.387778780781445676e-17 1.655500000000004190e-03 -1.334566618518490522e+01
4.271519999999999762e-01 1.662250000000000116e-01 -6.622500000000003384e-03 6.622500000000003384e-03 1.387778780781445676e-17 1.655749999999997502e-03 -1.334768153797655543e+01
4.205300000000000149e-01 1.728480000000000016e-01 -6.622499999999975628e-03 9.933999999999998387e-03 1.655500000000004190e-03 1.655499999999997252e-03 -1.610586579671397089e+01
4.139070000000000249e-01 1.860930000000000084e-01 -3.311499999999995003e-03 9.933499999999997887e-03 1.655749999999983624e-03 -1.655750000000004440e-03 -9.550534975243698099e+00
4.139070000000000249e-01 1.927149999999999974e-01 -3.311000000000008381e-03 6.622499999999989506e-03 -1.655500000000004190e-03 -1.655499999999997252e-03 4.051540960564874894e+01
4.072850000000000081e-01 1.993379999999999874e-01 -6.622500000000003384e-03 6.622500000000003384e-03 -2.499999999933111283e-07 6.938893903907228378e-18 2.015352791370808930e-03
4.006620000000000181e-01 2.059600000000000042e-01 -3.311499999999995003e-03 6.622500000000003384e-03 1.655749999999997502e-03 -1.655500000000004190e-03 -1.350731190895414535e+01
4.006620000000000181e-01 2.125829999999999942e-01 -3.311000000000008381e-03 3.311499999999995003e-03 -1.655500000000004190e-03 -1.655749999999997502e-03 1.067733893710506976e+02
3.940400000000000014e-01 2.125829999999999942e-01 -6.622500000000003384e-03 3.311000000000008381e-03 -1.655749999999997502e-03 1.655500000000004190e-03 -1.350445675787012334e+01
3.874170000000000114e-01 2.192050000000000110e-01 -6.622500000000003384e-03 6.622500000000003384e-03 -1.655500000000004190e-03 2.499999999933111283e-07 1.334365083239359073e+01
3.807949999999999946e-01 2.258280000000000010e-01 -9.933500000000011765e-03 3.311499999999995003e-03 -1.655749999999997502e-03 -3.311250000000001692e-03 3.342687263111621832e+01
3.675499999999999878e-01 2.258280000000000010e-01 -9.933999999999998387e-03 0.000000000000000000e+00 1.655500000000004190e-03 -1.655749999999997502e-03 1.677824193330093649e+01
3.609269999999999978e-01 2.258280000000000010e-01 -6.622500000000003384e-03 0.000000000000000000e+00 3.311499999999995003e-03 -1.655749999999997502e-03 3.775294451448651500e+01
3.543049999999999811e-01 2.258280000000000010e-01 -3.311000000000008381e-03 -3.311499999999995003e-03 1.655500000000004190e-03 -1.655749999999997502e-03 1.067733893710506976e+02
3.543049999999999811e-01 2.192050000000000110e-01 -3.311499999999995003e-03 -3.311499999999995003e-03 -1.655749999999997502e-03 -1.655500000000004190e-03 -8.060194027426774085e-03
3.476819999999999911e-01 2.192050000000000110e-01 -6.622500000000003384e-03 -6.622500000000003384e-03 2.499999999933111283e-07 -3.311000000000008381e-03 2.669334772316145887e+01
3.410599999999999743e-01 2.059600000000000042e-01 -3.311000000000008381e-03 -9.933500000000011765e-03 1.655500000000004190e-03 0.000000000000000000e+00 1.432500937659713358e+01
3.410599999999999743e-01 1.993379999999999874e-01 -3.311499999999995003e-03 -6.622500000000003384e-03 -2.499999999933111283e-07 -2.499999999933111283e-07 -2.039147282707965813e-03
3.344369999999999843e-01 1.927149999999999974e-01 -3.311499999999995003e-03 -9.933999999999998387e-03 1.655749999999997502e-03 -1.655499999999997252e-03 1.909991637145542853e+01
3.344369999999999843e-01 1.794699999999999906e-01 0.000000000000000000e+00 -9.933499999999997887e-03 3.311499999999995003e-03 1.655750000000004440e-03 3.355986206445709996e+01
3.344369999999999843e-01 1.728480000000000016e-01 3.311499999999995003e-03 -6.622499999999989506e-03 1.655749999999997502e-03 1.655499999999997252e-03 4.051785681642660109e+01
3.410599999999999743e-01 1.662250000000000116e-01 3.311499999999995003e-03 -6.622500000000003384e-03 1.655500000000004190e-03 -6.938893903907228378e-18 2.700850576018958904e+01
3.410599999999999743e-01 1.596029999999999949e-01 6.622500000000003384e-03 -6.622500000000003384e-03 3.311000000000008381e-03 1.655500000000004190e-03 4.003699855555505138e+01
3.543049999999999811e-01 1.529800000000000049e-01 9.933500000000011765e-03 -3.311499999999995003e-03 0.000000000000000000e+00 1.655749999999997502e-03 1.432652358450383190e+01
3.609269999999999978e-01 1.529800000000000049e-01 6.622500000000003384e-03 -3.311000000000008381e-03 -1.655500000000004190e-03 2.499999999933111283e-07 -1.350037778583039838e+01
3.675499999999999878e-01 1.463579999999999881e-01 6.622500000000003384e-03 -3.311000000000008381e-03 1.655500000000004190e-03 1.655500000000004190e-03 4.051540960564864946e+01
3.741720000000000046e-01 1.463579999999999881e-01 9.933500000000011765e-03 0.000000000000000000e+00 3.311250000000001692e-03 1.655500000000004190e-03 1.677739744759438167e+01
3.874170000000000114e-01 1.463579999999999881e-01 1.324500000000000677e-02 0.000000000000000000e+00 1.655749999999997502e-03 0.000000000000000000e+00 0.000000000000000000e+00
4.006620000000000181e-01 1.463579999999999881e-01 1.324500000000000677e-02 0.000000000000000000e+00 -1.655500000000004190e-03 0.000000000000000000e+00 0.000000000000000000e+00
4.139070000000000249e-01 1.463579999999999881e-01 9.933999999999998387e-03 0.000000000000000000e+00 -3.311250000000015570e-03 1.655500000000004190e-03 1.677570860370213879e+01
4.205300000000000149e-01 1.463579999999999881e-01 6.622499999999975628e-03 3.311000000000008381e-03 -1.655749999999997502e-03 3.311250000000001692e-03 6.753248075750563828e+01
4.271519999999999762e-01 1.529800000000000049e-01 6.622500000000003384e-03 6.622500000000003384e-03 1.387778780781445676e-17 2.499999999933111283e-07 2.015352791314871904e-03
4.337750000000000217e-01 1.596029999999999949e-01 6.622500000000003384e-03 3.311499999999995003e-03 -1.387778780781445676e-17 -1.655749999999997502e-03 -2.701258436269021246e+01
4.403969999999999829e-01 1.596029999999999949e-01 6.622499999999975628e-03 3.311000000000008381e-03 -1.655500000000004190e-03 1.655500000000004190e-03 4.051540960564895499e+01
4.470199999999999729e-01 1.662250000000000116e-01 3.311499999999995003e-03 6.622500000000003384e-03 -3.311249999999987814e-03 1.655999999999990813e-03 6.753044148705185989e+01
4.470199999999999729e-01 1.728480000000000016e-01 0.000000000000000000e+00 6.622999999999990006e-03 -3.311499999999995003e-03 4.999999999866222566e-07 7.549448890231025189e+01
