3.741720000000000046e-01 2.523179999999999867e-01 0.000000000000000000e+00 1.324500000000000677e-02 0.000000000000000000e+00 0.000000000000000000e+00 0.000000000000000000e+00
3.741720000000000046e-01 2.655629999999999935e-01 0.000000000000000000e+00 1.324500000000000677e-02 0.000000000000000000e+00 0.000000000000000000e+00 0.000000000000000000e+00
3.741720000000000046e-01 2.788080000000000003e-01 0.000000000000000000e+00 1.324500000000000677e-02 0.000000000000000000e+00 0.000000000000000000e+00 0.000000000000000000e+00
3.741720000000000046e-01 2.920530000000000070e-01 0.000000000000000000e+00 1.324500000000000677e-02 1.655749999999997502e-03 0.000000000000000000e+00 -9.438236128621628751e+00
3.741720000000000046e-01 3.052980000000000138e-01 3.311499999999995003e-03 1.324500000000000677e-02 4.966999999999999194e-03 1.655749999999997502e-03 -2.369722603182762555e+01
3.807949999999999946e-01 3.185430000000000206e-01 9.933999999999998387e-03 1.655650000000000177e-02 4.966750000000005882e-03 1.655749999999997502e-03 -9.139056514175544876e+00
3.940400000000000014e-01 3.384110000000000174e-01 1.324500000000000677e-02 1.655650000000000177e-02 -2.499999999933111283e-07 -3.311500000000008881e-03 -4.601209850152732983e+00
4.072850000000000081e-01 3.516560000000000241e-01 9.933500000000011765e-03 9.933499999999984009e-03 -1.655750000000011379e-03 -6.622750000000010573e-03 -1.779690877365938206e+01
4.139070000000000249e-01 3.582779999999999854e-01 9.933499999999984009e-03 3.310999999999980625e-03 2.499999999933111283e-07 -4.966749999999992005e-03 -4.297791242036139181e+01
4.271519999999999762e-01 3.582779999999999854e-01 9.933999999999998387e-03 0.000000000000000000e+00 -1.655499999999990313e-03 -3.310999999999980625e-03 -3.355141720740399336e+01
4.337750000000000217e-01 3.582779999999999854e-01 6.622500000000003384e-03 -3.310999999999980625e-03 -2.500000000071889161e-07 -4.966749999999992005e-03 -8.103897684741387764e+01
4.403969999999999829e-01 3.516560000000000241e-01 9.933499999999984009e-03 -9.933499999999984009e-03 1.655749999999997502e-03 -6.622750000000010573e-03 -1.779690877365943891e+01
4.536419999999999897e-01 3.384110000000000174e-01 9.933999999999998387e-03 -1.655650000000000177e-02 -1.655499999999990313e-03 -3.311500000000008881e-03 -8.378014754639927730e+00
4.602649999999999797e-01 3.185430000000000206e-01 6.622500000000003384e-03 -1.655650000000000177e-02 -1.655749999999997502e-03 1.655749999999997502e-03 -2.900875223451681251e+00
4.668869999999999965e-01 3.052980000000000138e-01 6.622500000000003384e-03 -1.324500000000000677e-02 0.000000000000000000e+00 1.655749999999997502e-03 3.376726011406785855e+00
4.735099999999999865e-01 2.920530000000000070e-01 6.622500000000003384e-03 -1.324500000000000677e-02 -1.655749999999997502e-03 0.000000000000000000e+00 -6.753452022813571709e+00
4.801320000000000032e-01 2.788080000000000003e-01 3.311000000000008381e-03 -1.324500000000000677e-02 -1.655500000000004190e-03 1.655500000000004190e-03 -6.462638015012019288e+00
4.801320000000000032e-01 2.655629999999999935e-01 3.311499999999995003e-03 -9.933999999999998387e-03 2.499999999933111283e-07 8.278000000000007574e-03 2.387669791456659141e+01
4.867549999999999932e-01 2.589400000000000035e-01 3.311499999999995003e-03 3.311000000000008381e-03 -1.655749999999997502e-03 9.933999999999998387e-03 3.737391108776167812e+02
4.867549999999999932e-01 2.721850000000000103e-01 0.000000000000000000e+00 9.933999999999998387e-03 -1.655749999999997502e-03 3.311499999999995003e-03 1.677824193330093649e+01
4.867549999999999932e-01 2.788080000000000003e-01 0.000000000000000000e+00 9.933999999999998387e-03 0.000000000000000000e+00 1.655500000000004190e-03 0.000000000000000000e+00
4.867549999999999932e-01 2.920530000000000070e-01 0.000000000000000000e+00 1.324500000000000677e-02 1.655500000000004190e-03 1.655500000000004190e-03 -9.436811058996328327e+00
4.867549999999999932e-01 3.052980000000000138e-01 3.311000000000008381e-03 1.324500000000000677e-02 3.311250000000001692e-03 -1.655500000000004190e-03 -1.938856470075875649e+01
4.933770000000000100e-01 3.185430000000000206e-01 6.622500000000003384e-03 9.933999999999998387e-03 1.656000000000004690e-03 -1.655500000000004190e-03 -1.610878443662825887e+01
5.000000000000000000e-01 3.251660000000000106e-01 6.623000000000017762e-03 9.933999999999998387e-03 -1.387778780781445676e-17 -2.500000000071889161e-07 -9.728611364691892426e-04
5.066230000000000455e-01 3.384110000000000174e-01 6.622499999999975628e-03 9.933499999999984009e-03 1.655249999999983124e-03 -1.655749999999997502e-03 -1.610657668762769390e+01
5.132449999999999513e-01 3.450329999999999786e-01 9.933499999999984009e-03 6.622500000000003384e-03 1.655750000000011379e-03 -3.310999999999980625e-03 -2.577217667601361839e+01
5.264900000000000135e-01 3.516560000000000241e-01 9.933999999999998387e-03 3.311500000000022759e-03 -1.655500000000004190e-03 -3.311250000000001692e-03 -2.387381403771748722e+01
5.331129999999999480e-01 3.516560000000000241e-01 6.622499999999975628e-03 0.000000000000000000e+00 -2.499999999794333405e-07 -4.967000000000013071e-03 -1.132531332649596436e+02
5.397349999999999648e-01 3.516560000000000241e-01 9.933500000000039520e-03 -6.622500000000003384e-03 1.655750000000011379e-03 -6.622500000000003384e-03 -3.221558565805319319e+01
5.529800000000000271e-01 3.384110000000000174e-01 9.933999999999998387e-03 -1.324500000000000677e-02 -1.655500000000031946e-03 -3.311250000000001692e-03 -1.207951946338499383e+01
5.596029999999999616e-01 3.251660000000000106e-01 6.622499999999975628e-03 -1.324500000000000677e-02 -1.655749999999983624e-03 -2.499999999933111283e-07 -6.753961871222307067e+00
5.662249999999999783e-01 3.119210000000000038e-01 6.622500000000031140e-03 -1.324549999999999339e-02 -1.655499999999976435e-03 -1.655749999999997502e-03 -1.012849556719035782e+01
5.728480000000000238e-01 2.986750000000000238e-01 3.311500000000022759e-03 -1.655650000000000177e-02 -1.655750000000011379e-03 -3.311000000000008381e-03 -7.972994321245976401e+00
5.728480000000000238e-01 2.788080000000000003e-01 3.311000000000008381e-03 -1.986750000000001015e-02 -2.500000000071889161e-07 0.000000000000000000e+00 -6.078653510462881434e-04
5.794700000000000406e-01 2.589400000000000035e-01 3.311000000000008381e-03 -1.655650000000000177e-02 -1.655500000000004190e-03 1.655750000000004440e-03 -4.555437349554899207e+00
5.794700000000000406e-01 2.456949999999999967e-01 0.000000000000000000e+00 -1.655600000000000127e-02 -3.311000000000008381e-03 2.500000000002500222e-07 -1.207948295405826933e+01
5.794700000000000406e-01 2.258280000000000010e-01 -3.311000000000008381e-03 -1.655600000000000127e-02 -1.655500000000004190e-03 1.655499999999997252e-03 -6.833579345051023601e+00
5.728480000000000238e-01 2.125829999999999942e-01 -3.311000000000008381e-03 -1.324500000000000677e-02 -1.655750000000011379e-03 -1.655749999999997502e-03 -6.463613949475218945e+00
5.728480000000000238e-01 1.993379999999999874e-01 -6.622500000000031140e-03 -1.986749999999999627e-02 -3.311499999999995003e-03 -3.311249999999994753e-03 -4.775591980383087964e+00
5.596029999999999616e-01 1.728480000000000016e-01 -9.933999999999998387e-03 -1.986749999999999627e-02 2.775557561562891351e-17 3.311249999999994753e-03 -3.001337845167241003e+00
5.529800000000000271e-01 1.596029999999999949e-01 -6.622499999999975628e-03 -1.324500000000000677e-02 1.655749999999983624e-03 4.966749999999998944e-03 -3.375706314589245416e+00
5.463580000000000103e-01 1.463579999999999881e-01 -6.622500000000031140e-03 -9.933999999999998387e-03 -3.311250000000015570e-03 6.938893903907228378e-18 -1.932869283242130365e+01
5.397349999999999648e-01 1.397349999999999981e-01 -1.324500000000000677e-02 -1.324499999999999289e-02 -4.966749999999964249e-03 -1.655500000000000721e-03 -6.673336930790287447e+00
5.198679999999999968e-01 1.198680000000000023e-01 -1.655599999999995964e-02 -1.324499999999999983e-02 1.655500000000004190e-03 3.311249999999994753e-03 -3.451250035224736390e+00
5.066230000000000455e-01 1.132449999999999984e-01 -9.933999999999998387e-03 -6.622500000000003384e-03 4.966499999999970938e-03 4.966999999999999194e-03 -9.667021787164982172e+00
5.000000000000000000e-01 1.066229999999999956e-01 -6.623000000000017762e-03 -3.311000000000001442e-03 1.655749999999997502e-03 1.655500000000004190e-03 -1.350404890995013751e+01
4.933770000000000100e-01 1.066229999999999956e-01 -6.622500000000003384e-03 -3.311499999999995003e-03 -3.310999999999994503e-03 -2.499999999967805753e-07 -2.700646630497151079e+01
4.867549999999999932e-01 1.000000000000000056e-01 -1.324500000000000677e-02 -3.311499999999995003e-03 -3.311250000000001692e-03 3.311499999999995003e-03 -2.154426351814023732e+01
4.668869999999999965e-01 1.000000000000000056e-01 -1.324500000000000677e-02 3.311499999999995003e-03 1.655749999999997502e-03 6.622749999999996695e-03 -3.662410946190417604e+01
4.602649999999999797e-01 1.066229999999999956e-01 -9.933500000000011765e-03 9.933999999999998387e-03 3.311250000000001692e-03 3.311000000000001442e-03 -2.372652448601482789e+01
4.470199999999999729e-01 1.198680000000000023e-01 -6.622500000000003384e-03 9.933499999999997887e-03 3.311000000000008381e-03 -1.655749999999997502e-03 -1.288438568128158046e+01
4.470199999999999729e-01 1.264899999999999913e-01 -3.311499999999995003e-03 6.622500000000003384e-03 1.387778780781445676e-17 -1.655499999999997252e-03 1.350527245373589480e+01
4.403969999999999829e-01 1.331130000000000091e-01 -6.622499999999975628e-03 6.622500000000003384e-03 -1.655500000000004190e-03 3.311249999999994753e-03 -1.334768153797636359e+01
4.337750000000000217e-01 1.397349999999999981e-01 -6.622500000000003384e-03 1.324499999999999289e-02 -1.387778780781445676e-17 3.311250000000001692e-03 -6.752942174404758191e+00
4.271519999999999762e-01 1.596029999999999949e-01 -6.622500000000003384e-03 1.324500000000000677e-02 1.387778780781445676e-17 -3.311249999999994753e-03 6.752942174404726217e+00
4.205300000000000149e-01 1.662250000000000116e-01 -6.622499999999975628e-03 6.622500000000003384e-03 -3.311250000000001692e-03 -3.311250000000008631e-03 5.338669544632321617e+01
4.139070000000000249e-01 1.728480000000000016e-01 -1.324500000000000677e-02 6.622499999999989506e-03 -3.311250000000015570e-03 -1.655750000000004440e-03 1.350639419721842849e+01
3.940400000000000014e-01 1.794699999999999906e-01 -1.324500000000000677e-02 3.310999999999994503e-03 1.655500000000004190e-03 -3.311249999999994753e-03 1.508057306240463369e+01
3.874170000000000114e-01 1.794699999999999906e-01 -9.933999999999998387e-03 0.000000000000000000e+00 0.000000000000000000e+00 -3.310999999999994503e-03 3.355141720740414257e+01
3.741720000000000046e-01 1.794699999999999906e-01 -1.324500000000000677e-02 -3.310999999999994503e-03 2.499999999933111283e-07 -3.311249999999994753e-03 1.723489416032210997e+01
3.609269999999999978e-01 1.728480000000000016e-01 -9.933500000000011765e-03 -6.622499999999989506e-03 3.311250000000001692e-03 -1.655750000000004440e-03 2.255241802592379230e+01
3.543049999999999811e-01 1.662250000000000116e-01 -6.622500000000003384e-03 -6.622500000000003384e-03 3.311000000000008381e-03 -3.311250000000008631e-03 5.338468009353154997e+01
3.476819999999999911e-01 1.596029999999999949e-01 -3.311499999999995003e-03 -1.324500000000000677e-02 3.311250000000001692e-03 -4.966999999999999194e-03 2.369755135102003862e+01
3.476819999999999911e-01 1.397349999999999981e-01 0.000000000000000000e+00 -1.655650000000000177e-02 4.966999999999999194e-03 -1.655499999999997252e-03 1.811995409428009296e+01
3.476819999999999911e-01 1.264899999999999913e-01 6.622500000000003384e-03 -1.655600000000000127e-02 6.622500000000003384e-03 1.655750000000004440e-03 2.127245904650484221e+01
3.609269999999999978e-01 1.066229999999999956e-01 1.324500000000000677e-02 -1.324499999999999289e-02 4.966999999999999194e-03 4.966500000000002163e-03 2.001950695417323800e+01
3.741720000000000046e-01 1.000000000000000056e-01 1.655650000000000177e-02 -6.622999999999996945e-03 1.655749999999997502e-03 4.966749999999995474e-03 1.643627077609457032e+01
3.940400000000000014e-01 9.337700000000000167e-02 1.655650000000000177e-02 -3.311500000000001942e-03 -1.655749999999997502e-03 3.311499999999998473e-03 1.025118926007335141e+01
4.072850000000000081e-01 9.337700000000000167e-02 1.324500000000000677e-02 0.000000000000000000e+00 -1.655749999999997502e-03 3.311500000000001942e-03 1.887647225724330013e+01
4.205300000000000149e-01 9.337700000000000167e-02 1.324500000000000677e-02 3.311500000000001942e-03 -1.655750000000011379e-03 3.311499999999998473e-03 1.938999982592244820e+01
4.337750000000000217e-01 1.000000000000000056e-01 9.933499999999984009e-03 6.622999999999996945e-03 -1.655750000000011379e-03 1.655499999999997252e-03 1.610739994279963483e+01
4.403969999999999829e-01 1.066229999999999956e-01 9.933499999999984009e-03 6.622499999999996445e-03 -1.655499999999990313e-03 -2.499999999967805753e-07 6.441463141109711188e+00
4.536419999999999897e-01 1.132449999999999984e-01 6.622500000000003384e-03 6.622500000000003384e-03 -4.966749999999992005e-03 0.000000000000000000e+00 4.003901390834636231e+01
4.536419999999999897e-01 1.198680000000000023e-01 0.000000000000000000e+00 6.622499999999996445e-03 -1.655500000000004190e-03 0.000000000000000000e+00 3.774724423598539857e+01
4.536419999999999897e-01 1.264899999999999913e-01 3.311499999999995003e-03 6.622500000000003384e-03 1.655749999999997502e-03 3.469446951953614189e-18 -2.701258436269029417e+01
4.602649999999999797e-01 1.331130000000000091e-01 3.311499999999995003e-03 6.622500000000003384e-03 -1.655749999999997502e-03 -2.500000000071889161e-07 2.701054490747224435e+01
4.602649999999999797e-01 1.397349999999999981e-01 0.000000000000000000e+00 6.621999999999989006e-03 -3.311499999999995003e-03 -5.000000000143778323e-07 7.551729173806407402e+01
