3.741720000000000046e-01 3.317880000000000273e-01 0.000000000000000000e+00 6.622999999999990006e-03 0.000000000000000000e+00 -5.000000000143778323e-07 -0.000000000000000000e+00
3.741720000000000046e-01 3.384110000000000174e-01 0.000000000000000000e+00 6.622499999999975628e-03 0.000000000000000000e+00 -2.499999999933111283e-07 -0.000000000000000000e+00
3.741720000000000046e-01 3.450329999999999786e-01 0.000000000000000000e+00 6.622500000000003384e-03 3.311250000000001692e-03 1.655750000000011379e-03 -7.550018875047183542e+01
3.741720000000000046e-01 3.516560000000000241e-01 6.622500000000003384e-03 9.933999999999998387e-03 8.278250000000000886e-03 4.966749999999992005e-03 -2.899474176409832893e+01
3.874170000000000114e-01 3.649009999999999754e-01 1.655650000000000177e-02 1.655599999999998739e-02 4.966999999999999194e-03 -2.499999999933111283e-07 -6.406790401538033031e+00
4.072850000000000081e-01 3.847679999999999989e-01 1.655650000000000177e-02 9.933500000000011765e-03 -2.500000000071889161e-07 -8.277999999999993697e-03 -1.904083590121053149e+01
4.205300000000000149e-01 3.847679999999999989e-01 1.655599999999998739e-02 0.000000000000000000e+00 -1.655750000000011379e-03 -4.966750000000005882e-03 -1.812013650319206803e+01
4.403969999999999829e-01 3.847679999999999989e-01 1.324499999999997901e-02 0.000000000000000000e+00 -3.310999999999994503e-03 -4.966750000000005882e-03 -2.831185824661441330e+01
4.470199999999999729e-01 3.847679999999999989e-01 9.933999999999998387e-03 -9.933500000000011765e-03 1.387778780781445676e-17 -1.158924999999999539e-02 -4.152358243798737902e+01
4.602649999999999797e-01 3.649009999999999754e-01 1.324500000000000677e-02 -2.317849999999999078e-02 -1.655749999999997502e-03 -4.966999999999985316e-03 -5.475067144310906464e+00
4.735099999999999865e-01 3.384110000000000174e-01 6.622500000000003384e-03 -1.986749999999998240e-02 -4.966999999999999194e-03 3.310999999999994503e-03 -8.356790254428013043e+00
4.735099999999999865e-01 3.251660000000000106e-01 3.311000000000008381e-03 -1.655650000000000177e-02 -1.655749999999997502e-03 1.655499999999990313e-03 -4.556469236601750517e+00
4.801320000000000032e-01 3.052980000000000138e-01 3.311000000000008381e-03 -1.655650000000000177e-02 2.499999999933111283e-07 4.966999999999999194e-03 3.417523915118084066e+00
4.801320000000000032e-01 2.920530000000000070e-01 3.311499999999995003e-03 -6.622500000000003384e-03 1.655749999999997502e-03 1.324525000000000008e-02 1.350649612686695775e+02
4.867549999999999932e-01 2.920530000000000070e-01 6.622500000000003384e-03 9.933999999999998387e-03 -2.499999999933111283e-07 9.933750000000005076e-03 3.865787212931183348e+01
4.933770000000000100e-01 3.119210000000000038e-01 3.311000000000008381e-03 1.324500000000000677e-02 2.500000000071889161e-07 -2.499999999933111283e-07 -1.626491944058629322e-03
4.933770000000000100e-01 3.185430000000000206e-01 6.623000000000017762e-03 9.933500000000011765e-03 3.311499999999981125e-03 -1.387778780781445676e-17 -1.932985271791012494e+01
5.066230000000000455e-01 3.317880000000000273e-01 9.933999999999970631e-03 1.324499999999997901e-02 3.310999999999966747e-03 2.499999999933111283e-07 -9.662484652420269882e+00
5.132449999999999513e-01 3.450329999999999786e-01 1.324499999999995126e-02 9.933999999999998387e-03 4.966750000000033638e-03 -3.311249999999987814e-03 -2.053549316759086807e+01
5.331129999999999480e-01 3.516560000000000241e-01 1.986750000000003791e-02 6.622500000000003384e-03 4.966750000000047516e-03 -3.311500000000008881e-03 -1.074431585666914479e+01
5.529800000000000271e-01 3.582779999999999854e-01 2.317850000000004629e-02 3.310999999999980625e-03 -1.655500000000031946e-03 -3.311250000000001692e-03 -5.552417540983375588e+00
5.794700000000000406e-01 3.582779999999999854e-01 1.655649999999997402e-02 0.000000000000000000e+00 -6.622250000000023951e-03 -6.622249999999982317e-03 -2.415841876401177046e+01
5.860929999999999751e-01 3.582779999999999854e-01 9.933999999999998387e-03 -9.933499999999984009e-03 -1.655749999999983624e-03 -1.158924999999999539e-02 -4.745573604145601365e+01
5.993380000000000374e-01 3.384110000000000174e-01 1.324500000000000677e-02 -2.317849999999999078e-02 -1.655750000000011379e-03 -4.967250000000006382e-03 -5.475241187333081072e+00
6.125829999999999886e-01 3.119210000000000038e-01 6.622499999999975628e-03 -1.986799999999999677e-02 -6.622500000000003384e-03 1.655249999999997002e-03 -1.313112943373549690e+01
6.125829999999999886e-01 2.986750000000000238e-01 0.000000000000000000e+00 -1.986799999999999677e-02 -3.311249999999987814e-03 -1.655250000000010879e-03 -8.388487634250733294e+00
6.125829999999999886e-01 2.721850000000000103e-01 0.000000000000000000e+00 -2.317850000000001853e-02 0.000000000000000000e+00 2.499999999933111283e-07 0.000000000000000000e+00
6.125829999999999886e-01 2.523179999999999867e-01 0.000000000000000000e+00 -1.986750000000001015e-02 -4.966999999999999194e-03 -2.499999999863722344e-07 -1.258368147388426195e+01
6.125829999999999886e-01 2.324499999999999900e-01 -9.933999999999998387e-03 -2.317899999999999128e-02 -8.278249999999987008e-03 6.938893903907228378e-18 -1.196460510320015480e+01
5.927149999999999919e-01 2.059600000000000042e-01 -1.655649999999997402e-02 -1.986749999999999627e-02 -1.655500000000004190e-03 6.622749999999996695e-03 -8.240596597668051970e+00
5.794700000000000406e-01 1.927149999999999974e-01 -1.324500000000000677e-02 -9.933499999999997887e-03 -3.311000000000036136e-03 4.966999999999999194e-03 -2.174428055699271667e+01
5.662249999999999783e-01 1.860930000000000084e-01 -2.317850000000004629e-02 -9.933499999999997887e-03 -6.622500000000003384e-03 -2.500000000002500222e-07 -4.101899942878635130e+00
5.331129999999999480e-01 1.728480000000000016e-01 -2.649000000000001354e-02 -9.933999999999998387e-03 4.966750000000047516e-03 3.311000000000001442e-03 -1.694387688563626648e+00
5.132449999999999513e-01 1.662250000000000116e-01 -1.324499999999995126e-02 -3.311499999999995003e-03 8.278000000000021452e-03 6.622749999999996695e-03 -2.369755135102015942e+01
5.066230000000000455e-01 1.662250000000000116e-01 -9.933999999999970631e-03 3.311499999999995003e-03 1.655499999999962557e-03 6.622749999999996695e-03 -6.207364678062867114e+01
4.933770000000000100e-01 1.728480000000000016e-01 -9.934000000000026143e-03 9.933999999999998387e-03 1.655749999999983624e-03 3.311000000000001442e-03 -1.779422163659996414e+01
4.867549999999999932e-01 1.860930000000000084e-01 -6.622500000000003384e-03 9.933499999999997887e-03 3.311250000000015570e-03 1.655499999999997252e-03 -2.577266311788159570e+01
4.801320000000000032e-01 1.927149999999999974e-01 -3.311499999999995003e-03 1.324499999999999289e-02 1.655749999999997502e-03 4.966999999999999194e-03 -1.508114712229440890e+01
4.801320000000000032e-01 2.125829999999999942e-01 -3.311000000000008381e-03 1.986749999999999627e-02 -3.311000000000008381e-03 1.655500000000004190e-03 7.379738634894865257e+00
4.735099999999999865e-01 2.324499999999999900e-01 -9.933500000000011765e-03 1.655600000000000127e-02 -3.311499999999995003e-03 -4.966749999999998944e-03 1.447237660568413808e+01
4.602649999999999797e-01 2.456949999999999967e-01 -9.933999999999998387e-03 9.933999999999998387e-03 -1.655749999999983624e-03 -3.311000000000001442e-03 1.779422163660001033e+01
4.536419999999999897e-01 2.523179999999999867e-01 -1.324499999999997901e-02 9.933999999999998387e-03 -3.310999999999994503e-03 -1.655749999999997502e-03 1.207970185356758996e+01
4.337750000000000217e-01 2.655629999999999935e-01 -1.655599999999998739e-02 6.622500000000003384e-03 -1.655750000000011379e-03 -4.966999999999999194e-03 1.643821409747958384e+01
4.205300000000000149e-01 2.655629999999999935e-01 -1.655650000000000177e-02 0.000000000000000000e+00 -2.500000000071889161e-07 -6.622500000000003384e-03 2.415933078102878895e+01
4.006620000000000181e-01 2.655629999999999935e-01 -1.655650000000000177e-02 -6.622500000000003384e-03 3.311499999999995003e-03 -6.622499999999996445e-03 2.320524978687456041e+01
3.874170000000000114e-01 2.523179999999999867e-01 -9.933500000000011765e-03 -1.324499999999999289e-02 6.622749999999996695e-03 -4.966999999999992255e-03 3.020162599714976182e+01
3.807949999999999946e-01 2.390730000000000077e-01 -3.311000000000008381e-03 -1.655649999999998789e-02 4.966750000000005882e-03 -1.655750000000004440e-03 1.822295325345634964e+01
3.807949999999999946e-01 2.192050000000000110e-01 0.000000000000000000e+00 -1.655650000000000177e-02 3.311000000000008381e-03 2.499999999933111283e-07 1.207875337349739375e+01
3.807949999999999946e-01 2.059600000000000042e-01 3.311000000000008381e-03 -1.655600000000000127e-02 6.622500000000003384e-03 2.500000000002500222e-07 2.278071904650717272e+01
3.874170000000000114e-01 1.860930000000000084e-01 1.324500000000000677e-02 -1.655600000000000127e-02 8.278249999999987008e-03 3.311000000000001442e-03 1.898105007279740875e+01
4.072850000000000081e-01 1.728480000000000016e-01 1.986749999999998240e-02 -9.933999999999998387e-03 1.655499999999990313e-03 6.622250000000003134e-03 1.350515168289548029e+01
4.271519999999999762e-01 1.662250000000000116e-01 1.655599999999998739e-02 -3.311499999999995003e-03 -1.655499999999990313e-03 4.966999999999999194e-03 1.594651788652168101e+01
4.403969999999999829e-01 1.662250000000000116e-01 1.655650000000000177e-02 0.000000000000000000e+00 1.655750000000011379e-03 1.655749999999997502e-03 6.040288703765698486e+00
4.602649999999999797e-01 1.662250000000000116e-01 1.986750000000001015e-02 0.000000000000000000e+00 -1.655749999999997502e-03 3.311249999999994753e-03 8.388909861163520887e+00
4.801320000000000032e-01 1.662250000000000116e-01 1.324500000000000677e-02 6.622499999999989506e-03 -4.966750000000005882e-03 4.966999999999999194e-03 3.038849470902599492e+01
4.867549999999999932e-01 1.794699999999999906e-01 9.933999999999998387e-03 9.933999999999998387e-03 -1.655499999999990313e-03 6.938893903907228378e-18 5.931108656443619509e+00
5.000000000000000000e-01 1.860930000000000084e-01 9.934000000000026143e-03 6.622500000000003384e-03 -1.655750000000011379e-03 -3.311500000000001942e-03 -1.288693025640865208e+01
5.066230000000000455e-01 1.927149999999999974e-01 6.622499999999975628e-03 3.310999999999994503e-03 -1.656000000000060202e-03 -3.311250000000001692e-03 -4.051744924564986405e+01
5.132449999999999513e-01 1.927149999999999974e-01 6.621999999999905739e-03 0.000000000000000000e+00 -5.000000000698889835e-07 -3.310999999999994503e-03 -7.550588945937984420e+01
