2.880789999999999740e-01 2.523179999999999867e-01 0.000000000000000000e+00 1.324500000000000677e-02 0.000000000000000000e+00 -3.311499999999995003e-03 -0.000000000000000000e+00
2.880789999999999740e-01 2.655629999999999935e-01 0.000000000000000000e+00 9.933500000000011765e-03 0.000000000000000000e+00 -1.655749999999997502e-03 -0.000000000000000000e+00
2.880789999999999740e-01 2.721850000000000103e-01 0.000000000000000000e+00 9.933500000000011765e-03 0.000000000000000000e+00 1.655749999999997502e-03 0.000000000000000000e+00
2.880789999999999740e-01 2.854300000000000170e-01 0.000000000000000000e+00 1.324500000000000677e-02 0.000000000000000000e+00 2.499999999933111283e-07 0.000000000000000000e+00
2.880789999999999740e-01 2.986750000000000238e-01 0.000000000000000000e+00 9.933999999999998387e-03 1.655750000000011379e-03 2.499999999933111283e-07 -1.677824193330107860e+01
2.880789999999999740e-01 3.052980000000000138e-01 3.311500000000022759e-03 1.324549999999999339e-02 4.967000000000013071e-03 1.655500000000004190e-03 -2.369600146807663066e+01
2.947020000000000195e-01 3.251660000000000106e-01 9.934000000000026143e-03 1.324500000000000677e-02 3.311249999999987814e-03 -3.311499999999995003e-03 -1.691231224386302401e+01
3.079470000000000263e-01 3.317880000000000273e-01 9.933999999999998387e-03 6.622500000000003384e-03 -1.655750000000025257e-03 -3.311250000000015570e-03 -1.288547093645154895e+01
3.145700000000000163e-01 3.384110000000000174e-01 6.622499999999975628e-03 6.622499999999975628e-03 -2.500000000071889161e-07 -1.655750000000011379e-03 -1.334566618518513259e+01
3.211919999999999775e-01 3.450329999999999786e-01 9.933499999999984009e-03 3.310999999999980625e-03 1.655750000000011379e-03 -4.966749999999978127e-03 -4.775267519742007494e+01
3.344369999999999843e-01 3.450329999999999786e-01 9.933999999999998387e-03 -3.310999999999980625e-03 -1.655499999999990313e-03 -6.622249999999982317e-03 -6.207141159262829433e+01
3.410599999999999743e-01 3.384110000000000174e-01 6.622500000000003384e-03 -9.933499999999984009e-03 -1.655749999999997502e-03 -3.311500000000008881e-03 -2.255339098311809209e+01
3.476819999999999911e-01 3.251660000000000106e-01 6.622500000000003384e-03 -9.933999999999998387e-03 1.655749999999997502e-03 -2.500000000071889161e-07 9.664103220701319330e+00
3.543049999999999811e-01 3.185430000000000206e-01 9.933999999999998387e-03 -9.933999999999998387e-03 0.000000000000000000e+00 -1.655500000000004190e-03 -5.931108656443645266e+00
3.675499999999999878e-01 3.052980000000000138e-01 6.622500000000003384e-03 -1.324500000000000677e-02 -3.311499999999995003e-03 0.000000000000000000e+00 -1.350690404562714342e+01
3.675499999999999878e-01 2.920530000000000070e-01 3.311000000000008381e-03 -9.933999999999998387e-03 0.000000000000000000e+00 3.311250000000001692e-03 9.548948786373017583e+00
3.741720000000000046e-01 2.854300000000000170e-01 6.622500000000003384e-03 -6.622500000000003384e-03 2.499999999933111283e-07 1.655749999999997502e-03 1.334969689076787169e+01
3.807949999999999946e-01 2.788080000000000003e-01 3.311499999999995003e-03 -6.622500000000003384e-03 -3.311250000000001692e-03 0.000000000000000000e+00 -5.402109012287997558e+01
3.807949999999999946e-01 2.721850000000000103e-01 0.000000000000000000e+00 -6.622500000000003384e-03 -2.499999999933111283e-07 1.655749999999997502e-03 -5.700278501204359728e-03
3.807949999999999946e-01 2.655629999999999935e-01 3.311000000000008381e-03 -3.311000000000008381e-03 1.655500000000004190e-03 6.622500000000003384e-03 2.669697575383983690e+02
3.874170000000000114e-01 2.655629999999999935e-01 3.311000000000008381e-03 6.622500000000003384e-03 -1.655500000000004190e-03 6.622250000000010073e-03 8.103081921129729892e+01
3.874170000000000114e-01 2.788080000000000003e-01 0.000000000000000000e+00 9.933500000000011765e-03 2.499999999933111283e-07 1.655500000000004190e-03 -2.533584634120424756e-03
3.874170000000000114e-01 2.854300000000000170e-01 3.311499999999995003e-03 9.933500000000011765e-03 1.655749999999997502e-03 1.655999999999990813e-03 -9.549813853605721548e+00
3.940400000000000014e-01 2.986750000000000238e-01 3.311499999999995003e-03 1.324549999999999339e-02 -2.499999999933111283e-07 1.655999999999990813e-03 2.155985748583238326e+00
3.940400000000000014e-01 3.119210000000000038e-01 3.311000000000008381e-03 1.324549999999999339e-02 -2.499999999933111283e-07 -1.655999999999990813e-03 -2.153115606519435676e+00
4.006620000000000181e-01 3.251660000000000106e-01 3.311000000000008381e-03 9.933500000000011765e-03 2.499999999933111283e-07 -1.656000000000004690e-03 -4.778368113049447530e+00
4.006620000000000181e-01 3.317880000000000273e-01 3.311499999999995003e-03 9.933499999999984009e-03 1.655749999999997502e-03 2.499999999933111283e-07 -1.432580246286580206e+01
4.072850000000000081e-01 3.450329999999999786e-01 6.622500000000003384e-03 9.933999999999998387e-03 1.655500000000004190e-03 -3.310999999999980625e-03 -2.254811483719573317e+01
4.139070000000000249e-01 3.516560000000000241e-01 6.622500000000003384e-03 3.311500000000022759e-03 -1.387778780781445676e-17 -3.311500000000008881e-03 -5.402516872538048176e+01
4.205300000000000149e-01 3.516560000000000241e-01 6.622499999999975628e-03 3.310999999999980625e-03 0.000000000000000000e+00 -2.500000000210667039e-07 -4.078972040177421439e-03
4.271519999999999762e-01 3.582779999999999854e-01 6.622500000000003384e-03 3.310999999999980625e-03 1.387778780781445676e-17 -3.310999999999980625e-03 -5.402190569555698829e+01
4.337750000000000217e-01 3.582779999999999854e-01 6.622500000000003384e-03 -3.310999999999980625e-03 1.655499999999990313e-03 -8.277999999999979819e-03 -1.215584654251023409e+02
4.403969999999999829e-01 3.516560000000000241e-01 9.933499999999984009e-03 -1.324499999999997901e-02 0.000000000000000000e+00 -6.622750000000010573e-03 -1.449661264740465505e+01
4.536419999999999897e-01 3.317880000000000273e-01 6.622500000000003384e-03 -1.655650000000000177e-02 -3.310999999999994503e-03 -1.387778780781445676e-17 -9.668026753980146992e+00
4.536419999999999897e-01 3.185430000000000206e-01 3.311499999999995003e-03 -1.324500000000000677e-02 0.000000000000000000e+00 1.655749999999997502e-03 2.154589011410230182e+00
4.602649999999999797e-01 3.052980000000000138e-01 6.622500000000003384e-03 -1.324500000000000677e-02 -2.499999999933111283e-07 -3.311250000000001692e-03 -6.753961871222347035e+00
4.668869999999999965e-01 2.920530000000000070e-01 3.311000000000008381e-03 -1.986750000000001015e-02 -1.655500000000004190e-03 -3.311250000000001692e-03 -5.367045806017040732e+00
4.668869999999999965e-01 2.655629999999999935e-01 3.311499999999995003e-03 -1.986750000000001015e-02 2.499999999933111283e-07 3.311250000000008631e-03 1.342555501263663187e+00
4.735099999999999865e-01 2.523179999999999867e-01 3.311499999999995003e-03 -1.324499999999999289e-02 -1.655749999999997502e-03 4.966750000000005882e-03 -2.154589011410227517e+00
4.735099999999999865e-01 2.390730000000000077e-01 0.000000000000000000e+00 -9.933999999999998387e-03 -1.655749999999997502e-03 1.655499999999997252e-03 -1.677824193330093649e+01
4.735099999999999865e-01 2.324499999999999900e-01 0.000000000000000000e+00 -9.933999999999998387e-03 0.000000000000000000e+00 2.500000000002500222e-07 0.000000000000000000e+00
4.735099999999999865e-01 2.192050000000000110e-01 0.000000000000000000e+00 -9.933499999999997887e-03 0.000000000000000000e+00 1.655749999999997502e-03 0.000000000000000000e+00
4.735099999999999865e-01 2.125829999999999942e-01 0.000000000000000000e+00 -6.622500000000003384e-03 0.000000000000000000e+00 1.655499999999997252e-03 0.000000000000000000e+00
4.735099999999999865e-01 2.059600000000000042e-01 0.000000000000000000e+00 -6.622500000000003384e-03 0.000000000000000000e+00 0.000000000000000000e+00 0.000000000000000000e+00
4.735099999999999865e-01 1.993379999999999874e-01 0.000000000000000000e+00 -6.622500000000003384e-03 0.000000000000000000e+00 6.938893903907228378e-18 0.000000000000000000e+00
4.735099999999999865e-01 1.927149999999999974e-01 0.000000000000000000e+00 -6.622499999999989506e-03 -1.655749999999997502e-03 0.000000000000000000e+00 -3.775294451448668553e+01
4.735099999999999865e-01 1.860930000000000084e-01 -3.311499999999995003e-03 -6.622500000000003384e-03 -1.655749999999997502e-03 -6.938893903907228378e-18 -2.701258436269026575e+01
4.668869999999999965e-01 1.794699999999999906e-01 -3.311499999999995003e-03 -6.622500000000003384e-03 2.499999999933111283e-07 6.938893903907228378e-18 4.078602500617956560e-03
4.668869999999999965e-01 1.728480000000000016e-01 -3.311000000000008381e-03 -6.622499999999989506e-03 -1.655500000000004190e-03 0.000000000000000000e+00 -2.701095284777861139e+01
4.602649999999999797e-01 1.662250000000000116e-01 -6.622500000000003384e-03 -6.622500000000003384e-03 -2.499999999933111283e-07 -6.938893903907228378e-18 -2.015352791370808930e-03
4.536419999999999897e-01 1.596029999999999949e-01 -3.311499999999995003e-03 -6.622500000000003384e-03 0.000000000000000000e+00 0.000000000000000000e+00 0.000000000000000000e+00
4.536419999999999897e-01 1.529800000000000049e-01 -6.622500000000003384e-03 -6.622500000000003384e-03 -3.310999999999994503e-03 0.000000000000000000e+00 -2.669133237036992412e+01
4.403969999999999829e-01 1.463579999999999881e-01 -9.933499999999984009e-03 -6.622500000000003384e-03 0.000000000000000000e+00 6.938893903907228378e-18 -4.050646102190357709e-14
4.337750000000000217e-01 1.397349999999999981e-01 -6.622500000000003384e-03 -6.622499999999989506e-03 -2.500000000071889161e-07 0.000000000000000000e+00 -2.015352791538623043e-03
4.271519999999999762e-01 1.331130000000000091e-01 -9.933999999999998387e-03 -6.622500000000003384e-03 -1.655499999999990313e-03 1.655499999999990313e-03 -1.610586579671382523e+01
4.139070000000000249e-01 1.264899999999999913e-01 -9.933499999999984009e-03 -3.311500000000008881e-03 1.655749999999997502e-03 1.655750000000004440e-03 -9.550534975243881064e+00
4.072850000000000081e-01 1.264899999999999913e-01 -6.622500000000003384e-03 -3.310999999999994503e-03 1.655499999999990313e-03 2.500000000071889161e-07 1.350037778583003600e+01
4.006620000000000181e-01 1.198680000000000023e-01 -6.622500000000003384e-03 -3.310999999999994503e-03 0.000000000000000000e+00 3.310999999999994503e-03 -5.402190569555695987e+01
3.940400000000000014e-01 1.198680000000000023e-01 -6.622500000000003384e-03 3.310999999999994503e-03 0.000000000000000000e+00 4.966749999999998944e-03 -8.103693751537539924e+01
3.874170000000000114e-01 1.264899999999999913e-01 -6.622500000000003384e-03 6.622500000000003384e-03 0.000000000000000000e+00 1.655750000000004440e-03 -1.334768153797650037e+01
3.807949999999999946e-01 1.331130000000000091e-01 -6.622500000000003384e-03 6.622500000000003384e-03 0.000000000000000000e+00 1.655499999999997252e-03 -1.334566618518496206e+01
3.741720000000000046e-01 1.397349999999999981e-01 -6.622500000000003384e-03 9.933499999999997887e-03 0.000000000000000000e+00 1.655749999999997502e-03 -6.443895497366043834e+00
3.675499999999999878e-01 1.529800000000000049e-01 -6.622500000000003384e-03 9.933999999999998387e-03 1.655500000000004190e-03 -1.655499999999997252e-03 -3.221367715750227845e+00
3.609269999999999978e-01 1.596029999999999949e-01 -3.311499999999995003e-03 6.622500000000003384e-03 1.655749999999997502e-03 -1.655749999999997502e-03 -1.350527245373617724e+01
3.609269999999999978e-01 1.662250000000000116e-01 -3.311000000000008381e-03 6.622500000000003384e-03 -3.311000000000008381e-03 -6.938893903907228378e-18 5.402190569555711619e+01
3.543049999999999811e-01 1.728480000000000016e-01 -9.933500000000011765e-03 6.622499999999989506e-03 -3.311499999999995003e-03 -1.655750000000004440e-03 2.255339098311799617e+01
3.410599999999999743e-01 1.794699999999999906e-01 -9.933999999999998387e-03 3.310999999999994503e-03 1.655500000000018068e-03 -3.311249999999994753e-03 2.387561644713634124e+01
3.344369999999999843e-01 1.794699999999999906e-01 -6.622499999999975628e-03 0.000000000000000000e+00 -1.655499999999990313e-03 -1.655499999999997252e-03 3.774724423598547673e+01
3.278150000000000230e-01 1.794699999999999906e-01 -1.324499999999997901e-02 0.000000000000000000e+00 -3.311250000000015570e-03 0.000000000000000000e+00 0.000000000000000000e+00
3.079470000000000263e-01 1.794699999999999906e-01 -1.324500000000000677e-02 0.000000000000000000e+00 3.311249999999987814e-03 0.000000000000000000e+00 -0.000000000000000000e+00
3.013250000000000095e-01 1.794699999999999906e-01 -6.622500000000003384e-03 0.000000000000000000e+00 1.655500000000004190e-03 -1.655499999999997252e-03 3.774724423598515699e+01
2.947020000000000195e-01 1.794699999999999906e-01 -9.933999999999998387e-03 -3.310999999999994503e-03 -1.655749999999997502e-03 -3.311249999999994753e-03 2.387489549970066349e+01
2.814570000000000127e-01 1.728480000000000016e-01 -9.933999999999998387e-03 -6.622499999999989506e-03 1.655749999999997502e-03 -3.311500000000001942e-03 2.577337404834814905e+01
2.748340000000000227e-01 1.662250000000000116e-01 -6.622500000000003384e-03 -9.933999999999998387e-03 3.311499999999995003e-03 -1.655500000000011129e-03 2.577240119286028630e+01
2.682120000000000060e-01 1.529800000000000049e-01 -3.311000000000008381e-03 -9.933500000000011765e-03 3.311250000000001692e-03 2.500000000002500222e-07 2.865146095292232076e+01
2.682120000000000060e-01 1.463579999999999881e-01 0.000000000000000000e+00 -9.933499999999997887e-03 3.311000000000008381e-03 -2.499999999933111283e-07 3.355479489518884861e+01
2.682120000000000060e-01 1.331130000000000091e-01 3.311000000000008381e-03 -9.933999999999998387e-03 4.966749999999992005e-03 -2.500000000037194692e-07 4.297279307244655655e+01
2.748340000000000227e-01 1.264899999999999913e-01 9.933499999999984009e-03 -9.934000000000005326e-03 3.311499999999995003e-03 1.655750000000000971e-03 1.779705799705698865e+01
2.880789999999999740e-01 1.132449999999999984e-01 9.933999999999998387e-03 -6.622499999999996445e-03 1.656000000000018568e-03 3.311500000000001942e-03 2.577434690383605798e+01
2.947020000000000195e-01 1.132449999999999984e-01 1.324550000000002115e-02 -3.311000000000001442e-03 1.655499999999990313e-03 1.655749999999997502e-03 1.077110806589618974e+01
3.145700000000000163e-01 1.066229999999999956e-01 1.324499999999997901e-02 -3.311000000000001442e-03 -2.500000000210667039e-07 1.655500000000000721e-03 8.616308555448627615e+00
3.211919999999999775e-01 1.066229999999999956e-01 1.324499999999997901e-02 0.000000000000000000e+00 1.655750000000011379e-03 1.655500000000000721e-03 9.436811058996351420e+00
3.410599999999999743e-01 1.066229999999999956e-01 1.655650000000000177e-02 0.000000000000000000e+00 -1.655749999999983624e-03 1.655500000000000721e-03 6.039376686748683554e+00
3.543049999999999811e-01 1.066229999999999956e-01 9.933500000000011765e-03 3.311000000000001442e-03 -3.311499999999995003e-03 3.311250000000001692e-03 3.820314964330243868e+01
3.609269999999999978e-01 1.132449999999999984e-01 9.933500000000011765e-03 6.622500000000003384e-03 2.499999999933111283e-07 3.311500000000001942e-03 1.933022701957759182e+01
3.741720000000000046e-01 1.198680000000000023e-01 9.933999999999998387e-03 9.934000000000005326e-03 -3.311000000000008381e-03 1.655499999999997252e-03 1.779332596933090116e+01
3.807949999999999946e-01 1.331130000000000091e-01 3.311499999999995003e-03 9.933499999999997887e-03 -3.311499999999995003e-03 -3.311500000000005411e-03 1.910106995048764489e+01
3.807949999999999946e-01 1.397349999999999981e-01 3.311000000000008381e-03 3.310999999999994503e-03 -2.499999999933111283e-07 -1.655499999999997252e-03 -5.338266382766818907e+01
3.874170000000000114e-01 1.397349999999999981e-01 3.311000000000008381e-03 6.622500000000003384e-03 2.499999999933111283e-07 1.655750000000004440e-03 1.350241711786873822e+01
3.874170000000000114e-01 1.529800000000000049e-01 3.311499999999995003e-03 6.622500000000003384e-03 1.655999999999990813e-03 -3.311250000000001692e-03 -5.402924732788131479e+01
3.940400000000000014e-01 1.529800000000000049e-01 6.622999999999990006e-03 0.000000000000000000e+00 3.311499999999995003e-03 -6.622500000000003384e-03 -1.509775789689115584e+02
