2.748340000000000227e-01 3.119210000000000038e-01 6.622999999999990006e-03 6.622000000000016762e-03 -3.311499999999995003e-03 4.999999999866222566e-07 2.669737835263008918e+01
2.814570000000000127e-01 3.185430000000000206e-01 3.311499999999995003e-03 6.622500000000003384e-03 -3.311499999999995003e-03 2.499999999933111283e-07 5.402720818059861330e+01
2.814570000000000127e-01 3.251660000000000106e-01 0.000000000000000000e+00 6.622500000000003384e-03 -1.655749999999997502e-03 0.000000000000000000e+00 3.775294451448651500e+01
2.814570000000000127e-01 3.317880000000000273e-01 0.000000000000000000e+00 6.622500000000003384e-03 0.000000000000000000e+00 1.655749999999997502e-03 0.000000000000000000e+00
2.814570000000000127e-01 3.384110000000000174e-01 0.000000000000000000e+00 9.933999999999998387e-03 1.655499999999990313e-03 1.655499999999990313e-03 -1.677570860370199668e+01
2.814570000000000127e-01 3.516560000000000241e-01 3.310999999999980625e-03 9.933499999999984009e-03 3.311250000000001692e-03 -1.655750000000011379e-03 -3.342766582082307281e+01
2.880789999999999740e-01 3.582779999999999854e-01 6.622500000000003384e-03 6.622499999999975628e-03 1.656000000000018568e-03 -1.655499999999990313e-03 -2.669536307595311442e+01
2.947020000000000195e-01 3.649009999999999754e-01 6.623000000000017762e-03 6.622500000000003384e-03 0.000000000000000000e+00 -1.655749999999983624e-03 -1.334717763321117445e+01
3.013250000000000095e-01 3.715229999999999921e-01 6.622500000000003384e-03 3.311000000000008381e-03 1.655249999999983124e-03 -1.655500000000004190e-03 -4.051337027361014265e+01
3.079470000000000263e-01 3.715229999999999921e-01 9.933499999999984009e-03 3.311499999999995003e-03 1.655749999999997502e-03 2.499999999933111283e-07 -4.773825462108586493e+00
3.211919999999999775e-01 3.781459999999999821e-01 9.933999999999998387e-03 3.311499999999995003e-03 -1.655499999999990313e-03 -2.499999999933111283e-07 4.772455618970977476e+00
3.278150000000000230e-01 3.781459999999999821e-01 6.622500000000003384e-03 3.311000000000008381e-03 -1.655750000000011379e-03 -2.499999999933111283e-07 1.350241711786879506e+01
3.344369999999999843e-01 3.847679999999999989e-01 6.622499999999975628e-03 3.311000000000008381e-03 1.655749999999997502e-03 -1.655500000000004190e-03 -4.051744893768722733e+01
3.410599999999999743e-01 3.847679999999999989e-01 9.933999999999998387e-03 0.000000000000000000e+00 1.655500000000018068e-03 -3.311000000000008381e-03 -3.355141720740427758e+01
3.543049999999999811e-01 3.847679999999999989e-01 9.933500000000011765e-03 -3.311000000000008381e-03 -1.655749999999997502e-03 -1.655500000000004190e-03 -1.910049319907675169e+01
3.609269999999999978e-01 3.781459999999999821e-01 6.622500000000003384e-03 -3.311000000000008381e-03 -1.655500000000004190e-03 -2.499999999933111283e-07 -1.350853572990984830e+01
3.675499999999999878e-01 3.781459999999999821e-01 6.622500000000003384e-03 -3.311499999999995003e-03 0.000000000000000000e+00 -1.655749999999997502e-03 -2.701258436269032259e+01
3.741720000000000046e-01 3.715229999999999921e-01 6.622500000000003384e-03 -6.622500000000003384e-03 0.000000000000000000e+00 -4.966750000000005882e-03 -4.003901390834648311e+01
3.807949999999999946e-01 3.649009999999999754e-01 6.622500000000003384e-03 -1.324500000000000677e-02 0.000000000000000000e+00 -3.311249999999987814e-03 -6.752942174404767961e+00
3.874170000000000114e-01 3.450329999999999786e-01 6.622500000000003384e-03 -1.324499999999997901e-02 0.000000000000000000e+00 1.387778780781445676e-17 2.830227212527938958e-14
3.940400000000000014e-01 3.384110000000000174e-01 6.622500000000003384e-03 -1.324499999999997901e-02 -1.655749999999997502e-03 -1.387778780781445676e-17 -6.753452022813621447e+00
4.006620000000000181e-01 3.185430000000000206e-01 3.311000000000008381e-03 -1.324500000000000677e-02 -1.655500000000004190e-03 4.966999999999985316e-03 -2.153995819177072057e+00
4.006620000000000181e-01 3.119210000000000038e-01 3.311499999999995003e-03 -3.311000000000008381e-03 2.499999999933111283e-07 8.278000000000007574e-03 2.669576582695551679e+02
4.072850000000000081e-01 3.119210000000000038e-01 3.311499999999995003e-03 3.311000000000008381e-03 -1.655749999999997502e-03 4.966750000000005882e-03 2.135548407618362319e+02
4.072850000000000081e-01 3.185430000000000206e-01 0.000000000000000000e+00 6.622500000000003384e-03 -1.655749999999997502e-03 1.655749999999997502e-03 3.775294451448651500e+01
4.072850000000000081e-01 3.251660000000000106e-01 0.000000000000000000e+00 6.622500000000003384e-03 1.655500000000004190e-03 1.655499999999990313e-03 -3.774724423598531331e+01
4.072850000000000081e-01 3.317880000000000273e-01 3.311000000000008381e-03 9.933499999999984009e-03 1.655500000000004190e-03 1.655749999999997502e-03 -9.549525554117550996e+00
4.139070000000000249e-01 3.450329999999999786e-01 3.311000000000008381e-03 9.933999999999998387e-03 2.499999999933111283e-07 -1.655499999999990313e-03 -4.776276979518878640e+00
4.139070000000000249e-01 3.516560000000000241e-01 3.311499999999995003e-03 6.622500000000003384e-03 2.499999999933111283e-07 -1.655750000000011379e-03 -1.351139051145493397e+01
4.205300000000000149e-01 3.582779999999999854e-01 3.311499999999995003e-03 6.622499999999975628e-03 -2.500000000071889161e-07 0.000000000000000000e+00 4.078602500900994909e-03
4.205300000000000149e-01 3.649009999999999754e-01 3.310999999999980625e-03 6.622500000000003384e-03 1.655500000000004190e-03 -1.655749999999983624e-03 -4.051744893768690758e+01
4.271519999999999762e-01 3.715229999999999921e-01 6.622500000000003384e-03 3.311000000000008381e-03 2.500000000210667039e-07 -1.655500000000004190e-03 -2.701299217981703649e+01
4.337750000000000217e-01 3.715229999999999921e-01 3.311500000000022759e-03 3.311499999999995003e-03 -1.655750000000011379e-03 2.499999999933111283e-07 5.339072523906332890e+01
4.337750000000000217e-01 3.781459999999999821e-01 3.310999999999980625e-03 3.311499999999995003e-03 3.310999999999980625e-03 -2.499999999933111283e-07 -1.067814501735098531e+02
4.403969999999999829e-01 3.781459999999999821e-01 9.933499999999984009e-03 3.311000000000008381e-03 3.311500000000008881e-03 -2.499999999933111283e-07 -9.553130890108279871e+00
4.536419999999999897e-01 3.847679999999999989e-01 9.933999999999998387e-03 3.311000000000008381e-03 -1.655499999999990313e-03 -1.655500000000004190e-03 -9.549669733808778815e+00
4.602649999999999797e-01 3.847679999999999989e-01 6.622500000000003384e-03 0.000000000000000000e+00 -1.655749999999997502e-03 2.499999999933111283e-07 5.700278501204359728e-03
4.668869999999999965e-01 3.847679999999999989e-01 6.622500000000003384e-03 3.311499999999995003e-03 0.000000000000000000e+00 1.655749999999997502e-03 2.701258436269032259e+01
4.735099999999999865e-01 3.913909999999999889e-01 6.622500000000003384e-03 3.311499999999995003e-03 1.655500000000004190e-03 -1.655749999999997502e-03 -4.051785681642650161e+01
4.801320000000000032e-01 3.913909999999999889e-01 9.933500000000011765e-03 0.000000000000000000e+00 1.655749999999997502e-03 -3.311499999999995003e-03 -3.355986206445700049e+01
4.933770000000000100e-01 3.913909999999999889e-01 9.933999999999998387e-03 -3.311499999999995003e-03 -1.655249999999997002e-03 -1.655749999999997502e-03 -1.909919534780984662e+01
5.000000000000000000e-01 3.847679999999999989e-01 6.623000000000017762e-03 -3.311499999999995003e-03 -3.311249999999987814e-03 2.499999999933111283e-07 -2.700361220078439572e+01
5.066230000000000455e-01 3.847679999999999989e-01 3.311500000000022759e-03 -3.311000000000008381e-03 -2.500000000210667039e-07 -1.655500000000004190e-03 -5.339475548798474591e+01
5.066230000000000455e-01 3.781459999999999821e-01 6.622499999999975628e-03 -6.622500000000003384e-03 3.310999999999980625e-03 -1.655749999999997502e-03 1.334365083239350902e+01
5.198679999999999968e-01 3.715229999999999921e-01 9.933499999999984009e-03 -6.622500000000003384e-03 -1.655749999999983624e-03 0.000000000000000000e+00 -6.443895497366010972e+00
5.264900000000000135e-01 3.649009999999999754e-01 3.311000000000008381e-03 -6.622500000000003384e-03 -3.311000000000008381e-03 1.387778780781445676e-17 -5.402190569555693855e+01
5.264900000000000135e-01 3.582779999999999854e-01 3.311499999999967248e-03 -6.622499999999975628e-03 2.499999999794333405e-07 -1.655499999999990313e-03 -1.350119385123571014e+01
5.331129999999999480e-01 3.516560000000000241e-01 3.311499999999967248e-03 -9.933499999999984009e-03 -2.499999999794333405e-07 -3.311250000000015570e-03 -9.553419244033317881e+00
5.331129999999999480e-01 3.384110000000000174e-01 3.311000000000008381e-03 -1.324500000000000677e-02 -2.499999999794333405e-07 -3.311500000000008881e-03 -4.309943409038468509e+00
5.397349999999999648e-01 3.251660000000000106e-01 3.311000000000008381e-03 -1.655650000000000177e-02 -1.655500000000004190e-03 -1.655749999999997502e-03 -6.833327992522218786e+00
5.397349999999999648e-01 3.052980000000000138e-01 0.000000000000000000e+00 -1.655650000000000177e-02 -1.655500000000004190e-03 1.655749999999997502e-03 -6.039376686748696876e+00
5.397349999999999648e-01 2.920530000000000070e-01 0.000000000000000000e+00 -1.324500000000000677e-02 -1.655500000000004190e-03 -1.655500000000004190e-03 -9.436811058996328327e+00
5.397349999999999648e-01 2.788080000000000003e-01 -3.311000000000008381e-03 -1.986750000000001015e-02 -3.311249999999987814e-03 -1.655749999999997502e-03 -7.380245197002987645e+00
5.331129999999999480e-01 2.523179999999999867e-01 -6.622499999999975628e-03 -1.655650000000000177e-02 -2.499999999794333405e-07 4.966750000000005882e-03 -5.801750446903305658e+00
5.264900000000000135e-01 2.456949999999999967e-01 -3.311499999999967248e-03 -9.933999999999998387e-03 1.655749999999983624e-03 2.500000000002500222e-07 1.432457676676870229e+01
5.264900000000000135e-01 2.324499999999999900e-01 -3.311000000000008381e-03 -1.655600000000000127e-02 -1.655500000000031946e-03 -3.311000000000001442e-03 -3.416961655697326350e+00
5.198679999999999968e-01 2.125829999999999942e-01 -6.622500000000031140e-03 -1.655600000000000127e-02 -1.655749999999983624e-03 3.311000000000001442e-03 -8.702429334881738754e+00
5.132449999999999513e-01 1.993379999999999874e-01 -6.622499999999975628e-03 -9.933999999999998387e-03 2.775557561562891351e-17 3.311000000000001442e-03 -1.288449808096356897e+01
5.066230000000000455e-01 1.927149999999999974e-01 -6.622499999999975628e-03 -9.933999999999998387e-03 -2.500000000210667039e-07 -1.655499999999997252e-03 6.440789720524581874e+00
5.000000000000000000e-01 1.794699999999999906e-01 -6.623000000000017762e-03 -1.324499999999999289e-02 -1.387778780781445676e-17 2.500000000002500222e-07 -5.098638045624049198e-04
4.933770000000000100e-01 1.662250000000000116e-01 -6.622500000000003384e-03 -9.933499999999997887e-03 2.500000000071889161e-07 3.311249999999994753e-03 -1.288535863847570262e+01
4.867549999999999932e-01 1.596029999999999949e-01 -6.622500000000003384e-03 -6.622500000000003384e-03 0.000000000000000000e+00 1.655499999999997252e-03 -1.334566618518496206e+01
4.801320000000000032e-01 1.529800000000000049e-01 -6.622500000000003384e-03 -6.622500000000003384e-03 0.000000000000000000e+00 -1.655499999999997252e-03 1.334566618518496206e+01
4.735099999999999865e-01 1.463579999999999881e-01 -6.622500000000003384e-03 -9.933499999999997887e-03 0.000000000000000000e+00 6.938893903907228378e-18 -2.700498697514029811e-14
4.668869999999999965e-01 1.331130000000000091e-01 -6.622500000000003384e-03 -6.622499999999989506e-03 0.000000000000000000e+00 3.310999999999994503e-03 -2.669133237037000939e+01
4.602649999999999797e-01 1.331130000000000091e-01 -6.622500000000003384e-03 -3.311500000000008881e-03 0.000000000000000000e+00 -6.938893903907228378e-18 1.132039601165945568e-13
4.536419999999999897e-01 1.264899999999999913e-01 -6.622500000000003384e-03 -6.622500000000003384e-03 -1.655499999999990313e-03 -1.655499999999993782e-03 2.680789767178637833e-14
4.470199999999999729e-01 1.198680000000000023e-01 -9.933499999999984009e-03 -6.622499999999996445e-03 -1.655749999999997502e-03 1.655500000000000721e-03 -1.610803608668987863e+01
4.337750000000000217e-01 1.132449999999999984e-01 -9.933999999999998387e-03 -3.311500000000001942e-03 1.655499999999990313e-03 1.655749999999997502e-03 -9.550679209373306833e+00
4.271519999999999762e-01 1.132449999999999984e-01 -6.622500000000003384e-03 -3.311000000000001442e-03 1.655750000000011379e-03 2.500000000002500222e-07 1.350241711786866716e+01
4.205300000000000149e-01 1.066229999999999956e-01 -6.622499999999975628e-03 -3.311000000000001442e-03 0.000000000000000000e+00 1.655500000000000721e-03 -2.701095284777866468e+01
4.139070000000000249e-01 1.066229999999999956e-01 -6.622500000000003384e-03 0.000000000000000000e+00 -1.387778780781445676e-17 1.655500000000000721e-03 -3.774724423598523515e+01
4.072850000000000081e-01 1.066229999999999956e-01 -6.622500000000003384e-03 0.000000000000000000e+00 0.000000000000000000e+00 0.000000000000000000e+00 -0.000000000000000000e+00
4.006620000000000181e-01 1.066229999999999956e-01 -6.622500000000003384e-03 0.000000000000000000e+00 0.000000000000000000e+00 0.000000000000000000e+00 -0.000000000000000000e+00
3.940400000000000014e-01 1.066229999999999956e-01 -6.622500000000003384e-03 0.000000000000000000e+00 0.000000000000000000e+00 0.000000000000000000e+00 -0.000000000000000000e+00
3.874170000000000114e-01 1.066229999999999956e-01 -6.622500000000003384e-03 0.000000000000000000e+00 0.000000000000000000e+00 0.000000000000000000e+00 -0.000000000000000000e+00
3.807949999999999946e-01 1.066229999999999956e-01 -6.622500000000003384e-03 0.000000000000000000e+00 1.655500000000004190e-03 1.655500000000000721e-03 -3.774724423598523515e+01
3.741720000000000046e-01 1.066229999999999956e-01 -3.311499999999995003e-03 3.311000000000001442e-03 3.311250000000001692e-03 3.311250000000001692e-03 -2.135467799593780001e+02
3.741720000000000046e-01 1.132449999999999984e-01 0.000000000000000000e+00 6.622500000000003384e-03 1.655749999999997502e-03 1.655749999999997502e-03 -3.775294451448651500e+01
3.741720000000000046e-01 1.198680000000000023e-01 0.000000000000000000e+00 6.622499999999996445e-03 0.000000000000000000e+00 0.000000000000000000e+00 0.000000000000000000e+00
3.741720000000000046e-01 1.264899999999999913e-01 0.000000000000000000e+00 6.622500000000003384e-03 0.000000000000000000e+00 3.469446951953614189e-18 0.000000000000000000e+00
3.741720000000000046e-01 1.331130000000000091e-01 0.000000000000000000e+00 6.622500000000003384e-03 0.000000000000000000e+00 -6.938893903907228378e-18 -0.000000000000000000e+00
3.741720000000000046e-01 1.397349999999999981e-01 0.000000000000000000e+00 6.622499999999989506e-03 0.000000000000000000e+00 0.000000000000000000e+00 0.000000000000000000e+00
3.741720000000000046e-01 1.463579999999999881e-01 0.000000000000000000e+00 6.622500000000003384e-03 0.000000000000000000e+00 1.655500000000011129e-03 0.000000000000000000e+00
3.741720000000000046e-01 1.529800000000000049e-01 0.000000000000000000e+00 9.933500000000011765e-03 0.000000000000000000e+00 1.655749999999997502e-03 0.000000000000000000e+00
3.741720000000000046e-01 1.662250000000000116e-01 0.000000000000000000e+00 9.933999999999998387e-03 0.000000000000000000e+00 -1.655500000000011129e-03 -0.000000000000000000e+00
3.741720000000000046e-01 1.728480000000000016e-01 0.000000000000000000e+00 6.622499999999989506e-03 -1.655500000000004190e-03 -2.500000000002500222e-07 3.774724423598548384e+01
3.741720000000000046e-01 1.794699999999999906e-01 -3.311000000000008381e-03 9.933499999999997887e-03 -4.966750000000005882e-03 1.655750000000004440e-03 3.820170755246078187e+01
3.675499999999999878e-01 1.927149999999999974e-01 -9.933500000000011765e-03 9.933999999999998387e-03 -3.311499999999995003e-03 -1.655499999999997252e-03 1.779616230724815651e+01
3.543049999999999811e-01 1.993379999999999874e-01 -9.933999999999998387e-03 6.622500000000003384e-03 -2.499999999933111283e-07 -1.655749999999997502e-03 9.666048931677003964e+00
3.476819999999999911e-01 2.059600000000000042e-01 -9.933999999999998387e-03 6.622500000000003384e-03 -1.655500000000004190e-03 -1.655500000000004190e-03 1.610586579671396024e+01
3.344369999999999843e-01 2.125829999999999942e-01 -1.324500000000000677e-02 3.311499999999995003e-03 2.500000000071889161e-07 -3.311250000000001692e-03 1.723378431678932898e+01
3.211919999999999775e-01 2.125829999999999942e-01 -9.933499999999984009e-03 0.000000000000000000e+00 3.311250000000015570e-03 -1.655749999999997502e-03 1.677993103222859617e+01
3.145700000000000163e-01 2.125829999999999942e-01 -6.622499999999975628e-03 0.000000000000000000e+00 -2.500000000071889161e-07 -3.311250000000001692e-03 7.550018875047247491e+01
3.079470000000000263e-01 2.125829999999999942e-01 -9.933999999999998387e-03 -6.622500000000003384e-03 -1.655750000000025257e-03 -3.311250000000001692e-03 1.288547093645146902e+01
2.947020000000000195e-01 1.993379999999999874e-01 -9.934000000000026143e-03 -6.622500000000003384e-03 1.655749999999997502e-03 6.938893903907228378e-18 6.443221895969617030e+00
2.880789999999999740e-01 1.993379999999999874e-01 -6.622500000000003384e-03 -6.622499999999989506e-03 2.500000000210667039e-07 -3.311249999999994753e-03 2.669536307595314284e+01
2.814570000000000127e-01 1.860930000000000084e-01 -9.933499999999984009e-03 -1.324499999999999289e-02 -1.655749999999997502e-03 -3.311250000000008631e-03 2.415524466274565185e+00
2.682120000000000060e-01 1.728480000000000016e-01 -9.933999999999998387e-03 -1.324500000000000677e-02 3.310999999999994503e-03 1.655499999999997252e-03 6.039303728692691386e+00
2.615890000000000160e-01 1.596029999999999949e-01 -3.311499999999995003e-03 -9.933999999999998387e-03 3.311499999999995003e-03 6.938893903907228378e-18 2.865059558082871405e+01
2.615890000000000160e-01 1.529800000000000049e-01 -3.311000000000008381e-03 -1.324499999999999289e-02 2.499999999933111283e-07 -1.655500000000004190e-03 2.155297032380617761e+00
2.549669999999999992e-01 1.331130000000000091e-01 -3.311000000000008381e-03 -1.324500000000000677e-02 1.655500000000004190e-03 3.311249999999994753e-03 4.308316917094544785e+00
2.549669999999999992e-01 1.264899999999999913e-01 0.000000000000000000e+00 -6.622500000000003384e-03 3.311000000000008381e-03 1.655750000000004440e-03 7.549448847197062662e+01
2.549669999999999992e-01 1.198680000000000023e-01 3.311000000000008381e-03 -9.933499999999997887e-03 3.311250000000001692e-03 -1.655749999999997502e-03 2.387669817586363052e+01
2.615890000000000160e-01 1.066229999999999956e-01 6.622500000000003384e-03 -9.933999999999998387e-03 3.311499999999995003e-03 1.655250000000000471e-03 2.577142833737240224e+01
2.682120000000000060e-01 1.000000000000000056e-01 9.933999999999998387e-03 -6.622999999999996945e-03 1.655499999999990313e-03 3.311249999999998223e-03 2.576963228821434271e+01
2.814570000000000127e-01 9.337700000000000167e-02 9.933499999999984009e-03 -3.311500000000001942e-03 0.000000000000000000e+00 1.655999999999997752e-03 1.432868673165541118e+01
2.880789999999999740e-01 9.337700000000000167e-02 9.933999999999998387e-03 -3.311000000000001442e-03 1.656000000000018568e-03 2.500000000002500222e-07 4.777718874390493475e+00
3.013250000000000095e-01 8.675499999999999878e-02 1.324550000000002115e-02 -3.311000000000001442e-03 1.655500000000004190e-03 1.655500000000000721e-03 1.076980694226284463e+01
3.145700000000000163e-01 8.675499999999999878e-02 1.324500000000000677e-02 0.000000000000000000e+00 -2.500000000210667039e-07 3.311000000000001442e-03 1.887362211799261758e+01
3.278150000000000230e-01 8.675499999999999878e-02 1.324499999999997901e-02 3.311000000000001442e-03 -1.655750000000011379e-03 1.655500000000000721e-03 1.077095493210660315e+01
3.410599999999999743e-01 9.337700000000000167e-02 9.933499999999984009e-03 3.311000000000001442e-03 -1.655749999999983624e-03 2.500000000002500222e-07 4.777647067628597810e+00
3.476819999999999911e-01 9.337700000000000167e-02 9.933500000000011765e-03 3.311500000000001942e-03 2.500000000071889161e-07 1.655999999999997752e-03 1.432796561001720725e+01
3.609269999999999978e-01 1.000000000000000056e-01 9.933999999999998387e-03 6.622999999999996945e-03 -1.655500000000004190e-03 1.655499999999997252e-03 1.610522975800268952e+01
3.675499999999999878e-01 1.066229999999999956e-01 6.622500000000003384e-03 6.622499999999996445e-03 -1.655749999999997502e-03 1.655250000000000471e-03 2.669133237036997741e+01
3.741720000000000046e-01 1.132449999999999984e-01 6.622500000000003384e-03 9.933499999999997887e-03 0.000000000000000000e+00 3.311250000000001692e-03 1.288681803753788735e+01
3.807949999999999946e-01 1.264899999999999913e-01 6.622500000000003384e-03 1.324499999999999983e-02 -1.655749999999997502e-03 2.500000000002500222e-07 6.753961871222366575e+00
3.874170000000000114e-01 1.397349999999999981e-01 3.311000000000008381e-03 9.933999999999998387e-03 -3.311250000000001692e-03 -3.311249999999998223e-03 1.910078158023204153e+01
3.874170000000000114e-01 1.463579999999999881e-01 0.000000000000000000e+00 6.622500000000003384e-03 -1.655500000000004190e-03 -1.655749999999997502e-03 3.774724423598531331e+01
3.874170000000000114e-01 1.529800000000000049e-01 0.000000000000000000e+00 6.622500000000003384e-03 0.000000000000000000e+00 0.000000000000000000e+00 0.000000000000000000e+00
3.874170000000000114e-01 1.596029999999999949e-01 0.000000000000000000e+00 6.622500000000003384e-03 0.000000000000000000e+00 -2.499999999933111283e-07 -0.000000000000000000e+00
3.874170000000000114e-01 1.662250000000000116e-01 0.000000000000000000e+00 6.622000000000016762e-03 0.000000000000000000e+00 -4.999999999866222566e-07 -0.000000000000000000e+00
