   2.2250000e+00   5.0000000e-02   1.7558723e+00
   1.0000000e+00   2.0333333e-01   1.8341886e+00
   1.9166667e-01   7.3333333e-02   1.3545721e+00
   2.3666667e+00   6.2333333e-01   1.6678294e+00
   1.6916667e+00   3.4333333e-01   3.8876412e+00
   1.4083333e+00   5.1000000e-01   3.8178205e+00
   9.5833333e-01   5.6000000e-01   1.8231162e+00
   1.6833333e+00   7.6666667e-01   4.3131557e+00
   5.5833333e-01   1.3333333e-01   1.0260698e+00
   4.3333333e-01   7.6000000e-01   1.6043514e+00
   1.5250000e+00   9.1333333e-01   4.6852572e+00
   2.4083333e+00   2.9666667e-01   1.4062503e+00
   2.4416667e+00   5.2333333e-01   1.5038555e+00
   1.1416667e+00   1.0666667e-01   2.5179372e+00
   3.7500000e-01   9.6666667e-01   2.1448118e+00
   1.9583333e+00   7.5666667e-01   3.3238356e+00
   1.0833333e+00   5.2666667e-01   2.3679960e+00
   3.9166667e-01   6.5333333e-01   1.4991826e+00
   2.3916667e+00   9.1666667e-01   2.1657557e+00
   1.2583333e+00   9.3000000e-01   3.8998883e+00
   3.7500000e-01   8.1333333e-01   1.7795445e+00
   1.6583333e+00   1.0666667e-01   3.9028348e+00
   5.4166667e-01   4.7666667e-01   1.1462064e+00
   4.0833333e-01   8.6333333e-01   1.8419995e+00
   1.9166667e+00   7.2666667e-01   3.4645573e+00
   2.1500000e+00   1.0333333e-01   2.0294735e+00
   7.7500000e-01   5.1333333e-01   1.2383838e+00
   2.4583333e+00   8.8000000e-01   2.0375835e+00
   2.2000000e+00   7.0333333e-01   2.1880377e+00
   2.4916667e+00   7.9000000e-01   1.8505627e+00
   1.5083333e+00   4.8333333e-01   4.0164732e+00
   1.8833333e+00   7.8333333e-01   3.7074394e+00
   4.5000000e-01   1.5333333e-01   1.1470093e+00
   2.2166667e+00   6.1000000e-01   2.0100694e+00
   2.0000000e+00   6.1666667e-01   2.9304756e+00
   1.4250000e+00   1.4000000e-01   3.7355594e+00
   1.9916667e+00   1.6666667e-01   2.7396592e+00
   1.3583333e+00   4.6333333e-01   3.6176371e+00
   1.0000000e+00   5.3666667e-01   1.9803479e+00
   2.1166667e+00   4.6333333e-01   2.2656629e+00
   1.5583333e+00   1.9333333e-01   3.9552680e+00
   1.3666667e+00   5.1666667e-01   3.6862874e+00
   1.8500000e+00   9.7666667e-01   4.2962887e+00
   9.7500000e-01   4.0666667e-01   1.7841149e+00
   4.9166667e-01   2.1666667e-01   1.1011885e+00
   5.9166667e-01   9.4000000e-01   1.8325788e+00
   1.6250000e+00   3.5000000e-01   3.9798463e+00
   1.4333333e+00   9.0333333e-01   4.4921625e+00
   2.2333333e+00   8.9000000e-01   2.4341823e+00
   4.1666667e-01   7.4666667e-01   1.6037699e+00
   2.1500000e+00   1.9000000e-01   2.0352291e+00
   1.0666667e+00   9.0000000e-01   2.8685190e+00
   7.6666667e-01   5.1000000e-01   1.2216928e+00
   2.0166667e+00   1.8333333e-01   2.6240766e+00
   5.3333333e-01   3.5333333e-01   1.0898507e+00
   1.3416667e+00   9.3666667e-01   4.2769351e+00
   2.2083333e+00   3.6333333e-01   1.8591815e+00
   1.5833333e+00   6.2666667e-01   4.1994227e+00
   1.7416667e+00   4.2000000e-01   3.8059302e+00
   1.2750000e+00   3.7666667e-01   3.2259817e+00
   1.0333333e+00   3.2666667e-01   2.0138321e+00
   2.0166667e+00   2.5000000e-01   2.6335396e+00
   5.7500000e-01   8.2333333e-01   1.5697741e+00
   1.3416667e+00   9.4666667e-01   4.3035374e+00
   2.1583333e+00   3.2000000e-01   2.0281116e+00
   2.3583333e+00   7.9666667e-01   1.9432154e+00
   2.2333333e+00   7.1333333e-01   2.0921890e+00
   1.2166667e+00   2.1666667e-01   2.9050605e+00
   8.0833333e-01   5.9000000e-01   1.3744342e+00
   1.4000000e+00   9.3000000e-01   4.4641406e+00
   2.2500000e+00   9.5000000e-01   2.5360123e+00
   6.0000000e-01   9.1333333e-01   1.7600089e+00
   2.0166667e+00   4.8333333e-01   2.7308266e+00
   1.1166667e+00   9.8333333e-01   3.3404006e+00
   2.3500000e+00   2.0333333e-01   1.4589035e+00
   1.2250000e+00   5.9666667e-01   3.1482221e+00
   2.4083333e+00   5.9333333e-01   1.5890200e+00
   2.1416667e+00   3.2000000e-01   2.0947645e+00
   1.1333333e+00   7.8000000e-01   2.9488299e+00
   1.0416667e+00   7.1000000e-01   2.3764091e+00
   2.0750000e+00   7.1333333e-01   2.7121098e+00
   1.6500000e+00   8.5666667e-01   4.5409690e+00
   1.4583333e+00   6.1666667e-01   4.0495284e+00
   2.2000000e+00   8.1333333e-01   2.3781434e+00
   9.3333333e-01   7.4666667e-01   1.9651048e+00
   1.2000000e+00   7.2000000e-01   3.1853895e+00
   1.6500000e+00   4.6666667e-01   4.0139100e+00
   2.4166667e+00   9.5000000e-01   2.2312363e+00
   2.3666667e+00   8.6000000e-01   2.0616927e+00
   2.4333333e+00   6.0000000e-01   1.5800643e+00
   1.8500000e+00   3.4000000e-01   3.4039721e+00
   1.4166667e+00   7.5000000e-01   4.1313958e+00
   1.3583333e+00   5.1666667e-01   3.6560910e+00
   2.3000000e+00   8.4666667e-01   2.1548486e+00
   2.4750000e+00   5.1666667e-01   1.4930742e+00
   1.3666667e+00   6.6000000e-01   3.8358621e+00
   1.1916667e+00   7.3000000e-01   3.1593973e+00
   1.8666667e+00   2.9666667e-01   3.3229774e+00
   1.5083333e+00   6.3000000e-01   4.1536081e+00
   1.8333333e+00   5.1000000e-01   3.5625603e+00
   9.1666667e-01   7.1333333e-01   1.8498652e+00
   1.1583333e+00   3.3666667e-01   2.6397766e+00
   2.4583333e+00   9.6000000e-01   2.2408475e+00
   2.3916667e+00   6.3333333e-01   1.6495381e+00
   5.5833333e-01   5.5666667e-01   1.1961981e+00
   1.1333333e+00   1.0333333e-01   2.4753812e+00
   1.5166667e+00   4.1333333e-01   3.9847016e+00
   1.3750000e+00   8.9000000e-01   4.2826209e+00
   1.5916667e+00   8.0333333e-01   4.4709883e+00
   1.4666667e+00   8.5000000e-01   4.4468667e+00
   1.7750000e+00   7.1666667e-01   4.0025054e+00
   1.4750000e+00   3.8333333e-01   3.9056218e+00
   2.4666667e+00   7.7333333e-01   1.8176954e+00
   1.0250000e+00   5.0000000e-01   2.0649086e+00
   2.2333333e+00   7.7000000e-01   2.1857463e+00
   1.1916667e+00   6.1333333e-01   3.0011026e+00
   1.5416667e+00   7.6000000e-01   4.3771925e+00
   1.8000000e+00   2.0333333e-01   3.5600849e+00
   1.0833333e+00   6.1666667e-01   2.4564150e+00
   2.4166667e+00   9.1333333e-01   2.1357436e+00
   1.4833333e+00   8.6666667e-01   4.5156264e+00
   1.6000000e+00   7.4000000e-01   4.3557650e+00
   1.0500000e+00   7.7666667e-01   2.5269461e+00
   1.2083333e+00   6.4333333e-01   3.1199181e+00
   1.8166667e+00   6.1000000e-01   3.7193109e+00
   1.6166667e+00   5.2000000e-01   4.0833484e+00
   1.8916667e+00   4.5666667e-01   3.2861956e+00
   2.4250000e+00   5.0666667e-01   1.4985727e+00
   1.5083333e+00   5.4333333e-01   4.0639592e+00
   5.5833333e-01   5.2666667e-01   1.1697851e+00
   2.2583333e+00   9.2333333e-01   2.4418107e+00
   1.9166667e-01   9.8000000e-01   2.2953697e+00
   1.4750000e+00   9.5666667e-01   4.7248450e+00
   2.3500000e+00   4.4666667e-01   1.5396118e+00
   2.1666667e+00   7.0666667e-01   2.3158373e+00
   1.9166667e-01   5.0666667e-01   1.4842447e+00
   1.7666667e+00   7.3333333e-02   3.6606026e+00
   1.5166667e+00   6.6333333e-01   4.2059600e+00
   1.9333333e+00   5.0666667e-01   3.1356418e+00
   1.9750000e+00   7.3666667e-01   3.2127971e+00
   1.6750000e+00   5.8666667e-01   4.0786479e+00
   1.9916667e+00   8.6333333e-01   3.3785103e+00
   2.3083333e+00   1.3333333e-01   1.5316953e+00
   1.2000000e+00   7.7333333e-01   3.2746292e+00
   1.2250000e+00   6.9333333e-01   3.2690952e+00
   1.2916667e+00   8.7666667e-01   3.9210320e+00
   9.3333333e-01   8.9666667e-01   2.2697598e+00
   1.5916667e+00   6.2333333e-01   4.1947543e+00
   5.4166667e-01   9.4333333e-01   1.8773538e+00
   2.4416667e+00   9.9666667e-01   2.3505595e+00
   1.2583333e+00   8.6666667e-01   3.7464942e+00
   1.8250000e+00   9.0000000e-01   4.1904882e+00
   1.7583333e+00   7.5000000e-01   4.1069345e+00
   1.1416667e+00   8.7333333e-01   3.1828246e+00
   2.1166667e+00   1.0666667e-01   2.1674092e+00
   1.5583333e+00   6.4333333e-01   4.2143030e+00
   2.4916667e+00   9.9666667e-01   2.3475570e+00
   1.0333333e+00   5.2666667e-01   2.1250587e+00
   1.4250000e+00   3.7666667e-01   3.7862561e+00
   2.4250000e+00   6.5333333e-01   1.6473774e+00
   1.0416667e+00   7.1666667e-01   2.3865860e+00
   2.3500000e+00   6.5000000e-01   1.7251218e+00
   2.1333333e+00   8.3666667e-01   2.6818713e+00
   2.0833333e+00   2.0333333e-01   2.3201716e+00
   1.9416667e+00   4.8333333e-01   3.0804032e+00
   1.6750000e+00   6.3666667e-01   4.1347996e+00
   2.3833333e+00   4.4666667e-01   1.4937106e+00
   1.3416667e+00   9.2000000e-01   4.2338438e+00
   1.8416667e+00   6.2000000e-01   3.6359532e+00
   1.4916667e+00   8.5333333e-01   4.5002179e+00
   2.2833333e+00   8.1000000e-01   2.1193283e+00
   2.2333333e+00   7.3333333e-02   1.7296077e+00
   2.2666667e+00   9.7333333e-01   2.5536055e+00
   1.1333333e+00   8.1666667e-01   3.0189492e+00
   1.0833333e+00   5.1666667e-01   2.3598317e+00
   2.4583333e+00   7.1333333e-01   1.7190872e+00
   1.8583333e+00   9.3000000e-01   4.1354280e+00
   2.2416667e+00   9.5666667e-01   2.5790563e+00
   1.1583333e+00   8.5333333e-01   3.2229956e+00
   2.1833333e+00   5.1333333e-01   2.0353954e+00
   2.0416667e+00   8.4333333e-01   3.1013145e+00
   2.3833333e+00   8.2000000e-01   1.9559637e+00
   1.0000000e+00   9.7333333e-01   2.7478963e+00
   1.4666667e+00   1.4000000e-01   3.8354857e+00
   1.4083333e+00   7.8000000e-01   4.1597215e+00
   1.5750000e+00   9.4666667e-01   4.8012067e+00
   1.7916667e+00   8.0333333e-01   4.0985514e+00
   2.0416667e+00   5.1000000e-01   2.6341775e+00
   1.3666667e+00   6.4000000e-01   3.8105101e+00
   2.1166667e+00   8.1666667e-01   2.7108668e+00
   1.1166667e+00   7.2666667e-01   2.7732842e+00
   1.8500000e+00   3.2666667e-01   3.3995271e+00
   1.5250000e+00   9.1666667e-01   4.6936294e+00
   9.5833333e-01   9.8666667e-01   2.6080312e+00
   4.3333333e-01   7.7000000e-01   1.6219084e+00
   1.5833333e+00   6.9333333e-01   4.2866168e+00
   2.2916667e+00   5.5666667e-01   1.7399427e+00
   1.5416667e+00   8.8000000e-01   4.6196885e+00
   1.0833333e+00   8.1000000e-01   2.7533514e+00
   1.5416667e+00   5.9333333e-01   4.1470962e+00
   1.4083333e+00   7.5333333e-01   4.1126946e+00
   2.1416667e+00   9.9000000e-01   3.0322955e+00
   2.2250000e+00   8.0666667e-01   2.2806543e+00
   1.8333333e+00   7.6666667e-01   3.8805390e+00
   1.9500000e+00   8.2000000e-01   3.4805253e+00
   1.6583333e+00   9.7333333e-01   4.8237356e+00
   1.6833333e+00   9.5333333e-01   4.7289578e+00
   2.4333333e+00   8.0666667e-01   1.8889712e+00
   1.3750000e+00   7.6666667e-01   4.0282815e+00
   1.9833333e+00   7.0000000e-01   3.1170597e+00
   2.0583333e+00   9.0333333e-01   3.1619453e+00
   2.1250000e+00   8.9333333e-01   2.8438577e+00
   2.1083333e+00   7.1333333e-01   2.5649136e+00
   2.2083333e+00   9.7000000e-01   2.7238904e+00
   2.1750000e+00   3.4000000e-01   1.9705003e+00
   1.7583333e+00   5.4333333e-01   3.8454575e+00
   1.4083333e+00   8.2666667e-01   4.2500952e+00
   1.6833333e+00   9.2666667e-01   4.6582651e+00
   2.4083333e+00   8.8333333e-01   2.0693857e+00
   1.9000000e+00   8.0000000e-01   3.6666753e+00
   5.5833333e-01   9.4000000e-01   1.8542835e+00
   2.2166667e+00   8.1333333e-01   2.3211174e+00
   1.6833333e+00   5.0666667e-01   3.9925931e+00
   1.4250000e+00   7.6333333e-01   4.1775928e+00
   2.4750000e+00   9.8333333e-01   2.3059816e+00
   3.9166667e-01   5.3666667e-01   1.3748768e+00
   2.0750000e+00   1.3333333e-01   2.3515045e+00
   1.6250000e+00   5.1666667e-01   4.0748926e+00
   2.3333333e+00   9.6333333e-01   2.3731627e+00
   2.0000000e+00   8.3666667e-01   3.2816469e+00
   1.3416667e+00   7.2000000e-01   3.8284038e+00
   3.7500000e-01   7.4000000e-01   1.6467395e+00
   2.0583333e+00   9.4333333e-01   3.2642666e+00
   1.2583333e+00   8.6333333e-01   3.7390120e+00
   2.4250000e+00   2.1666667e-01   1.3786770e+00
   1.6500000e+00   7.6000000e-01   4.3512564e+00
   2.2000000e+00   4.6333333e-01   1.9395817e+00
   9.1666667e-01   9.0000000e-01   2.2158894e+00
   5.4166667e-01   2.9666667e-01   1.0640124e+00
   2.4500000e+00   4.6333333e-01   1.4573469e+00
   2.3916667e+00   8.2000000e-01   1.9468691e+00
   2.4416667e+00   9.1000000e-01   2.1140972e+00
   3.9166667e-01   9.9333333e-01   2.2004439e+00
   2.2000000e+00   9.6666667e-01   2.7434106e+00
   2.3666667e+00   8.7000000e-01   2.0841397e+00
   1.0666667e+00   7.1666667e-01   2.5076070e+00
   2.0500000e+00   9.5000000e-01   3.3204343e+00
   1.0333333e+00   1.6666667e-01   1.9836027e+00
   5.7500000e-01   8.3000000e-01   1.5834417e+00
   1.0416667e+00   8.5666667e-01   2.6471867e+00
   3.7500000e-01   5.6000000e-01   1.4171315e+00
   2.0000000e+00   8.9000000e-01   3.4009400e+00
   4.9166667e-01   8.4666667e-01   1.6979455e+00
   2.3750000e+00   8.8000000e-01   2.0961118e+00
   2.3166667e+00   7.0333333e-01   1.8595888e+00
   1.4166667e+00   6.1666667e-01   3.9440254e+00
   1.4583333e+00   7.4666667e-01   4.2312988e+00
   2.3666667e+00   9.8000000e-01   2.3668287e+00
   1.3666667e+00   9.3333333e-01   4.3614031e+00
   1.9583333e+00   5.2000000e-01   3.0312183e+00
   1.7916667e+00   3.6333333e-01   3.6280887e+00
   2.4333333e+00   9.9000000e-01   2.3343633e+00
   1.1333333e+00   9.0666667e-01   3.2195982e+00
   9.5833333e-01   9.2333333e-01   2.4346829e+00
   1.9166667e-01   5.9000000e-01   1.5595567e+00
   1.7416667e+00   9.4000000e-01   4.5624262e+00
   2.2000000e+00   5.2333333e-01   1.9834437e+00
   1.4750000e+00   6.6000000e-01   4.1367891e+00
   7.7500000e-01   7.3333333e-02   1.1035092e+00
   1.9166667e+00   7.7000000e-01   3.5373780e+00
   8.0833333e-01   3.5333333e-01   1.2131669e+00
   1.6583333e+00   2.9666667e-01   3.9277312e+00
   2.2500000e+00   9.5333333e-01   2.5450690e+00
   1.6000000e+00   4.8333333e-01   4.0634530e+00
   2.4416667e+00   4.4666667e-01   1.4496411e+00
   2.1333333e+00   5.0000000e-02   2.0963203e+00
   1.6916667e+00   7.6333333e-01   4.2919472e+00
   1.0500000e+00   8.4666667e-01   2.6653805e+00
   5.7500000e-01   7.1000000e-01   1.3695657e+00
   4.5000000e-01   3.4333333e-01   1.1838756e+00
   1.9916667e+00   8.2333333e-01   3.2931490e+00
   1.9333333e+00   3.2000000e-01   3.0383428e+00
   1.6000000e+00   9.2666667e-01   4.7462800e+00
   9.7500000e-01   6.2333333e-01   1.9590540e+00
   4.5000000e-01   4.6666667e-01   1.2450339e+00
   4.9166667e-01   4.0666667e-01   1.1582708e+00
   1.9500000e+00   8.0666667e-01   3.4540643e+00
   1.8833333e+00   8.6000000e-01   3.8628334e+00
   2.4833333e+00   6.3666667e-01   1.6140000e+00
   2.2916667e+00   6.5333333e-01   1.8463158e+00
   9.5833333e-01   8.9666667e-01   2.3684302e+00
   2.4916667e+00   7.9000000e-01   1.8505627e+00
   1.9333333e+00   1.8333333e-01   3.0117369e+00
   1.0250000e+00   5.2333333e-01   2.0832380e+00
   2.1750000e+00   7.0000000e-01   2.2741963e+00
   2.0000000e+00   9.7333333e-01   3.6180853e+00
   2.4833333e+00   3.8333333e-01   1.4122594e+00
   2.4166667e+00   5.6000000e-01   1.5494773e+00
   2.3083333e+00   7.5333333e-01   1.9568499e+00
   1.3750000e+00   9.1333333e-01   4.3395342e+00
   2.5000000e+00   1.0000000e+00   2.3599131e+00
