-1.0106 -0.20852
-0.40386 0.33544
0.58606 -0.086544
-3.1249 2.0106
1.0995 -1.7295
0.63665 -1.4215
0.11225 0.11551
-2.7142 0.83754
-1.8262 3.6063
-2.1543 2.2073
-0.16407 0.55364
4.0135 -3.7631
0.50694 1.1979
5.3189 -2.7507
3.1506 -3.8023
3.3792 -2.1455
-0.43026 -0.69164
0.79221 0.43074
-2.5931 3.4551
-1.1557 0.25289
-0.15989 2.1861
-2.8431 1.2289
-0.53072 0.41964
-2.5147 -0.25533
-1.8101 0.34973
-0.70284 0.10862
-3.565 2.9347
0.69721 -1.7482
-1.5931 1.83
0.49413 -1.9081
2.3391 -1.1176
1.227 -1.0929
1.7487 -1.3597
-2.0013 0.33688
-1.535 2.3287
1.4203 -4.0358
-5.9493 4.2713
0.81794 -1.7257
3.5443 -2.4668
-0.82534 -0.8415
0.00053835 -0.29346
1.4719 -0.26042
6.2423 -3.7872
0.30374 -1.5096
-0.27181 2.6175
1.048 -1.334
0.70502 -0.74633
-0.83522 -0.61683
-0.90767 1.7517
3.7756 -5.084
-4.0734 2.6459
-0.93922 1.1704
-1.3141 -0.9359
0.93482 -0.43479
-5.3223 5.4307
-0.37656 0.76541
-2.5175 -0.88189
2.2475 -2.9055
-2.4555 0.18884
-1.4281 1.9318
1.7101 -0.80484
-1.6918 1.9887
0.55232 0.02493
2.4547 -3.0662
-1.1148 0.89348
-0.19036 1.2087
-0.17596 3.1859
-1.1684 1.125
0.7278 -1.8844
2.0071 -3.0913
0.98463 0.36685
1.1294 -0.70877
1.526 1.1523
-0.12951 -1.2328
-2.3349 1.7172
-0.52616 0.10923
-1.3879 -0.35363
1.332 -1.0394
-3.8058 2.3986
-4.0187 5.4811
2.448 -0.89424
-0.6146 -0.53727
-1.804 2.8804
-1.9981 0.55252
0.39573 -1.7849
-1.1108 0.70153
0.29453 0.18762
4.21 -4.0532
0.62623 -1.7211
1.4677 -2.2632
3.5203 -3.6022
0.39632 -1.2386
4.2355 -3.5926
5.9381 -4.109
1.8798 -0.53243
0.055713 -0.41055
0.73387 -1.93
1.642 -2.2598
-1.1428 1.393
-0.13337 -0.91517
0.71241 -0.023551
1.2441 -0.71464
3.1931 -1.2875
-1.4147 0.35675
0.71896 -1.1363
-4.7419 4.147
-0.37466 3.7384
3.319 -1.6762
-0.31412 -1.7474
-0.29516 -1.2466
-1.432 0.30508
1.3336 -0.23361
-0.10734 1.8788
7.6207 -10.044
1.8107 0.016083
-0.55157 -0.67009
-1.8681 2.7367
2.5767 -2.434
3.0334 -4.0221
-0.55364 0.27402
-0.82566 1.994
3.371 -2.8334
-3.1291 2.3356
2.5594 -1.1629
1.9509 -0.19906
-1.7884 2.8267
4.2119 -2.8948
1.2841 -0.66493
0.53612 -1.6086
-1.7306 -0.72985
-0.93813 -1.1271
-1.9483 3.7485
0.45563 -0.95632
1.3369 0.59645
0.11018 -0.23842
-0.92283 1.7353
0.18285 1.4466
-0.27828 1.6763
-1.2615 -0.20625
3.9115 -4.9731
0.51129 -0.53992
1.1214 2.289
-0.65577 -0.19459
-1.4355 0.98244
0.5925 3.2071
2.8355 -2.6425
-0.78429 -2.1622
-0.18218 1.0134
1.0678 -0.95853
-2.0061 1.1282
-2.8508 1.9386
1.7082 -3.7736
0.35975 -1.024
-0.86387 0.73979
-0.26754 1.5807
0.078732 3.2077
0.57138 2.2679
-0.4646 0.7931
1.7145 -1.106
1.9186 -1.4529
-0.43694 0.94919
-0.44274 0.65536
-0.022854 0.94116
-3.2928 4.4101
2.0902 -0.25142
-1.9307 3.3352
3.4197 -2.3702
-0.296 0.32334
-1.8718 1.1931
-0.011994 -0.18219
1.11 -0.17001
0.93993 0.23807
-1.8318 2.1492
-5.4632 6.2783
-0.41677 0.71238
-0.41068 0.33322
-4.5151 4.1901
-1.2531 0.010876
3.4565 -1.4606
2.5735 -0.28982
-2.6671 2.427
0.33539 -1.0466
-2.9251 -0.33225
0.57937 0.56678
1.8545 -1.8581
-1.3543 2.231
3.5891 -2.1002
0.60506 -0.73583
-4.7256 4.0801
0.050505 0.056119
0.65636 0.79151
-0.10571 -1.3518
-0.25873 2.6078
0.18898 -1.4774
-4.2146 0.74992
0.92646 -0.92927
1.1276 0.52701
-1.3455 1.2062
4.8298 -4.5195
-1.4172 1.6044
-3.9509 3.5624
1.4336 -2.2452
1.9106 -0.14423
-0.26611 0.58994
-2.7147 0.63581
1.438 0.93147
1.4958 -0.96311
3.5332 -2.715
0.2246 0.10425
1.3267 -0.48283
-1.6825 3.4153
0.05694 -0.23583
-0.55972 0.090377
-0.45498 -0.93975
-0.67506 4.2349
-1.5405 1.3547
2.9173 -2.4326
0.51586 0.50365
1.2737 0.30938
1.1288 -0.099967
-3.183 0.66659
1.2275 -3.1619
0.077253 0.17765
0.43725 -1.3497
0.90948 -1.3775
0.19849 1.6121
-1.1115 -0.43275
-4.4625 3.4109
0.15824 -0.48859
1.3473 -1.8298
0.31235 -0.59683
0.99777 0.60434
2.4597 -2.1167
1.0684 0.64487
-1.6681 1.2699
2.8358 -1.225
-1.4663 -0.21356
1.8879 -2.8534
1.6093 -2.1163
-1.3112 1.2012
0.44392 0.74009
0.28561 -1.135
-1.7794 -0.42077
2.9239 -4.2367
-2.3488 -0.66823
-4.6769 3.4448
-1.7891 1.0088
4.164 -3.1679
-0.58165 -0.87426
-0.64802 2.4204
-2.4694 1.4293
-0.5438 -2.3548
-2.5263 0.43932
-2.1883 4.4187
-0.11117 -0.72859
-0.66317 -0.23289
2.3986 -4.183
2.0005 1.8368
0.96835 -1.3404
-3.5488 2.9178
1.6538 -3.4863
-5.4617 3.4751
-2.3486 2.5826
3.5527 -3.783
3.0897 -1.466
-4.9332 3.7574
0.020454 0.35079
-0.84699 1.237
-1.2292 0.88675
-0.70184 -0.26603
1.6179 -2.0272
1.2359 -0.22559
-0.56663 0.318
0.61626 -0.44521
-2.4806 0.53046
0.95291 -0.74409
2.0465 -3.1051
2.2955 -2.574
1.1681 -0.81425
0.12581 2.0251
-0.50893 0.92076
0.3151 1.6146
0.44565 1.2977
1.7907 0.49825
2.1391 -2.8183
1.4156 -1.7743
-1.6499 2.8513
-0.053151 -0.80164
-2.6387 2.8626
-1.7301 -1.5519
3.6005 -3.471
-0.89454 1.0131
-2.5325 1.5125
-1.0255 -0.16539
2.2516 -0.31112
0.25862 -2.5603
-0.39273 0.83164
0.8909 -1.7536
-1.4637 -0.29716
-2.9941 2.6799
-0.41999 2.2221
-0.43215 -0.20795
4.0913 -3.0156
0.70405 1.5644
4.944 -0.92357
2.0587 -1.3347
1.2655 -2.5633
-0.99668 -1.9261
1.075 -0.011258
-0.34178 1.0095
-1.4754 -0.17285
-0.71299 0.642
-3.5374 4.6386
-0.10793 -1.7451
-2.0037 2.0867
-2.2378 1.8736
-1.0025 -1.2828
2.8063 -0.87212
3.0447 -2.5912
-1.1847 2.5386
1.375 -3.1684
-1.2241 1.928
0.70806 1.4152
0.71379 -1.1301
1.9553 -3.0623
0.29876 -1.0877
-0.57399 1.7896
-1.9299 1.8752
2.3492 -3.0669
0.66673 -2.3719
0.95812 0.61275
2.0014 -2.7041
-2.1701 2.3095
0.77619 -0.53054
2.4461 -2.3512
3.3951 -2.9562
-2.5559 2.4996
-3.7284 4.8709
0.70028 1.2608
1.9579 -3.3461
0.48142 0.23313
1.4188 -0.36465
-0.053212 0.20606
-1.2179 3.323
-1.7172 -0.010462
1.2623 -0.6079
-2.8905 3.0629
0.68421 -1.2469
-0.46037 0.89752
-0.53816 -0.83723
2.7815 -2.0562
0.0022477 -0.023235
-0.4871 0.097872
0.56592 -2.2788
-4.4384 4.5012
2.6068 -2.4241
2.6401 0.36407
1.8667 -2.7706
4.4032 -2.3351
-0.1708 -2.1256
-3.5718 1.0934
-3.5139 3.7162
0.68282 -1.3144
2.1331 -2.5052
-0.57219 0.98836
-0.23874 0.041856
-3.5416 3.3227
-0.22114 1.7191
-1.6601 2.9769
-0.5873 0.68145
-0.29016 1.4054
0.062042 0.9488
1.3355 -0.46155
-0.71901 -0.87089
0.6688 1.4781
-1.0845 2.7734
-0.97265 3.9408
-0.28206 0.98388
2.8399 -2.3342
-1.7113 3.6583
-0.72139 4.1191
-2.2061 3.4829
-3.9296 2.4339
-1.85 2.9339
1.6744 -2.3971
-0.29735 1.3734
0.10752 -1.0669
-1.5823 -0.0095384
2.6531 -1.4666
1.8491 0.39354
-2.8839 2.0511
-1.801 0.82523
-1.8287 1.8202
4.0778 -3.7438
-0.25845 -1.2113
-1.6673 2.8004
-2.1608 0.33109
0.80919 1.3331
3.3566 -5.8166
-3.1036 0.59417
1.8907 -1.841
0.45743 -3.3821
0.32048 0.39847
-0.44497 -1.0328
-1.2181 0.81732
-0.098133 0.8024
1.3345 -2.376
1.5637 -0.3338
-1.4553 -1.5202
-2.5959 -0.62795
-2.2871 1.8728
-0.18387 -1.769
0.59911 0.50029
-0.41825 -0.73112
-0.56384 -0.22829
1.8329 0.95379
-0.47438 1.7537
0.90599 0.60224
-1.806 0.27117
-1.5535 0.33553
1.5877 -0.81347
0.82353 2.3306
-0.30777 -0.18588
1.2256 -1.9215
-0.80843 -0.82172
0.9734 -0.54459
1.3886 -0.80716
1.0231 0.7647
-0.091068 -1.2883
-3.0895 4.8822
0.51629 -0.10331
2.9632 -1.2228
-0.13185 1.3202
2.7018 -2.7544
0.45461 -1.9076
0.59479 -0.83672
2.3135 -3.6556
-1.5171 2.009
-0.91896 3.8748
1.7223 -0.73709
2.7658 0.19559
-0.64319 0.61041
1.9828 -0.28736
-0.57146 0.41827
-1.4392 2.8887
-0.7492 -0.66918
-2.0582 3.4698
2.4076 -1.7023
-1.7555 4.2999
-1.6598 2.3912
-0.91815 2.4416
-4.8824 3.1728
0.5102 -1.2348
-1.5607 1.5899
-0.70268 1.6132
1.6331 -2.3555
2.5347 -2.3143
-5.603 5.0986
0.52647 1.3562
1.9425 0.52183
1.9486 -0.29143
1.5037 -1.1488
-0.81765 1.873
-1.0071 0.32641
-3.1787 -0.098777
-3.1626 3.6822
5.1449 -3.226
-1.5512 1.5617
0.99727 -1.9999
-1.6456 3.3504
0.42532 -0.16514
1.2136 0.61001
-3.0487 4.1697
-1.3254 0.53261
1.1804 -1.2388
3.4167 -2.0384
3.8758 -2.8409
-0.13675 -0.35624
-1.4836 1.6988
0.31174 -0.26503
0.10226 -0.34179
-3.0891 2.0404
3.0739 -2.6597
-1.8834 2.2032
-3.7053 4.1133
0.28493 -1.3374
1.9685 0.55805
0.28467 1.0844
-2.1775 2.5057
0.49884 -0.090224
-1.4514 1.6248
0.25023 -0.98077
2.4169 -0.65286
-2.0528 0.87672
1.5587 0.91564
0.47056 0.64721
-2.8411 5.4977
2.6825 -0.97017
-0.85809 -0.31362
0.91929 -0.97537
10.368 7.4948
8.8939 11.427
9.337 12.636
10.221 10.325
11.742 10.728
10.752 9.0789
9.4622 9.4484
8.7352 12.683
7.8826 11.285
10.394 11.801
6.3994 13.044
9.4208 8.2935
10.369 10.459
11.148 8.9241
10.786 9.5974
12.222 10.005
8.0818 12.629
9.7893 12.36
9.9427 10.8
12.253 11.771
9.3035 11.88
7.4362 13.333
11.228 10.76
10.322 10.845
10.449 9.4882
12.717 8.9872
10.853 9.5217
11.333 9.8393
9.0298 12.507
8.8312 12.655
8.2013 15.352
10.022 12.515
10.981 9.3147
10.799 10.25
9.0222 11.871
9.7871 11.228
13.726 10.12
10.128 10.112
13.536 6.8388
10.482 10.976
10.251 10.689
8.9789 12.009
11.516 8.981
9.8192 8.4057
8.5108 12.085
9.7438 11.304
12.579 6.4699
8.3419 13.839
13.767 6.7991
11.243 8.5662
11.041 10.204
13.186 11.521
12.199 7.529
11.316 9.2297
10.175 8.7187
9.808 12.132
15.468 5.3693
10.763 12.763
12.528 9.7895
8.8995 9.6135
9.2003 10.061
9.5455 10.816
10.934 10.249
7.96 11.401
10.484 11.087
12.101 8.7066
11.032 10.237
13.966 8.3151
11.707 9.0749
7.1093 13.023
7.1974 13.889
12.138 6.9681
10.138 8.3938
13.886 7.6125
12.602 8.6336
13.009 8.3473
7.9891 10.495
14.709 7.7458
10.426 11.673
9.8643 11.008
13.523 7.1111
11.947 8.2135
10.897 13.011
10.628 7.8993
9.5134 9.6998
12.164 9.5346
7.0142 12.796
9.8696 9.6933
9.5001 7.9575
10.067 11.097
9.5687 12.203
13.32 7.2144
11.436 10.676
11.212 9.1506
14.261 5.4958
11.895 9.9701
11.485 9.6367
10.503 10.186
15.786 5.6776
8.9155 11.586
11.38 10.497
11.865 9.9838
10.988 10.006
10.72 8.3103
7.7872 15.523
14.072 8.4255
12.683 7.2801
11.48 11.027
9.4599 12.034
10.471 11.369
11.61 9.5095
10.415 12.068
11.301 10.612
9.0655 11.064
10.46 10.92
10.37 10.52
13.684 10.803
10.027 8.6355
10.412 11.193
13.692 6.3205
9.8696 12.102
9.2842 10.982
9.7498 10.713
13.766 7.6562
8.2149 12.18
8.3689 11.772
11.537 10.788
7.5318 12.914
10.142 11.237
10.532 9.1201
9.129 12.374
10.361 9.6245
12.632 7.3116
10.33 11.667
14.341 5.7227
12.31 9.9258
9.8433 10.631
10.683 11.642
9.5751 11.196
10.573 12.659
8.9435 11.746
8.2665 11.814
15.718 6.7281
10.614 9.4376
10.624 9.1594
11.109 12.298
9.4187 11.196
15.395 6.5565
13.169 9.4631
11.52 5.471
13.105 8.5131
11.866 8.347
10.526 11.594
6.8418 11.369
13.857 5.7641
10.819 11.578
9.2307 11.014
9.9923 11.932
9.9375 12.595
11.47 9.8496
15.19 4.1719
11.064 7.318
12.089 9.1207
10.021 9.4594
10.052 12.007
10.775 10.529
9.6462 10.58
10.994 9.1073
12.046 11.001
9.2482 11.825
11.338 10.947
9.2379 12.004
13.022 9.3587
7.8392 13.364
11.448 8.6608
11.58 10.174
8.8565 10.668
10.981 9.9965
10.461 10.367
8.9135 10.873
12.094 9.2319
7.0618 12.817
13.727 6.0893
13.891 6.2866
13.481 10.267
8.0633 12.96
11.535 8.9982
9.4753 9.7303
9.5468 10.409
11.469 8.2386
10 9.5782
8.3858 12.73
10.094 9.6251
9.3207 10.358
6.6421 13.173
11.5 7.4393
7.6506 11.513
7.0018 11.125
12.388 10.64
9.5131 11.163
8.6254 12.237
12.438 7.1134
10.57 9.0418
10.97 11.227
12.943 7.9171
13.223 9.7788
9.6886 10.009
11.789 9.7937
11.048 11.193
11.502 10.557
12.766 9.5422
9.2204 8.4259
12.55 11.836
12.322 8.7582
8.9979 13.789
12.052 6.5736
9.628 12.488
8.1304 11.662
10.38 12.298
11.216 10.273
10.092 14.968
8.9692 12.749
12.026 7.2464
11.191 8.8331
10.884 11.334
8.7808 12.833
10.051 10.079
11.042 8.3459
12.711 7.3157
6.9198 11.142
11.031 11.004
12.042 8.3735
14.681 6.598
13.961 6.5443
8.6007 13.246
8.1754 11.628
8.5677 13.991
6.7268 11.87
9.5301 9.97
10.501 10.121
8.562 12.704
8.2971 13.709
14.744 6.9134
12.375 8.1761
13.114 7.2866
9.3818 12.478
10.965 11.819
8.7845 11.945
11.334 12.008
11.669 9.0692
9.8362 10.42
8.4082 11.347
7.8488 13.984
11.276 11.668
8.7885 11.751
12.599 8.6364
8.9734 12.853
9.1774 8.4225
5.4527 14.849
13.739 9.1565
10.025 11.576
9.8839 11.502
11.608 8.6348
10.883 9.6093
8.5821 11.974
10.516 10.139
9.5739 11.037
10.555 12.517
8.3809 13.637
8.9564 13.222
12.112 9.3484
9.458 11.447
12.378 7.0718
14.214 7.3145
12.664 8.8159
8.3373 11.653
6.8629 14.67
7.1126 13.516
12.062 8.6179
11.3 11.178
11.478 11.336
12.337 5.3547
9.5776 9.2231
8.0643 13.036
10.378 11.479
9.1629 9.933
10.607 11.99
7.5639 13.939
13.156 8.7221
10.213 10.043
8.4097 16.222
9.2119 12.641
10.829 9.4988
9.7285 9.667
12.973 8.2282
11.625 11.893
9.6816 9.838
11.239 10.637
10.314 11.845
11.135 9.0379
13.281 8.4231
9.9548 12.446
9.0766 11.2
13.729 6.5389
13.413 7.7851
10.752 10.921
16.594 6.6534
7.5579 12.622
12.372 10.324
10.291 10.898
10.924 9.6074
11.314 11.867
12.412 7.7964
11.276 10.04
12.879 9.4889
11.997 10.165
12.547 8.6115
12.384 8.5476
14.119 9.4526
9.4057 10.578
8.5671 10.935
12.983 10.158
8.6802 10.92
8.6413 10.714
7.5714 12.86
11.195 11.967
12.697 4.3335
12.583 7.6429
10.417 12.132
11.027 10.231
13.619 8.6396
11.081 12.106
7.4127 13.468
9.1635 11.997
10.74 9.354
10.587 9.1394
11.823 9.2101
9.5496 13.177
9.7668 12.73
7.2512 11.879
8.5468 10.693
10.486 9.9722
8.6381 11.195
9.6049 11.581
10.299 7.6744
11.815 8.5638
8.872 10.522
10.296 11.363
11.674 11.383
7.7187 12.275
15.02 5.2415
13.979 7.4921
13.063 9.8614
12.939 9.4632
12.063 8.1877
12.021 8.9816
9.1996 11.497
9.2198 12.493
6.0404 12.288
4.1527 14.655
11.882 8.814
10.584 10.597
8.9341 9.7728
10.498 10.323
11.008 9.3556
6.9992 12.731
11.19 9.738
11.586 6.861
8.2839 9.6905
13.788 8.7803
9.1548 9.9534
12.428 9.0068
6.5113 13.685
11.465 9.4401
10.383 10.582
9.3033 12.307
9.7204 12.576
12.581 9.5209
8.8537 11.86
10.683 10.22
11.786 8.6391
13.535 6.8871
9.0203 10.175
14.771 8.0208
9.9969 9.1085
11.675 9.5646
5.8214 12.089
12.965 8.5088
11.859 9.4361
11.554 10.805
8.871 10.955
12.348 10.466
8.8093 9.7165
11.16 9.9198
9.4999 12.123
9.6157 9.9374
11.394 6.8019
6.5745 12.973
9.5016 10.048
8.8019 10.27
12.31 7.5055
11.896 9.115
10.445 9.5045
9.9208 8.7531
11.569 9.5586
9.9601 12.078
13.232 8.2182
7.0386 13.607
13.704 9.3393
10.78 8.3727
9.9572 9.9489
10.121 11.773
11.091 10.558
10.734 9.8381
10.062 10.658
7.976 11.82
9.7258 12.064
11.332 10.611
10.757 11.227
8.0731 13.422
7.7908 12.796
11.97 9.7411
5.5956 14.371
11.307 8.0505
13.629 6.8547
9.6368 14.241
11.937 9.818
11.163 9.6337
10.523 10.103
12.215 10.396
10.404 10.857
12.016 7.0586
10.215 9.0831
8.4486 13.431
13.462 8.6425
11.547 9.705
10.887 9.595
13.29 10.593
12.398 8.5033
15.613 9.3637
8.3546 12.252
11.152 11.504
10.503 12.139
8.9067 14.132
10.651 11.791
9.1129 9.8785
6.6206 14.041
7.8905 11.925
11.915 7.9626
10.365 9.6289
5.6407 15.076
13.96 7.6144
10.209 10.542
8.3823 12.285
12.656 8.1361
10.546 8.8475
7.8675 13.559
11.509 10.775
12.464 7.239
11.097 10.154
11.161 9.0289
12.572 9.3869
8.6752 12.49
8.1182 13.395
15.563 5.6988
8.7127 10.894
10.239 10.741
9.7523 10.21
8.1302 13.564
9.9315 8.5343
14.186 7.6962
10.577 12.039
11.825 12.717
10.552 9.6731
9.096 11.384
12.23 9.2991
11.592 8.9391
7.9262 12.189
12.749 8.0725
10.246 9.3419
10.32 12.954
8.7851 12.961
10.664 9.3099
12.318 8.1608
10.859 9.3917
12.308 8.0601
8.1554 10.517
8.6404 10.292
11.758 9.1656
13.621 6.024
6.9566 14.631
10.266 12.118
11.13 9.8931
12.036 8.1807
9.8097 12.313
7.4515 13.58
7.0641 11.83
9.1747 11.386
12.108 9.4882
11.484 9.1504
13.348 -11.937
12.579 -7.8083
13.226 -6.695
13.695 -9.1235
15.263 -8.9909
14.001 -10.443
12.795 -9.8554
12.641 -6.5434
11.559 -7.7724
14.121 -7.7003
10.403 -5.7826
12.554 -10.986
13.864 -9.0181
14.364 -10.664
14.125 -9.9387
15.61 -9.7866
11.988 -6.4837
13.623 -7.0448
13.503 -8.6073
15.947 -8.0527
13.061 -7.4331
11.475 -5.6782
14.762 -8.8708
13.885 -8.6289
13.774 -9.9875
15.92 -10.875
14.178 -10.025
14.705 -9.7953
12.901 -6.7686
12.731 -6.5883
12.579 -3.8229
13.879 -6.9332
14.268 -10.251
14.251 -9.2976
12.783 -7.3937
13.424 -8.1597
17.111 -9.9341
13.566 -9.3177
16.354 -13.133
14.065 -8.5282
13.788 -8.7701
12.764 -7.2497
14.737 -10.672
12.966 -10.944
12.316 -7.094
13.395 -8.0771
15.347 -13.33
12.454 -5.337
16.575 -13.212
14.396 -11.034
14.481 -9.3858
16.823 -8.4608
15.157 -12.221
14.583 -10.393
13.371 -10.698
13.602 -7.2729
18.002 -14.915
14.652 -6.8168
15.874 -10.052
12.27 -9.5951
12.644 -9.2065
13.115 -8.5227
14.384 -9.3228
11.655 -7.6718
14.086 -8.4187
15.265 -11.044
14.478 -9.3511
17.034 -11.754
14.941 -10.613
11.099 -5.927
11.336 -5.0894
15 -12.763
13.277 -11.011
16.833 -12.432
15.746 -11.203
16.097 -11.556
11.526 -8.5685
17.666 -12.443
14.13 -7.8323
13.462 -8.3896
16.389 -12.862
15.028 -11.503
14.827 -6.5962
13.675 -11.583
12.889 -9.6168
15.471 -10.24
10.966 -6.1336
13.239 -9.6849
12.574 -11.33
13.677 -8.337
13.379 -7.161
16.207 -12.725
14.953 -8.9897
14.467 -10.453
16.834 -14.581
15.282 -9.7642
14.82 -10.021
13.948 -9.3097
18.368 -14.667
12.628 -7.6557
14.866 -9.1559
15.254 -9.7453
14.395 -9.5712
13.837 -11.195
12.201 -3.5822
17.158 -11.663
15.591 -12.55
15.057 -8.6513
13.242 -7.3083
14.122 -8.1388
14.921 -10.168
14.189 -7.4415
14.808 -9.0285
12.685 -8.1958
14.034 -8.5797
13.876 -8.958
17.188 -9.2546
13.211 -10.754
14.033 -8.3019
16.418 -13.67
13.657 -7.3129
12.886 -8.3139
13.298 -8.6595
16.723 -12.368
12.041 -6.9486
12.122 -7.3774
15.071 -8.8964
11.496 -6.1071
13.775 -8.212
13.792 -10.364
12.975 -6.9163
13.712 -9.8382
15.546 -12.51
14.035 -7.8213
16.953 -14.372
15.683 -9.8798
13.376 -8.757
14.378 -7.9073
13.21 -8.1536
14.447 -6.8862
12.683 -7.5029
12.029 -7.3181
18.484 -13.621
13.927 -10.066
13.89 -10.342
14.912 -7.335
13.056 -8.1264
18.136 -13.734
16.449 -10.485
14.131 -14.13
16.22 -11.409
14.972 -11.358
14.216 -7.9269
10.548 -7.5085
16.483 -14.247
14.501 -7.994
12.839 -8.2735
13.749 -7.502
13.81 -6.8396
14.842 -9.8089
17.52 -16.046
14.003 -12.232
15.326 -10.634
13.348 -9.9417
13.821 -7.4377
14.276 -9.0194
13.173 -8.7732
14.244 -10.457
15.609 -8.7754
12.997 -7.4776
14.902 -8.7056
13.018 -7.2994
16.286 -10.562
11.877 -5.7178
14.615 -10.976
15.007 -9.5085
12.411 -8.5489
14.386 -9.5794
13.938 -9.1237
12.502 -8.3568
15.35 -10.526
11.016 -6.1213
16.412 -13.904
16.608 -13.738
16.895 -9.7471
12.027 -6.1541
14.759 -10.659
12.857 -9.5801
13.046 -8.924
14.562 -11.395
13.348 -9.8209
12.305 -6.4364
13.449 -9.7911
12.814 -8.9351
10.665 -5.6974
14.454 -12.188
11.37 -7.5076
10.663 -7.7771
15.883 -9.1895
13.143 -8.1753
12.455 -6.9644
15.32 -12.672
13.816 -10.448
14.589 -8.366
15.958 -11.968
16.557 -10.183
13.116 -9.3425
15.147 -9.9194
14.66 -8.4132
14.997 -9.1178
16.065 -10.337
12.38 -10.82
16.25 -8.0402
15.492 -11.032
13.092 -5.4997
14.847 -13.136
13.486 -6.8905
11.868 -7.4442
14.194 -7.208
14.666 -9.3475
14.374 -4.5294
12.883 -6.5191
14.938 -12.469
14.391 -10.762
14.523 -8.2456
12.712 -6.4036
13.484 -9.3365
14.159 -11.215
15.625 -12.52
10.586 -7.7456
14.61 -8.5963
15.149 -11.362
17.44 -13.569
16.721 -13.497
12.606 -5.966
11.907 -7.4859
12.703 -5.2269
10.522 -6.9954
12.953 -9.3535
13.935 -9.3736
12.474 -6.4925
12.388 -5.4576
17.557 -13.269
15.443 -11.614
16.017 -12.619
13.242 -6.8581
14.687 -7.7814
12.561 -7.2795
15.083 -7.6598
14.902 -10.612
13.332 -8.9634
12.087 -7.8027
11.994 -5.1084
14.967 -7.9847
12.532 -7.4707
15.743 -11.2
12.905 -6.4177
12.337 -10.816
9.7846 -3.8403
16.957 -10.886
13.719 -7.8576
13.567 -7.9062
14.767 -11.029
14.223 -9.9437
12.367 -7.2153
13.953 -9.3588
13.181 -8.3104
14.404 -7.0229
12.458 -5.5426
12.953 -6.0513
15.387 -10.414
13.138 -7.8863
15.254 -12.702
17.105 -12.782
15.838 -11.034
12.07 -7.4893
11.142 -4.2618
11.188 -5.4418
15.211 -11.125
14.906 -8.4717
15.108 -8.3464
14.915 -14.386
12.87 -10.097
12.042 -6.0795
14.05 -8.0145
12.585 -9.3262
14.364 -7.5508
11.706 -5.1037
16.307 -11.212
13.638 -9.3997
12.935 -3.002
13.103 -6.6679
14.15 -10.043
13.096 -9.6863
16.041 -11.667
15.349 -7.823
13.079 -9.5098
14.751 -8.9933
14.05 -7.6431
14.371 -10.55
16.379 -11.528
13.801 -6.9894
12.72 -8.0631
16.492 -13.462
16.397 -12.18
14.321 -8.6286
19.333 -13.846
11.471 -6.399
15.813 -9.4981
13.864 -8.5719
14.263 -9.9527
15.039 -7.7955
15.413 -11.994
14.685 -9.5882
16.167 -10.409
15.416 -9.5895
15.688 -11.215
15.517 -11.25
17.382 -10.66
12.936 -8.7333
12.172 -8.2364
16.386 -9.7679
12.281 -8.2706
12.207 -8.4664
11.526 -6.167
14.939 -7.6758
15.093 -15.454
15.556 -12.175
14.201 -7.3781
14.472 -9.3563
16.748 -11.374
14.851 -7.5196
11.475 -5.541
12.944 -7.294
14.038 -10.17
13.849 -10.355
15.079 -10.5
13.529 -6.1984
13.665 -6.6767
11.04 -7.0774
12.11 -8.4709
13.895 -9.5174
12.287 -7.9921
13.306 -7.7796
13.312 -11.748
14.958 -11.135
12.401 -8.6957
13.949 -8.1143
15.309 -8.3345
11.569 -6.7692
17.538 -14.963
16.904 -12.566
16.413 -10.074
16.222 -10.445
15.138 -11.549
15.234 -10.759
12.893 -7.7925
13.085 -6.8145
9.9185 -6.4652
8.4706 -3.8063
15.068 -10.9
14.1 -8.9188
12.332 -9.4442
13.967 -9.1736
14.302 -10.215
10.94 -6.195
14.547 -9.8701
14.437 -12.772
11.677 -9.4124
16.939 -11.265
12.58 -9.3047
15.639 -10.805
10.625 -5.1709
14.766 -10.211
13.899 -8.8992
13.135 -7.0129
13.593 -6.8202
15.879 -10.326
12.615 -7.3746
14.132 -9.3078
14.943 -11.056
16.361 -13.085
12.486 -9.0633
17.775 -12.183
13.263 -10.283
14.995 -10.125
9.6683 -6.6232
16.082 -11.389
15.154 -10.284
15.091 -8.883
12.475 -8.2693
15.814 -9.3542
12.199 -9.478
14.549 -9.6859
13.297 -7.2285
13.031 -9.4005
14.238 -12.797
10.564 -5.883
12.938 -9.2713
12.288 -8.9314
15.263 -12.263
15.135 -10.606
13.773 -9.9709
13.126 -10.62
14.889 -10.113
13.742 -7.3519
16.295 -11.722
11.131 -5.3392
16.954 -10.699
13.907 -11.144
13.37 -9.4485
13.848 -7.6808
14.592 -9.0456
14.116 -9.6926
13.596 -8.7687
11.743 -7.2619
13.509 -7.325
14.838 -9.0351
14.379 -8.3283
12.117 -5.7007
11.731 -6.2685
15.316 -10.003
9.8423 -4.3364
14.369 -11.552
16.448 -13.133
13.8 -5.1657
15.297 -9.9213
14.502 -9.9682
13.953 -9.3947
15.671 -9.3997
13.968 -8.6315
14.896 -12.652
13.473 -10.346
12.489 -5.7576
16.595 -11.344
14.894 -9.9648
14.224 -9.9585
16.764 -9.3933
15.522 -11.296
18.838 -11.007
12.191 -6.9021
14.816 -8.1241
14.288 -7.3867
13.062 -5.1462
14.373 -7.7551
12.526 -9.3711
10.794 -4.8394
11.678 -7.1433
14.953 -11.745
13.716 -9.8344
10.009 -3.6498
16.906 -12.443
13.721 -8.9087
12.224 -6.8745
15.713 -11.702
13.758 -10.635
11.939 -5.5303
15.041 -8.9044
15.368 -12.553
14.528 -9.4449
14.395 -10.564
15.848 -10.456
12.549 -6.7234
12.157 -5.7353
18.152 -14.607
12.308 -8.3011
13.785 -8.7176
13.213 -9.1556
12.198 -5.5712
13.099 -10.837
17.143 -12.401
14.343 -7.4976
15.69 -7.0466
13.907 -9.8233
12.771 -7.8852
15.495 -10.483
14.804 -10.727
11.759 -6.8892
15.793 -11.781
13.549 -10.096
14.249 -6.5521
12.739 -6.2782
13.954 -10.2
15.385 -11.619
14.161 -10.154
15.357 -11.717
11.694 -8.5763
12.133 -8.8816
15.007 -10.533
16.297 -13.95
11.228 -4.3169
14.051 -7.3664
14.515 -9.7071
15.11 -11.551
13.635 -7.0951
11.533 -5.437
10.847 -7.0932
12.849 -7.8978
15.408 -10.276
14.735 -10.5
