0.000000000000000000e+00 6.764683676415074176e-01 3.448527229462695909e-02 1.470610441231986476e-01 1.379306753864817936e-01 1.470477205604764359e-02 -5.738504887764120710e+00
3.448527229462695909e-02 8.235294117647060652e-01 1.724159476811087666e-01 1.617658161792462912e-01 8.620537039254796974e-02 -7.353052206159932380e-02 -2.014610462620436859e+00
3.448318953622175331e-01 1.000000000000000000e+00 2.068960130797229124e-01 0.000000000000000000e+00 -5.172530499393390713e-02 -1.911775808851286507e-01 -4.466143963727843946e+00
4.482772984540727701e-01 8.235294117647060652e-01 6.896533769324095231e-02 -2.205893455910110101e-01 -6.896533769324095231e-02 -2.941176470588238723e-02 -1.396584627764290820e+00
4.827625707486994378e-01 5.588213088179779797e-01 6.896533769324100782e-02 -5.882352941176477445e-02 4.310268519627401262e-02 1.985310772100459809e-01 2.178811256975423305e+01
5.862079738405547857e-01 7.058823529411765163e-01 1.551707080857889776e-01 1.764728088290809516e-01 6.896533769324079965e-02 6.617702573668204913e-02 -1.465569802957161216e-01
7.931039869202773929e-01 9.117669264761398829e-01 2.068960130797226071e-01 7.353052206159932380e-02 -2.586135077296383700e-02 -1.691193125041636769e-01 -3.125612224658761207e+00
1.000000000000000000e+00 8.529433970643751639e-01 1.034480065398613036e-01 -1.617658161792464022e-01 -1.379306753864817936e-01 -1.985310772100460364e-01 -6.052685409673752126e+00
1.000000000000000000e+00 5.882352941176470784e-01 -6.896533769324098007e-02 -3.235316323584927489e-01 -1.379306753864817936e-01 -6.617591543978856850e-02 -1.106686282996166115e+00
8.620693246135180399e-01 2.058801323473896383e-01 -1.724133442331022836e-01 -2.941176470588235392e-01 -6.034401961958416050e-02 1.250016654453401377e-01 -9.917647450496291928e-01
6.551733115337954327e-01 0.000000000000000000e+00 -1.896533769324093011e-01 -7.352830146781250131e-02 4.310398692027714307e-02 2.058823529411764885e-01 -4.262958151202503210e+00
4.827625707486994378e-01 5.882352941176462180e-02 -8.620537039254799749e-02 1.176470588235294240e-01 9.482668846620465053e-02 9.558768014567096960e-02 -6.251717241071142794e+00
4.827625707486994378e-01 2.352941176470588480e-01 0.000000000000000000e+00 1.176470588235294379e-01 8.620016349653522592e-03 -8.088290808962317335e-02 -6.227961812624667193e-01
4.827625707486994378e-01 2.941176470588234837e-01 -6.896533769324095231e-02 -4.411875735571692270e-02 -8.620667211655114182e-02 -1.029411764705882582e-01 6.006475736737164617e+00
3.448318953622175331e-01 1.470566029356250026e-01 -1.724133442331022836e-01 -8.823529411764706454e-02 -1.724133442331018257e-02 8.088290808962317335e-02 -2.128835658857419322e+00
1.379358822824948982e-01 1.176470588235293546e-01 -1.034480065398613174e-01 1.176470588235294379e-01 1.293093573128251406e-01 1.470588235294117974e-01 -7.913501354163810397e+00
1.379358822824948982e-01 3.823507205826838784e-01 8.620537039254798362e-02 2.058823529411765163e-01 1.293093573128251128e-01 -5.147003308684745815e-02 -2.793207834251535626e+00
3.103466230675908655e-01 5.294117647058823595e-01 1.551707080857889220e-01 1.470699264983452159e-02 1.301724003151261133e-06 -1.911764705882353366e-01 -7.834104687579732662e+00
4.482772984540727701e-01 4.117647058823529216e-01 8.620797384055428614e-02 -1.764705882352941291e-01 1.428453213435873503e-01 7.720499015189809244e-02 4.205903621334901921e+00
4.827625707486994378e-01 1.764705882352941013e-01 4.408613507729636227e-01 1.691169729536307065e-01 1.687053703925480153e-01 2.405465073896204120e-01 7.363037896288489037e-01
1.330000000000000071e+00 7.499986517896143345e-01 4.236187146256503167e-01 3.046224265439466672e-01 -2.254310528874255426e-01 -7.562928909342206407e-02 2.578877519347437808e-01
1.330000000000000071e+00 7.857154413231874912e-01 -1.000075500188746247e-02 1.785839476678657833e-02 -2.268097348137688984e-01 -1.523112132719733336e-01 6.500081014760318112e+02
1.309998489996225146e+00 7.857154413231874912e-01 -3.000075500188748023e-02 0.000000000000000000e+00 -1.499962249905628653e-02 -8.929197383393289167e-03 9.920831069963496063e+00
1.269998489996225111e+00 7.857154413231874912e-01 -4.000000000000003553e-02 0.000000000000000000e+00 -2.499962249905629541e-02 -5.357113966920307169e-02 3.348196229325186124e+01
1.229998489996225075e+00 7.857154413231874912e-01 -8.000000000000007105e-02 -1.071422793384061434e-01 -2.000000000000001776e-02 -8.035738360899737087e-02 1.792645636006207965e+00
1.109998489996224968e+00 5.714308826463752045e-01 -8.000000000000007105e-02 -1.607147672179947417e-01 2.500037750094380451e-02 -2.678624393979436857e-02 1.064790472273501321e+00
1.069998489996224933e+00 4.642859068871980077e-01 -2.999924499811246204e-02 -1.607147672179948805e-01 4.500037750094382227e-02 -8.326672684688674053e-17 1.654981778666464454e+00
1.050000000000000044e+00 2.500013482103854434e-01 1.000075500188757349e-02 -1.607147672179949083e-01 3.499962249905619327e-02 4.464329049619539247e-02 1.454137607248975117e+00
1.090000000000000080e+00 1.428563724512081912e-01 3.999999999999992450e-02 -7.142818622560409558e-02 1.999924499811245315e-02 7.142953443598971941e-02 7.811161530044360646e+00
1.129999999999999893e+00 1.071449757591772661e-01 4.999924499811247980e-02 -1.785569834601546252e-02 4.999622499056333158e-03 5.357113966920305781e-02 1.849472683810833828e+01
1.189998489996225040e+00 1.071449757591772661e-01 4.999924499811259082e-02 3.571409311280201310e-02 -9.999244998112499783e-03 2.678489572940873781e-02 7.312476024113356843e+00
1.229998489996225075e+00 1.785731619847812923e-01 3.000075500188748023e-02 3.571409311280201310e-02 -1.499962249905628653e-02 -1.785704655640100655e-02 -2.657275182704175206e-04
1.250000000000000000e+00 1.785731619847812923e-01 2.000000000000001776e-02 0.000000000000000000e+00 -5.000377500943731235e-03 -1.785704655640100655e-02 -4.464261639100243428e+01
1.269998489996225111e+00 1.785731619847812923e-01 2.000000000000001776e-02 0.000000000000000000e+00 5.000377500943731235e-03 -1.785704655640100655e-02 -4.464261639100243428e+01
1.290000000000000036e+00 1.785731619847812923e-01 3.000075500188748023e-02 -3.571409311280201310e-02 2.000000000000001776e-02 -3.571409311280204779e-02 -3.519826707245931274e+00
1.330000000000000071e+00 1.071449757591772661e-01 6.000000000000005329e-02 -7.142818622560409558e-02 2.499962249905623990e-02 -8.929197383393309984e-03 1.539772981909308003e+00
1.410000000000000142e+00 3.571678953357308728e-02 7.999999999999996003e-02 -5.357248787958863306e-02 -5.000377500943842257e-03 2.678489572940877597e-02 2.100679446900556080e+00
1.489999999999999991e+00 0.000000000000000000e+00 4.999924499811236878e-02 -1.785839476678654364e-02 -2.500037750094374900e-02 5.357248787958863306e-02 1.491453847657803244e+01
1.509998489996224880e+00 0.000000000000000000e+00 2.999924499811246204e-02 5.357248787958863306e-02 -1.499962249905617551e-02 7.142953443598963614e-02 1.272873984030067440e+01
1.549998489996224915e+00 1.071449757591772661e-01 2.000000000000001776e-02 1.250006741051927217e-01 -1.999924499811245315e-02 5.356979145881760052e-02 1.760452217637155758e+00
1.549998489996224915e+00 2.500013482103854434e-01 -9.999244998112444271e-03 1.607120707972238272e-01 -2.499962249905623990e-02 8.927849173007817996e-03 9.409378370801719793e-01
1.530000000000000027e+00 4.285691173536249066e-01 -2.999924499811246204e-02 1.428563724512083577e-01 -2.000075500188758237e-02 -1.785569834601558048e-02 1.090835406187665058e+00
1.489999999999999991e+00 5.357140931128021588e-01 -5.000075500188760902e-02 1.250006741051926662e-01 -1.500037750094374012e-02 -8.927849173007845751e-03 9.513378070670281961e-01
1.429998489996224809e+00 6.785704655640102390e-01 -5.999999999999994227e-02 1.250006741051926662e-01 7.550018876201214368e-07 -8.929197383393205900e-03 2.009471866597442313e-01
1.370000000000000107e+00 7.857154413231874912e-01 -4.999924499811236878e-02 1.071422793384062544e-01 1.499962249905623102e-02 -2.678624393979425755e-02 -1.620246136829394945e-01
1.330000000000000071e+00 8.928550242408227477e-01 -3.000075500188748023e-02 7.142818622560415109e-02 1.999924499811245315e-02 -3.571409311280207555e-02 -7.678809378256008511e-01
1.309998489996225146e+00 9.285718137743957934e-01 -1.000075500188746247e-02 3.571409311280210330e-02 2.000075500188747135e-02 -1.785704655640102390e-02 -1.050135776005259380e+01
1.309998489996225146e+00 9.642832104664269544e-01 1.000075500188746247e-02 3.571409311280210330e-02 3.000075500188748023e-02 -8.927849173007790240e-03 -2.275289775710741225e+01
1.330000000000000071e+00 1.000000000000000000e+00 5.000075500188749800e-02 1.785839476678652282e-02 5.499962249905621103e-02 -1.785704655640105165e-02 -1.252782185238476131e+01
1.410000000000000142e+00 1.000000000000000000e+00 1.199999999999998845e-01 0.000000000000000000e+00 5.999999999999994227e-02 -8.929197383393261411e-03 -6.200831516245333130e-01
1.569999999999999840e+00 1.000000000000000000e+00 1.700007550018873825e-01 0.000000000000000000e+00 1.000000000000011990e-02 0.000000000000000000e+00 0.000000000000000000e+00
1.750001510003774907e+00 1.000000000000000000e+00 1.400000000000001243e-01 0.000000000000000000e+00 -3.000075500188742472e-02 -1.785704655640105165e-02 -9.110738038980112918e-01
1.850000000000000089e+00 1.000000000000000000e+00 1.099992449981125331e-01 -3.571409311280210330e-02 -2.499962249905629541e-02 -4.464329049619536471e-02 -3.751787515896281011e+00
1.969999999999999973e+00 9.285718137743957934e-01 9.000075500188753352e-02 -8.928658099239072943e-02 -3.499962249905630429e-02 -4.464329049619533696e-02 -3.505597047364826135e+00
2.030001510003775156e+00 8.214268380152185411e-01 3.999999999999992450e-02 -1.250006741051927772e-01 -5.000075500188760902e-02 -1.785569834601546946e-02 -3.080603074478837300e+00
2.049999999999999822e+00 6.785704655640102390e-01 -1.000075500188768451e-02 -1.249979776844216683e-01 -3.999999999999992450e-02 1.785839476678660609e-02 -2.626272013105850789e+00
2.009999999999999787e+00 5.714308826463752045e-01 -3.999999999999992450e-02 -8.928388457161956504e-02 -1.999924499811234213e-02 4.464194228580981028e-02 -3.813706262636069599e+00
1.969999999999999973e+00 5.000026964207711089e-01 -4.999924499811236878e-02 -3.571409311280204779e-02 0.000000000000000000e+00 6.249898884221080642e-02 -1.347064421701034220e+01
1.910001510003775049e+00 5.000026964207711089e-01 -3.999999999999992450e-02 3.571409311280204779e-02 2.499962249905618439e-02 5.357113966920309944e-02 -1.968735491143844030e+01
1.890000000000000124e+00 5.714308826463752045e-01 0.000000000000000000e+00 7.142818622560415109e-02 2.999999999999997113e-02 1.785704655640107941e-02 -5.880063420329549650e+00
1.910001510003775049e+00 6.428590688719794111e-01 2.000000000000001776e-02 7.142818622560420661e-02 2.000000000000001776e-02 -5.551115123125782702e-17 -3.500422136174455634e+00
1.930000000000000160e+00 7.142872550975836177e-01 4.000000000000003553e-02 7.142818622560404007e-02 1.500037750094374012e-02 -8.929197383393372434e-03 -2.603818800709774006e+00
1.990001510003775120e+00 7.857154413231874912e-01 5.000075500188749800e-02 5.356979145881746174e-02 4.159053158996517396e-02 -3.859381998881608600e-02 -1.056617783446078462e+01
2.030001510003775156e+00 8.214268380152185411e-01 1.231810631799303835e-01 -5.759453752028131923e-03 2.659015408902143385e-02 -3.052858416140558084e-02 -1.923710525529427340e+00
2.236363636363635887e+00 7.741965338191312274e-01 1.031810631799303657e-01 -7.487376863993699949e-03 -6.159053158996519173e-02 1.900871985207813752e-02 1.354953794910661369e+00
2.236363636363635887e+00 8.064520842872311412e-01 0.000000000000000000e+00 3.225798595212814313e-02 -5.159053158996518285e-02 1.987268140806092154e-02 4.957874235413267883e+01
2.236363636363635887e+00 8.387125057233875136e-01 0.000000000000000000e+00 3.225798595212814313e-02 0.000000000000000000e+00 -5.551115123125782702e-17 -0.000000000000000000e+00
2.236363636363635887e+00 8.709680561914874275e-01 0.000000000000000000e+00 3.225798595212803210e-02 5.681389203473052874e-03 0.000000000000000000e+00 -5.459841619219369058e+00
2.236363636363635887e+00 9.032284776276435778e-01 1.136277840694610575e-02 3.225798595212814313e-02 1.136363636363635354e-02 -8.065105359038982069e-03 -1.145402708180392004e+01
2.259089193177528099e+00 9.354840280957437137e-01 2.272727272727270709e-02 1.612777523405006797e-02 1.136449432032671236e-02 0.000000000000000000e+00 -8.468372027996307949e+00
2.281818181818181301e+00 9.354840280957437137e-01 3.409176704759953047e-02 3.225798595212814313e-02 5.681389203473052874e-03 8.065105359039037580e-03 8.867902665469880041e-01
2.327272727272727160e+00 1.000000000000000000e+00 3.409005113421881283e-02 3.225798595212814313e-02 -5.682247160163411692e-03 -1.612899297606407156e-02 -3.545569674393666215e+00
2.349998284086618927e+00 1.000000000000000000e+00 2.272727272727270709e-02 0.000000000000000000e+00 -5.681389203473052874e-03 -1.612899297606407156e-02 -3.122573040166010472e+01
2.372727272727272574e+00 1.000000000000000000e+00 2.272727272727270709e-02 0.000000000000000000e+00 0.000000000000000000e+00 -1.612899297606407156e-02 -3.122573040166010472e+01
2.395452829541164341e+00 1.000000000000000000e+00 2.272727272727270709e-02 -3.225798595212814313e-02 0.000000000000000000e+00 -2.419288059308910555e-02 -8.948647360030001607e+00
2.418181818181817988e+00 9.354840280957437137e-01 2.272727272727270709e-02 -4.838576118617821109e-02 -5.682247160163411692e-03 0.000000000000000000e+00 -1.799742121626275670e+00
2.440907374995709755e+00 9.032284776276435778e-01 1.136277840694588370e-02 -3.225798595212814313e-02 -1.136363636363635354e-02 -1.217742014003597717e-06 -9.163567562256359267e+00
2.440907374995709755e+00 8.709680561914874275e-01 0.000000000000000000e+00 -4.838819667020621829e-02 -5.681389203472941851e-03 -1.612899297606404381e-02 -2.426474140834619320e+00
2.440907374995709755e+00 8.064520842872311412e-01 0.000000000000000000e+00 -6.451597190425623074e-02 -5.681389203472941851e-03 1.217742014059108868e-06 -1.364960404804808292e+00
2.440907374995709755e+00 7.419361123829749660e-01 -1.136277840694588370e-02 -4.838576118617810007e-02 -1.136363636363635354e-02 8.065105359039037580e-03 -5.224685193067479361e+00
2.418181818181817988e+00 7.096805619148749411e-01 -2.272727272727270709e-02 -4.838576118617815558e-02 -1.136449432032682338e-02 -1.217742014086864444e-06 -3.599303077877706425e+00
2.395452829541164341e+00 6.451645900106186549e-01 -3.409176704759953047e-02 -4.838819667020627380e-02 -5.681389203472941851e-03 -1.217742014059108868e-06 -1.325391902294785762e+00
2.349998284086618927e+00 6.129041685744623935e-01 -3.409005113421859079e-02 -4.838819667020627380e-02 8.579566903588187188e-07 1.217742014086864444e-06 1.007600041857057085e-08
2.327272727272727160e+00 5.483881966702061073e-01 -3.409005113421881283e-02 -4.838576118617810007e-02 -5.682247160163522715e-03 8.065105359039093091e-03 -2.651851464942203140e+00
2.281818181818181301e+00 5.161326462021061934e-01 -4.545454545454563622e-02 -3.225798595212808761e-02 -8.579566902477964163e-07 8.063887617024978471e-03 -2.116932412442877443e+00
2.236363636363635887e+00 4.838722247659499320e-01 -3.409176704759930843e-02 -3.225798595212814313e-02 5.681389203473163896e-03 -8.065105359039065336e-03 4.432077482072264374e+00
2.213634647722982685e+00 4.516166742978499071e-01 -3.409176704759930843e-02 -4.838819667020621829e-02 8.579566902477964163e-07 -8.065105359039037580e-03 1.325992442350195200e+00
2.168180102268437270e+00 3.870958314255374955e-01 -3.409005113421881283e-02 -4.838819667020621829e-02 5.682247160163300670e-03 1.217742014045231080e-06 1.325658491231840985e+00
2.145454545454545059e+00 3.548402809574374706e-01 -2.272727272727270709e-02 -4.838576118617812782e-02 5.681389203473052874e-03 -8.063887617025020105e-03 2.999147492621161870e+00
2.122725556813891856e+00 2.903243090531812398e-01 -2.272727272727270709e-02 -6.451597190425625850e-02 5.682247160163300670e-03 -1.613021071807811679e-02 2.290921091842436752e+00
2.099999999999999645e+00 2.258083371489249536e-01 -1.136277840694610575e-02 -8.064618262233436141e-02 1.136363636363635354e-02 -8.065105359039051458e-03 1.866105278286210867e+00
2.099999999999999645e+00 1.290319438085125170e-01 0.000000000000000000e+00 -8.064618262233436141e-02 1.136277840694610575e-02 8.065105359039051458e-03 1.747096555303954135e+00
2.099999999999999645e+00 6.451597190425624462e-02 1.136277840694610575e-02 -6.451597190425625850e-02 1.704502556710940642e-02 2.419409833510311955e-02 4.889570202869263582e+00
2.122725556813891856e+00 0.000000000000000000e+00 3.409005113421881283e-02 -3.225798595212812231e-02 1.136449432032660134e-02 3.225798595212812925e-02 1.418334954314230067e+01
2.168180102268437270e+00 0.000000000000000000e+00 3.409176704759930843e-02 0.000000000000000000e+00 8.579566902477964163e-07 1.612899297606406115e-02 1.387740389420618747e+01
2.190909090909090473e+00 0.000000000000000000e+00 3.409176704759930843e-02 0.000000000000000000e+00 -8.579566902477964163e-07 0.000000000000000000e+00 0.000000000000000000e+00
2.236363636363635887e+00 0.000000000000000000e+00 3.409005113421881283e-02 0.000000000000000000e+00 -8.579566902477964163e-07 1.612899297606406115e-02 1.387880096000880137e+01
2.259089193177528099e+00 0.000000000000000000e+00 3.409005113421881283e-02 3.225798595212812231e-02 8.579566903588187188e-07 2.419409833510311608e-02 7.977866401572592636e+00
2.304543738632073513e+00 6.451597190425624462e-02 3.409176704759953047e-02 4.838819667020623216e-02 -1.136277840694599472e-02 6.938893903907228378e-18 2.651184164626546824e+00
2.327272727272727160e+00 9.677639334041246433e-02 1.136449432032682338e-02 3.225798595212813619e-02 -1.136449432032682338e-02 -8.065105359039051458e-03 6.872418458950066977e+00
2.327272727272727160e+00 1.290319438085125170e-01 1.136277840694588370e-02 3.225798595212812925e-02 -8.579566904698410212e-07 -3.469446951953614189e-18 6.918249661907514923e-04
2.349998284086618927e+00 1.612923652446687228e-01 1.136277840694588370e-02 3.225798595212812925e-02 8.579566904698410212e-07 -6.938893903907228378e-18 -6.918249661937078947e-04
2.349998284086618927e+00 1.935479157127687755e-01 1.136449432032682338e-02 3.225798595212811537e-02 5.682247160163411692e-03 -1.612899297606406462e-02 -9.163455226133157439e+00
2.372727272727272574e+00 2.258083371489249536e-01 2.272727272727270709e-02 0.000000000000000000e+00 5.681389203472941851e-03 -3.225798595212811537e-02 -6.245146080332015259e+01
2.395452829541164341e+00 1.935479157127687755e-01 2.272727272727270709e-02 -3.225798595212811537e-02 0.000000000000000000e+00 -1.612899297606406462e-02 -5.965915049257432656e+00
2.418181818181817988e+00 1.612923652446687228e-01 2.272727272727270709e-02 -3.225798595212812925e-02 0.000000000000000000e+00 -6.938893903907228378e-18 -2.566611048064500499e-15
2.440907374995709755e+00 1.290319438085125170e-01 2.272727272727270709e-02 -3.225798595212812925e-02 0.000000000000000000e+00 8.065105359039051458e-03 2.983182738484856156e+00
2.463636363636363402e+00 9.677639334041246433e-02 2.272727272727270709e-02 -1.612777523405002633e-02 5.681389203473052874e-03 8.063887617025009696e-03 1.270127941115830517e+01
2.486361920450255170e+00 9.677639334041246433e-02 3.409005113421881283e-02 -1.613021071807810985e-02 5.682247160163411692e-03 -1.217742014041761633e-06 1.707928162788908244e+00
2.531816465904801028e+00 6.451597190425624462e-02 3.409176704759953047e-02 -1.613021071807810985e-02 8.579566902477964163e-07 8.065105359039054927e-03 5.125473796094946799e+00
2.554545454545454231e+00 6.451597190425624462e-02 3.409176704759930843e-02 0.000000000000000000e+00 0.000000000000000000e+00 8.065105359039054927e-03 6.939225820409783196e+00
2.599999999999999645e+00 6.451597190425624462e-02 3.409176704759953047e-02 0.000000000000000000e+00 -5.682247160163300670e-03 1.612899297606406809e-02 1.387740389420601517e+01
2.622728988640653291e+00 6.451597190425624462e-02 2.272727272727270709e-02 3.225798595212813619e-02 -5.682247160163522715e-03 3.225798595212812925e-02 1.491501283699979830e+01
2.645454545454545059e+00 1.290319438085125170e-01 2.272727272727248504e-02 6.451597190425625850e-02 -5.681389203473052874e-03 8.065105359039041050e-03 1.718017866964899332e+00
2.668183534095198262e+00 1.935479157127687755e-01 1.136449432032660134e-02 4.838819667020621829e-02 -1.136363636363624252e-02 -8.063887617025013166e-03 3.731488800629001901e+00
2.668183534095198262e+00 2.258083371489249536e-01 0.000000000000000000e+00 4.838819667020623216e-02 -1.136449432032660134e-02 8.063887617025020105e-03 4.853681134022262533e+00
2.668183534095198262e+00 2.903243090531812398e-01 -1.136449432032660134e-02 6.451597190425625850e-02 -5.682247160163300670e-03 8.063887617025013166e-03 9.780286916507457962e-01
2.645454545454545059e+00 3.548402809574374706e-01 -1.136449432032660134e-02 6.451597190425625850e-02 5.682247160163300670e-03 -8.063887617025020105e-03 -9.780286916507453521e-01
2.645454545454545059e+00 4.193562528616937568e-01 0.000000000000000000e+00 4.838819667020621829e-02 5.682247160163300670e-03 -8.063887617025020105e-03 -2.426840567011132599e+00
2.645454545454545059e+00 4.516166742978499071e-01 0.000000000000000000e+00 4.838819667020621829e-02 0.000000000000000000e+00 -1.217742014059108868e-06 -0.000000000000000000e+00
2.645454545454545059e+00 5.161326462021061934e-01 0.000000000000000000e+00 4.838576118617810007e-02 5.682247160163300670e-03 -1.613021071807813067e-02 -2.427084881869360444e+00
2.645454545454545059e+00 5.483881966702061073e-01 1.136449432032660134e-02 1.612777523404995694e-02 1.136363636363635354e-02 -1.612777523404995694e-02 -4.772915645886259028e+01
2.668183534095198262e+00 5.483881966702061073e-01 2.272727272727270709e-02 1.613021071807818618e-02 1.136277840694610575e-02 8.065105359039093091e-03 6.393149506772054539e-04
2.690909090909090473e+00 5.806486181063624796e-01 3.409005113421881283e-02 3.225798595212814313e-02 2.272727272727270709e-02 8.063887617024950716e-03 -4.432564438570821608e+00
2.736363636363635887e+00 6.129041685744623935e-01 6.818181818181812126e-02 3.225798595212808761e-02 1.704588352379976524e-02 -8.063887617025006227e-03 -2.562549710202393083e+00
2.827272727272726716e+00 6.451645900106186549e-01 6.818181818181834331e-02 1.613021071807813067e-02 1.110223024625156540e-16 -8.065105359039037580e-03 -1.598808700456738841e+00
2.872727272727272574e+00 6.451645900106186549e-01 6.818181818181834331e-02 1.612777523405001245e-02 -1.110223024625156540e-16 -1.217742014059108868e-06 -2.414082866871408001e-04
2.963636363636363402e+00 6.774201404787186798e-01 6.818181818181812126e-02 1.612777523405001245e-02 -1.136363636363657559e-02 -1.612777523405001245e-02 -2.664342790769954838e+00
3.009090909090908816e+00 6.774201404787186798e-01 4.545454545454519213e-02 -1.612777523405001245e-02 -1.704502556710940642e-02 -1.612777523405001245e-02 -8.984110533256172815e+00
3.054545454545453786e+00 6.451645900106186549e-01 3.409176704759930843e-02 -1.612777523405001245e-02 -1.136363636363613150e-02 -8.065105359039037580e-03 -8.542132201442237616e+00
3.077274443186107433e+00 6.451645900106186549e-01 2.272727272727292913e-02 -3.225798595212808761e-02 -1.136449432032660134e-02 -1.613021071807813067e-02 -1.193273095393935179e+01
3.099999999999999645e+00 5.806486181063624796e-01 1.136277840694610575e-02 -4.838819667020627380e-02 -1.704502556710951744e-02 8.063887617024950716e-03 -5.970455818241659607e+00
3.099999999999999645e+00 5.483881966702061073e-01 -1.136277840694610575e-02 -1.613021071807818618e-02 -1.704502556710951744e-02 2.419409833510313690e-02 -7.158552285061084319e+01
3.077274443186107433e+00 5.483881966702061073e-01 -2.272727272727292913e-02 0.000000000000000000e+00 -1.136449432032660134e-02 8.065105359039093091e-03 -1.561404397509940978e+01
3.054545454545453786e+00 5.483881966702061073e-01 -3.409176704759930843e-02 0.000000000000000000e+00 -1.136363636363613150e-02 0.000000000000000000e+00 0.000000000000000000e+00
3.009090909090908816e+00 5.483881966702061073e-01 -4.545454545454519213e-02 0.000000000000000000e+00 5.682247160163300670e-03 8.065105359039093091e-03 -3.903510993774966131e+00
2.963636363636363402e+00 5.483881966702061073e-01 -2.272727272727270709e-02 1.613021071807818618e-02 1.704588352379954319e-02 1.612899297606407156e-02 -2.963608395350757974e+01
2.963636363636363402e+00 5.806486181063624796e-01 -1.136277840694610575e-02 3.225798595212814313e-02 5.682247160163300670e-03 8.063887617024950716e-03 -6.872416269975482273e+00
2.940910806822471191e+00 6.129041685744623935e-01 -1.136277840694610575e-02 3.225798595212808761e-02 1.136277840694610575e-02 0.000000000000000000e+00 -9.162529850923734287e+00
2.940910806822471191e+00 6.451645900106186549e-01 1.136277840694610575e-02 3.225798595212814313e-02 1.704502556710940642e-02 2.775557561562891351e-17 -1.374448660135156786e+01
2.963636363636363402e+00 6.774201404787186798e-01 2.272727272727270709e-02 3.225798595212814313e-02 5.683105116853548466e-03 1.217742014059108868e-06 -2.983182738484774443e+00
2.986365352277016605e+00 7.096805619148749411e-01 2.272898864065320268e-02 3.226042143615626134e-02 1.715913380495592833e-06 2.435484028118217736e-06 1.116850314781174814e-13
