5.454660264277041287e-02 6.428536760304374154e-01 -3.636348661181258712e-02 0.000000000000000000e+00 9.090185290427380688e-03 1.785839476678652282e-02 -1.350552227836583619e+01
1.818311603095782228e-02 6.428536760304374154e-01 -2.727330132138520644e-02 1.785839476678652282e-02 1.363596429816683886e-02 2.678624393979431306e-02 -2.811501963495472012e+01
0.000000000000000000e+00 6.785704655640104610e-01 -9.091558015478911139e-03 5.357248787958862613e-02 2.727330132138520644e-02 4.464194228580981028e-02 -1.163627312715766493e+01
0.000000000000000000e+00 7.499986517896146676e-01 2.727330132138520644e-02 1.071422793384061434e-01 2.727330132138516827e-02 -8.929197383393261411e-03 -2.342504649333149835e+00
5.454660264277041287e-02 8.928550242408227477e-01 4.545504462729142714e-02 3.571409311280210330e-02 -4.545779007739492866e-03 -1.339285232782004564e-01 -3.067419670064526116e+01
9.091008925458285428e-02 8.214268380152188742e-01 1.818174330590622070e-02 -1.607147672179947695e-01 -2.272752231364571357e-02 -1.160714767217995436e-01 -1.362068554875414117e+00
9.091008925458285428e-02 5.714254898048332088e-01 0.000000000000000000e+00 -1.964288603307969838e-01 -9.090871652953110352e-03 -8.927849173007790240e-03 -2.356106582088997037e-01
9.091008925458285428e-02 4.285691173536249066e-01 0.000000000000000000e+00 -1.785704655640103500e-01 4.545779007739454702e-03 1.348210385568315850e-06 1.425571672549907354e-01
9.091008925458285428e-02 2.142845586768125365e-01 9.091558015478909405e-03 -1.964261639100258472e-01 1.363665066069256332e-02 3.571409311280204085e-02 3.950075811020729577e-01
1.090932052855406731e-01 3.571678953357323300e-02 2.727330132138512664e-02 -1.071422793384062683e-01 2.272683595111995442e-02 9.821308195501292360e-02 3.783937835482535483e+00
1.454566918973531076e-01 0.000000000000000000e+00 5.454522991771881824e-02 0.000000000000000000e+00 1.363596429816688743e-02 7.142818622560417885e-02 2.400800477486959039e+01
2.181836651209783096e-01 3.571678953357323300e-02 5.454522991771890150e-02 3.571409311280208942e-02 -9.090871652953108617e-03 2.678489572940877944e-02 6.443346755900315692e+00
2.545471517327909106e-01 7.142818622560417885e-02 3.636348661181260100e-02 5.356979145881755888e-02 -1.818174330590630050e-02 8.929197383393268350e-03 4.784860019474539428e+00
2.909106383446035116e-01 1.428563724512083577e-01 1.818174330590630050e-02 5.357248787958862613e-02 -1.363665066069257026e-02 -3.571274490241654886e-02 4.486094603348539378e-01
2.909106383446035116e-01 1.785731619847814311e-01 9.090185290427460485e-03 -1.785569834601554579e-02 0.000000000000000000e+00 -5.357248787958862613e-02 -6.054179562242291723e+01
3.090910089254584325e-01 1.071449757591772661e-01 1.818174330590630050e-02 -5.357248787958862613e-02 9.091558015478840016e-03 -8.929197383393237125e-03 1.793287121663484696e+00
3.272741249564161126e-01 7.142818622560417885e-02 2.727330132138514052e-02 -3.571409311280202004e-02 2.272683595111998911e-02 8.929197383393268350e-03 1.162847603630338789e+01
3.636376115682287136e-01 3.571678953357323300e-02 6.363541520814627872e-02 -3.571409311280208942e-02 2.272683595111997523e-02 2.678489572940874475e-02 6.475291593669879830e+00
4.545449553727086700e-01 0.000000000000000000e+00 7.272697322362509098e-02 1.785569834601547293e-02 -1.363596429816683886e-02 6.250033705259640249e-02 1.140309927306209836e+01
5.090915580154788955e-01 7.142818622560417885e-02 3.636348661181260100e-02 8.928658099239071555e-02 -3.636348661181254549e-02 8.035738360899744026e-02 6.884495547865206788e+00
5.272719285963338720e-01 1.785731619847814311e-01 0.000000000000000000e+00 1.785704655640103500e-01 -4.090857925702633124e-02 7.142683801521862441e-02 1.282906882490096212e+00
5.090915580154788955e-01 4.285691173536249066e-01 -4.545367190224006149e-02 2.321402570228279783e-01 -2.727261495885940912e-02 -1.785569834601549721e-02 5.396363578455523058e-01
4.363645847918537490e-01 6.428536760304374154e-01 -5.454522991771881824e-02 1.428590688719793556e-01 4.545092645213771876e-03 -8.035468718822638690e-02 1.044140983655208466e+00
4.000010981800412591e-01 7.142872550975836177e-01 -3.636348661181251773e-02 7.143088264637520446e-02 2.272683595111996135e-02 -4.464463870658086364e-02 7.140337170177068853e-05
3.636376115682287136e-01 7.857154413231878243e-01 -9.091558015478895527e-03 5.356979145881762827e-02 5.454522991771880436e-02 -8.930545593778871361e-03 -1.770842996512588385e+01
3.818179821490834680e-01 8.214268380152188742e-01 7.272697322362509098e-02 5.356979145881746174e-02 5.454591628024460515e-02 1.348210385498926911e-06 -3.964764523849224620e+00
5.090915580154788955e-01 8.928550242408227477e-01 1.000002745450103148e-01 5.357248787958862613e-02 1.363665066069261189e-02 1.348210385582193638e-06 -5.002627833334679641e-01
5.818185312391040975e-01 9.285718137743961265e-01 1.000002745450103148e-01 5.357248787958862613e-02 9.090871652953108617e-03 -8.929197383393344678e-03 -9.451264243963358735e-01
7.090921071054995251e-01 1.000000000000000000e+00 1.181820178509165320e-01 3.571409311280193677e-02 -4.545779007739447763e-03 -5.357248787958862613e-02 -3.278143785733340199e+00
8.181825669409371615e-01 1.000000000000000000e+00 9.090871652953141924e-02 -5.357248787958862613e-02 -2.272752231364566500e-02 -1.071436275487916145e-01 -9.326638404135673355e+00
8.909095401645623635e-01 8.928550242408227477e-01 7.272697322362520200e-02 -1.785731619847812923e-01 -2.272752231364569275e-02 -6.249898884221083417e-02 -1.200253398128917182e+00
9.636365133881875655e-01 6.428536760304374154e-01 4.545367190224003373e-02 -1.785704655640102945e-01 -2.727261495885949238e-02 1.785839476678646731e-02 -6.486704352093665138e-01
9.818168839690424310e-01 5.357140931128021588e-01 1.818174330590621723e-02 -1.428563724512083577e-01 -3.181770760407318099e-02 1.785704655640101002e-02 -1.413243036550219323e+00
1.000000000000000000e+00 3.571409311280207000e-01 -1.818174330590632826e-02 -1.428563724512082744e-01 -3.181839396659877361e-02 3.571409311280213800e-02 -1.739412664384955898e+00
9.454533973572297745e-01 2.500013482103856099e-01 -4.545504462729132999e-02 -7.142818622560408170e-02 -9.090871652953053106e-03 1.071422793384061850e-01 -9.094723874642239636e+00
9.090899107454173400e-01 2.142845586768125365e-01 -3.636348661181243447e-02 7.142818622560409558e-02 2.727330132138511276e-02 1.160714767217994603e-01 -1.198026244615800273e+01
8.727264241336049055e-01 3.928577206615938011e-01 9.091558015478895527e-03 1.607147672179948250e-01 1.458331210693935287e-01 7.195382966297596272e-02 -5.462219327884924702e+00
9.272730267763751311e-01 5.357140931128021588e-01 2.553027555269746229e-01 2.153358455515560210e-01 1.025250570833151076e-01 -8.403553946021491416e-03 -6.501673450869288606e-01
1.383331935187554151e+00 8.235294117647058432e-01 2.141416721821091107e-01 1.439076593259518422e-01 -1.415402083963020752e-01 -1.076679227757780105e-01 -1.564818870452208133e-01
1.355556371140593352e+00 8.235294117647058432e-01 -2.777766126562952742e-02 0.000000000000000000e+00 -1.279046063449438830e-01 -7.195382966297592109e-02 9.325294552884919597e+01
1.327776612656295097e+00 8.235294117647058432e-01 -4.166754050777865537e-02 0.000000000000000000e+00 -1.388883063281470820e-02 -1.470588235294117974e-02 8.470232952955079497e+00
1.272221290125036042e+00 8.235294117647058432e-01 -5.555532253125894382e-02 -2.941176470588235947e-02 1.048609334364236645e-06 -2.941176470588235947e-02 6.578409665218186930e+00
1.216665967593777209e+00 7.647058823529411242e-01 -4.166544328910992689e-02 -5.882352941176471894e-02 6.944939621074452951e-03 -1.470588235294117974e-02 2.726480778120312642e+00
1.188890403546816188e+00 7.058823529411764053e-01 -4.166544328911003792e-02 -5.882352941176471894e-02 -1.048609334308725494e-06 -2.775557561562891351e-17 -1.646773640618294390e-04
1.133335081015557133e+00 6.470588235294116863e-01 -4.166754050777854435e-02 -5.882352941176477445e-02 6.943891011740255248e-03 -7.352386028023877307e-03 1.908287941861816162e+00
1.105555322531259099e+00 5.882352941176468564e-01 -2.777766126562952742e-02 -7.352830146781247356e-02 6.944939621074508462e-03 -2.205937867785835726e-02 2.313473221411246339e+00
1.077779758484298078e+00 5.000022205937867392e-01 -2.777766126562952742e-02 -1.029422867674814890e-01 6.943891011740255248e-03 -7.354606621810658162e-03 7.582323954499642360e-01
1.050000000000000044e+00 3.823507205826838784e-01 -1.388987924214901692e-02 -8.823751471143378988e-02 1.388883063281476371e-02 1.470699264983447302e-02 1.432918220095794615e+00
1.050000000000000044e+00 3.235271911709191595e-01 0.000000000000000000e+00 -7.352830146781254295e-02 1.388987924214901692e-02 1.110296893348794445e-06 2.569149652555562824e+00
1.050000000000000044e+00 2.352941176470587925e-01 1.388987924214901692e-02 -8.823529411764709229e-02 6.944939621074508462e-03 7.352386028023936287e-03 1.003181571033448405e+00
1.077779758484298078e+00 1.470566029356249749e-01 1.388987924214901692e-02 -5.882352941176467037e-02 6.943891011740255248e-03 2.205937867785848217e-02 3.237620858147100655e+00
1.077779758484298078e+00 1.176470588235294518e-01 2.777766126562952742e-02 -4.411653676193012796e-02 2.083272164455501896e-02 1.470588235294115372e-02 9.369418203018085478e+00
1.133335081015557133e+00 5.882352941176472588e-02 5.555532253125905484e-02 -2.941176470588236294e-02 6.943891011740255248e-03 2.205826838096506398e-02 5.755813564123990922e+00
1.188890403546816188e+00 5.882352941176472588e-02 4.166544328911003792e-02 0.000000000000000000e+00 -1.388883063281476371e-02 1.470588235294118147e-02 8.471085668123595980e+00
1.216665967593777209e+00 5.882352941176472588e-02 2.777766126562952742e-02 0.000000000000000000e+00 -1.388778202348051050e-02 7.352386028023882511e-03 9.528772227827325025e+00
1.244445726078075243e+00 5.882352941176472588e-02 1.388987924214901692e-02 1.470477205604776502e-02 -6.944939621074563973e-03 1.470588235294118147e-02 3.701959112152430720e+01
1.244445726078075243e+00 8.823307352386025593e-02 1.388778202348039947e-02 2.941176470588236294e-02 6.943891011740255248e-03 1.110296893416448660e-06 -5.934859929164504777e+00
1.272221290125036042e+00 1.176470588235294518e-01 2.777766126562952742e-02 1.470699264983459792e-02 1.048609334364236645e-06 -2.205937867785848217e-02 -1.973487125025392075e+01
1.300001048609334298e+00 1.176470588235294518e-01 1.388987924214912795e-02 -1.470699264983459792e-02 -6.944939621074563973e-03 -2.205937867785848217e-02 -4.935074363530513608e+01
1.300001048609334298e+00 8.823307352386025593e-02 1.388778202348039947e-02 -2.941176470588236294e-02 1.388778202348039947e-02 -7.352386028023853021e-03 8.903186127502255687e+00
1.327776612656295097e+00 5.882352941176472588e-02 4.166544328910992689e-02 -2.941176470588230396e-02 1.388987924214912795e-02 0.000000000000000000e+00 3.079595880322041790e+00
1.383331935187554151e+00 2.940954411209564454e-02 4.166754050777865537e-02 -2.941176470588236294e-02 -6.943891011740144226e-03 7.353496324917240846e-03 7.701119721008427010e-01
1.411111693671852407e+00 0.000000000000000000e+00 2.777766126562963844e-02 -1.470477205604782227e-02 -1.048609334308725494e-06 1.470588235294118147e-02 1.315672672919872710e+01
1.438887257718813428e+00 0.000000000000000000e+00 4.166544328911003792e-02 0.000000000000000000e+00 6.944939621074452951e-03 7.352386028023911134e-03 4.235223049778373827e+00
1.494442580250072483e+00 0.000000000000000000e+00 4.166754050777854435e-02 0.000000000000000000e+00 -6.943891011740255248e-03 7.352386028023911134e-03 4.234796724384216837e+00
1.522222338734370517e+00 0.000000000000000000e+00 2.777766126562952742e-02 1.470477205604782227e-02 -6.944939621074508462e-03 1.470588235294118147e-02 1.644652920390394257e+01
1.549997902781331538e+00 2.940954411209564454e-02 2.777766126562952742e-02 2.941176470588236294e-02 1.048609334308725494e-06 7.353496324917240846e-03 3.084537892430343042e+00
1.577777661265629572e+00 5.882352941176472588e-02 2.777975848429814487e-02 2.941176470588230396e-02 -6.943891011740199737e-03 7.352386028023882511e-03 6.168649920549997390e+00
1.605557419749927828e+00 8.823307352386025593e-02 1.388987924214912795e-02 4.411653676193012796e-02 -1.388987924214907244e-02 3.676526103079966884e-02 1.135462834772226692e+01
1.605557419749927828e+00 1.470566029356249749e-01 0.000000000000000000e+00 1.029422867674816416e-01 -1.388987924214912795e-02 3.676526103079966190e-02 1.310722778995613513e+00
1.605557419749927828e+00 2.941176470588235392e-01 -1.388987924214912795e-02 1.176470588235294518e-01 -1.388987924214907244e-02 -1.470588235294118667e-02 1.105785870811256899e+00
1.577777661265629572e+00 3.823507205826838784e-01 -2.777975848429814487e-02 7.353052206159926829e-02 -6.943891011740199737e-03 -2.205826838096507786e-02 2.313129106007875802e+00
1.549997902781331538e+00 4.411786911820220758e-01 -2.777766126562952742e-02 7.353052206159929605e-02 -6.942842402405946522e-03 1.470477205604776849e-02 2.101316398541912267e-01
1.522222338734370517e+00 5.294117647058824705e-01 -4.166544328911003792e-02 1.029400661736948053e-01 -1.388883063281476371e-02 -9.714451465470119729e-17 1.043913826360764796e+00
1.466667016203111462e+00 6.470588235294116863e-01 -5.555532253125905484e-02 7.353052206159910176e-02 -1.048609334308725494e-06 -3.676415073390622290e-02 2.609545243062656894e+00
1.411111693671852407e+00 6.764728088290806740e-01 -4.166754050777865537e-02 2.941176470588235947e-02 1.388883063281476371e-02 -2.205937867785837114e-02 3.849165028431136282e+00
1.383331935187554151e+00 7.058823529411764053e-01 -2.777766126562952742e-02 2.941176470588235947e-02 1.048609334364236645e-06 7.353496324917274674e-03 -3.085469495538946560e+00
1.355556371140593352e+00 7.352963382408453930e-01 -4.166544328910992689e-02 4.411875735571690882e-02 -6.944939621074563973e-03 7.352386028023932818e-03 2.760293604326982913e-04
1.300001048609334298e+00 7.941198676526102229e-01 -4.166754050777865537e-02 4.411653676193022511e-02 6.943891011740199737e-03 -1.470699264983454935e-02 1.371429200908487633e+00
1.272221290125036042e+00 8.235294117647058432e-01 -2.777766126562952742e-02 1.470477205604781012e-02 6.944939621074619485e-03 -1.470477205604783788e-02 9.866924179493823388e+00
1.244445726078075243e+00 8.235294117647058432e-01 -2.777766126562941640e-02 1.470699264983454935e-02 0.000000000000000000e+00 7.353496324917274674e-03 -6.578455949975835715e+00
1.216665967593777209e+00 8.529433970643749419e-01 -2.777766126562952742e-02 2.941176470588235947e-02 1.388883063281470820e-02 7.352386028023905062e-03 -9.254079478845355311e+00
1.188890403546816188e+00 8.823529411764705621e-01 0.000000000000000000e+00 2.941176470588235947e-02 3.472155227736972716e-02 -7.352386028023905062e-03 -4.013811443263939083e+01
1.216665967593777209e+00 9.117669264761396608e-01 4.166544328910992689e-02 1.470699264983454935e-02 2.083377025388927217e-02 -7.353496324917274674e-03 -7.103777983779196781e+00
1.272221290125036042e+00 9.117669264761396608e-01 4.166754050777854435e-02 1.470477205604781012e-02 6.944939621074563973e-03 7.352386028023905062e-03 2.367369371342575413e+00
1.300001048609334298e+00 9.411764705882352811e-01 5.555532253125905484e-02 2.941176470588235947e-02 2.083272164455501896e-02 1.110296893369611126e-06 -2.466546648790305607e+00
1.383331935187554151e+00 9.705904558879043798e-01 8.333298379688858226e-02 1.470699264983454935e-02 6.944939621074563973e-03 -7.353496324917274674e-03 -1.179860660327910038e+00
1.466667016203111462e+00 9.705904558879043798e-01 6.944520177340818279e-02 1.470477205604781012e-02 2.083377025388921666e-02 -1.110296893369611126e-06 -8.567146565170682404e-01
1.522222338734370517e+00 1.000000000000000000e+00 1.250005243046670156e-01 1.470477205604781012e-02 3.472155227736972716e-02 -1.470477205604781012e-02 -1.177970709717468090e+00
1.716668064812445493e+00 1.000000000000000000e+00 1.388883063281476371e-01 -1.470477205604781012e-02 -2.777870987496366961e-02 -1.470477205604781012e-02 -8.995995232959339560e-01
1.799998951390665791e+00 9.705904558879043798e-01 6.944310455473967636e-02 -1.470477205604781012e-02 -2.083272164455496345e-02 -7.353496324917274674e-03 -2.284310612982292987e+00
1.855554273921924846e+00 9.705904558879043798e-01 9.722286303903771021e-02 -2.941176470588235947e-02 6.944939621074563973e-03 -1.470699264983454935e-02 -1.169485517441777533e+00
1.994444677468741212e+00 9.117669264761396608e-01 8.333298379688880431e-02 -4.411875735571690882e-02 -3.472260088670420242e-02 0.000000000000000000e+00 -1.827344904148784366e+00
2.022220241515702455e+00 8.823529411764705621e-01 2.777766126562930538e-02 -2.941176470588235947e-02 -4.166649189844440215e-02 -7.352386028023905062e-03 -2.159316265167566939e+01
2.049999999999999822e+00 8.529433970643749419e-01 0.000000000000000000e+00 -5.882352941176471894e-02 -2.777766126562930538e-02 -1.470588235294120749e-02 -8.027744105766865701e+00
2.022220241515702455e+00 7.647058823529411242e-01 -2.777766126562930538e-02 -5.882352941176477445e-02 -2.777766126562963844e-02 1.470588235294117974e-02 -7.419388836905388196e+00
1.994444677468741212e+00 7.352963382408453930e-01 -5.555532253125927689e-02 -2.941176470588235947e-02 -1.388883063281487473e-02 1.470588235294120749e-02 -4.933714124826691361e+00
1.911109596453183901e+00 7.058823529411764053e-01 -5.555532253125905484e-02 -2.941176470588235947e-02 1.388883063281487473e-02 1.470588235294117974e-02 -1.644571374942221942e+00
1.883334032406223102e+00 6.764728088290806740e-01 -2.777766126562952742e-02 0.000000000000000000e+00 2.083272164455496345e-02 3.676415073390629229e-02 -4.764673905282683819e+01
1.855554273921924846e+00 7.058823529411764053e-01 -1.388987924214912795e-02 4.411653676193022511e-02 1.388883063281476371e-02 2.205937867785845441e-02 -9.289668734810531348e+00
1.855554273921924846e+00 7.647058823529411242e-01 0.000000000000000000e+00 4.411875735571690882e-02 2.083377025388932768e-02 -7.352386028023932818e-03 -1.070338943838164347e+01
1.855554273921924846e+00 7.941198676526102229e-01 2.777766126562952742e-02 2.941176470588235947e-02 2.777766126562952742e-02 -1.110296893369611126e-06 -1.233954897438429121e+01
1.911109596453183901e+00 8.235294117647058432e-01 5.555532253125905484e-02 4.411653676193016960e-02 6.944939621074563973e-03 7.353496324917274674e-03 2.860853485679396568e-01
1.966664918984442956e+00 8.823529411764705621e-01 4.166754050777865537e-02 4.411875735571690882e-02 5.556108988259644832e-03 -1.176459793704155710e-01 -2.303170856653487064e+01
1.994444677468741212e+00 9.117669264761396608e-01 6.666754050777834451e-02 -1.911754219789009723e-01 5.555060378925280595e-03 -1.180566949804859878e-01 -8.203457425907396683e-01
2.099999999999999645e+00 5.000020972186686175e-01 5.277766126562921656e-02 -1.919946326052550667e-01 -2.440457287049591084e-02 1.233653722550800136e-01 2.312240388158287030e-01
2.099999999999999645e+00 5.277776612656295274e-01 1.785839476678652282e-02 5.555532253125905484e-02 -8.531784076413528872e-03 1.307199171893315970e-01 1.413279483843408713e+01
2.135716789533572690e+00 6.111127422811867271e-01 3.571409311280215881e-02 6.944520177340812728e-02 -1.348210385443415760e-06 6.943891011740255248e-03 5.209681445803506783e-01
2.171428186225603962e+00 6.666680648124457820e-01 1.785569834601563599e-02 6.944310455473956534e-02 -8.927849173007817996e-03 -1.048609334336481069e-06 1.681782453233164221e+00
2.171428186225603962e+00 7.499989513906658578e-01 1.785839476678652282e-02 6.944310455473945431e-02 1.348210385443415760e-06 -1.388778202348048274e-02 -6.730293154922823984e-01
2.207144975759177008e+00 8.055542739219246906e-01 1.785839476678652282e-02 4.166754050777859986e-02 -1.348210385554438062e-06 -2.083272164455496345e-02 -3.992743812524666147e+00
2.207144975759177008e+00 8.333340324062230575e-01 1.785569834601541395e-02 2.777766126562952742e-02 8.927849173007706973e-03 -1.388987924214912795e-02 -1.377512516381143648e+01
2.242856372451207836e+00 8.611095964531837454e-01 3.571409311280193677e-02 1.388778202348034396e-02 8.929197383393372434e-03 -2.083272164455493569e-02 -1.542702179687069730e+01
2.278573161984780882e+00 8.611095964531837454e-01 3.571409311280215881e-02 -1.388778202348034396e-02 1.110223024625156540e-16 -2.083272164455493569e-02 -1.322311400938435710e+01
2.314284558676812154e+00 8.333340324062230575e-01 3.571409311280215881e-02 -2.777766126562952742e-02 8.929197383393261411e-03 -1.388987924214912795e-02 -2.677941789775229342e+00
2.350001348210385199e+00 8.055542739219246906e-01 5.357248787958868164e-02 -4.166754050777859986e-02 8.927849173007706973e-03 -1.388883063281470820e-02 -1.190136446573168083e+00
2.421429534435989517e+00 7.499989513906658578e-01 5.356979145881757276e-02 -5.555532253125894382e-02 -1.785839476678663384e-02 -6.943891011740255248e-03 -2.967598609680578647e+00
2.457140931128020345e+00 6.944436288594068030e-01 1.785569834601541395e-02 -5.555532253125911035e-02 -1.785569834601552497e-02 6.944939621074452951e-03 -4.368055548913194919e+00
2.457140931128020345e+00 6.388883063281476371e-01 1.785839476678652282e-02 -4.166544328911003792e-02 1.348210385554438062e-06 3.472260088670409139e-02 6.657298140091038263e+00
2.492857720661593390e+00 6.111127422811867271e-01 1.785839476678652282e-02 1.388987924214907244e-02 -8.929197383393261411e-03 5.555427392192480163e-02 9.638326317950188127e+01
2.492857720661593390e+00 6.666680648124457820e-01 0.000000000000000000e+00 6.944310455473956534e-02 -1.348210385443415760e-06 3.472155227736978267e-02 2.795756939185754927e-04
2.492857720661593390e+00 7.499989513906658578e-01 1.785569834601563599e-02 8.333298379688863777e-02 1.785704655640107941e-02 6.944939621074452951e-03 -2.203661620852499059e+00
2.528569117353624662e+00 8.333340324062230575e-01 3.571409311280215881e-02 8.333298379688847124e-02 8.929197383393150389e-03 -6.944939621074591729e-03 -1.331280795973756925e+00
2.564285906887197708e+00 9.166649189844428003e-01 3.571409311280193677e-02 6.944310455473945431e-02 8.927849173007595951e-03 -2.083272164455493569e-02 -2.864507659746650781e+00
2.599997303579228536e+00 9.722202415157019662e-01 5.356979145881735072e-02 4.166754050777859986e-02 1.785704655640107941e-02 -2.777661265629521870e-02 -7.140532078863667920e+00
2.671425489804832409e+00 1.000000000000000000e+00 7.142818622560409558e-02 1.388987924214901692e-02 1.785839476678674487e-02 -2.777870987496380839e-02 -5.793636585701171349e+00
2.742853676030436727e+00 1.000000000000000000e+00 8.928658099239084045e-02 -1.388987924214901692e-02 8.929197383393372434e-03 -3.472260088670403588e-02 -4.033958504148851709e+00
2.849998651789614090e+00 9.722202415157019662e-01 8.928658099239084045e-02 -5.555532253125905484e-02 -8.929197383393372434e-03 -3.472155227736981042e-02 -3.092461105107696895e+00
2.921426838015218408e+00 8.888893549374818903e-01 7.142818622560409558e-02 -8.333298379688863777e-02 -8.929197383393483456e-03 -2.083377025388924442e-02 -1.688307827430841845e+00
2.992855024240822281e+00 8.055542739219246906e-01 7.142818622560387354e-02 -9.722286303903754368e-02 -8.927849173007706973e-03 -4.166649189844422174e-02 -2.189348933249148921e+00
3.064283210466426155e+00 6.944436288594068030e-01 5.357248787958868164e-02 -1.666659675937770813e-01 -3.571409311280193677e-02 -3.472155227736983818e-02 -1.456106471764115451e+00
3.099999999999999645e+00 4.722223387343705281e-01 0.000000000000000000e+00 -1.666659675937772200e-01 -5.357248787958868164e-02 2.777766126562948579e-02 -1.928625742630908801e+00
3.064283210466426155e+00 3.611116936718523629e-01 -5.357248787958868164e-02 -1.111106450625181097e-01 -4.464329049619530920e-02 3.472155227736979655e-02 -3.633966379404584668e+00
2.992855024240822281e+00 2.500010486093343087e-01 -8.928658099239061841e-02 -9.722286303903762694e-02 -1.785704655640096838e-02 1.388883063281476371e-02 -1.293975560221972021e+00
2.885710048481644918e+00 1.666659675937771090e-01 -8.928658099239061841e-02 -8.333298379688858226e-02 1.348210385554438062e-06 2.083377025388929993e-02 -1.021006057947864587e+00
2.814281862256041045e+00 8.333508101555715808e-02 -8.928388457161950953e-02 -5.555532253125902709e-02 -3.571274490241660438e-02 3.472155227736976185e-02 -4.372195290392621558e+00
2.707142279338405899e+00 5.555532253125904790e-02 -1.607120707972238272e-01 -1.388987924214905509e-02 -2.678624393979434082e-02 4.166649189844427725e-02 -1.683935981188395825e+00
2.492857720661593390e+00 5.555532253125904790e-02 -1.428563724512081912e-01 2.777766126562952395e-02 5.356979145881768378e-02 2.777870987496382227e-02 -1.770239802634452353e+00
2.421429534435989517e+00 1.111106450625180958e-01 -5.357248787958845959e-02 4.166754050777858598e-02 5.357113966920301618e-02 -8.673617379884035472e-18 -7.140279586982518190e+00
2.385712744902416471e+00 1.388904035468162268e-01 -3.571409311280215881e-02 2.777766126562950660e-02 1.785839476678641180e-02 -6.944939621074536218e-03 -2.677941789775127646e+00
2.350001348210385199e+00 1.666659675937771090e-01 -1.785569834601563599e-02 2.777766126562951354e-02 1.785704655640107941e-02 1.734723475976807094e-17 -1.377564523498157811e+01
2.350001348210385199e+00 1.944457260780752539e-01 0.000000000000000000e+00 2.777766126562954130e-02 2.678489572940889740e-02 6.938893903907228378e-18 -3.471351607203899903e+01
2.350001348210385199e+00 2.222212901250361916e-01 3.571409311280215881e-02 2.777766126562952742e-02 4.464194228580986579e-02 -6.943891011740241370e-03 -1.606603337987729674e+01
2.421429534435989517e+00 2.500010486093343087e-01 8.928388457161973157e-02 1.388987924214905856e-02 2.678489572940867536e-02 -2.777766126562952742e-02 -3.866096207495780313e+00
2.528569117353624662e+00 2.500010486093343087e-01 8.928388457161950953e-02 -2.777766126562952742e-02 -8.927849173007929018e-03 -3.472260088670404976e-02 -4.095437003271343634e+00
2.599997303579228536e+00 1.944457260780752539e-01 7.142818622560387354e-02 -5.555532253125904096e-02 -8.927849173007706973e-03 -1.388883063281476024e-02 -2.008254172484674971e+00
2.671425489804832409e+00 1.388904035468162268e-01 7.142818622560409558e-02 -5.555532253125904790e-02 8.929197383393483456e-03 -6.944939621074536218e-03 1.477864753770613300e-14
2.742853676030436727e+00 8.333508101555715808e-02 8.928658099239084045e-02 -6.944520177340811340e-02 1.785839476678663384e-02 -1.388987924214905509e-02 2.247423201612029330e-15
2.849998651789614090e+00 0.000000000000000000e+00 1.071449757591773633e-01 -8.333508101555715808e-02 1.785839476678652282e-02 -1.388987924214904468e-02 -1.300552853965832423e-15
