9.803759015597435234e-02 8.235301955002086727e-01 -1.960633371626187282e-02 0.000000000000000000e+00 -1.480393666247054041e-06 0.000000000000000000e+00 0.000000000000000000e+00
7.843125643971247951e-02 8.235301955002086727e-01 -1.960781410992811988e-02 0.000000000000000000e+00 -4.903063822731715260e-03 1.470581704164927728e-02 -3.824994337519373033e+01
5.882196193611811258e-02 8.235301955002086727e-01 -2.941246136172530334e-02 2.941163408329855455e-02 -4.901583429065468206e-03 2.205817041649274501e-02 -7.012049553934375901e+00
1.960633371626187629e-02 8.823534636668057818e-01 -2.941098096805905629e-02 4.411634083298549003e-02 9.804647251797183466e-03 0.000000000000000000e+00 -2.901887391345048695e+00
0.000000000000000000e+00 9.117628771661796527e-01 -9.803166858130938147e-03 2.941163408329855455e-02 1.470549048402952814e-02 -7.352353374843467737e-03 -1.209606479136920676e+01
0.000000000000000000e+00 9.411767318334028909e-01 0.000000000000000000e+00 2.941163408329855455e-02 9.803166858130938147e-03 0.000000000000000000e+00 -1.133256154739182620e+01
0.000000000000000000e+00 9.705861453327767618e-01 9.803166858130938147e-03 2.941163408329855455e-02 9.803907054964059939e-03 -7.352353374843467737e-03 -1.209569951687922185e+01
1.960633371626187629e-02 1.000000000000000000e+00 1.960781410992811988e-02 1.470692733361161908e-02 4.902323625898589131e-03 -1.470581704164927728e-02 -2.447878526532275245e+01
3.921562821985623976e-02 1.000000000000000000e+00 1.960781410992811641e-02 0.000000000000000000e+00 0.000000000000000000e+00 -7.353463666805809540e-03 -1.912641562656909144e+01
5.882196193611811258e-02 1.000000000000000000e+00 1.960781410992811988e-02 0.000000000000000000e+00 4.902323625898591733e-03 0.000000000000000000e+00 0.000000000000000000e+00
7.843125643971247951e-02 1.000000000000000000e+00 2.941246136172529987e-02 0.000000000000000000e+00 4.901583429065469941e-03 0.000000000000000000e+00 0.000000000000000000e+00
1.176468846595687123e-01 1.000000000000000000e+00 2.941098096805905976e-02 0.000000000000000000e+00 -9.804647251797178262e-03 -1.470581704164927728e-02 -1.700083053326114069e+01
1.372532183758305990e-01 1.000000000000000000e+00 9.803166858130943351e-03 -2.941163408329855455e-02 -1.470549048402952988e-02 -2.205928070845508682e-02 -2.177218603135600006e+01
1.372532183758305990e-01 9.411767318334028909e-01 0.000000000000000000e+00 -4.411856141691017363e-02 -4.901583429065471675e-03 -1.470581704164927728e-02 -2.518220258200031925e+00
1.372532183758305990e-01 9.117628771661796527e-01 0.000000000000000000e+00 -5.882326816659710911e-02 -4.901583429065471675e-03 -2.205817041649274501e-02 -1.416570193423979163e+00
1.372532183758305990e-01 8.235301955002086727e-01 -9.803166858130943351e-03 -8.823490224989566366e-02 -9.803907054964061674e-03 -1.470581704164922177e-02 -1.030271251569784718e+00
1.176468846595687123e-01 7.352930726663883254e-01 -1.960781410992812335e-02 -8.823490224989555264e-02 -4.902323625898586529e-03 -7.352353374843412226e-03 -3.905365134038600305e-01
9.803759015597435234e-02 6.470603910004175674e-01 -1.960781410992811641e-02 -1.029396089995824881e-01 1.734723475976807094e-18 -7.353463666805878929e-03 1.253015796228575673e-01
7.843125643971247951e-02 5.294138546672233492e-01 -1.960781410992811988e-02 -1.029418295835073105e-01 -1.734723475976807094e-18 -1.110291962411191768e-06 1.891797598473979189e-05
5.882196193611811258e-02 4.411767318334029464e-01 -1.960781410992811988e-02 -1.029418295835073105e-01 4.902323625898591733e-03 6.938893903907228378e-18 4.385328721544096142e-01
3.921562821985623976e-02 3.235301955002087282e-01 -9.803166858130936412e-03 -1.029418295835072966e-01 9.803907054964059939e-03 1.470581704164927728e-02 7.823367279120262419e-01
3.921562821985623976e-02 2.352930726663883532e-01 0.000000000000000000e+00 -7.353019550020875594e-02 4.901583429065468206e-03 1.470692733361165377e-02 9.065775448743343956e-01
3.921562821985623976e-02 1.764698044997912163e-01 0.000000000000000000e+00 -7.352797491628398907e-02 4.901583429065468206e-03 7.353463666805851173e-03 9.066323039486544610e-01
3.921562821985623976e-02 8.823712283382036115e-02 9.803166858130936412e-03 -5.882326816659705360e-02 1.470549048402952814e-02 1.470470674968690425e-02 4.758542109199253467e+00
5.882196193611811258e-02 5.882326816659711605e-02 2.941098096805905629e-02 -4.411856141691018057e-02 2.451087793265987677e-02 1.470581704164924779e-02 1.015547115994829319e+01
9.803759015597435234e-02 0.000000000000000000e+00 5.882492272345068995e-02 -2.941163408329855802e-02 1.470697087769577520e-02 2.205928070845509029e-02 6.082083735083491760e+00
1.764718073830194855e-01 0.000000000000000000e+00 5.882492272345060669e-02 0.000000000000000000e+00 -9.804647251797304897e-03 2.205928070845509029e-02 6.374830128906297411e+00
2.156874356028755657e-01 0.000000000000000000e+00 3.921562821985608016e-02 1.470692733361162428e-02 -1.470697087769581857e-02 2.205928070845509029e-02 1.471864922583602997e+01
2.549030638227316459e-01 2.941385466722324857e-02 2.941098096805896955e-02 4.411856141691018057e-02 -1.470623068086257534e-02 2.205817041649274501e-02 8.704314034179326143e+00
2.745093975389935048e-01 8.823712283382036115e-02 9.803166858130929473e-03 5.882326816659711605e-02 -9.803166858130846206e-03 7.352353374843439981e-03 3.058938133572983276e+00
2.745093975389935048e-01 1.470603910004174841e-01 9.804647251797277141e-03 5.882326816659706054e-02 7.401968331738340012e-07 -2.428612866367529932e-17 -2.053039594198078645e-04
2.941186920425880591e-01 2.058836591670144822e-01 9.804647251797277141e-03 5.882326816659706747e-02 -4.902323625898638570e-03 -7.353463666805778315e-03 1.019770427445946925e+00
2.941186920425880591e-01 2.647069273336116191e-01 0.000000000000000000e+00 4.411634083298550391e-02 -4.902323625898638570e-03 -7.353463666805788723e-03 2.518854091637737547e+00
2.941186920425880591e-01 2.941163408329854900e-01 0.000000000000000000e+00 4.411634083298549003e-02 0.000000000000000000e+00 -1.470470674968694241e-02 -0.000000000000000000e+00
2.941186920425880591e-01 3.529396089995825991e-01 0.000000000000000000e+00 1.470692733361161908e-02 0.000000000000000000e+00 -3.676398745814202229e-02 -0.000000000000000000e+00
2.941186920425880591e-01 3.235301955002087282e-01 0.000000000000000000e+00 -2.941163408329855455e-02 0.000000000000000000e+00 -2.941274437526090330e-02 0.000000000000000000e+00
2.941186920425880591e-01 2.941163408329854900e-01 0.000000000000000000e+00 -4.411856141691018751e-02 4.901583429065464736e-03 -1.470581704164929115e-02 2.518220258200026596e+00
2.941186920425880591e-01 2.352930726663883532e-01 9.803166858130929473e-03 -5.882326816659713686e-02 9.803907054964006162e-03 1.110291962376497299e-06 2.719335558055701707e+00
3.137250257588499180e-01 1.764698044997912163e-01 1.960781410992801232e-02 -4.411634083298543452e-02 4.902323625898555304e-03 7.353463666805854643e-03 3.203465229810216197e+00
3.333343202624440837e-01 1.470603910004174841e-01 1.960781410992804008e-02 -4.411634083298542758e-02 4.901583429065575759e-03 -1.110291962376497299e-06 1.921576100675169041e+00
3.529406539787059982e-01 8.823712283382036115e-02 2.941098096805916384e-02 -4.411856141691018751e-02 9.803907054964089429e-03 7.352353374843436512e-03 4.352083997383872749e+00
3.921562821985624114e-01 5.882326816659711605e-02 3.921562821985621894e-02 -2.941163408329855455e-02 9.804647251797082852e-03 1.470692733361162602e-02 7.344567085842979459e+00
4.313719104184184361e-01 2.941385466722324857e-02 4.902027547165332955e-02 -1.470470674968693374e-02 4.902323625898652448e-03 2.205817041649274501e-02 8.604334925084282659e+00
4.901968331418690705e-01 2.941385466722324857e-02 4.902027547165352384e-02 1.470470674968693374e-02 -4.902323625898555304e-03 2.941052379133618153e-02 1.129305255563172850e+01
5.294124613617254838e-01 5.882326816659711605e-02 3.921562821985621894e-02 4.411634083298542758e-02 -4.902323625898721837e-03 5.882437845855943703e-02 1.226864669515381578e+01
5.686280895815815084e-01 1.176465363331941072e-01 3.921562821985608016e-02 1.323534636668058095e-01 -9.803907054964075551e-03 5.882437845855949254e-02 1.370285489988807504e+00
6.078437178014376441e-01 3.235301955002087282e-01 1.960781410992806784e-02 1.617650977501044196e-01 -1.960781410992804008e-02 -1.470581704164924952e-02 6.664470057978290063e-01
6.078437178014376441e-01 4.411767318334029464e-01 0.000000000000000000e+00 1.029418295835073105e-01 -1.470623068086260310e-02 -3.676509775010444736e-02 1.387770363277849306e+00
6.078437178014376441e-01 5.294138546672233492e-01 -9.804647251797138363e-03 8.823490224989552488e-02 -1.960781410992804008e-02 -1.110291962411191768e-06 2.472615565437108032e+00
5.882344232978433674e-01 6.176465363331939962e-01 -3.921562821985608016e-02 1.029396089995824881e-01 -1.470549048402952641e-02 9.714451465470119729e-17 1.132486498386882756e+00
5.294124613617254838e-01 7.352930726663883254e-01 -3.921562821985619118e-02 8.823490224989571917e-02 4.901583429065381470e-03 -2.941052379133615724e-02 8.007553596297950493e-01
5.098031668581309850e-01 7.941163408329854345e-01 -2.941246136172531722e-02 4.411856141691017363e-02 4.902323625898596937e-03 -2.941163408329858231e-02 4.351954814075001288e+00
4.705875386382748493e-01 8.235301955002086727e-01 -2.941098096805899731e-02 2.941163408329855455e-02 7.401968330905672744e-07 -7.353463666805809540e-03 3.005174893170996508e+00
4.509812049220129904e-01 8.529396089995825436e-01 -2.941098096805913609e-02 2.941163408329855455e-02 9.803166858130860084e-03 -7.352353374843467737e-03 -1.001775383403991304e+00
4.117655767021565771e-01 8.823534636668057818e-01 -9.804647251797277141e-03 1.470692733361161908e-02 2.941098096805913609e-02 -1.470581704164927728e-02 -5.221754402630440239e+01
4.313719104184184361e-01 8.823534636668057818e-01 2.941098096805913609e-02 0.000000000000000000e+00 3.921636841668940665e-02 -7.353463666805809540e-03 -8.501057049587597447e+00
4.705875386382748493e-01 8.823534636668057818e-01 6.862808958158153616e-02 0.000000000000000000e+00 1.960855430676113065e-02 0.000000000000000000e+00 0.000000000000000000e+00
5.686280895815815084e-01 8.823534636668057818e-01 6.862808958158139738e-02 0.000000000000000000e+00 -9.804647251797179996e-03 0.000000000000000000e+00 0.000000000000000000e+00
6.078437178014376441e-01 8.823534636668057818e-01 4.901879507798717617e-02 0.000000000000000000e+00 -4.902323625898485915e-03 0.000000000000000000e+00 0.000000000000000000e+00
6.666656797375558607e-01 8.823534636668057818e-01 5.882344232978442555e-02 0.000000000000000000e+00 4.903063822731729138e-03 0.000000000000000000e+00 0.000000000000000000e+00
7.254906024610064952e-01 8.823534636668057818e-01 5.882492272345063444e-02 0.000000000000000000e+00 -8.326672684688674053e-17 -7.353463666805809540e-03 -2.125050329361098278e+00
7.843155251844571296e-01 8.823534636668057818e-01 5.882344232978425902e-02 -1.470692733361161908e-02 9.803166858130901717e-03 -2.205928070845508682e-02 -5.174165932588918437e+00
8.431374871205750132e-01 8.529396089995825436e-01 7.843125643971243788e-02 -4.411856141691017363e-02 4.902323625898652448e-03 -2.205817041649274501e-02 -2.077301484332269688e+00
9.411780380638820054e-01 7.941163408329854345e-01 6.862808958158156392e-02 -5.882326816659710911e-02 -2.451013773582672028e-02 -2.941052379133615724e-02 -4.685576955938498322e+00
9.803936662837381411e-01 7.352930726663883254e-01 2.941098096805899731e-02 -1.029396089995824881e-01 -2.941246136172531722e-02 -2.941163408329849904e-02 -3.172403587967072891e+00
1.000000000000000000e+00 5.882371228338204583e-01 9.803166858130929473e-03 -1.176465363331941072e-01 -1.960707391309496339e-02 -1.110291962411191768e-06 -1.402002960860789793e+00
1.000000000000000000e+00 5.000000000000001110e-01 -9.803166858130929473e-03 -1.029418295835073105e-01 -1.470549048402955417e-02 2.205817041649267563e-02 -1.564594702378523383e+00
9.803936662837381411e-01 3.823534636668058373e-01 -1.960781410992817886e-02 -7.353019550020875594e-02 -4.902323625898569182e-03 3.676509775010437797e-02 -2.453687192221234881e+00
9.607843717801436423e-01 3.529396089995825991e-01 -1.960781410992806784e-02 -2.941163408329855455e-02 -4.901583429065409225e-03 4.411856141691018751e-02 -2.284973429084444874e+01
9.411780380638820054e-01 3.235301955002087282e-01 -2.941098096805899731e-02 1.470692733361161908e-02 -4.902323625898680204e-03 4.411745112494783183e-02 -3.446456709183368616e+01
9.019624098440256477e-01 3.823534636668058373e-01 -2.941246136172542824e-02 5.882326816659710911e-02 4.901583429065492492e-03 4.411745112494784571e-02 -5.575248266312739176e+00
8.823531153404311489e-01 4.411767318334029464e-01 -1.960781410992801232e-02 1.029418295835073105e-01 9.804647251797332652e-03 4.411745112494779020e-02 -1.628771520043738930e+00
8.627467816241696230e-01 5.882371228338204583e-01 -9.803166858130762940e-03 1.470581704164926895e-01 9.803907054964006162e-03 -1.110291962411191768e-06 -4.503281817891202077e-01
8.627467816241696230e-01 7.352930726663883254e-01 0.000000000000000000e+00 1.029396089995824881e-01 9.803166858130762940e-03 -5.146980449979125793e-02 -9.251270213469247050e-01
8.627467816241696230e-01 7.941163408329854345e-01 9.803166858130762940e-03 4.411856141691017363e-02 4.681330459395760535e-02 -6.818112386790542434e-02 -2.961393903398804284e+01
8.823531153404311489e-01 8.235301955002086727e-01 9.362660918791521070e-02 -3.342263873622836057e-02 3.701013773582684241e-02 -3.854775153021794409e-02 -2.414361362862072813e+00
1.050000000000000044e+00 7.272710633605287134e-01 8.382344232978444776e-02 -3.297694164352571455e-02 -4.681330459395760535e-02 3.943911206794900592e-02 2.411046829863014107e+00
1.050000000000000044e+00 7.575763122131572436e-01 0.000000000000000000e+00 4.545558539966965128e-02 -4.191172116489222388e-02 3.921511958196105541e-02 2.028434487054621016e+01
1.050000000000000044e+00 8.181822341598680159e-01 0.000000000000000000e+00 4.545329752039639626e-02 0.000000000000000000e+00 -7.576312213157132547e-03 -0.000000000000000000e+00
1.050000000000000044e+00 8.484829072539500361e-01 0.000000000000000000e+00 3.030296097335538619e-02 5.435175094210764613e-03 1.143939636599755616e-06 -5.918932761171697088e+00
1.050000000000000044e+00 8.787881561065787883e-01 1.087035018842152923e-02 4.545558539966959577e-02 1.630470463110073043e-02 -8.326672684688674053e-17 -7.259546095089972617e+00
1.071740700376843103e+00 9.393940780532892276e-01 3.260940926220146086e-02 3.030296097335521965e-02 1.086870888535834689e-02 -2.272779269983479788e-02 -1.213517622904332072e+01
1.115218818524402966e+00 9.393940780532892276e-01 3.260776795913822301e-02 0.000000000000000000e+00 -5.435175094210820124e-03 -3.030296097335521965e-02 -2.849987287473522102e+01
1.136956236295119549e+00 9.393940780532892276e-01 2.173905907377982061e-02 -3.030296097335521965e-02 -1.086870888535834689e-02 -3.030296097335530292e-02 -1.904946676924001991e+01
1.158696936671962607e+00 8.787881561065787883e-01 1.087035018842152923e-02 -6.060592194671060584e-02 -1.086952953688991030e-02 -2.272779269983490891e-02 -3.880325170741866447e+00
1.158696936671962607e+00 8.181822341598680159e-01 0.000000000000000000e+00 -7.575854637302503747e-02 -1.087035018842152923e-02 -1.515262442631432060e-02 -1.894001284161311416e+00
1.158696936671962607e+00 7.272710633605287134e-01 -1.087035018842152923e-02 -9.091117079933924705e-02 -1.086952953688991030e-02 -7.575168273520532791e-03 -1.180159767136032656e+00
1.136956236295119549e+00 6.363598925611895218e-01 -2.173905907377982061e-02 -9.090888292006610305e-02 -5.434354442679201203e-03 1.143939636558122253e-06 -6.049671153278156632e-01
1.115218818524402966e+00 5.454532975203965073e-01 -2.173905907377993163e-02 -9.090888292006613081e-02 -5.551115123125782702e-17 -7.576312213157132547e-03 2.016760056785603938e-01
1.093478118147559686e+00 4.545421267210572602e-01 -2.173905907377993163e-02 -1.060615073463803681e-01 5.435175094210820124e-03 2.775557561562891351e-17 4.542441260510236001e-01
1.071740700376843103e+00 3.333302828276357710e-01 -1.086870888535829138e-02 -9.090888292006607529e-02 5.434354442679201203e-03 1.515262442631427203e-02 4.291233057556783081e-01
1.071740700376843103e+00 2.727243608809251096e-01 -1.087035018842152923e-02 -7.575625849375182408e-02 5.434354442679145691e-03 7.576312213157132547e-03 7.346794735249406738e-01
1.050000000000000044e+00 1.818177658401321228e-01 0.000000000000000000e+00 -7.575625849375181020e-02 1.630470463110067492e-02 7.575168273520567486e-03 2.841030533074068831e+00
1.071740700376843103e+00 1.212118438934215031e-01 2.173905907377982061e-02 -6.060592194671068911e-02 1.086952953688996582e-02 1.515033654704109334e-02 3.701816739814117074e+00
1.093478118147559686e+00 6.060592194671075156e-02 2.173905907377993163e-02 -4.545558539966962353e-02 5.435175094210820124e-03 1.515148048667765666e-02 4.506201951643208581e+00
1.115218818524402966e+00 3.030067309408224913e-02 3.260940926220146086e-02 -3.030296097335537578e-02 5.434354442679090180e-03 1.515262442631424948e-02 7.468136883477623833e+00
1.158696936671962607e+00 0.000000000000000000e+00 3.260776795913811199e-02 -1.515033654704112456e-02 -8.206515316744322774e-07 1.515148048667768789e-02 1.062841703511123903e+01
1.180434354442679190e+00 0.000000000000000000e+00 3.260776795913811199e-02 0.000000000000000000e+00 5.435175094210764613e-03 3.030181703371877949e-02 2.849879700184485642e+01
1.223912472590238831e+00 0.000000000000000000e+00 4.347811814755964122e-02 4.545329752039643789e-02 8.206515316744322774e-07 3.787812924687590510e-02 6.617706906804016853e+00
1.267390590737798473e+00 9.090659504079287578e-02 3.260940926220146086e-02 7.575625849375181020e-02 -1.086952953688985479e-02 1.143939636592816722e-06 1.467767257002086545e+00
1.289131291114641753e+00 1.515125169875036204e-01 2.173905907377993163e-02 4.545558539966962353e-02 -1.087035018842158474e-02 -1.515033654704109334e-02 1.288013942187034244e+00
1.310868708885358336e+00 1.818177658401321228e-01 1.086870888535829138e-02 4.545558539966962353e-02 -5.434354442679201203e-03 -1.143939636565061146e-06 2.419542604064614189e+00
1.310868708885358336e+00 2.424236877868428675e-01 1.087035018842152923e-02 4.545329752039649340e-02 8.206515316189211262e-07 -3.030410491299193737e-02 -3.227494252645312756e+00
1.332609409262201394e+00 2.727243608809251096e-01 1.087035018842152923e-02 -1.515262442631425122e-02 -5.435175094210764613e-03 -4.545329752039649340e-02 -8.888536782527079083e+01
1.332609409262201394e+00 2.121184389342143650e-01 0.000000000000000000e+00 -4.545329752039649340e-02 -8.206515316189211262e-07 -7.575168273520560547e-03 -3.972171518414812849e-04
1.332609409262201394e+00 1.818177658401321228e-01 1.086870888535829138e-02 -3.030296097335537231e-02 1.086952953688996582e-02 7.575168273520591772e-03 1.233964563334295583e+01
1.354346827032917977e+00 1.515125169875036204e-01 2.173905907377993163e-02 -3.030296097335530986e-02 5.435175094210820124e-03 0.000000000000000000e+00 3.175230744769612201e+00
1.376087527409761258e+00 1.212118438934215031e-01 2.173905907377993163e-02 -3.030296097335537231e-02 5.434354442679090180e-03 -3.295974604355933479e-17 3.174751319925106952e+00
1.397824945180477840e+00 9.090659504079287578e-02 3.260776795913811199e-02 -3.030296097335537578e-02 5.435175094210709101e-03 7.576312213157155098e-03 4.667981375355175544e+00
1.441303063328037481e+00 6.060592194671075156e-02 3.260940926220134983e-02 -1.515033654704106211e-02 8.206515316189211262e-07 1.515148048667768789e-02 1.062816696525369764e+01
1.463043763704880540e+00 6.060592194671075156e-02 3.260940926220134983e-02 0.000000000000000000e+00 5.434354442679256714e-03 7.575168273520531056e-03 7.123713123894679811e+00
1.506521881852440181e+00 6.060592194671075156e-02 4.347811814755986326e-02 0.000000000000000000e+00 1.086952953689002133e-02 3.787812924687590510e-02 2.003766192288487957e+01
1.550000000000000266e+00 6.060592194671075156e-02 5.434846833598139249e-02 7.575625849375181020e-02 -5.434354442679256714e-03 6.818109022023124965e-02 5.080044049476299506e+00
1.615218818524402966e+00 2.121184389342143650e-01 3.260940926220134983e-02 1.363621804404624993e-01 -2.173987972531155055e-02 2.272779269983481870e-02 1.344476828875439178e+00
1.615218818524402966e+00 3.333302828276357710e-01 1.086870888535829138e-02 1.212118438934214476e-01 -1.087035018842152923e-02 -1.515033654704106558e-02 6.396740874451952719e-01
1.636956236295119549e+00 4.545421267210572602e-01 1.086870888535829138e-02 1.060615073463803681e-01 -1.086870888535829138e-02 -1.515148048667765840e-02 8.152880662485977314e-01
1.636956236295119549e+00 5.454532975203965073e-01 -1.086870888535829138e-02 9.090888292006613081e-02 -2.717341351645896630e-02 7.575168273520560547e-03 3.111463932529681120e+00
1.615218818524402966e+00 6.363598925611895218e-01 -4.347811814755964122e-02 1.212118438934214892e-01 -2.173987972531155055e-02 7.576312213157063158e-03 1.079758659089461226e+00
1.550000000000000266e+00 7.878769853072394858e-01 -5.434846833598139249e-02 1.060615073463802571e-01 5.435175094210764613e-03 -3.787812924687591898e-02 8.756545856191736421e-01
1.506521881852440181e+00 8.484829072539500361e-01 -3.260776795913811199e-02 4.545558539966965128e-02 1.630470463110078594e-02 -3.787927318651246322e-02 2.821861869437414239e+00
1.484784464081724042e+00 8.787881561065787883e-01 -2.173905907377982061e-02 3.030296097335533068e-02 -8.206515317299434287e-07 -1.143939636655266767e-06 9.588496889576350905e-04
1.463043763704880540e+00 9.090888292006606974e-01 -3.260940926220157188e-02 4.545329752039634075e-02 5.434354442679145691e-03 2.775557561562891351e-17 -1.410999211340787873e+00
1.419565645557320899e+00 9.696947511473714698e-01 -1.087035018842152923e-02 3.030296097335538619e-02 3.260940926220157188e-02 -2.272664876019817037e-02 -2.221125858327782510e+01
1.441303063328037481e+00 9.696947511473714698e-01 3.260940926220157188e-02 0.000000000000000000e+00 2.717505481952231516e-02 -1.515148048667769309e-02 -1.424850201238054481e+01
1.484784464081724042e+00 9.696947511473714698e-01 4.347975945062310110e-02 0.000000000000000000e+00 5.434354442678979158e-03 7.576312213157132547e-03 4.007592893670390843e+00
1.528262582229283684e+00 9.696947511473714698e-01 4.347811814755953019e-02 1.515262442631426509e-02 5.433533791147415748e-03 7.576312213157132547e-03 2.531247429515305569e+00
1.571740700376843103e+00 1.000000000000000000e+00 5.434682703291793260e-02 1.515262442631426509e-02 5.434354442679256714e-03 -7.576312213157132547e-03 -2.751168619385164327e+00
1.636956236295119549e+00 1.000000000000000000e+00 5.434682703291804362e-02 0.000000000000000000e+00 1.087035018842164025e-02 -7.576312213157132547e-03 -2.565130569528883964e+00
1.680434354442679190e+00 1.000000000000000000e+00 7.608752740976121309e-02 0.000000000000000000e+00 1.087035018842158474e-02 -7.576312213157132547e-03 -1.308672332588753262e+00
1.789131291114641975e+00 1.000000000000000000e+00 7.608752740976121309e-02 -1.515262442631426509e-02 -1.087035018842164025e-02 -1.515148048667769309e-02 -2.821570523645806627e+00
1.832609409262201616e+00 9.696947511473714698e-01 5.434682703291793260e-02 -3.030296097335538619e-02 -8.206515317299434287e-07 -3.030181703371873092e-02 -6.835529049257114131e+00
1.897824945180477840e+00 9.393940780532892276e-01 7.608588610669775321e-02 -7.575625849375172693e-02 8.206515317299434287e-07 -3.030296097335530292e-02 -1.862697772087124726e+00
1.984781181475597123e+00 8.181822341598680159e-01 5.434846833598139249e-02 -9.090888292006599203e-02 -2.717341351645885528e-02 7.575168273520477280e-03 -1.732565025668686198e+00
2.006521881852440625e+00 7.575763122131572436e-01 2.173905907378004265e-02 -6.060592194671077237e-02 -1.630470463110089696e-02 1.515033654704106558e-02 -2.468126266450800355e+00
2.028259299623157208e+00 6.969703902664464712e-01 2.173905907377959856e-02 -6.060820982598386086e-02 -5.434354442679367736e-03 -1.515262442631423734e-02 -2.467738893080249518e+00
2.049999999999999822e+00 6.363598925611895218e-01 1.087035018842130718e-02 -9.091117079933924705e-02 -1.630470463110045287e-02 -7.574024333884016302e-03 -2.038482814249082953e+00
2.049999999999999822e+00 5.151480486677679771e-01 -1.087035018842130718e-02 -7.575625849375189347e-02 -2.173987972531132851e-02 3.788041712614906298e-02 -4.592634339632999385e+00
2.028259299623157208e+00 4.848473755736857349e-01 -3.260940926220134983e-02 -1.515033654704112109e-02 -1.630388397956927804e-02 4.545329752039650728e-02 -3.719617727428899912e+01
1.984781181475597123e+00 4.848473755736857349e-01 -4.347811814755986326e-02 1.515033654704112109e-02 8.206515316189211262e-07 3.030181703371881419e-02 -1.349822799868384138e+01
1.941303063328037481e+00 5.151480486677679771e-01 -3.260776795913811199e-02 4.545329752039650728e-02 1.630470463110078594e-02 2.272779269983482564e-02 -8.467282012865569030e+00
1.919565645557320899e+00 5.757539706144787495e-01 -1.086870888535829138e-02 6.060592194671077237e-02 1.086870888535829138e-02 3.030410491299193043e-02 -4.232759212309804120e+00
1.919565645557320899e+00 6.363598925611895218e-01 -1.087035018842152923e-02 1.060615073463803681e-01 -8.206515316189211262e-07 3.787927318651240771e-02 -3.396820970810873752e-01
1.897824945180477840e+00 7.878769853072394858e-01 -1.087035018842152923e-02 1.363644683197355878e-01 1.087035018842152923e-02 -1.515148048667774860e-02 -5.147098755233532330e-01
1.897824945180477840e+00 9.090888292006606974e-01 1.087035018842152923e-02 7.575854637302487093e-02 2.173987972531143953e-02 -4.545444146003296826e-02 -4.775991167280055016e+00
1.919565645557320899e+00 9.393940780532892276e-01 3.260940926220134983e-02 4.545558539966965128e-02 1.091186152898669937e-01 -6.960257150891921429e-02 -4.129460872899171875e+01
1.963043763704880540e+00 1.000000000000000000e+00 2.291075807681555165e-01 -6.344659664481355765e-02 8.043461659501260907e-02 -6.960257150891929756e-02 -8.070531548490498253e-01
2.377780807093631932e+00 8.125008847636621123e-01 1.934786424522265680e-01 -9.374955761816894384e-02 -1.284426210168925220e-01 3.172329832240677883e-02 -5.940657450503200598e-01
2.350001048609333676e+00 8.125008847636621123e-01 -2.777766126562952742e-02 0.000000000000000000e+00 -1.106281518589280477e-01 3.906172583179570723e-02 -5.062442135904281315e+01
2.322225484562372877e+00 8.125008847636621123e-01 -2.777766126562952742e-02 -1.562610595457752938e-02 -6.944939621074452951e-03 -1.562492626969486098e-02 1.005443430983804376e+01
2.294445726078074621e+00 7.812486728545070536e-01 -4.166754050777843332e-02 -3.124985253938972196e-02 -6.943891011740199737e-03 -7.811873292406013025e-03 7.679661401803088427e-01
2.238890403546816010e+00 7.500011796848826684e-01 -4.166544328910992689e-02 -3.124985253938955543e-02 -1.110223024625156540e-16 -1.562492626969483323e-02 4.608126213250968384e+00
2.211114839499854767e+00 7.187489677757279427e-01 -4.166754050777865537e-02 -6.249970507877938841e-02 -1.048609334253214342e-06 -2.343797924698362567e-02 2.304058058988314173e+00
2.155555322531258700e+00 6.250017695273238916e-01 -4.166754050777843332e-02 -7.812581103335680677e-02 6.944939621074563973e-03 -7.813052977288681422e-03 1.250618866497966719e+00
2.127779758484297901e+00 5.624973457090143292e-01 -2.777766126562952742e-02 -7.812581103335675126e-02 1.388883063281465269e-02 1.179684882571252480e-06 1.903334997453002275e+00
2.099999999999999645e+00 4.687501474606103891e-01 -1.388987924214912795e-02 -7.812345166359166426e-02 1.388883063281476371e-02 7.813052977288681422e-03 1.954625558831350585e+00
2.099999999999999645e+00 4.062504423818310006e-01 0.000000000000000000e+00 -6.249970507877938841e-02 6.944939621074563973e-03 -1.179684882564313586e-06 1.777921322050746600e+00
2.099999999999999645e+00 3.437507373030516122e-01 0.000000000000000000e+00 -7.812581103335679289e-02 0.000000000000000000e+00 -2.343797924698351465e-02 0.000000000000000000e+00
2.099999999999999645e+00 2.499988203151174149e-01 0.000000000000000000e+00 -1.093756635727464177e-01 0.000000000000000000e+00 1.179684882585130268e-06 0.000000000000000000e+00
2.099999999999999645e+00 1.249994101575587768e-01 0.000000000000000000e+00 -7.812345166359162263e-02 6.944939621074563973e-03 3.906290551667836175e-02 1.137904010640057528e+00
2.099999999999999645e+00 9.375191698793416961e-02 1.388987924214912795e-02 -3.124985253938969421e-02 2.083377025388932768e-02 1.562374658481226891e-02 2.170508633829612677e+01
2.127779758484297901e+00 6.249970507877938841e-02 4.166754050777865537e-02 -4.687595849396708481e-02 2.083272164455496345e-02 0.000000000000000000e+00 3.958411252038688932e+00
2.183335081015556955e+00 0.000000000000000000e+00 5.555532253125905484e-02 -3.124985253938969421e-02 -1.110223024625156540e-16 3.125103222427227240e-02 6.703911632384835784e+00
2.238890403546816010e+00 0.000000000000000000e+00 4.166754050777843332e-02 1.562610595457745652e-02 -1.388883063281487473e-02 3.124985253938969421e-02 1.723772000521264047e+01
2.266670162031113822e+00 3.125221190915491304e-02 2.777766126562930538e-02 3.124985253938969421e-02 -6.944939621074452951e-03 7.811873292406085884e-03 5.938065184296135612e+00
2.294445726078074621e+00 6.249970507877938841e-02 2.777766126562952742e-02 3.124985253938962829e-02 -6.943891011740088715e-03 0.000000000000000000e+00 2.968808429626903944e+00
2.322225484562372877e+00 9.375191698793416961e-02 1.388987924214912795e-02 3.124985253938969421e-02 -1.388883063281476371e-02 3.295974604355933479e-17 1.085233834621500648e+01
2.322225484562372877e+00 1.249994101575587768e-01 0.000000000000000000e+00 3.124985253938969421e-02 -1.048609334364236645e-06 0.000000000000000000e+00 1.073786092198828401e-03
2.322225484562372877e+00 1.562516220667135580e-01 1.388778202348039947e-02 3.124985253938969421e-02 6.943891011740199737e-03 0.000000000000000000e+00 -5.426164934525640859e+00
2.350001048609333676e+00 1.874991152363381652e-01 1.388778202348039947e-02 3.124985253938969421e-02 -6.943891011740199737e-03 -3.469446951953614189e-17 5.426164934525629313e+00
2.350001048609333676e+00 2.187513271454929464e-01 0.000000000000000000e+00 3.124985253938962482e-02 -6.943891011740199737e-03 -1.562492626969484710e-02 7.110611502110819160e+00
2.350001048609333676e+00 2.499988203151174149e-01 0.000000000000000000e+00 0.000000000000000000e+00 0.000000000000000000e+00 -3.124985253938962482e-02 0.000000000000000000e+00
2.350001048609333676e+00 2.187513271454929464e-01 0.000000000000000000e+00 -3.124985253938962482e-02 6.944939621074563973e-03 -1.562492626969484710e-02 7.111685288203018374e+00
2.350001048609333676e+00 1.874991152363381652e-01 1.388987924214912795e-02 -3.124985253938969421e-02 1.388883063281476371e-02 -7.811873292406186498e-03 8.139253775126555013e+00
2.377780807093631932e+00 1.562516220667135580e-01 2.777766126562952742e-02 -4.687359912420199781e-02 6.943891011740199737e-03 -7.813052977288695300e-03 6.705022314095318015e-01
2.405556371140592731e+00 9.375191698793416961e-02 2.777766126562952742e-02 -4.687595849396708481e-02 1.110223024625156540e-16 7.811873292406184763e-03 1.341361002093930166e+00
2.433336129624890987e+00 6.249970507877938841e-02 2.777766126562974947e-02 -3.124985253938962829e-02 6.943891011740310759e-03 1.562610595457742529e-02 8.907321938965349517e+00
2.461111693671852230e+00 3.125221190915491304e-02 4.166544328911014894e-02 -1.562374658481223769e-02 6.944939621074341929e-03 7.811873292406085884e-03 4.925458719443239097e+00
2.516667016203111285e+00 3.125221190915491304e-02 4.166754050777843332e-02 -1.562610595457745652e-02 1.048609334142192040e-06 -1.179684882609416396e-06 -3.718311440559401754e-04
2.544446774687409096e+00 0.000000000000000000e+00 4.166754050777843332e-02 -1.562610595457745652e-02 -1.048609334142192040e-06 1.562610595457745652e-02 7.387913000357457349e+00
2.600002097218668151e+00 0.000000000000000000e+00 4.166544328911014894e-02 1.562610595457745652e-02 -1.048609334142192040e-06 3.125103222427227240e-02 1.477703841465019252e+01
2.627777661265629394e+00 3.125221190915491304e-02 4.166544328911014894e-02 4.687595849396708481e-02 1.048609334253214342e-06 1.562374658481223595e-02 2.638651793121528755e+00
2.683332983796888449e+00 9.375191698793416961e-02 4.166754050777865537e-02 4.687359912420192842e-02 -1.388778202348051050e-02 7.811873292406151803e-03 3.958413067648740125e+00
2.711112742281186705e+00 1.249994101575587768e-01 1.388987924214912795e-02 6.249970507877938841e-02 -2.083377025388932768e-02 1.562610595457742529e-02 5.788432984998713060e+00
2.711112742281186705e+00 2.187513271454929464e-01 0.000000000000000000e+00 7.812581103335677901e-02 -6.944939621074563973e-03 -2.775557561562891351e-17 1.137835283141582110e+00
2.711112742281186705e+00 2.812510322242723348e-01 0.000000000000000000e+00 6.249970507877933290e-02 -6.944939621074563973e-03 -7.813052977288723056e-03 1.777921322050749708e+00
2.711112742281186705e+00 3.437507373030516122e-01 -1.388987924214912795e-02 6.249970507877933290e-02 -6.944939621074563973e-03 2.775557561562891351e-17 1.653891505664613515e+00
2.683332983796888449e+00 4.062504423818310006e-01 -1.388987924214912795e-02 6.249970507877938841e-02 -6.943891011740199737e-03 7.811873292406165681e-03 1.240200127140815400e+00
2.683332983796888449e+00 4.687501474606103891e-01 -2.777766126562952742e-02 7.812345166359166426e-02 -1.388778202348051050e-02 0.000000000000000000e+00 1.903344378977666729e+00
2.627777661265629394e+00 5.624973457090143292e-01 -4.166544328911014894e-02 6.249970507877938841e-02 -6.943891011740310759e-03 -1.562374658481228973e-02 2.559994456891318659e+00
2.600002097218668151e+00 5.937495576181691659e-01 -4.166544328911014894e-02 4.687595849396708481e-02 -6.944939621074452951e-03 0.000000000000000000e+00 1.319691197720416209e+00
2.544446774687409096e+00 6.562492626969484988e-01 -5.555532253125905484e-02 6.249970507877938841e-02 -1.048609334142192040e-06 0.000000000000000000e+00 1.120812605397828766e-04
2.488891452156150041e+00 7.187489677757279427e-01 -4.166754050777843332e-02 4.687595849396708481e-02 6.943891011740199737e-03 -1.562492626969491649e-02 1.319603247709902893e+00
2.461111693671852230e+00 7.500011796848826684e-01 -4.166754050777865537e-02 3.124985253938955543e-02 -6.943891011740421781e-03 -1.179684882585130268e-06 1.536164224226684860e+00
2.405556371140592731e+00 7.812486728545070536e-01 -5.555532253125927689e-02 4.687359912420191455e-02 1.048609334364236645e-06 8.326672684688674053e-17 -1.279840890539492597e-04
2.350001048609333676e+00 8.437483779332864975e-01 -4.166544328910992689e-02 3.124985253938972196e-02 6.944939621074674996e-03 -1.562374658481227585e-02 3.071581595255071129e+00
2.322225484562372877e+00 8.437483779332864975e-01 -4.166544328910992689e-02 1.562610595457736284e-02 -1.048609334253214342e-06 -7.811873292406179559e-03 3.693980714442275826e+00
2.266670162031113822e+00 8.750005898424412232e-01 -4.166754050777843332e-02 1.562610595457736284e-02 2.083272164455496345e-02 -1.179684882529619117e-06 -3.693305774621718385e+00
2.238890403546816010e+00 8.750005898424412232e-01 0.000000000000000000e+00 1.562374658481230361e-02 4.166754050777843332e-02 -1.179684882529619117e-06 -1.706976310618373418e+02
2.266670162031113822e+00 9.062480830120658304e-01 4.166754050777843332e-02 1.562374658481230361e-02 2.777766126562952742e-02 -7.811873292406151803e-03 -8.618504679178178307e+00
2.322225484562372877e+00 9.062480830120658304e-01 5.555532253125905484e-02 0.000000000000000000e+00 6.943891011740310759e-03 -7.811873292406151803e-03 -2.531068179508812577e+00
2.377780807093631932e+00 9.062480830120658304e-01 5.555532253125905484e-02 0.000000000000000000e+00 2.777766126562952742e-02 7.813052977288681422e-03 2.531450400617150542e+00
2.433336129624890987e+00 9.062480830120658304e-01 1.111106450625181097e-01 1.562610595457736284e-02 3.472155227736983818e-02 1.562492626969486098e-02 8.449066584850580819e-01
2.600002097218668151e+00 9.375002949212205561e-01 1.249984270859987312e-01 3.124985253938972196e-02 -6.944939621074452951e-03 -1.179684882501863541e-06 1.013943165437015681e-01
2.683332983796888449e+00 9.687477880908452743e-01 9.722076582036920378e-02 1.562374658481235912e-02 -2.083272164455518549e-02 -1.562492626969486098e-02 -1.250157774703706037e+00
2.794443628859406559e+00 9.687477880908452743e-01 8.333298379688836022e-02 0.000000000000000000e+00 -2.083272164455507447e-02 -7.811873292406179559e-03 -1.124919190892815779e+00
2.849998951390665169e+00 9.687477880908452743e-01 5.555532253125905484e-02 0.000000000000000000e+00 2.220446049250313081e-16 0.000000000000000000e+00 0.000000000000000000e+00
2.905554273921924668e+00 9.687477880908452743e-01 8.333298379688880431e-02 0.000000000000000000e+00 6.944939621074563973e-03 -7.811873292406179559e-03 -1.124919190892803789e+00
3.016664918984442778e+00 9.687477880908452743e-01 6.944520177340818279e-02 -1.562374658481235912e-02 -2.083272164455518549e-02 -2.343679956210101278e-02 -5.415301362509294059e+00
3.044444677468741034e+00 9.375002949212205561e-01 4.166754050777843332e-02 -4.687359912420202557e-02 -2.083377025388943871e-02 -1.562610595457733509e-02 -6.598174280132165670e+00
3.099999999999999645e+00 8.750005898424412232e-01 2.777766126562930538e-02 -4.687595849396702929e-02 -2.083377025388921666e-02 -1.179684882529619117e-06 -6.037086679473586237e+00
3.099999999999999645e+00 8.437483779332864975e-01 0.000000000000000000e+00 -4.687595849396708481e-02 -3.472260088670386935e-02 1.179684882557374692e-06 -1.580199522927899558e+01
3.099999999999999645e+00 7.812486728545070536e-01 -4.166754050777843332e-02 -4.687359912420191455e-02 -2.777766126562952742e-02 1.562610595457744611e-02 -7.917623164649100431e+00
3.016664918984442778e+00 7.500011796848826684e-01 -5.555532253125905484e-02 -1.562374658481219258e-02 1.048609334142192040e-06 2.343679956210095727e-02 -6.774157238956405536e+00
2.988889354937481535e+00 7.500011796848826684e-01 -4.166544328911014894e-02 0.000000000000000000e+00 6.943891011740310759e-03 1.562374658481219258e-02 -8.999806512835780481e+00
2.933334032406222480e+00 7.500011796848826684e-01 -4.166754050777843332e-02 1.562374658481219258e-02 1.388778202348062152e-02 1.562492626969486098e-02 -9.850171189867761967e+00
2.905554273921924668e+00 7.812486728545070536e-01 -1.388987924214890590e-02 3.124985253938972196e-02 2.083377025388921666e-02 7.813052977288764689e-03 -1.899241147493515669e+01
2.905554273921924668e+00 8.125008847636621123e-01 0.000000000000000000e+00 3.124985253938972196e-02 1.388987924214890590e-02 -7.813052977288764689e-03 -1.422337057640571878e+01
2.905554273921924668e+00 8.437483779332864975e-01 1.388987924214890590e-02 1.562374658481219258e-02 1.388883063281476371e-02 -2.775557561562891351e-17 -2.375109794444062317e+01
2.933334032406222480e+00 8.437483779332864975e-01 2.777766126562952742e-02 3.124985253938966645e-02 2.083272164455518549e-02 2.343797924698359791e-02 4.483250421678107076e-04
2.961109596453183723e+00 9.062480830120658304e-01 5.555532253125927689e-02 6.249970507877938841e-02 1.388987924214912795e-02 7.813052977288709178e-03 -7.423141886672969258e-01
3.044444677468741034e+00 9.687477880908452743e-01 5.555741974992778331e-02 4.687595849396708481e-02 -1.388778202348051050e-02 -1.562374658481233136e-02 -5.649911118575738911e-01
3.072224435953039290e+00 1.000000000000000000e+00 2.777975848429825589e-02 3.125221190915472569e-02 -2.777766126562952742e-02 -1.562374658481235912e-02 5.937616893099889381e+00
