-9.8965	9.5833
-9.8926	9.6036
-10.341	10.47
-9.4219	9.0254
-6.2907	6.147
-7.6478	11.233
-10.013	9.3666
-9.8501	11.149
-9.6263	11.291
-10.246	10.726
-9.3168	9.6226
-10.381	10.982
-6.3542	10.893
-7.0787	10.936
-4.5004	10.535
-6.4843	10.651
-9.1831	11.547
-9.8049	9.7696
-10.111	10.279
-9.9124	11.36
-3.9015	10.165
-5.3716	10.758
-9.5707	11.149
-7.775	7.4544
-10.293	10.204
-9.8378	10.928
-10.841	10.763
-4.9623	10.578
-10.64	10.742
-8.8766	8.3181
-7.0478	6.813
-10.105	11.317
-7.5563	11.02
-9.564	10.12
-10.095	9.6338
-8.4048	10.992
-10.315	10.557
-10.628	10.873
-9.8583	9.4222
-7.4293	11.267
-6.5854	6.3466
-4.5256	10.409
-10.29	10.105
-6.0481	10.736
-4.0635	10.384
-7.7342	11.279
-7.8937	11.261
-4.0602	10.31
-4.7525	10.624
-6.8326	6.6411
-10.114	11.113
-6.6547	10.828
-9.7241	10.886
-9.9261	10.509
-8.8104	11.352
-7.8921	7.749
-7.3413	6.919
-10.275	10.653
-8.6667	10.721
-9.467	11.373
-7.6331	7.2532
-6.9288	6.516
-9.7659	9.5116
-6.2816	10.82
-9.7826	10.041
-9.5915	9.5838
-10.624	10.597
-6.8479	6.6972
-10.435	10.987
-10.001	10.183
-5.8303	10.634
-7.3742	10.904
-8.1085	11.26
-7.1627	10.711
-8.7817	8.2825
-9.9345	10.498
-6.9891	11.145
-6.4781	10.807
-6.6273	6.3127
-7.4479	11.24
-8.6315	11.118
-7.4573	7.0042
-9.6969	11.159
-6.5603	10.875
-10.489	10.138
-10.703	10.938
-9.3707	9.3622
-8.5814	8.3636
-9.1925	11.062
-9.6297	11.009
-8.6722	11.116
-10.783	11.229
-9.2897	11.059
-8.8149	11.268
-9.4459	11.311
-9.6421	11.179
-9.8901	10.166
-8.9875	8.9209
-6.5048	6.3565
-10.123	10.19
-8.4719	8.1494
-7.8549	11.072
-9.0759	11.358
-7.8608	11.355
-9.7328	9.1307
-7.0053	11.077
-8.7895	8.2459
-10.123	11.334
-7.842	11.039
-6.5756	6.3958
-9.6246	11.159
-5.8751	10.732
-9.3388	11.371
-10.533	10.871
-9.6102	10.289
-6.9848	7.1119
-9.482	11.336
-9.4764	9.1342
-8.847	11.225
-7.0959	6.79
-9.0424	8.8873
-6.2084	10.778
-8.1442	8.0519
-6.9837	6.7919
-10.484	11.146
-7.6525	7.2172
-5.2461	10.571
-7.1325	6.951
-8.3647	8.3756
-9.5703	11.306
-9.0461	8.5106
-9.3157	8.9998
-9.9854	10.767
-10.119	10.872
-4.307	10.309
-8.2873	7.9233
-9.7904	10.074
-10.46	10.246
-9.3351	8.851
-9.2687	8.893
-10.386	10.402
-7.7485	7.3693
-10.178	10.375
-10.013	9.6946
-10.446	10.695
-6.14	10.7
-6.0702	10.969
-8.9689	11.122
-8.099	10.993
-9.8229	10.982
-7.9473	7.3599
-6.3801	6.4534
-10.664	10.182
-7.9473	11.1
-9.1258	11.017
-9.0718	8.4161
-9.6133	9.0527
-7.7669	7.3703
-10.166	10.045
-10.663	11.086
-10.287	10.315
-10.169	10.121
-9.876	10.86
-9.9359	10.507
-9.4365	8.91
-9.1288	11.295
-10.347	10.942
-6.6761	10.815
-6.9665	11.087
-9.947	10.409
-10.073	10.815
-6.8397	11.166
-4.9786	10.638
-10.297	9.819
-3.6299	10.156
-5.9549	10.743
-9.6323	9.0984
-9.5053	9.441
-9.85	10.921
-5.8719	10.863
-6.6761	6.475
-9.6194	9.4201
-8.6584	8.438
-6.3309	10.742
-5.2391	10.657
-7.9021	7.3693
-9.4146	10.841
-10.113	10.423
-9.732	10.795
-6.1522	5.9746
-5.3147	10.602
-10.046	10.9
-7.2403	6.9658
-5.4007	10.557
-5.824	10.713
-7.7174	11.002
-7.3835	11.052
-9.8036	11.365
-8.6901	8.1703
-11.145	11.081
-8.3884	8.2375
-9.2354	11.279
-7.8807	7.3945
-10.129	9.6935
-9.5367	9.1454
-9.5884	9.4212
-7.0129	6.857
-3.687	10.224
-9.8665	10.95
-4.1983	10.201
-9.8261	9.5516
-7.2148	6.9907
-10.537	11.014
-9.0673	8.8533
-10.055	10.971
-10.516	10.69
-9.6883	11.347
-7.5123	7.2901
-10.518	10.872
-8.4831	11.317
-5.116	10.733
-5.1459	10.763
-10.142	10.987
-6.222	10.831
-9.5406	9.0929
-5.9804	5.9919
-4.2784	10.311
-8.9205	11.226
-8.7952	8.6302
-10.572	10.547
-8.1819	11.34
-7.7611	7.6343
-9.967	11.456
-10.823	10.882
-7.9277	7.5588
-6.3749	6.4362
-7.3539	10.954
-10.072	10.564
-6.4806	6.1923
-4.2976	10.529
-4.0804	10.382
-4.3405	10.348
-4.7862	10.593
-7.2428	11.154
-10.084	10.922
-9.2533	10.978
-3.3995	10.133
-9.683	10.417
-9.7236	9.4483
-6.9049	10.964
-10.731	10.772
-8.8633	8.3366
-9.6561	9.3711
-7.5795	11.205
-7.4836	11.113
-10.703	11.481
-8.5779	11.174
-9.3684	10.166
-7.9685	11.043
-9.7539	9.8175
-9.3888	11.397
-8.9006	8.4506
-9.7959	9.7071
-8.7542	11.099
-10.52	10.249
-9.0614	11.269
-8.7432	8.5851
-9.1052	11.376
-6.0023	6.1353
-9.2559	11.209
-8.8528	8.5811
-7.7776	7.4332
-10.092	10.704
-10.184	9.8675
-6.3996	11.055
-9.8554	10.528
-10.164	10.985
-8.4328	11.146
-5.9917	10.947
-9.6179	10.724
-9.7971	10.969
-5.837	5.8348
-10.078	11.178
-10.347	10.059
-6.7681	6.4984
-7.1318	6.9314
-10.072	9.7384
-5.2496	10.608
-7.9725	11.147
-10.127	10.269
-8.4189	8.0687
-10.378	10.239
-9.7862	9.6385
-10.181	11.11
-7.9501	11.074
-10.243	10.017
-6.4486	6.304
-9.3703	8.7781
-6.5769	6.3908
-10.573	10.659
-9.2317	9.1126
-7.782	11.089
-6.5504	10.956
-9.3826	10.815
-6.8517	11.064
-6.5222	6.5909
-6.1387	11.056
-10.152	10.275
-3.8588	10.208
-9.9196	10.56
-8.0066	11.154
-9.9837	11.111
-7.5738	11.146
-9.6028	9.1304
-9.866	9.8966
-6.1003	6.0743
-6.642	11.095
-10.023	9.5506
-8.1953	8.0649
-6.3864	10.896
-9.3341	9.0668
-10.255	10.172
-9.1989	8.6418
-6.3348	6.2707
-9.5025	9.2901
-9.9838	9.7196
-9.8586	10.081
-7.091	11.032
-8.9618	8.556
-7.5336	11.078
-10.258	11.576
-8.8636	11.107
-10.262	10.111
-9.4066	11.058
-10.325	10.275
-8.9852	8.543
-10.319	10.236
-9.8698	10.995
-10.703	11.288
-9.1837	8.7753
-6.3972	11.078
-6.7495	11.03
-9.4969	11.081
-6.73	6.7696
-10.537	10.077
-6.7452	6.5944
-9.9965	9.7844
-9.256	8.9407
-8.0824	11.467
-9.8353	10.765
-8.4847	11.221
-8.9754	8.3578
-10.174	11.491
-8.7334	11.215
-9.9308	9.84
-6.0532	6.0284
-7.4499	7.2894
-10.036	11.333
-10.646	10.778
-9.1306	8.7826
-9.2734	9.4479
-5.8398	10.763
-6.2175	10.984
-3.6644	10.258
-9.2611	8.9435
-5.2861	10.584
-8.9491	10.985
-7.9476	7.4777
-10.174	10.365
-10.491	11.301
-9.4197	10.892
-6.8731	10.905
-8.0844	11.171
-9.4677	11.045
-10.074	10.934
-5.385	10.754
-6.0174	10.609
-9.821	9.4661
-9.7689	11.27
-8.0176	11.205
-8.9485	8.6939
-6.5368	6.5578
-9.6255	10.946
-10.512	10.203
-8.3726	8.2961
-9.3726	9.1892
-10.259	10.47
-8.8913	11.281
-10.521	10.596
-8.5426	10.988
-8.7293	8.3155
-9.4252	8.8783
-9.0082	8.7406
-10.682	11.202
-6.1054	10.828
-10.643	10.398
-9.742	10.95
-5.0353	10.754
-7.6956	7.4097
-8.8026	8.2608
-7.4701	11.188
-5.7967	10.843
-6.9757	11.045
-8.2606	11.178
-9.2186	11.386
-10.171	10.458
-9.8323	11.185
-7.0536	6.6786
-10.117	10.393
-5.5871	10.711
-7.1132	11.047
-9.8851	9.605
-8.0267	7.515
-8.997	8.5701
-10.445	11.15
-10.263	11.008
-9.4903	11.402
-5.6562	10.862
-7.1056	6.7272
-7.7848	11.195
-7.0605	6.7372
-10.489	10.472
-9.2315	11.117
-8.2143	11.306
-9.0263	8.5075
-9.3269	9.0528
-9.4739	11.054
-8.7207	11.347
-7.6448	7.3465
-10.23	10.263
-7.5006	11.008
-10.3	10.822
-9.642	9.5504
-9.7266	11.502
-9.2078	10.815
-9.8035	9.2695
-8.6667	11.312
-7.7797	7.4314
-9.8951	9.7023
-11.212	10.722
-9.3511	8.9941
-5.7326	10.887
-8.6037	11.172
-7.7198	11.074
-3.9909	10.22
-3.2491	10.045
-7.3456	7.0744
-9.7501	11.243
-9.8057	9.7126
-6.8385	10.919
-8.5526	10.87
-9.8419	10.435
-9.7807	10.409
-8.8564	8.4094
-10.58	11.003
-9.1244	8.5827
-9.0833	11.104
-8.0819	7.7282
-9.9234	9.6384
-3.679	10.251
-9.8507	11.513
-9.757	9.3873
-10.699	10.494
-5.5585	10.768
-8.056	11.279
-6.6381	6.6227
-6.8063	10.857
-5.8532	10.946
-8.4874	8.009
-9.8004	10.982
-10.751	10.728
-10.384	9.8794
-9.8059	11.183
-7.2027	11.072
-9.6279	11.448
-10.382	10.656
-5.9228	6.0615
-6.3052	10.728
-10.238	10.889
-6.9727	11.052
-10.023	11.491
-7.7717	11.017
-5.0706	10.705
-8.9981	8.9242
-7.2173	6.8177
-7.4725	7.1213
-9.1338	8.5624
-9.1981	8.7141
-6.9795	10.971
-8.5023	10.892
-5.5485	10.727
-9.051	11.107
-9.5881	9.7549
-10.29	10.339
-4.2147	10.28
-6.4625	6.4671
-8.0932	11.228
-8.4079	11.208
-9.9426	9.785
-8.6043	11.393
-8.2608	8.1721
-9.5432	11.304
-9.6756	10.757
-3.9821	10.427
-10.213	9.6541
-4.5477	10.42
-10.15	10.424
-9.3413	8.8568
-9.9746	10.087
-10.291	9.7546
-6.1592	10.98
-7.7692	11.246
-9.6381	9.0283
-9.8792	11.248
-9.4921	11.285
-7.0673	10.951
-10.007	10.793
-6.1399	5.949
-9.4454	11.095
-10.098	11.169
-6.6088	6.4339
-6.6468	6.3858
-7.081	11.105
-6.4318	6.1633
-10.11	11.527
-7.0958	11.301
-7.9202	7.534
-6.7664	11.006
-10.561	10.248
-7.2158	11.142
-6.0885	6.0291
-8.4524	11.295
-8.7731	8.4068
-10.091	11.545
-10.767	10.881
-6.5544	10.979
-9.011	10.957
-8.8701	8.453
-8.0583	7.8046
-8.7619	8.1574
-8.7043	10.916
-9.9524	9.4428
-8.0874	11.306
-4.769	10.55
-6.4663	10.765
-8.5637	11.25
-7.6991	7.243
-6.2212	10.735
-9.3	8.8939
-7.2934	7.144
-10.143	10.863
-9.6877	9.0262
-8.2047	8.097
-9.297	11.272
-7.4755	7.1724
-9.0333	8.2841
-6.5708	10.826
-6.2441	10.875
-9.2467	8.7358
-9.848	11.439
-9.9911	11.3
-8.1808	11.107
-8.5931	11.271
-7.6809	7.343
-10.106	10.689
-9.0252	8.5596
-10.047	10.647
-9.6225	10.193
-7.8706	11.32
-10.651	10.437
-8.4598	11.164
-9.8601	10.742
-10.042	10.356
-5.1177	10.667
-10.488	11.03
-9.8848	11.108
-9.1904	11.044
-6.3895	6.2227
-8.7246	10.95
-10.22	10.26
-7.47	11.215
-9.329	8.6487
-10.254	10.102
-6.3735	6.3088
-9.1793	10.745
-7.8628	7.3158
-4.6577	10.45
-9.103	8.5623
-5.7315	10.685
-10.183	10.176
-8.5673	8.3909
-7.1881	6.9079
-9.082	11.496
-10.653	10.426
-9.4239	11.372
-6.3921	10.788
-8.5353	7.8036
-10.423	9.8758
-9.012	8.4227
-9.7206	10.179
-5.8198	5.8517
-9.7667	11.287
-9.2634	10.838
-10.246	10.653
-10.234	11.13
-10.809	11.575
-9.6721	9.3436
-8.3118	11.211
-6.8824	6.7092
-9.677	9.1707
-10.443	10.89
-4.7303	10.608
-4.3467	10.529
-8.8297	11.309
-5.8059	5.8313
-10.256	10.698
-4.7728	10.608
-10.59	9.9354
-9.7754	9.4311
-8.8917	8.5848
-5.0666	10.604
-9.9891	9.8841
-9.6273	10.014
-9.8875	10.41
-7.9029	7.4983
-8.9619	8.6127
-7.8063	11.279
-9.5143	11.213
-6.0283	10.713
-9.2979	10.795
-7.2375	11.048
-7.2209	6.9057
-10.895	10.565
-7.5019	7.0396
-10.338	10.486
-7.1359	11.051
-9.3894	9.0754
-8.1653	7.7056
-7.6567	7.3388
-5.2676	10.809
-7.7857	10.941
-10.602	10.894
-7.6853	7.2049
-7.8319	7.5148
-10.291	9.9106
-8.3571	8.08
-9.9393	11.145
-9.4318	10.822
-8.9818	8.4994
-7.1999	7.1288
-4.1817	10.416
-8.7648	8.5077
-9.2085	11.08
-8.1771	11.173
-4.6193	10.472
-7.4273	10.965
-4.4148	10.544
-9.3254	8.9557
-5.8978	11
-7.5546	7.4348
-4.7497	10.653
-6.0304	11.011
-9.9893	9.5401
-9.9028	9.6521
-7.003	11.085
-9.6072	9.3815
-9.7487	9.5102
-6.849	10.968
-4.5799	10.393
-9.9304	11.304
-8.1302	10.858
-6.4076	6.0798
-7.8709	7.5926
-5.6591	5.8496
-6.1986	10.744
-6.4696	6.2069
-9.6961	10.57
-6.9581	11.136
-10.727	9.9678
-9.4763	9.0899
-9.8149	11.324
-5.4877	10.683
-5.7811	10.759
-8.5105	8.0901
-8.4573	11.291
-9.8966	9.5687
-9.0157	11.015
-9.5068	9.1593
-9.4513	9.8281
-8.9417	8.6234
-7.3294	7.3369
-9.8677	9.9663
-9.9513	11.032
-4.4933	10.41
-8.2239	11.018
-7.4137	7.0938
-6.3539	6.2139
-10.507	10.59
-5.8377	5.8739
-5.7193	5.7697
-10.523	10.411
-9.2331	9.0205
-8.2786	7.966
-7.5415	11.325
-7.1042	11
-8.531	8.2957
-6.0931	11.078
-6.2705	6.1819
-7.3982	10.986
-10.289	11.452
-9.54	9.895
-8.0983	11.404
-10.567	10.716
-10.804	10.986
-8.0764	11.208
-9.6326	11.346
-10.649	10.906
-9.941	10.569
-6.3408	6.1195
-9.9858	10.714
-9.6271	11.171
-10.228	11.098
-9.5913	9.1662
-7.2714	11.142
-10.34	10.991
-10.236	11.118
-6.891	11.227
-6.6325	11.068
-5.3772	5.5674
-10.172	10.061
-5.2317	10.713
-7.9481	11.255
-9.4389	9.0547
-4.5852	10.492
-9.9845	11.013
-4.704	10.402
-10.879	11.155
-8.8889	8.4976
-5.5677	10.713
-9.7055	9.6223
-10.117	10.457
-8.8645	11.029
-9.684	9.3658
-10.188	10.325
-3.9711	10.328
-5.3251	10.688
-8.0966	11.223
-8.5911	10.998
-9.253	8.9172
-10.382	10.883
-9.8585	10.43
-7.5453	7.1367
-10.107	11.003
-10.12	10.347
-8.0128	11.349
-9.5897	9.3179
-6.1028	6.0453
-4.8512	10.647
-10.373	11.165
-10.287	10.499
-8.9794	11.364
-4.0685	10.28
-9.6994	10.994
-8.8746	11.425
-10.019	11.423
-9.3751	8.9456
-5.9479	10.741
-5.9034	5.8515
-8.5886	11.314
-4.6239	10.565
-8.9131	11.323
-7.2687	11.101
-6.4984	10.799
-6.2809	10.777
-10.799	10.609
-9.6189	9.3761
-8.9713	11.076
-9.9861	9.9553
-10.277	9.8201
-6.4333	10.849
-10.388	10.142
-9.7497	10.524
-7.7197	11.084
-7.9504	7.4506
-10.131	11.479
-10.209	10.875
-6.0042	10.903
-10.279	9.9098
-9.563	9.235
-8.8614	8.2136
-10.223	10.98
-10.748	10.701
-7.5131	7.2937
-10.232	10.116
-9.6208	9.2552
-9.9177	9.669
-9.9391	10.392
-7.8289	11.302
-9.8944	10.351
-8.4514	7.9731
-6.8207	11.168
-7.5512	11.119
-7.8186	11.283
-10.157	10.879
-8.7103	11.112
-7.2311	6.9418
-9.0656	8.2646
-7.5255	11.122
-4.6368	10.538
-9.9031	10.642
-3.6838	10.062
-10.026	11.245
-10.102	10.411
-9.8835	11.025
-7.4888	7.2592
-9.8633	11.29
-3.8103	10.352
-7.3201	6.8847
-6.8744	6.5785
-9.0234	8.8926
-7.816	7.1858
-9.1555	8.7704
-6.8221	6.8114
-5.6902	10.665
-7.998	7.6463
-7.0549	11.034
-4.5592	10.537
-7.3681	10.871
-7.4497	7.2671
-10.133	10.103
-6.9776	11.103
-10.041	11.417
-4.2997	10.515
-9.9101	9.3208
-8.2225	10.814
-8.2476	10.953
-9.9962	10.661
-10.182	10.154
-6.37	11.012
-10.538	10.632
-9.8059	9.3587
-7.4573	11.165
-8.7348	8.5543
-9.8534	10.622
-10.475	10.386
-7.867	11.124
-10.439	10.632
-8.9194	10.974
-4.1229	10.316
-8.1289	11.123
-6.0676	10.777
-9.9427	10.409
-9.898	9.8312
-8.0249	7.8167
-10.124	9.8296
-8.5671	10.991
-9.8727	9.8794
-6.0893	5.9316
-9.8558	10.416
-6.404	6.2755
-5.0376	10.514
-9.6243	11.245
-9.2945	8.6812
-6.2511	6.2022
-10.011	10.999
-7.7516	11.079
-10.045	9.4584
-6.3721	6.2078
-9.2972	11.075
-10.173	10.926
-10.275	10.377
-8.6061	11.35
-5.2817	10.781
-9.764	11.141
-5.116	10.58
-9.51	11.096
-9.638	10.285
-10.429	10.13
-7.744	11.429
-6.9235	6.6434
-9.5911	9.3298
-6.4749	6.1934
-7.301	7.1279
-3.6562	10.246
-4.9301	10.501
-10.482	10.043
-8.6038	11.233
-5.1788	10.814
-5.8987	10.704
-8.9152	8.7851
-8.3797	7.9024
-9.5762	11.667
-10.377	10.985
-4.4584	10.351
-6.7744	6.5146
-10.655	10.62
-9.6256	11.524
-8.2417	11.343
-9.157	10.871
-9.8008	11.471
-9.4645	9.5052
-6.8521	10.837
-6.2542	6.0452
-4.4146	10.469
-6.8242	6.6258
-5.5722	5.6683
-9.403	11.266
-9.7628	10.515
-7.6113	7.2202
-6.9592	6.9187
-7.5014	7.2884
-3.9062	10.249
-9.2693	11.424
-10.498	10.61
-4.673	10.459
-9.5936	11.428
-7.9965	7.4789
-5.8379	5.8867
-9.7683	9.0668
-10.786	11.22
-9.9725	9.718
-10.412	10.416
-8.9142	8.4379
-11.066	10.36
-10.386	10.437
-9.0766	11.184
-6.9873	11.084
-10.625	10.221
-9.4949	8.9665
-8.1714	7.619
-9.1925	8.6708
-3.2968	10.072
-8.5503	10.854
-9.5892	11.297
-3.6691	10.219
-10.3	10.578
-9.7127	9.3722
-9.7674	11.22
-7.677	7.1617
-10.148	9.6535
-8.3326	8.1632
-10.189	9.8556
-9.2148	8.9113
-10.074	10.55
-6.286	10.868
-9.7167	9.2878
-3.9924	10.41
-8.4204	7.7613
-10.573	11.249
-8.4557	11.189
-10.426	10.419
-8.0243	7.5158
-9.6111	10.612
-9.0147	8.596
-5.905	5.9365
-3.8099	10.349
-7.6274	10.996
-9.3178	11.463
-10.462	10.414
-7.2103	11.053
-8.9074	11.075
-7.684	11.123
-8.6832	11.196
-10.261	10.304
-7.123	6.9429
-7.828	7.4112
-9.4004	10.902
-9.3053	8.8665
-10.17	10.017
-8.6444	11.147
-3.9631	10.395
-9.7664	10.594
-8.3954	11.175
-6.639	10.927
-5.1927	10.674
-8.233	11.24
-3.6135	10.131
-9.2054	11.318
-10.296	11.084
-8.249	11.384
-9.428	11.24
-9.9475	11.102
-9.2589	8.6782
-4.781	10.447
-10.033	9.3005
-8.1138	11.33
-6.2718	6.2379
-10.079	11.544
-10.184	9.7995
-7.2288	11.087
-5.9262	10.914
-9.2222	10.957
-9.5792	11.183
-9.5566	9.0205
-7.0746	6.9171
-7.5947	7.3922
-10.33	9.8038
-8.5671	11.321
-6.1342	10.799
-9.3119	11.05
-9.8066	2.6652
-10.883	6.9675
-7.5992	6.3036
-8.7182	1.7697
-10.752	6.7549
-12.332	5.8612
-12.581	6.5855
-11.479	7.0332
-6.242	5.8617
-13.582	6.4809
-10.33	3.1614
-10.193	6.7488
-10.99	3.9062
-12.726	6.632
-10.444	6.9393
-11.412	4.1474
-8.855	6.5212
-8.0645	1.3376
-10.301	6.5286
-8.233	6.2695
-12.504	5.2896
-9.1812	6.699
-8.3734	1.6099
-10.718	3.7502
-12.544	6.7435
-11.911	6.8082
-12.516	5.7294
-9.5469	6.5439
-12.151	4.9192
-7.5905	6.2041
-12.553	5.6567
-11.775	4.5853
-12.494	6.4525
-12.34	5.0832
-11.514	6.7598
-12.071	5.927
-11.194	6.8205
-12.361	5.385
-11.562	4.225
-11.001	6.5334
-10.001	2.8989
-9.1634	6.3597
-7.3179	6.1557
-9.9724	6.7333
-11.714	6.8654
-10.731	3.6522
-8.8921	6.5861
-7.5203	6.1777
-9.9702	3.1153
-11.416	6.8067
-12.269	5.8589
-12.337	5.5985
-10.677	6.7032
-12.73	5.5033
-7.3653	6.0986
-11.614	6.9945
-11.137	6.9074
-12.584	6.1909
-10.595	6.8241
-11.024	6.7836
-6.9916	6.0307
-10.58	6.5056
-12.345	6.6382
-12.072	4.799
-11.545	4.6458
-9.6063	6.5751
-9.1802	2.2725
-8.8607	1.854
-11.43	4.9858
-11.991	4.7334
-12.111	5.11
-10.795	7.1652
-11.767	6.5563
-6.7122	6.0483
-12.575	6.12
-12.012	6.2807
-6.3501	5.8434
-9.9699	6.6829
-12.369	6.451
-12.194	4.8476
-8.2091	6.1771
-8.731	1.9319
-12.521	6.6337
-10.219	3.3053
-12.206	6.713
-11.515	6.6557
-9.5547	6.7583
-13.159	6.0033
-7.177	6.098
-10.367	3.0356
-12.866	5.9135
-7.0292	6.0027
-11.688	6.5917
-11.725	6.9028
-10.425	6.7164
-9.6143	6.583
-10.233	2.9224
-12.257	5.4307
-11.33	4.1411
-12.125	5.9993
-10.913	3.5728
-10.898	4.0175
-11.568	4.4144
-12.446	5.1918
-11.775	5.6183
-11.99	6.9244
-11.622	5.6102
-10.635	3.5369
-8.4422	6.4153
-10.14	6.759
-12.857	7.0011
-12.368	5.0065
-12.531	5.7481
-6.4073	5.8524
-11.618	4.4772
-9.0626	2.1305
-11.841	5.4675
-11.619	6.3736
-8.8496	1.9924
-11.983	4.7142
-12.41	6.3765
-10.995	3.7508
-8.661	6.6459
-11.111	3.9176
-11.814	5.6509
-7.0266	5.8697
-9.82	2.8592
-10.391	3.3967
-9.148	2.1829
-11.456	3.8719
-8.5795	6.5506
-10.457	6.5784
-11.529	6.9392
-7.9244	1.2705
-9.6311	6.81
-9.7781	2.7864
-12.599	5.4984
-9.3883	2.1537
-10.219	3.242
-12.081	6.1053
-10.295	3.0737
-8.5785	6.3841
-12.465	6.6557
-11.292	4.2467
-10.75	3.867
-11.87	5.4917
-10.713	6.9745
-9.4082	6.7028
-8.7629	6.5807
-12.565	6.8788
-7.571	6.2299
-11.451	4.5952
-9.2886	6.6354
-9.7277	6.5245
-11.3	6.7826
-10.87	6.8379
-11.909	5.1062
-11.203	3.8406
-7.9247	6.3621
-11.868	6.7718
-8.6747	1.7855
-10.68	3.4047
-12.331	5.1944
-11.859	4.6646
-12.219	6.5647
-10.812	6.6753
-5.1944	5.4381
-9.9831	6.892
-12.539	5.5304
-9.9842	2.8536
-6.3958	5.6999
-12.518	5.6581
-10.844	3.6925
-8.7435	1.8279
-12.545	5.9698
-8.4716	1.6736
-10.316	6.4809
-8.519	1.7693
-10.551	3.1478
-10.957	6.6806
-10.757	3.7417
-10.001	2.7743
-9.3657	2.5318
-11.205	6.7385
-10.486	6.8771
-8.3525	1.5667
-12.862	6.0653
-12.669	5.926
-8.0581	6.334
-12.054	6.2743
-7.9291	6.4108
-6.2588	5.9529
-7.7575	1.2256
-9.7635	2.884
-12.419	6.8227
-12.491	5.6921
-9.1694	2.0834
-13.069	6.8927
-10.654	3.5011
-10.152	6.8518
-10.585	6.6841
-9.5482	6.8058
-11.413	6.3825
-11.937	5.5353
-10.193	3.122
-8.0067	6.2969
-10.085	3.0135
-12.139	6.613
-11.892	6.637
-9.0654	6.5541
-11.334	4.3162
-11.782	6.6533
-12.454	5.3923
-10.96	7.0013
-11.903	6.8825
-8.9992	6.5729
-8.0176	6.2689
-7.123	6.0911
-10.536	3.1017
-12.195	6.2816
-11.665	4.3264
-9.088	6.7148
-8.0837	6.3886
-9.4977	6.6191
-9.4603	6.5356
-12.117	4.848
-12.122	6.2253
-10.796	7.0331
-7.8953	6.4665
-12.147	4.9378
-8.4208	6.2274
-11.549	7.1614
-9.028	2.0761
-11.553	4.4531
-12.674	6.1415
-12.608	6.0771
-11.406	6.7723
-9.438	6.5862
-7.6692	6.2402
-6.4286	5.9348
-10.136	6.5436
-11.686	6.7189
-12.345	5.9586
-8.542	1.6006
-11.622	4.6609
-11.482	6.8722
-9.1094	2.153
-9.2463	6.6496
-11.931	5.0398
-9.0405	2.1218
-10.581	6.8297
-7.1363	6.2149
-8.7318	6.5545
-9.5518	6.7475
-7.9939	6.5338
-8.158	1.4046
-12.423	5.1049
-12.279	5.595
-12.427	6.7223
-8.4081	6.3464
-11.873	5.2913
-12.525	6.6077
-7.2319	6.0977
-11.916	6.7902
-12.687	6.7223
-7.5839	6.3122
-9.0566	2.1003
-11.17	6.6333
-11.843	6.8258
-10.322	3.2342
-12.044	5.139
-9.2913	6.5031
-12.117	4.9742
-11.959	4.7474
-12.86	6.3232
-9.8769	6.6559
-8.3607	6.3375
-10.894	3.9169
-12.341	6.9591
-5.845	5.7319
-11.733	4.5651
-10.312	6.7744
-8.9097	2.1729
-11.221	6.5372
-9.1827	2.1538
-12.231	6.6088
-12.477	5.4748
-12.779	5.7711
-7.7918	6.3223
-7.7112	6.2636
-11.689	5.9342
-10.464	3.3048
-9.9544	6.8465
-11.897	4.9787
-8.9263	2.1452
-10.015	6.7443
-12.162	6.4728
-12.47	5.5511
-10.752	6.6706
-6.6963	5.8733
-6.1563	5.8061
-10.89	6.6564
-8.5442	1.8191
-12.833	6.2473
-10.776	6.9538
-8.9939	6.6547
-11.706	6.9847
-12.471	5.0078
-12.658	5.6671
-11.556	4.3462
-6.6368	5.8281
-8.7152	1.8224
-10.215	3.3361
-9.6554	2.5775
-8.0634	1.3917
-12.791	6.6392
-11.784	5.1589
-12.586	5.2058
-10.68	3.41
-6.4529	5.9327
-11.699	6.6937
-11.488	6.8361
-6.7882	5.9344
-8.0694	6.3187
-6.0175	5.8586
-11.664	5.9567
-10.236	2.8765
-7.235	5.9979
-9.6627	2.8916
-11.652	6.6157
-10.17	6.3667
-12.171	6.5467
-13.038	6.667
-9.3445	2.188
-9.8744	2.7615
-6.565	5.9553
-10.985	7.1962
-11.634	6.7456
-11.479	4.6514
-12.51	6.0372
-12.616	6.2331
-6.4536	5.9748
-11.31	6.5342
-7.9522	6.2278
-13.014	5.9326
-11.883	5.8632
-8.849	6.3791
-11.74	6.3411
-10.894	6.8898
-10.672	7.0202
-7.8199	1.254
-12.731	6.49
-7.1872	6.0907
-13.106	6.7293
-10.084	6.6471
-11.696	6.5164
-8.9207	2.1024
-12.385	5.6763
-12.192	5.0789
-10.04	2.9281
-5.4965	5.5757
-10.231	6.7211
-8.792	1.8674
-9.5249	6.6733
-7.8386	6.1922
-8.9503	6.4104
-12.869	6.7739
-11.733	4.4315
-12.308	6.1756
-12.245	6.5382
-9.163	2.2457
-11.698	4.6295
-9.1135	6.8444
-8.4815	6.3676
-12.627	5.3859
-8.5539	6.4443
-10.657	6.7297
-5.8783	5.7297
-11.936	6.3458
-11.848	5.077
-10.941	6.9001
-8.003	1.3276
-9.9875	6.641
-12.737	6.5441
-9.7483	2.5966
-10.99	4.1148
-11.578	6.9625
-10.382	6.4644
-9.5817	2.538
-6.1988	5.7888
-8.872	2.0803
-11.529	6.8048
-8.5989	1.6237
-10.143	6.8666
-6.5635	5.7999
-11.156	4.0902
-10.149	3.0071
-11.133	6.7454
-11.351	4.1695
-11.746	6.8817
-10.166	6.4422
-8.0874	1.3507
-11.533	4.3809
-6.4591	5.8518
-12.35	5.3201
-12.84	5.82
-5.5818	5.6043
-10.372	2.9437
-11.34	6.287
-12.155	5.7509
-12.982	6.4043
-8.8164	1.9152
-11.224	6.6347
-12.425	6.5785
-12.869	6.6618
-12.199	5.6205
-7.9069	1.3508
-7.6172	6.3757
-11.704	6.5439
-10.72	6.7512
-9.0993	6.6668
-11.833	5.0402
-9.2523	6.4201
-7.5212	6.1612
-9.0021	6.5217
-11.992	6.9389
-8.0184	6.2788
-8.7111	6.445
-9.1202	2.3421
-11.383	4.1509
-10.183	7.0507
-8.5992	6.3975
-10.945	3.9422
-12.149	6.5255
-6.4068	5.893
-6.0978	5.8196
-10.2	3.3743
-9.282	6.6639
-11.308	6.5632
-9.0923	6.5629
-10.959	6.8523
-7.8399	6.2335
-12.018	5.5059
-12.28	6.5603
-8.4367	1.6373
-8.8604	1.9749
-9.8154	6.3856
-11.44	4.2095
-12.217	5.1238
-9.1023	2.1758
-7.5982	6.3132
-11.928	5.4775
-6.7365	6.0154
-5.7043	5.6192
-7.9344	6.4355
-7.7429	1.2858
-9.4436	2.3642
-7.5807	6.3169
-12.057	5.5538
-12.551	6.0012
-10.196	3.2677
-9.9226	6.5956
-11.665	6.9853
-8.7901	1.6824
-6.7375	6.1565
-12.721	5.4074
-9.1834	2.0356
-10.304	6.8046
-11.826	4.7777
-10.736	3.3688
-12.028	6.6159
-9.4267	2.3039
-7.7051	6.1797
-12.729	6.1591
-9.5806	2.6738
-8.4183	1.6095
-11.397	4.1478
-12.271	5.9337
-10.063	2.9615
-11.932	5.6167
-8.9897	6.5818
-12.086	5.7273
-12.055	6.1568
-11.95	5.8374
-7.2187	6.1371
-6.0155	5.7865
-12.123	5.9284
-9.7947	6.7207
-6.8544	6.1239
-12.261	5.8382
-7.8066	6.1353
-12.544	6.1675
-12.367	6.1037
-12.281	5.6176
-9.0888	2.3188
-12.315	6.7767
-9.6106	2.5543
-8.0085	6.3175
-8.6999	6.5365
-11.144	3.7861
-10.149	6.6968
-11.527	4.6206
-12.346	6.4134
-9.1625	6.4883
-12.13	5.1866
-10.593	6.8906
-11.15	3.8785
-12.603	6.6913
-7.897	6.2084
-8.4433	1.9854
-10.823	6.9945
-9.796	2.6511
-9.9109	6.7309
-7.4627	6.1473
-5.4877	5.5888
-9.0071	2.0926
-12.034	6.4163
-7.3023	5.9451
-12.094	4.9042
-10.766	6.8087
-9.7677	3.0187
-7.8436	1.3111
-12.434	4.8786
-12.257	7.04
-11.44	6.6795
-13.14	6.1066
-8.7288	1.748
-11.27	6.9363
-7.2835	6.1807
-10.795	3.6015
-12.907	5.8907
-12.644	6.9552
-7.7071	6.2976
-10.891	3.5177
-11.401	6.6635
-12.192	6.3383
-9.6785	6.5144
-11.952	6.0446
-10.302	3.2135
-12.609	6.3354
-12.054	5.3532
-11.755	6.8824
-9.579	6.6729
-9.8301	6.7557
-11.977	6.8887
-11.87	4.6596
-10.991	7.0942
-12.216	5.0483
-11.839	7.0682
-7.5319	6.1204
-10.81	4.0216
-9.1707	6.6246
-7.0265	6.1622
-12.473	6.8101
-9.4885	2.4979
-9.3053	2.3069
-12.144	5.1837
-11.544	6.8346
-6.0426	5.8647
-8.3609	1.4736
-10.866	6.8854
-12.453	5.2387
-12.69	6.5779
-12.958	5.8486
-12.199	6.6275
-12.366	7.0276
-11.688	4.6683
-10.991	3.8395
-12.442	6.3686
-12.253	5.2127
-11.932	5.906
-11.333	4.3873
-9.6097	6.6535
-10.801	3.7028
-9.6834	6.6878
-10.176	3.0753
-10.97	4.3822
-11.763	4.9496
-8.9604	6.4486
-11.699	7.0757
-11.845	4.9572
-8.2865	1.4788
-12.411	5.848
-12.861	6.1013
-8.9464	6.4311
-9.4031	6.5116
-9.908	2.7051
-11.089	6.6316
-12.041	5.2524
-11.843	6.6415
-9.2646	6.5216
-8.0825	6.2143
-11.012	3.9217
-12.082	5.0027
-12.083	6.669
-8.56	6.4788
-11.819	4.7758
-9.2417	6.3348
-10.186	6.578
-12.184	4.9888
-11.049	4.0063
-13.087	6.7644
-12.541	5.8379
-12.197	6.6927
-10.099	3.0416
-9.2591	2.4076
-9.956	6.5696
-8.1801	1.3668
-11.936	6.6589
-12.612	6.4149
-12.271	6.0577
-10.57	6.4764
-11.54	6.9613
-12.838	5.6446
-6.5001	6.0434
-12.427	5.7092
-10.899	4.0896
-11.517	4.551
-12.175	5.8333
-6.3202	5.6593
-12.979	6.4622
-7.1425	6.1676
-11.517	6.9469
-11.808	4.5811
-11.439	4.5066
-11.752	6.8214
-12.633	6.4691
-9.1232	2.159
-12.289	6.4518
-12.524	5.5158
-12.063	5.2128
-8.5701	1.8027
-12.79	6.8538
-8.0378	1.3255
-11.767	4.7011
-9.7808	2.6523
-11.175	3.9304
-8.4743	1.6168
-10.92	4.1043
-11.257	6.5435
-12.242	5.0813
-9.2957	6.4831
-8.7196	6.558
-7.5102	6.2052
-7.6034	6.2959
-9.1776	6.4611
-10.928	6.6939
-11.863	6.8165
-12.447	5.3937
-10.731	6.8007
-9.7563	2.6019
-11.114	4.5728
-12.227	7.063
-13.046	6.0238
-8.256	1.4263
-12.528	6.544
-11.358	4.3021
-11.808	6.0633
-8.2621	1.4444
-11.835	5.6267
-9.9281	6.7635
-6.4566	5.8592
-12.662	6.7264
-8.4159	6.3453
-11.942	6.5841
-8.6568	6.4647
-9.7866	6.735
-12.607	6.1383
-8.627	1.6634
-12.33	6.2645
-8.4435	6.3523
-11.333	6.9592
-11.102	6.7255
-9.5542	6.5499
-12.164	5.6333
-9.6373	2.5107
-6.5105	5.8206
-9.5183	2.3589
-12.554	5.6364
-9.3504	6.4904
-13.137	6.5509
-8.4586	1.5558
-10.704	6.5156
-12.493	5.8685
-6.9413	6.1609
-12.344	5.3293
-5.9254	5.7708
-8.8479	2.0275
-12.329	5.6875
-8.613	1.7885
-12.256	6.3763
-5.9895	5.7495
-12.814	6.0541
-12.672	6.3249
-11.179	3.9487
-11.579	4.8078
-10.631	3.5302
-9.2126	6.5386
-12.407	5.5486
-11.536	4.4357
-8.3688	6.1785
-11.411	4.5797
-11.675	6.0408
-9.0648	2.3372
-12.318	6.3711
-10.948	3.7569
-12.42	5.9359
-12.34	5.0937
-11.69	6.7062
-10.971	4.0545
-12.129	5.8141
-11.282	3.9459
-11.002	3.6809
-12.108	5.191
-12.595	6.3916
-8.393	1.5659
-10.483	6.7416
-10.415	3.4899
-11.511	6.7475
-11.328	4.287
-11.992	6.006
-12.19	6.5217
-9.9828	2.8426
-7.331	0.93386
-9.5594	6.6617
-11.883	4.6053
-12.521	6.1273
-12.305	6.0731
-11.372	4.2873
-11.967	4.794
-10.847	3.6563
-12.802	5.6689
-9.6043	6.8445
-10.069	6.6066
-9.1932	6.5875
-7.5511	1.1291
-11.573	6.0296
-11.819	5.2503
-9.8258	2.6736
-6.3224	5.9973
-11.323	4.2649
-7.336	6.1741
-8.3467	1.6175
-11.752	7.0814
-11.182	3.8559
-11.623	6.0359
-11.418	4.7755
-7.598	6.2746
-6.6365	5.9956
-9.7135	2.6138
-10.074	2.8927
-11.779	6.8687
-10.193	6.7185
-12.195	7.1889
-11.788	4.9951
-8.0293	6.4402
-8.4165	1.5236
-8.4046	1.7025
-10.19	3.3306
-9.245	2.2313
-6.1895	5.8832
-12.663	5.9048
-12.226	4.9787
-11.923	6.4318
-12.513	6.2941
-12.731	6.1803
-12.706	6.4428
-8.9636	2.0837
-11.698	6.8735
-10.123	6.5689
-11.035	6.7306
-12.664	6.3884
-9.3255	6.5578
-10.735	3.5762
-12.036	5.1145
-9.1275	6.304
-12.244	6.8638
-11.213	4.379
-11.142	4.0716
-10.601	3.4436
-11.78	4.6706
-11.097	6.9337
-12.031	5.8069
-12.487	5.9278
-12.099	5.3798
-10.6	6.5198
-8.9145	6.4791
-12.008	5.398
-9.3896	6.7512
-9.6184	6.7954
-10.693	7.0455
-9.4502	2.5148
-9.2129	6.6912
-12.151	6.0574
-9.4626	6.8759
-12.523	6.3532
-11.21	7.1683
-11.982	4.828
-11.973	4.9446
-11.178	6.7957
-7.6184	6.3092
-11.214	3.8931
-10.366	6.6535
-11.19	4.2051
-9.802	2.6738
-8.3222	6.3733
-10.863	6.5187
-12.664	6.2059
-8.9915	2.1002
-7.8544	6.2919
-11.974	6.358
-10.916	3.9803
-11.27	3.9522
-9.5251	6.5898
-11.93	6.915
-12.923	6.821
-12.22	4.9537
-11.794	4.6209
-9.4609	2.3754
-8.6508	6.3613
-10.599	6.6188
-8.97	6.5385
-11.963	6.6745
-11.102	3.9187
-9.6327	2.4717
-11.821	6.7152
-12.165	6.577
-8.1442	6.4968
-11.602	4.8465
-11.055	3.8907
-10.595	3.7341
-7.2224	6.1411
-12.74	6.6679
-10.892	6.6862
-12.088	4.9712
-11.997	5.1564
-12.07	6.9203
-7.9641	1.2746
-8.0045	6.2738
-11.409	3.9879
-10.882	6.8536
-11.783	5.3297
-6.6315	5.9106
-11.653	4.5003
-11.874	6.8149
-9.9423	2.7605
-7.8496	6.4838
-12.508	6.0336
-10.428	6.8221
-11.679	4.7894
-8.8121	1.9561
-11.668	6.8086
-12.187	6.9472
-11.073	6.6404
-11.364	6.8308
-7.7957	6.4464
-8.8629	6.4635
-12.352	6.6281
-11.251	4.0896
-10.729	6.8022
-12.081	6.0072
-8.0276	6.3324
-10.558	3.5272
-10.378	6.8795
-9.9491	2.7621
-8.2721	6.3045
-7.561	1.0487
-10.85	6.7491
-11.043	6.8029
-12.083	6.1267
-8.1869	6.4346
-11.833	6.2586
-11.851	4.6828
-10.925	6.7804
-6.4836	6.0189
-9.6953	2.653
-12.484	5.6167
-9.8395	6.6443
-8.4226	6.4177
-12.175	6.8461
-10.764	6.7981
-11.803	4.5014
-10.073	6.5919
-12.185	6.0119
-6.3373	5.9634
-8.3521	6.4627
-12.095	6.9187
-12.261	6.7395
-12.837	5.8
-12.653	6.9099
-7.0446	6.0873
-11.461	4.3716
-10.901	3.8708
-13.301	6.4023
-7.1703	6.1627
-11.956	6.8033
-12.408	6.0165
-12.821	5.7817
-11.919	5.1673
-5.6447	5.6324
-8.4662	6.4198
-8.503	6.5852
-10.759	3.6356
-11.78	5.7699
-11.064	6.7237
-10.491	6.7525
-12.789	6.7175
-11.095	4.0694
-11.156	6.2471
-12.169	5.5756
-11.507	5.9699
-10.176	6.4946
-12.782	6.6698
-11.678	6.6825
-8.8433	1.8843
-12.048	5.0054
-9.578	2.7967
-11.274	4.4247
-8.8714	1.7668
-9.7051	6.6974
-11.729	6.913
-11.408	4.0945
-9.0545	2.16
-11.352	6.5083
-8.4473	6.4381
-9.0023	2.356
-12.857	6.6159
-11.672	5.3983
-10.156	3.0996
-12.888	6.1331
-12.022	5.3219
-7.2673	6.3344
-9.8655	6.7434
-5.5726	5.6435
-8.2268	6.4941
-8.9064	1.9868
-12.463	6.6404
-11.98	5.8581
-13.095	7.1098
-12.073	6.8874
-10.639	6.5468
-11.289	6.7224
-12.868	6.0149
-10.226	2.9575
-11.448	6.6127
-10.722	3.6141
-12.358	6.5257
-6.5652	6.0185
-12.865	6.1687
-8.6969	6.4575
-12.888	6.1913
-7.749	6.4374
-9.1656	6.4756
-5.7471	5.621
-12.853	6.1012
-13.131	6.4718
-12.33	5.6419
-11.111	6.7273
-12.869	6.2158
-9.2038	2.2597
-12.429	5.5268
-12.595	6.0988
-9.5525	6.7041
-9.7433	6.8733
-7.8011	6.2707
-11.45	4.5027
-11.66	6.8769
-11.252	3.86
-10.382	6.6262
-11.7	4.7319
-7.8173	1.3473
-10.339	3.0082
-7.8767	6.2694
-12.382	5.1369
-8.2899	6.6527
-9.4637	6.5323
-12.398	6.2033
-12.875	6.4513
-11.52	4.1935
-10.981	6.549
-9.1895	2.3306
-12.289	6.4101
-10.905	3.7464
-11.555	4.3202
-10.215	6.7493
-12.81	6.2842
-12.35	6.3986
-9.791	6.6567
-12.306	5.0563
-10.051	3.0882
-12.815	6.7767
-12.31	5.6401
-12.589	5.3874
-12.059	5.3019
-8.1741	6.4405
-12.175	6.1315
-10.296	6.5439
-10.147	3.1106
-12.461	5.057
-8.1523	6.4536
