27.49 22.364
29.765 23.174
19.53 26.775
23.394 28.113
25.24 21.792
26.224 28.095
22.524 22.193
24.591 21.466
29.039 22.017
28.358 27.315
19.331 24.217
30.895 25.367
21.587 22.715
27.907 28.337
30.783 25.369
30.837 24.861
20.211 22.909
28.248 27.772
31.563 25.079
27.249 22.419
23.717 21.673
19.668 26.08
18.229 23.543
31.245 23.174
30.906 22.681
26.305 28.27
28.125 27.892
18.772 26.613
23.743 21.56
19.55 23.289
24.325 28.617
22.166 27.467
20.606 22.471
23.896 22.015
18.768 25.843
30.856 23.113
19.649 22.966
21.495 22.221
24.376 28.105
31.586 26.318
30.746 23.713
26.687 27.669
31.754 23.897
20.583 26.793
26.839 21.527
25.326 21.349
27.641 22.429
23.501 21.606
18.816 24.976
31.22 23.61
28.53 27.995
24.483 21.663
19.563 25.777
28.119 22.689
22.676 22.165
31.072 26.498
18.767 25.352
31.074 24.739
19.727 22.737
19.375 25.591
24.546 21.971
20.116 26.516
18.936 26.072
31.841 26.237
26.837 27.891
29.643 22.687
18.939 27.181
31.174 26.198
28.806 22.793
26.544 28.245
26.165 21.776
23.027 22.365
27.858 28.33
29.785 22.8
25.77 22.068
28.514 27.754
23.577 28.411
29.169 22.931
28.544 22.54
18.566 25.518
26.644 21.842
27.442 21.949
19.939 23.215
20.667 27.701
30.8 23.537
30.447 24.506
26.815 22.114
27.479 21.969
19.906 23.533
22.676 27.526
25.107 27.789
21.062 21.803
19.455 25.609
30.949 23.179
21.1 22.027
28.846 22.044
17.965 25.16
23.134 21.484
20.354 22.688
30.274 23.089
24.95 28.505
30.684 25.223
27.937 27.617
19.751 26.322
31.286 24.532
23.144 22.38
22.206 22.547
30.819 24.621
19.324 27.199
21.006 28.116
18.844 26.38
31.66 25.503
29.9 22.763
29.449 27.743
17.94 24.674
29.207 27.849
20.496 27.098
31.566 25.133
23.506 27.968
21.949 22.504
22.487 28.111
31.188 26.962
28.223 22.535
28.926 27.356
30.419 27.467
28.813 27.084
21.173 27.169
24.198 28.419
22.491 22.266
19.963 26.21
18.667 24.971
27.766 21.721
22.791 21.813
27.506 28.462
25.887 28.04
21.753 27.309
28.877 22.655
20.31 27.715
30.196 26.968
18.259 23.995
19.037 25.798
24.448 28.452
30.954 26.399
25.476 21.698
19.061 24.001
23.286 21.796
18.815 23.731
31.298 24.605
31.336 26.703
30.883 24.429
19.164 24.83
23.344 27.836
25.714 27.852
19.452 24.36
21.478 27.485
30.715 26.306
21.991 27.881
32.187 24.743
29.872 26.35
18.624 23.229
25.088 28.042
26.845 21.65
31.029 25.93
24.033 27.934
29.772 27.278
20.027 26.963
28.878 23.009
30.715 25.384
30.346 26.241
18.362 26.139
28.748 27.922
21.552 22.352
18.804 25.4
30.553 25.709
20.334 26.584
22.565 27.921
28.182 28.151
30.693 23.15
18.751 26.407
23.072 28.568
21.708 22.717
22.807 22.23
19.723 26.16
32.312 25.392
26.116 28.519
30.74 26.615
18.888 24.085
22.424 21.835
20.73 22.164
21.249 22.513
31.027 24.411
19.532 23.271
19.709 23.75
31.184 24.806
32.02 26.282
29.364 23.024
25.966 28.638
30.894 26.736
18.977 23.276
25.025 28.106
23.817 28.336
30.864 25.338
22.442 27.871
17.682 24.215
19.185 25.67
24.153 21.816
25.071 28.383
22.379 27.455
29.823 23.183
26.498 22.219
32.509 25.027
18.247 23.641
19.203 24.181
31.122 25.247
17.946 26.092
25.991 21.665
30.261 26.392
29.717 22.748
30.044 26.665
31.807 24.223
17.784 25.644
27.844 22.243
22.842 22.416
22.047 28.157
18.851 24.201
21.742 27.869
17.808 24.68
26.553 21.768
22.919 28.355
18.757 22.991
29.216 27.678
29.217 27.522
28.081 21.602
25.751 21.786
30.119 23.947
30.734 25.072
18.357 24.145
29.924 22.51
18.864 25.811
25.189 21.665
30.819 25.888
31.563 26.631
31.226 23.336
32.053 24.432
19.038 23.715
31.17 25
24.333 28.158
25.663 27.918
22.818 28.475
31.107 23.372
25.131 27.828
21.564 27.861
23.384 28.147
30.395 22.486
28.693 22.128
29.992 23.732
24.606 21.682
20.383 23.064
26.39 22.198
19.065 24.613
18.291 26.044
21.459 22.244
19.081 25.347
26.593 27.671
27.159 21.939
21.377 22.912
21.139 27.57
20.937 22.403
27.102 27.805
28.263 22.13
18.822 26.162
18.274 25.046
25.471 22.008
22.135 21.974
31.127 25.588
21.384 28.142
20.397 23.384
30.143 26.799
18.39 25.652
21.807 27.916
19.642 26.049
18.734 24.917
30.308 26.584
22.403 27.882
28.421 27.619
29.99 23.111
31.042 24.987
31.284 26.65
19.635 26.414
20.081 23.665
31.924 26.134
23.658 22.006
18.137 25.484
18.521 25.872
30.213 23.997
27.235 28.099
20.057 26.695
31.436 25.068
30.874 25.292
25.234 27.804
30.618 23.396
27.793 21.683
24.955 28.748
22.67 28.5
29.156 27.778
17.7 24.265
19.409 25.189
22.366 21.702
30.662 25.19
21.002 27.518
21.557 28.133
25.479 28.595
31.161 24.775
17.735 24.539
23.606 22.227
18.199 25.396
19.346 24.925
30.559 23.162
21.475 22.204
23.422 22.114
18.573 24.461
21.733 22.45
19.429 24.922
29.188 22.765
27.285 22.377
30.574 26.655
31.567 25.251
23.675 27.705
28.77 27.705
29.391 26.738
22.728 28.33
24.822 28.118
29.369 27.465
28.732 21.783
19.258 26.824
30.522 22.61
22.004 22.176
23.666 28.14
29.538 22.335
19.479 23.636
28.485 22.47
22.79 22.267
26.407 28.106
30.427 26.437
24.946 21.385
18.771 25.248
26.136 21.869
20.598 22.923
27.32 28.5
31.387 23.914
30.342 27.19
18.744 25.41
30.938 24.181
25.44 21.949
22.072 21.928
23.339 21.811
31.709 26.014
18.988 24.024
30.366 24.273
22.898 28.271
30.847 22.672
27.764 28.434
28.66 27.384
31.25 24.829
31.089 23.362
19.832 23.082
19.371 23.54
32.11 25.047
21.62 22.093
19.16 24.634
31.31 25.48
20.081 26.948
18.36 25.714
19.082 23.511
25.139 28.263
19.337 25.275
28.305 27.715
27.556 27.775
22.808 28.545
25.369 21.816
28.177 28.272
28.338 22.754
31.096 25.968
19.912 27.677
24.516 28.158
24.098 28.406
31.202 24.621
29.888 22.766
23.139 22.122
27.935 27.474
26.708 21.564
28.677 22.887
23.988 28.003
19.847 27.41
20.089 22.385
20.335 22.232
22.263 27.646
19.567 25.691
20.847 27.574
30.886 25.298
17.828 25.407
31.592 25.329
18.306 24.553
24.07 27.803
21.645 27.704
20.886 26.949
30.657 25.947
21.636 28.334
26.074 28.093
24.424 21.978
26.472 21.404
18.904 23.996
18.833 26.355
19.333 25.447
23.64 28.319
32.066 24.973
28.691 27.133
23.551 21.787
22.553 22.489
18.855 26.401
30.9 26.158
18.784 23.964
22.903 27.893
21.591 27.431
20.567 27.412
24.384 28.564
30.429 23.954
23.078 27.715
19.974 26.35
18.912 26.406
27.499 27.938
31.304 26.162
24.918 28.22
22.993 27.885
19.202 24.829
22.548 28.437
24.015 28.568
32.258 25.449
22.301 28.086
27.359 21.994
20.651 22.312
20.689 22.537
26.988 21.642
25.944 28.352
19.847 22.435
22.331 28.455
26.046 21.386
28.774 27.382
24.736 28.384
28.995 22.284
26.521 28.329
22.886 27.948
24.61 21.856
31.867 23.73
20.083 27.432
26.579 21.74
30.738 24.067
24.075 21.558
23.365 28.21
26.067 27.826
30.642 24.399
19.148 24.249
31.678 25.44
30.807 25.428
30.676 24.296
24.544 21.694
18.29 25.166
29.903 22.392
27.611 22.286
28.678 28.148
25.472 27.947
29.132 22.805
21.523 27.181
21.093 27.455
19.467 26.978
21.389 27.615
19.024 26.607
18.844 24.574
22 22.628
28.716 22.773
22.427 27.552
28.106 21.789
30.305 23.462
29.79 23.092
18.513 26.202
29.587 22.612
21.455 22.74
20.834 21.905
18.807 23.133
29.702 26.687
30.567 24.01
30.052 23.616
25.561 28.738
31.356 24.044
29.945 22.513
20.176 26.955
19.583 22.866
21.691 27.464
21.411 22.57
21.259 21.773
21.11 22.161
22.348 22.292
17.956 25.232
23.007 21.721
18.461 25.324
32.234 25.286
31.421 25.503
21.286 22.559
28 22.405
23.128 22.346
31.187 25.045
22.933 22.285
25.117 28.087
31.05 24.777
30.939 23.294
18.036 24.346
28.958 27.678
28.435 22.459
28.845 27.602
19.617 26.781
32.264 25.003
20.447 23.045
18.881 26.817
26.322 21.391
30.181 27.376
19.686 26.656
17.963 25.066
31.775 25.769
29.648 27.807
32.44 24.635
31.949 24.254
26.416 22.002
20.342 26.761
28.705 22.189
29.878 27.332
19.308 26.2
18.139 24.403
20.735 27.487
25.137 28.052
18.809 24.516
29.32 27.234
24.655 22.177
30.81 25.521
26.386 28.529
31.923 26.157
28.951 22.307
22.265 21.807
24.612 21.297
18.827 23.824
28.63 22.542
18.888 25.003
30.499 22.672
19.231 24.38
28.169 27.408
20.178 23.533
19.265 26.644
18.28 25.707
27.173 28.101
18.512 24.557
30.007 23.812
25.375 28.592
31.595 26.364
26.943 28.442
18.826 23.218
28.235 22.681
20.316 23.162
29.728 27.699
24.736 21.702
29.621 27.118
29.978 26.336
19.264 23.613
27.502 22.115
32.079 25.748
19.363 26.632
18.322 23.329
28.187 22.322
22.87 28.58
18.141 23.604
28.407 27.579
31.58 23.976
18.616 26.671
19.27 26.314
19.8 23.554
29.849 23.415
31.493 24.79
21.72 27.964
25.235 21.954
24.241 21.977
23.813 21.404
22.15 21.978
25.286 22.023
30.779 26.62
19.322 23.379
18.593 25.804
20.746 27.281
23.074 27.92
25.336 21.829
26.174 22.008
29.601 27.722
30.509 23.568
28.925 27.431
28.699 22.633
27.651 21.874
20.79 22.645
27.137 21.946
31.086 22.876
22.17 21.97
18.727 23.231
32.065 24.877
26.079 22.092
20.464 26.789
19.247 26.19
21.72 22.229
27.775 22.146
28.729 27.593
30.786 23.87
21.598 21.811
19.969 22.219
22.051 21.674
18.331 25.826
21.948 27.597
19.001 26.303
20.237 27.797
29.717 22.382
21.993 21.636
31.7 26.553
23.234 21.594
31.169 25.11
20.828 22.884
25.606 21.653
25.413 22.163
21.135 27.887
20.432 22.275
22.687 22.42
20.877 27.02
30.001 23.428
30.942 24.118
19.416 26.441
23.493 28.029
26.021 22.037
28.629 27.244
27.527 27.854
22.344 28.091
18.976 24.494
22.636 27.683
28.022 28.042
20.06 22.283
22.163 22.603
21.604 22.494
20.081 23.349
30.902 24.266
23.113 21.529
28.14 22.128
28.297 22.133
21.912 27.767
20.993 27.475
29.613 23.16
20.175 26.636
24.279 28.634
30.827 27.13
20.123 26.358
24.933 21.833
31.83 25.443
19.893 26.404
30.711 25.071
30.565 25.077
17.964 25.295
20.178 23.451
27.15 21.906
29.25 21.93
17.985 25.313
21.36 27.731
29.519 27.565
19.263 25.759
29.376 23.18
17.909 24.421
30.57 27.454
19.303 26.442
25.107 28.617
21.865 27.653
29.803 27.084
21.858 28.379
19.089 24.055
18.646 24.971
23.067 28.376
19.028 23.492
19.937 22.996
28.56 21.829
27.977 22.587
18.202 26.288
25.788 21.485
22.791 27.875
26.03 28.157
19.343 22.937
30.917 22.934
31.309 23.361
31.912 26.07
25.791 28.168
28.095 21.887
19.87 22.55
32.231 24.889
31.428 23.158
20.305 27.872
21.949 27.893
26.732 21.373
19.299 26.517
26.972 27.643
32.356 25.672
30.23 26.743
30.422 24.292
21.307 27.411
30.618 24.243
20.71 27.957
23.766 28.232
27.186 21.906
31.632 26.461
24.629 27.923
26.153 28.587
26.617 27.975
20.171 26.59
22.821 21.605
23.899 21.428
25.353 28.159
23.693 21.309
23.84 21.868
30.352 23.824
19.933 26.315
25.909 28.119
18.599 23.652
29.174 22.466
18.458 23.736
21.472 27.376
22.674 22.228
31.129 23.224
25.698 21.825
30.098 23.374
29.699 23.412
21.348 21.935
31.896 25.065
23.604 22.008
25.336 28.663
30.017 23.389
26.198 28.389
26.407 21.683
28.817 28.165
24.146 21.408
31.843 24.128
31.692 25.517
29.647 22.137
24.387 27.982
25.266 28.105
31.211 26.093
30.064 23.309
19.349 24.309
31.204 23.337
21.548 28.32
21.166 22.634
20.226 23.056
22.839 21.843
17.573 24.923
31.6 23.527
18.753 24.814
18.309 23.924
25.283 28.131
20.381 22.743
19.784 22.404
31.649 25.496
23.413 22.163
30.839 25.85
19.784 23.946
31.599 24.791
22.667 21.447
22.173 21.581
31.42 23.397
21.853 22.022
18.35 24.495
29.757 27.861
29.672 27.266
19.383 24.443
29.672 23.176
31.293 25.5
30.359 23.152
31.294 24.081
17.741 25.15
25.038 28.14
24.429 28.572
21.268 21.874
30.884 25.805
20.392 27.559
27.559 21.547
29.329 27.051
30.231 23.229
19.458 26.957
22.604 28.34
20.343 22.969
21.038 27.262
21.256 22.29
20.741 27.894
18.861 26.068
25.052 28.577
30.532 27.18
25.338 22.219
31.2 24.266
29.294 22.753
24.131 27.783
25.451 27.998
25.99 28.573
18.255 26.431
22.134 22.336
22.945 27.592
28.264 28.253
19.314 24.038
28.19 22.207
18.605 26.631
27.251 28.098
28.62 22.304
31.559 25.033
18.736 26.18
25.015 28.238
24.659 28.218
26.725 21.976
23.124 27.937
17.6 24.949
29.854 26.597
29.873 27.257
30.993 24.843
19.674 26.356
22.669 27.55
29.367 22.84
26.865 27.856
31.144 24.423
22.005 22.427
30.932 23.938
21.143 27.211
22.708 27.78
25.287 28.668
22.304 27.7
28.196 27.43
30.796 24.234
29.646 27.626
21.664 27.723
19.519 23.25
19.846 27.32
24.118 27.895
29.824 23.145
23.668 21.841
17.929 25.58
31.179 25.68
31.503 26.617
26.926 22.017
31.307 23.048
31.592 25.831
17.724 25.753
26.636 28.389
23.497 21.344
30.656 25.02
30.657 24.187
25.269 28.263
28.611 22.839
31.571 26.399
18.962 22.945
31.393 23.514
28.261 27.268
19.078 22.892
19.335 22.618
21.826 22.426
19.603 26.616
31.966 25.087
28.235 28.095
28.424 28.22
20.968 22.788
27.295 22.354
19.481 24.058
18.631 24.817
19.686 22.638
29.656 23.174
20.986 22.028
19.315 26.034
27.307 27.881
21.493 22.637
22.534 27.721
27.882 27.368
18.861 25.235
31.006 26.163
18.633 24.933
21.827 22.53
31.676 26.236
29.604 22.96
20.196 23.289
19.993 27.043
21.513 22.775
30.558 25.507
18.742 25.595
32.241 25.612
18.31 25.358
30.5 23.361
21.888 28.304
28.247 27.52
26.218 22.032
26.871 28.449
19.414 24.285
21.262 27.872
28.126 22.459
23.735 21.449
21.11 22.334
19.27 26.44
29.303 22.337
19.205 27.089
29.666 27.916
27.028 21.595
19.909 26.963
19.45 24.626
21.208 22.633
31.366 24.589
20.155 26.405
25.786 28.357
30.138 22.47
29.217 27.079
17.949 24.785
28.073 22.393
31.698 25.398
26.824 21.758
28.025 22.546
19.882 26.35
28.267 22.156
30.319 27.12
30.155 26.962
20.705 22.282
19.575 23.676
31.603 23.956
31.501 24.051
27.748 27.68
23.024 27.689
17.726 25.133
29.993 22.928
19.6 26.931
26.477 28.516
30.971 24.904
22.982 28.344
20.671 27.945
30.678 24.245
22.944 28.017
24.278 28.361
28.706 27.463
29.317 22.73
28.462 27.799
32.017 25.013
31.774 25.633
30.222 23.138
29.91 26.753
21.149 27.795
21.339 22.561
25.824 27.908
29.85 23.19
26.176 22.117
21.45 21.963
18.629 23.236
26.805 28.544
30.714 22.601
23.479 21.507
31.725 24.348
27.658 27.953
26.515 28.452
22.265 27.815
29.739 27.795
26.214 21.789
31.675 26.408
30.436 27.016
20.907 27.203
21.67 22.41
18.803 25.543
31.175 24.273
21.291 27.47
23.327 27.686
29.448 22.787
31.957 25.793
30.706 22.731
19.478 25.614
25.775 21.995
28.687 27.916
27.614 21.519
23.451 21.8
19.324 24.511
31.929 26.105
19.244 24.999
20.968 27.684
27.29 27.725
24.65 21.251
24.551 28.432
25.596 21.792
32.286 24.637
19.284 22.778
30.017 26.445
21.909 22.47
28.882 22.224
30.384 22.889
26.114 28.274
29.081 22.754
22.834 27.612
18.304 24.136
