21.178 21.279
23.645 20.434
36.029 23.286
15.75 27.341
19.002 19.527
28.081 21.05
41.819 24.589
33.716 23.124
14.167 21.52
16.558 22.577
13.313 29.489
18.786 27.881
33.422 23.942
31.228 29.524
33.026 25.674
13.191 27.438
21.1 28.266
22.418 29.401
30.672 19.903
29.38 21.754
34.804 24.267
13.995 25.705
36.045 24.778
14.118 22.921
24.609 28.806
26.162 20.367
15.563 26.924
25.084 29.229
33.458 28.82
22.947 20.36
14.365 28.51
34.279 27.555
29.029 20.856
21.597 28.552
15.788 21.233
28.749 19.695
34.681 24.733
35.051 25.372
26.011 21.033
29.898 19.455
27.554 19.274
19.609 20.403
29.611 21.34
27.327 29.99
21.677 28.924
38.75 24.2
21.215 19.75
18.261 18.28
22.51 29.501
34.941 26.869
27.19 19.773
23.538 20.892
27.81 28.516
21.343 29.017
13.89 27.419
15.92 25.56
18.382 21.02
13.355 22.453
34.038 23.76
30.598 17.751
32.47 28.923
30.924 22.498
34.927 25.993
15.941 25.92
34.855 24.74
28.435 19.297
33.992 19.554
14.715 24.773
30.041 19.493
41.818 23.553
21.831 20.669
19.542 21.302
35.363 25.79
38.939 28.679
35.362 22.438
31.05 27.9
17.411 21.848
37.937 31.231
32.506 25.442
17.876 26.334
16.502 29.182
16.44 20.684
29.7 30.912
23.121 17.093
22.45 20.541
9.9358 20.133
18.694 27.974
25.459 20.7
11.695 29.161
15.753 23.866
34.944 26.053
41.169 24.996
11.202 26.564
16.706 22.606
28.826 20.237
34.005 25.818
27.761 29.01
29.438 33.416
20.333 21.79
16.269 23.07
28.991 30.159
25.069 31.678
37.961 24.905
31.077 19.457
19.53 20.076
14.254 22.882
22.25 28.883
20.119 28.385
34.376 25.279
17.526 27.74
32.009 29.662
21.814 17.538
22.3 31.713
20.792 32.313
30.478 28.923
12.694 30.621
27.963 30.168
20.048 29.651
30.602 20.881
33.849 24.576
31.412 21.967
33.489 26.672
31.755 30.105
23.282 29.721
14.101 25.136
21.95 18.017
21.979 20.264
32.194 26.731
34.548 24.079
39.228 22.073
34.254 27.09
19.994 20.856
34.291 29.118
21.58 18.706
29.484 32.455
30.888 20.798
41.555 30.668
12.73 25.436
16.914 24.093
12.524 21.919
24.905 20.072
18.565 21.512
17.506 24.244
31.289 27.499
14.921 23.366
18.594 31.198
38.145 26.826
16.177 27.846
20.591 20.434
31.083 21.649
24.546 30.093
21.437 30.16
32.124 22.445
16.51 23.503
23.276 20.16
23.473 29.966
28.378 29.878
21.098 20.8
27.775 19.673
18.797 20.847
31.925 23.254
25.393 19.739
22.931 21.12
39.547 21.131
18.158 23.189
19.49 28.54
30.483 22.304
38.651 25.749
24.945 19.377
22.275 20.292
28.89 29.444
37.015 23.099
26.51 29.923
13.255 23.984
24.253 30.553
15.204 24.659
39.602 27.702
27.375 28.571
36.25 22.071
16.378 23.511
32.142 22.116
31.488 28.852
26.901 28.804
31.743 27.165
20.108 29.496
35.842 27.643
15.637 21.876
38.052 23.591
32.817 24.416
20.836 20.534
16.867 25.772
16.143 27.533
25.043 18.724
19.325 29.886
12.597 22.252
21.355 29.135
18.64 28.262
16.047 21.43
17.147 19.954
30.569 22.206
18.929 21.246
35.113 27.827
17.712 22.254
33.324 23.965
15.541 23.542
29.893 28.487
26.841 28.923
29.243 19.428
16.525 23.73
33.827 25.784
29.066 29.017
26.883 32.19
24.712 20.555
31.158 22.711
30.026 28.804
26.644 19.862
35.517 23.754
23.247 29.064
23.869 30.055
32.194 22.855
14.829 19.752
31.357 28.97
23.799 30.216
18.754 22.868
27.121 20.856
33.491 27.869
33.523 27.003
29.998 28.607
11.883 25.44
29.214 29.407
37.975 17.691
24.605 18.12
28.42 21.368
33.372 21.015
14.357 23.549
22.175 21.258
17.795 21.984
33.223 24.062
30.339 21.402
21.462 20.905
17.274 20.964
22.659 19.397
22.388 19.938
16.905 19.831
19.064 29.215
16.861 29.113
18.599 19.442
35.357 17.711
32.053 19.192
24.795 20.486
37.545 28.893
16.778 25.774
33.312 22.39
17.038 32.28
34.976 27.807
28.66 31.492
21.298 30.364
21.327 19.956
20.878 29.017
29.336 28.42
39.783 24.515
29.866 21.334
24.687 20.867
12.692 28.705
31.693 27.672
33.848 20.118
30.793 21.04
11.269 25.624
19.229 28.559
24.322 29.694
36.154 21.431
28.875 28.912
13.405 29.205
17.372 26.001
30.936 27.935
18.219 22.435
26.389 21.212
13.897 26.063
29.726 28.499
18.156 29.883
28.002 29.467
25.661 18.686
14.052 31.328
20.685 30.931
6.8822 24.638
31.421 28.171
21.075 21.205
16.957 23.825
30.983 21.308
17.916 28.655
19.756 22.252
37.701 27.692
32.848 24.719
26.933 20.254
39.995 24.434
21.156 21.004
28.332 31.59
13.077 24.89
12.39 26.723
34.443 25.655
22.694 29.373
15.528 26.03
25.847 19.47
17.656 28.897
17.937 17.292
20.265 28.76
19.519 22.328
31.974 30.029
35.961 20.913
31.054 22.721
26.943 29.337
16.991 23.251
21.647 19.294
40.919 23.252
21.876 29.852
33.729 22.781
32.011 28.728
22.825 29.701
25.985 28.912
33.271 26.627
16.345 24.753
14.438 24.234
29.829 28.167
33.487 24.835
18.248 19.066
37.328 25.971
28.883 28.319
19.438 28.323
20.547 20.448
19.637 29.288
17.369 27.171
22.092 18.803
34.64 30.591
32.85 19.136
23.899 20.696
33.271 20.566
28.788 21.084
18.339 27.535
17.836 22.247
23.605 29.945
22.685 28.611
36.774 22.86
26.878 19.5
28.702 18.843
37.611 24.716
22.96 29.199
23.695 28.842
18.602 21.342
33.786 25.931
30.244 27.928
26.242 20.24
22.656 32.053
33.207 26.679
24.24 21.093
21.548 17.012
31.849 23.11
22.972 30.871
25.727 28.859
25.104 21.231
22.418 21.353
25.507 29.842
24.609 29.15
33.863 27.558
33.338 23.109
34.359 23.613
37.304 23.08
37.602 19.488
29.729 28.453
26.41 29.435
23.685 29.524
18.438 22.487
19.547 20.739
34.261 23.867
19.702 21.52
37.883 28.064
33.944 23.359
21.83 20.824
15.346 22.478
16.348 25.728
33.901 21.769
41.471 22.969
31.514 28.208
11.754 27.186
24.086 16.09
32.977 24.524
20.564 28.958
32.534 23.642
34.034 23.033
23.921 33.132
29.311 19.939
19.874 28.534
29.403 29.901
33.896 21.151
33.39 28.157
32.894 27
28.496 28.928
32.625 26.382
24.246 30.668
34.819 22.644
19.178 29.251
33.814 23.025
35.082 26.645
20.717 19.947
17.349 29.454
31.048 18.344
33.791 26.141
31.457 30.179
28.942 19.252
21.678 29.104
32.702 28.653
39.124 23.86
20.806 21.29
33.795 25.021
30.943 27.655
17.651 28.577
16.657 22.259
32.708 25.248
35.362 21.143
17.288 26.09
32.726 22.836
20.576 21.78
35.635 24.571
42.496 24.029
28.218 20.676
30.036 30.542
25.593 29.091
17.124 29.916
39.391 26.665
34.315 27.359
19.356 28.086
10.228 28.841
18.09 28.28
17.686 23.154
34.965 22.347
16.928 21.609
35.857 27.078
34.463 27.484
33.587 25.434
22.816 29.221
19.37 28.566
25.777 20.271
12.604 20.147
32.864 21.992
35.625 25.274
33.334 24.795
13.868 25.374
33.756 21.182
17.331 22.303
21.297 28.86
35.304 26.256
36.215 27.111
33.44 22.426
25.362 20.278
12.899 23.591
15.131 27.385
23.283 29.174
13.948 23.508
31.441 27.698
21.165 30.225
16.715 30.843
18.834 22.771
17.547 24.528
17.931 23.511
37.511 23.51
32.937 27.8
31.832 28.245
29.609 28.228
24.402 21.079
25.573 18.443
12.082 32.851
32.842 26.339
35.961 27.975
32.757 22.492
22.674 29.914
17.123 20.444
29.017 21.294
31.658 27.274
18.231 26.8
31.476 27.636
34.911 25.177
23.782 31.223
24.772 18.847
37.314 24.73
21.909 18.759
20.714 29.213
24.578 18.387
15.765 24.469
19.047 21.827
16.357 25.355
15.95 22.9
8.5998 23.676
44.709 29.087
27.614 21.352
22.025 29.129
32.38 21.981
21.007 28.478
35.343 27.87
33.067 20.649
18.056 21.217
33.218 26.419
30.527 19.917
27.953 28.582
17.263 26.019
35.192 28.236
20.249 22.024
36.147 25.857
25.118 30.377
31.988 26.518
20.199 28.746
16.454 23.458
30.785 21.048
29.44 31.683
32.51 23.304
31.583 28.636
25.557 31.049
22.212 28.832
17.425 26.673
19.111 22.539
31.819 22.217
38.852 25.548
33.231 24.303
30.149 29.235
12.015 27.638
36.019 26.513
33.995 31.063
30.835 31.359
25.954 29.121
11.535 25.199
34.401 23.14
31.065 27.934
25.159 30.15
18.865 22.416
22.209 35.325
18.2 28.475
23.72 29.114
19.746 21.776
35 29.374
22.222 28.65
16.56 24.894
28.194 29.82
32.42 27.867
17.337 17.658
25.308 29.317
21.092 30.636
25.041 19.83
17.567 26.309
15.794 26.05
23.04 28.83
34.664 21.068
34.145 31.559
23.759 29.187
17.012 28.663
36.847 20.859
26.961 18.053
29.034 21.34
32.938 25.425
24.135 19.556
31.606 28.329
31.903 27.114
36.075 28.548
19.165 19.744
32.138 23.297
16.333 23.782
30.594 20.599
13.324 23.92
28.31 19.348
15.868 25.709
25.267 18.581
16.83 22.954
35.75 20.49
16.957 28.308
14.431 29.295
30.79 27.499
37.9 19.096
19.556 28.43
33.537 30.87
31.748 22.979
17.036 24.996
33.36 27.26
24.155 20.389
16.112 22.466
20.408 21.908
31.752 22.5
15.134 19.632
13.392 27.107
16.909 24.826
28.189 19.94
12.777 26.901
22.682 19.087
26.138 21.145
22.995 29.193
34.196 23.228
26.763 20.973
17.835 27.832
29.757 19.653
19.494 21.008
20.391 19.666
35.454 25.798
15.837 24.06
11.381 27.415
19.814 28.914
38.025 23.426
28.241 29.348
18.816 22.723
33.011 24.207
38.958 28.835
15.73 30.477
28.092 21.544
35.833 27.64
28.518 28.907
14.573 25.485
25.039 21.006
14.733 25.344
19.031 29.571
19.148 28.238
15.164 22.585
31.591 28.99
39.656 25.353
22.296 31.56
30.439 32.904
34.274 25.738
30.346 18.629
24.313 29.664
18.404 28.238
32.164 29.965
32.461 19.719
22.301 20.426
36.794 21.765
16.118 24.964
35.891 29.055
33.722 27.417
33.187 22.151
39.772 25.17
22.666 20.212
15.869 22.802
17.373 27.381
36.875 24.789
32.022 30.128
18.291 29.74
21.465 28.789
35.655 28.468
42.956 30.268
12.963 28.321
22.771 20.486
33.405 20.073
17.937 28.499
16.133 23.196
31.285 27.485
20.06 21.853
23.034 20.351
42.132 24.308
25.678 17.669
31.998 22.439
33.195 23.479
34.202 24.896
22.973 20.676
17.543 30.187
29.695 21.737
23.837 20.551
10.59 25.514
18.028 22.909
33.495 24.292
14.37 25.794
13.883 29.25
31.29 21.765
12.479 26.52
35.072 22.956
11.898 21.05
16.81 24.199
20.745 30.64
15.569 26.397
17.909 22.98
38.332 22.313
13.011 19.64
16.067 25.384
31.521 21.912
25.391 20.085
36.489 24.918
32.845 28.099
16.097 24.673
37.405 23.328
31.919 26.967
35.26 23.69
24.667 30.254
36.742 28.567
13.988 27.681
24.255 20.123
30.49 21.72
20.434 28.464
21.252 21.086
26.922 19.71
17.746 26.916
22.654 20.865
18.045 27.056
33.441 21.205
16.829 25.541
23.766 21.236
30.707 21.483
35.577 24.163
33.949 25.447
31.415 27.653
12.702 20.95
34.407 21.441
21.649 19.438
15.497 24.373
34.115 23.979
18.197 20.581
11.705 24.019
29.782 28.238
34.895 23.779
24.298 29.451
29.934 29.256
32.455 26.132
35.129 30.601
18.735 29.681
25.756 20.996
30.732 27.722
31.81 17.649
13.204 25.46
34.453 28.275
18.934 21.82
28.84 29.462
18.222 22.409
46.559 30.547
34.433 21.105
9.8923 23.081
25.689 18.425
34.226 22.577
27.319 32.703
33.21 23.364
33.241 26.162
16.033 26.677
23.883 34.34
30.525 21.515
23.473 28.952
34.256 23.358
11.065 24.963
18.864 22.615
28.285 21.341
36.075 24.964
34.297 26.353
18.699 27.877
16.047 23.151
11.996 21.652
28.013 31.758
15.75 23.584
21.819 20.49
19.842 21.271
35.734 24.973
22.301 30.145
33.51 25.212
23.369 18.614
24.249 19.442
11.942 22.72
14.279 23.584
27.264 20.468
17.713 30.18
33.139 20.395
34.696 25.807
17.877 26.815
22.668 31.402
18.302 28.762
27.384 18.858
20.257 21.654
19.349 20.842
27.71 16.839
25.986 20.725
16.237 26.55
13.528 25.718
14.549 25.928
31.599 27.776
34.215 20.788
21.047 21.577
26.753 19.394
33.175 27.427
19.189 27.905
32.831 22.353
16.553 29.794
17.282 23.479
31.409 27.96
30.247 29.411
13.531 25.923
34.807 20.659
24.898 19.589
17.958 20.443
20.754 28.539
26.87 29.276
35.752 27.334
23.821 20.351
26.686 21.143
19.48 28.712
32.629 26.428
35.149 25.335
17.173 30.29
33.25 25.893
36.165 25.593
16.451 24.715
32.524 22.56
18.788 31.943
18.025 28.023
15.395 20.708
14.19 25.375
29.011 29.435
18.541 15.331
41.197 27.92
26.486 20.394
20.502 21.9
17.581 24.094
31.739 29.835
24.453 29.532
34.468 24.895
18.144 18.088
23.937 29.27
33.174 24.529
32.903 22.31
32.549 24.987
28.122 28.44
33.978 23.923
35.219 19.96
15.88 23.039
36.707 25.091
34.074 25.006
23.4 28.98
17.323 30.179
24.56 30.704
33.738 24.088
20.546 32.51
17.394 18.162
18.463 22.378
17.996 27.605
19.871 29.104
16.793 29.439
30.551 28.607
31.089 30.932
16.673 23.628
26.162 31.591
26.48 19.611
11.28 25.717
29.548 22
31.207 30.553
10.391 22.505
35.223 24.733
18.896 19.281
29.752 21.795
13.19 26.15
24.241 31.606
16.508 21.955
21.65 20.535
32.183 27.015
18.212 21.374
33.876 34.722
17.589 23.334
38.398 25.222
16.398 27.216
17.702 28.472
32.736 28.889
31.894 23.375
18.497 21.971
22.464 20.008
30.822 21.989
19.956 18.488
37.138 21.246
34.765 26.887
36.276 25.539
16.907 26.974
22.471 30.913
21.983 21.284
35.834 29.812
16.024 19.299
8.4466 28.073
16.167 27.112
21.782 29.086
15.652 28.584
15.332 23.458
11.168 24.245
32.716 22.072
30.896 28.369
18.329 29.878
35.293 24.83
33.095 25.009
12.685 29.204
20.267 21.41
20.458 21.469
16.126 25.084
30.17 21.069
32.019 29.966
20.56 20.945
33.234 22.674
32.589 22.942
23.297 20.394
34.18 26.142
18.157 22.276
20.858 29.781
15.294 26.502
36.762 27.898
31.717 21.19
20.709 29.607
16.871 27.578
21.699 20.868
34.74 27.622
27.94 21.418
14.416 24.549
12.721 24.681
36.963 25.273
42.509 27.748
20.69 28.948
32.515 27.12
29.492 21.665
37.992 23.102
16.333 18.514
16.812 26.705
29.144 21.227
23.478 29.127
30.957 18.289
23.585 30.053
33.418 22.48
25.922 29.705
32.482 25.359
33.728 19.587
27.019 29.413
19.707 29.462
32.542 25.608
40.504 23.59
31.205 28.949
27.231 29.492
15.719 23.304
22.585 32.927
35.509 27.394
29.312 21.186
22.817 21.164
17.32 25.465
18.681 22.408
20.447 28.118
32.214 22.862
31.927 27.729
18.084 22.058
32.685 18.382
29.942 22.118
19.185 22.303
32.929 26.657
26.8 29.209
25.638 29.449
34.435 24.485
13.246 26.551
21.837 18.826
18.171 22.046
16.126 24.821
18.391 28.552
15.165 26.509
26.632 29.07
6.5912 25.039
30.901 28.666
33.783 23.69
26.874 19.543
25.723 21.192
30.314 20.695
34.682 26.917
11.267 22.65
33.799 25.435
36.006 21.845
24.672 18.005
34.492 23.926
23.734 19.619
21.87 20.834
28.489 20.656
17.327 20.814
32.199 19.648
39.909 23.552
32.836 24.151
32.878 21.752
35.097 25.173
33.109 18.818
33.369 25.114
15.833 26.216
21.232 19.983
34.813 31.35
24.779 21.045
31.436 22.382
32.39 21.585
22.837 20.731
35.797 24.621
25.674 30.774
20.625 12.576
17.85 28.035
17.652 26.439
31.463 22.978
13.668 28.963
36.748 21.8
22.665 21.139
28.882 28.466
15.405 24.695
21.822 28.96
22.971 19.938
12.04 30.219
23.579 29.037
16.518 24.16
25.417 20.856
18.144 26.827
17.273 21.02
27.014 20.091
