25.487 25.641
21.267 25.463
25.685 25.735
23.64 22.624
20.058 24.476
22.134 26.969
22.024 24.474
25.976 24.532
23.649 26.866
27.813 24.718
27.46 24.309
27.056 25.473
23.171 24.734
22.777 24.911
22.732 25.657
28.227 23.774
24.602 23.201
23.261 25.223
26.523 25.996
26.251 25.113
29.912 25.511
22.132 26.252
27.32 27.45
27.171 25.497
27.231 25.696
26.298 24.298
22.205 27.005
28.151 26.24
26.827 23.989
22.337 25.362
25.863 24.878
24.435 26.4
28.116 24.329
24.912 25.315
21.917 24.588
28.108 25.25
24.142 26.876
22.8 24.667
25.825 26.932
25.021 25.249
28.027 23.048
24.16 24.984
25.711 25.48
26.93 27.04
22.364 25.89
25.112 23.597
24.902 26.981
26.161 25.806
21.27 25.09
25.223 24.317
20.786 26.703
23.283 26.943
24.212 25.48
26.144 22.958
28.447 25.804
26.829 26.895
27.765 24.327
26.536 26.521
26.278 24.838
24.94 23.346
29.052 25.708
26.578 24.967
27.755 26.576
26.843 24.807
28.684 24.192
23.741 24.441
24.086 25.891
28.808 25.187
23.887 26.961
23.562 26.065
20.99 24.224
26.911 26.458
21.127 26.321
28.481 24.689
22.68 23.148
24.349 26.36
20.186 26.14
25.521 25.44
23.657 22.672
27.547 24.654
26.145 23.994
21.136 26.158
29.019 25.257
26.167 23.337
23.833 24.848
25.774 23.203
27.472 24.558
25.959 27.023
27.478 23.645
22.137 25.547
25.811 26.854
26.557 22.408
26.809 24.395
28.627 25.953
25.34 26.885
23.755 27.247
21.888 23.955
24.44 24.83
29.914 24.499
27.494 22.707
23.924 25.035
25.663 25.151
27.206 25.17
28.762 23.199
27.442 26.006
24.788 23.961
21.823 26.231
22.562 26.002
25.871 26.527
27.324 25.278
29.491 24.746
26.992 26.501
27.195 26.524
23.443 25.663
21.73 25.422
24.912 24.757
29.51 24.836
22.915 26.854
25.817 26.219
24.805 25.187
28.979 24.56
21.304 25.023
23.621 23.086
29.326 25.773
27.5 27.153
25.145 23.841
28.986 24.004
23.541 22.787
25.94 24.716
27.419 23.691
24.588 25.544
24.763 24.005
24.655 24.147
24.787 26.363
25.523 24.63
26.62 24.473
22.383 26.828
27.71 24.79
28.323 25.443
27.586 24.248
25.33 26.021
24.739 26.423
26.323 22.663
24.934 26.218
25.944 27.215
23.956 23.685
24.507 25.944
25.117 26.174
24.687 23.998
28.363 25.276
22.17 25.376
24.011 24.967
22.203 23.876
27.537 26.257
21.87 25.871
25.125 27.293
27.461 24.43
24.701 26.496
25.006 24.65
29.517 23.874
25.944 26.268
26.949 25.551
25.58 24.714
20.53 24.031
27.063 25.802
21.193 26.694
27.278 22.899
29.294 23.765
28.621 25.826
26.213 24.817
19.817 24.157
24.586 22.439
20.213 25.676
22.359 22.935
24.262 22.328
21.535 23.775
25.261 26.981
23.965 27.471
25.494 25.819
21.543 24.616
28.698 24.254
24.82 27.455
23.564 25.708
28.017 24.252
21.869 23.628
23.641 26.152
26.098 25.46
27.895 26.369
25.757 25.306
22.039 24.033
22.665 23.231
26.671 25.791
21.978 26.097
26.509 26.645
22.199 24.592
24.489 24.338
22.086 25.695
23.277 26.743
23.822 24.484
21.514 24.344
27.306 26.743
25.726 22.305
23.705 26.607
24.141 26.084
25.06 26.602
20.851 24.189
22.236 26.499
21.757 26.412
22.256 23.165
23.786 26.804
27.698 25.427
28.404 27
23.406 24.829
20.999 25.969
26.121 26.679
20.36 24.612
24.89 24.148
25.023 25.108
23.574 25.913
23.794 26.297
25.33 24.293
22.566 24.489
25.001 27.041
26.865 26.814
28.333 23.426
23.499 24.403
28.989 23.423
26.842 25.492
28.657 23.25
29.515 25.641
22.866 24.256
23.782 24.142
26.222 24.666
25.781 24.053
19.757 24.165
21.319 25.206
24.683 24.632
27.858 24.735
23.004 23.525
24.116 25.276
27.036 24.725
29.763 24.205
27.905 26.184
22.356 23.403
25.571 25.76
26.303 25.529
24.836 25.931
28.69 24.931
25.059 27.756
27.295 23.795
27.915 23.827
29.01 23.942
30.164 25.737
28.811 24.726
24.901 24.988
28.912 23.75
26.775 23.654
22.414 27.401
27.213 23.056
21.197 25.107
27.639 23.915
27.982 23.777
28.821 23.021
26.37 23.081
28.453 25.286
26.574 26.35
20.775 26.5
25.006 24.605
24.959 27.582
28.231 26.613
25.008 24.753
23.305 24.688
25.724 24.927
21.275 25.121
23.035 23.938
26.546 25.594
25.86 24.732
27.719 24.849
20.256 24.216
23.093 24.692
27.957 23.978
27.439 23.796
23.698 23.568
26.255 22.95
21.924 26.842
24.246 25.938
21.465 26.526
25.464 26.194
24.417 26.686
23.176 25.628
23.062 24.156
27.758 24.791
23.588 26.99
28.525 25.211
21.964 26.328
20.986 25.951
23.584 23.652
26.31 25.208
20.541 25.439
21.396 24.978
23.956 25.538
24.872 23.472
25.581 25.329
26.125 27.49
22.997 24.482
25.445 25.806
22.422 24.712
23.608 23.101
24.085 25.373
20.783 26.74
26.807 26.39
25.64 25.789
24.39 27.008
28.548 24.309
29.327 25.103
28.043 26.829
21.418 25.233
26.065 25.268
22.691 24.02
24.105 22.866
28.751 25.74
28.962 25.666
25.32 26.775
27.413 25.73
28.33 25.82
27.693 24.789
27.32 25.857
24.425 26.022
24.113 26.476
26.884 23.85
23.439 23.218
24.782 24.591
23.062 22.815
26.496 22.358
26.327 26.624
22.05 24.481
25.267 26.562
24.706 25.193
23.198 25.124
26.744 22.972
23.796 24.332
22.746 23.852
24.812 22.376
24.538 24.254
24.884 22.67
22.271 25.263
26.458 26.357
24.993 24.915
26.264 24.86
24.887 23.978
24.129 25.549
24.333 24.451
22.233 22.631
23.723 24.333
21.866 22.76
25.246 24.484
27.357 27.304
23.65 24.625
22.781 26.51
20.379 25.483
20.195 23.994
23.652 23.147
26.571 23.439
25.146 23.545
26.757 22.393
24.41 23.326
29.527 25.033
23.977 26.718
24.599 23.917
24.917 25.254
26.432 26.21
24.642 23.428
23.599 26.158
23.064 23.124
25.9 25.781
23.09 27.533
22.5 25.546
24.06 23.712
21.22 25.312
27.222 26.388
28.464 25.793
22.305 24.949
27.859 25.4
24.127 26.958
20.263 26.245
29.647 24.657
26.404 24.077
22.814 24.835
23.643 23.276
23.537 25.971
23.185 25.911
24.3 26.152
23.506 25.27
28.626 26.764
25.881 25.778
21.573 25.725
25.418 23.592
28.51 25.513
24.628 26.824
23.694 22.575
26.462 25.623
20.312 25.499
27.592 24.157
27.122 24.438
24.635 24.027
28.462 24.294
28.323 24.168
23.769 26.407
19.908 23.985
23.749 25.108
27.64 23.71
27.625 26.139
21.388 24.391
23.851 24.037
21.641 24.202
28.038 23.494
30.296 24.24
23.989 25.222
24.815 24.411
21.098 25.03
26.699 26.306
25.293 24.487
26.329 25.19
27.218 24.983
26.689 23.923
24.776 27.298
26.255 25.392
22.077 25.881
22.085 25.907
25.938 23.604
22.176 24.836
28.069 25.747
24.709 23.288
22.277 24.459
26.608 23.968
25.708 27.11
25.164 26.126
29.955 24.925
21.422 24.594
22.755 23.327
26.708 25.782
25.658 25.429
25.683 25.482
27.694 26.159
28.497 23.339
27.566 26.608
25.72 23.953
27.064 25.524
28.53 26.492
25.26 24.783
28.113 25.968
24.619 24.574
27.537 25.3
25.61 25.673
24.044 24.921
26.779 25.734
23.534 25.111
24.187 25.015
22.852 25.192
23.002 22.642
21.717 24.629
26.193 25.917
22.39 27.119
28.18 24.829
25.304 23.763
23.828 25.24
22.526 26.025
23.284 23.67
22.026 23.447
26.13 24.441
24.224 27.087
24.831 25.035
25.066 24.118
22.775 24.351
28.557 26.138
25.825 25.745
24.682 27.224
21.32 25.576
24.257 25.287
22.086 24.796
27.776 24.707
20.727 23.745
21.22 25.06
22.4 26.461
23.602 24.753
24.155 23.27
24.881 23.767
26.376 25.483
27.435 24.831
23.167 24.925
23.444 24.502
25.343 22.915
28.213 24.921
23.242 26.203
23.777 25.175
30.296 24.409
20.717 26.17
20.556 24.557
27.096 23.428
26.475 24.399
23.393 24.177
21.405 26.055
22.796 22.931
27.318 23.155
28.978 24.889
22.644 25.568
21.987 25.723
24.911 23.055
25.766 26.235
22.596 24.507
27.176 25.468
25.941 25.227
27.591 23.836
21.863 25.438
29.264 23.494
23.367 23.951
21.858 25.67
26.785 23.879
28.383 27.143
23.895 26.455
26.462 24.014
22.225 25.833
25.651 25.503
24.645 24.843
24.917 23.511
25.967 24.828
28.511 26.226
25.917 22.899
27.89 24.174
25.574 24.355
28.22 24.886
20.004 25.064
22.895 25.201
27.096 25.64
24.657 24.728
29.139 26.238
27.309 25.692
27.018 25.712
24.882 24.624
24.559 27.535
22.041 26.041
28.218 23.686
22.731 23.649
21.692 22.852
23.866 25.379
22.285 23.917
24.452 23.602
25.042 24.306
28.552 24.454
25.089 23.218
26.408 24.976
22.76 23.285
21.971 23.392
24.234 25.741
25.071 23.048
25.175 23.599
23.204 24.221
22.604 22.937
22.196 24.091
26.904 26.234
21.337 26.424
29.373 26.083
28.564 25.399
26.005 23.006
26.624 22.969
23.923 24.4
27.469 24.637
24.305 24.862
23.467 25.58
27.857 27.14
25.094 24.08
24.372 27.231
22.917 24.484
25.645 25.893
28.335 22.879
27.994 24.042
21.73 26.344
28.259 23.55
26.498 23.955
23.46 25.544
20.82 24.762
24.528 25.902
27.678 24.02
28.169 25.717
24.957 25.691
25 25.33
22.803 25.059
25.635 27.29
25.87 25.521
26.543 25.676
26.699 23.515
21.984 25.364
25.447 25.792
28.318 24.829
24.699 26.523
25.006 25.745
21.178 24.151
29.857 23.791
22.687 24.158
23.233 24.302
29.256 25.064
28.253 25.154
23.418 26.142
23.663 24.77
28.255 24.169
25.959 23.822
26.824 23.882
25.425 23.093
26.252 26.371
26.223 23.877
20.771 26.556
22.562 23.276
22.256 24.541
20.514 23.536
26.271 22.525
27.514 23.958
29.119 24.237
29.278 24.811
23.544 25.425
27.302 24.079
22.201 25.408
23.95 23.203
27.006 23.609
28.836 25.559
21.845 27.102
20.164 25.856
28.653 26.457
25.278 26.256
24.395 23.445
22.506 25.255
26.678 26.287
21.315 23.017
25.109 25.118
25.348 26.355
25.567 25.522
25.439 24.576
22.201 24.133
29.094 24.904
29.38 23.864
26.817 25.358
21.529 25.025
25.113 23.952
27.541 24.155
28.437 24.052
21.982 22.782
24.543 27.203
24.929 25.176
29.029 23.802
26.695 27.158
22.732 24.4
25.271 26.137
25.059 24.59
26.521 24.428
26.743 24.445
21.525 26.809
23.207 25.099
24.777 23.35
25.219 25.602
27.758 24.395
24.46 25.209
28.467 24.196
23.48 25.117
20.094 25.293
29.321 25.869
25.863 25.814
22.16 23.191
25.082 24.146
26.722 26.097
29.593 25.054
27.794 25.955
28.861 23.556
24.613 24.326
23.463 26.81
24.931 25.9
24.505 25.74
27.202 26.485
27.723 25.589
24.842 26.192
20.357 26.382
27.125 24.878
21.606 24.205
29.069 26.483
27.732 23.943
24.59 23.264
20.717 26.643
26.693 24.71
26.847 25.66
27.164 22.619
23.233 23.173
27.43 26.559
24.704 23.494
20.123 24.809
28.092 24.369
23.2 25.382
19.869 23.993
26.434 24.656
22.189 25.491
24.131 24.995
24.507 23.095
30.082 25.038
25.66 25.766
22.232 26.007
24.665 24.161
25.079 24.594
25.225 25.431
24.762 24.19
27.127 24.128
22.486 26.036
27.797 25.009
25.454 25.098
24.781 23.503
23.795 24.593
22.6 25.004
26.917 24.788
30.462 24.704
20.254 24.978
21.628 23.998
23.875 26.695
25.825 23.755
25.684 25.473
26.099 24.484
28.856 24.748
24.163 24.482
28.689 25.821
24.661 23.151
22.684 25.806
28.573 25.591
27.532 23.118
27.636 25.017
25.421 26.024
23.007 25.713
22.243 22.821
25.038 25.804
22.305 25.723
23.029 25.574
28.316 24.817
24.843 24.004
30.209 24.825
24.972 23.554
28.257 24.589
25.32 25.194
21.294 25.033
23.793 26.362
23.793 26.154
25.033 24.907
24.456 24.364
22.662 26.315
27.67 25.545
23.845 26.758
25.252 24.535
27.339 24.481
27.128 24.557
21.276 24.693
23.411 25.96
26.204 27.164
27.59 24.922
24.855 24.564
29.222 24.044
29.533 25.286
24.129 25.429
26.144 23.391
30.203 24.565
27.787 23.447
25.266 23.566
28.309 24.502
23.83 24.198
22.461 22.982
24.657 23.56
25.617 25.549
27.276 24.727
26.422 25.998
25.374 26.385
27.998 26.233
24.142 26.217
24.342 23.05
26.308 26.205
22.442 25.117
24.024 26.652
27.996 23.7
23.591 22.456
23.865 27.293
21.092 24.087
22.152 23.466
21.162 23.253
23.199 26.319
27.27 26.287
22.869 23.704
23.414 25.532
23.699 23.944
24.11 26.303
28.889 25.324
23.867 23.571
23.131 26.949
25.452 26.118
24.33 26.527
22.362 24.457
27.773 25.108
27.773 22.668
22.546 23.173
26.159 25.888
23.632 23.637
25.599 24.27
23.847 26.551
26.76 26.214
25.897 22.403
24.959 24.709
25.544 27.358
23.535 22.541
28.056 23.778
24.553 24.986
22.337 22.78
22.911 23.21
25.927 24.778
27.205 23.351
24.162 22.835
25.557 25.947
22.974 24.364
27.317 25.553
29.182 25.661
23.424 27.539
25.949 23.678
21.095 26.006
26.746 25.443
25.14 25.738
29.675 26.34
28.648 26.344
21.965 24.397
24.879 23.545
27.936 25.011
28.769 23.296
27.899 23.411
24.927 25.471
27.538 25.821
22.196 25.809
27.691 23.786
28.126 25.921
27.759 24.294
26.501 23.477
24.028 24.014
24.722 26.481
22.354 25.568
23.674 23.036
24.903 22.681
21.441 24.93
27.355 24.849
24.642 25.428
21.879 25.777
19.878 25.457
23.38 26.691
24.36 26.583
23.384 23.204
26.242 23.094
26.674 22.765
23.243 25.691
27.485 26.307
27.822 23.182
23.463 25.319
25.879 25.151
27.951 24.804
27.191 24.603
20.316 25.583
24.285 23.686
25.402 22.581
24.988 24.542
27.692 26.219
28.205 23.509
21.138 23.69
23.214 27.014
23.267 26.611
29.636 24.001
23.423 22.403
24.396 26.69
20.638 23.498
21.876 25.822
28.718 26.873
23.171 25.328
20.595 26.391
20.79 25.556
28.798 25.674
23.435 25.08
30.177 25.482
28.01 24.865
23.245 24.25
23.715 24.631
24.398 24.543
22.626 26.462
26.654 23.782
26.858 26.27
25.246 25.153
24.616 24.743
24.231 24.654
21.326 24.427
21.639 24.066
24.774 25.207
25.515 24.239
28.409 23.749
26.049 24.567
21.541 26.659
24.985 26.559
22.008 25.402
25.188 25.343
24.783 26.062
24.026 27.075
26.774 26.215
25.912 24.459
28.815 23.215
23.805 24.107
21.189 23.04
27.921 24.657
23.495 23.957
29.242 26.089
26.025 25.831
26.492 26.921
29.344 25.654
26.03 25.241
29.086 24.417
20.897 24.234
24.188 24.444
23.855 23.477
23.769 26.948
26.664 25.546
21.944 26.029
23.312 25.68
25.319 25.495
29.831 25.726
24.625 23.254
27.778 25.028
25.08 23.836
24.253 24.284
24.398 26.172
22.759 26.805
25.314 23.749
23.053 25.596
21.149 24.973
28.488 26.009
25.485 25.801
22.53 24.267
24.944 25.069
25.279 24.85
21.411 23.567
25.527 25.951
22.127 26.301
28.488 26.697
27.169 24.696
26.205 24.318
26.437 24.67
23.648 24.603
21.17 25.815
24.591 24.102
22.553 24.662
22.474 26.644
29.381 24.667
26.622 23.06
21.328 23.631
25.566 22.779
19.822 25.391
21.266 24.644
27.553 25.347
22.688 24.732
23.961 22.949
23.976 26.19
25.601 23.471
24.05 24.976
27.771 22.618
21.892 25.478
26.438 24.065
24.77 23.601
21.77 23.471
25.053 25.732
23.661 26.635
20.263 25.602
25.447 26.002
26.532 25.832
24.185 23.967
23.048 25.027
28.971 24.756
21.611 24.959
28.132 24.987
23.744 25.107
25.399 25.781
22.186 25.262
27.285 23.858
29.308 25.925
28.462 23.895
24.959 23.383
26.543 25.445
26.66 23.692
28.826 26.616
25.242 24.961
24.398 25.962
22.371 24.679
29.132 25.431
27.109 26.663
29.256 26.069
22.987 24.789
22.43 23.712
22.138 27.252
26.09 26.651
23.589 27.583
27.622 24.543
