1.750000000000000167e-01
1.753416666666666457e-01
1.753433749999999958e-01
1.753433835416666753e-01
1.770100502510416618e-01
1.770183835845885456e-01
1.770184252512562451e-01
1.770184254595895956e-01
1.786850921272979675e-01
1.803600921273031676e-01
1.803684671273031725e-01
1.803685090023031679e-01
1.803685092116781574e-01
1.803685092127250422e-01
1.803685092127302880e-01
1.820351758793969932e-01
1.820435092127302978e-01
1.820435508793969703e-01
1.820435510877303209e-01
1.820435510887719877e-01
1.820435510887772057e-01
1.820435510887772335e-01
1.837102177554439109e-01
1.837102177554439109e-01
1.837102177554439109e-01
1.837102177554439109e-01
1.853768844221105605e-01
1.853852177554438929e-01
1.853852594221105654e-01
1.870519262971105379e-01
1.887185929648188820e-01
1.887269262981574325e-01
1.903936346314908101e-01
1.904019681731574654e-01
1.904020098408657768e-01
1.937353433825376448e-01
1.937520100502460318e-01
1.937520933835845671e-01
1.937520938002512683e-01
1.937520938023346018e-01
1.937520938023450101e-01
1.937520938023450656e-01
1.937520938023450656e-01
1.937520938023450656e-01
1.937520938023450656e-01
1.937520938023450656e-01
1.954187604690117430e-01
1.954270938023450477e-01
1.954271354690117202e-01
1.954271356773450707e-01
1.954271356783867375e-01
1.970938023450586052e-01
1.971021356783919654e-01
1.987688440117253152e-01
1.987771775533919705e-01
1.987772192211002820e-01
1.987772194294388228e-01
1.987772194304805173e-01
1.987772194304857631e-01
1.987772194304857631e-01
1.987772194304857631e-01
1.987772194304857631e-01
2.004438860971524405e-01
2.004438860971524405e-01
2.021105527638190902e-01
2.037772194304857676e-01
2.037855527638191278e-01
2.037855944304857447e-01
2.037855946388190953e-01
2.037855946398607898e-01
2.054522613065326853e-01
2.104605946398659944e-01
2.104606363065326669e-01
2.104606365148659897e-01
2.104606365159076287e-01
2.121273031825795241e-01
2.121273031825795519e-01
2.121273031825795519e-01
2.121273031825795519e-01
2.121273031825795519e-01
2.154606365159128789e-01
2.154773031825795437e-01
2.171440531825795661e-01
2.171440535992462395e-01
2.171440536013295730e-01
2.171440536013399536e-01
2.171440536013400369e-01
2.188107202680066588e-01
2.204857202680066963e-01
2.221607619346733786e-01
2.221608038096733739e-01
2.221608040190483635e-01
2.254941373534285753e-01
2.271774706867671634e-01
2.288442206867671580e-01
2.305108877701005365e-01
2.338525544388504740e-01
2.355275961055275646e-01
2.355276379805276432e-01
2.355276381899026328e-01
2.355276381909495453e-01
2.355276381909547634e-01
2.355276381909547911e-01
2.371943048576214130e-01
2.372026381909548010e-01
2.388693465242881231e-01
2.388776800659547783e-01
2.388777217336630898e-01
2.388777219420016584e-01
2.422110552763766800e-01
2.472110552763818747e-01
2.472277219430485673e-01
2.472278052763819123e-01
2.472278056930485857e-01
2.472278056951319192e-01
2.472278056951423275e-01
2.472278056951423830e-01
2.472278056951423830e-01
2.505611390284757101e-01
2.539028056951423973e-01
2.539111806951423467e-01
2.539112225701423697e-01
2.539112227795173315e-01
2.539112227805642164e-01
2.655778894472362039e-01
2.656112227805695336e-01
2.656113894472362236e-01
2.672780569472361645e-01
2.672780569514028315e-01
2.689447236180903533e-01
2.689530569514237968e-01
2.706197652847571189e-01
2.722947654930904515e-01
2.722948071607987908e-01
2.722948073691373594e-01
2.739614740368456758e-01
2.756281407035175435e-01
2.756364740368509314e-01
2.756365157035176039e-01
2.756365159118509545e-01
2.773031825795592709e-01
2.773031825795644889e-01
2.773031825795644889e-01
2.823031825795644933e-01
2.839781825795644754e-01
2.856448909128978531e-01
2.873115577878978533e-01
2.873115577889395200e-01
2.873115577889447381e-01
2.873115577889447381e-01
2.889782244556114432e-01
2.906532244556114253e-01
2.923282661222780798e-01
2.973366413306113842e-01
2.973616832066530713e-01
2.973618084160332686e-01
2.973618090420801496e-01
3.023618090452104279e-01
3.023618090452260820e-01
3.023618090452261375e-01
3.040284757118927872e-01
3.056951423785594368e-01
3.056951423785594368e-01
3.073618090452260865e-01
3.073618090452260865e-01
3.090284757118927916e-01
3.090284757118927916e-01
3.090284757118927916e-01
3.106951423785594968e-01
3.107034757118927737e-01
3.173701840452261558e-01
3.174035175868928360e-01
3.174036842546011372e-01
3.174036850879396465e-01
3.190703517587730187e-01
3.207370184254605405e-01
3.207453517587939840e-01
3.207453934254606565e-01
3.207453936337939515e-01
3.240787269681689731e-01
3.274203936348408228e-01
3.274204353015075508e-01
3.274204355098409014e-01
3.307537688442158674e-01
3.324287688442210675e-01
3.324288105108877400e-01
3.357621440525544454e-01
3.374288107202627618e-01
3.374288107202680354e-01
3.390954773869346295e-01
3.407704773869346671e-01
3.424371857202679892e-01
3.424371859286013398e-01
3.424371859296429510e-01
3.441038525963148742e-01
3.441038525963149297e-01
3.441038525963149297e-01
3.457705192629815794e-01
3.507788525963149162e-01
3.541122275963148880e-01
3.557788944713149437e-01
3.574455611390232601e-01
3.574538944723617551e-01
3.607872694723617824e-01
3.624539363473617826e-01
3.657872696817368041e-01
3.657872696817420777e-01
3.707872696817420266e-01
3.707872696817420266e-01
3.707872696817420266e-01
3.707872696817420266e-01
3.707872696817420266e-01
3.707872696817420266e-01
3.774539363484086807e-01
3.791206030150753303e-01
3.841206030150753903e-01
3.857872696817419844e-01
3.874539363484086896e-01
3.874622696817420220e-01
3.874623113484087500e-01
3.874623115567419895e-01
3.874623115577837118e-01
3.907956448911222291e-01
3.907956448911222846e-01
3.941289782244556394e-01
3.941289782244556394e-01
3.957956448911223446e-01
3.974623115577889387e-01
4.007956448911222935e-01
4.058123115577889628e-01
4.058207282244556402e-01
4.091541036411223131e-01
4.124957705182056844e-01
4.141624788525910539e-01
4.158291457275962721e-01
4.158291457286379944e-01
4.224958123953099220e-01
4.225041457286431990e-01
4.225041873953099270e-01
4.241708542703098161e-01
4.258375209380182436e-01
4.258375209380234061e-01
4.325041876046902267e-01
4.341875209380234857e-01
4.375292709380234624e-01
4.391959796880233746e-01
4.408626465651067083e-01
4.408626465661589222e-01
4.408626465661640847e-01
4.408626465661640847e-01
4.425293132328307899e-01
4.441959798994974951e-01
4.441959798994974951e-01
4.441959798994974951e-01
4.441959798994974951e-01
4.475293132328308499e-01
4.491959798994974995e-01
4.508709798994974260e-01
4.542043548994974533e-01
4.575376884411641032e-01
4.575376884422057699e-01
4.608710217755443428e-01
4.608876884422110076e-01
4.658877717755443570e-01
4.658961055255443351e-01
4.675628138609610462e-01
4.675711474026381098e-01
4.675711890703465046e-01
4.692378559453517783e-01
4.709045226130600947e-01
4.725711892797319069e-01
4.792461892797320044e-01
4.809212309463986590e-01
4.809212728213985710e-01
4.842546063641069432e-01
4.892629396984871648e-01
4.909379813651590929e-01
4.926046899068257656e-01
4.942713567828674326e-01
4.976130234505809491e-01
4.976130651172528396e-01
5.026130653255863612e-01
5.059630653266279365e-01
5.109631486599665040e-01
5.159631490766330986e-01
5.226381490787165296e-01
5.259798574120603254e-01
5.259798992870603485e-01
5.259798994964351992e-01
5.276465661641488447e-01
5.293132328308206569e-01
5.293132328308207679e-01
5.293132328308207679e-01
5.326465661641540672e-01
5.343215661641541603e-01
5.359882744974874269e-01
5.359882747058207775e-01
5.376549413735290939e-01
5.443216080402009105e-01
5.459882747068677267e-01
5.509882747068676201e-01
5.509882747068676201e-01
5.526549413735343252e-01
5.543216080402010304e-01
5.559882747068677356e-01
5.559882747068677356e-01
5.609882747068676290e-01
5.609882747068676290e-01
5.659882747068676334e-01
5.659966080402009103e-01
5.693299830402009931e-01
5.726633165818676430e-01
5.760049832495760525e-01
5.810050249162478364e-01
5.826716917912478921e-01
5.826716917922895034e-01
5.860050251256281317e-01
5.910050251256281362e-01
5.926800251256281182e-01
5.926800667922947907e-01
5.943467336672948464e-01
5.960134003350031628e-01
5.960134003350083809e-01
5.976800670016749750e-01
6.026800670016750905e-01
6.026967336683416443e-01
6.060301503350083996e-01
6.093634840850084000e-01
6.093718174204251214e-01
6.093718590871021190e-01
6.110385259621021747e-01
6.110385259631437860e-01
6.143718592964824143e-01
6.160385259631491195e-01
6.177051926298157136e-01
6.193718592964824188e-01
6.227051926298158291e-01
6.293718592964824277e-01
6.360385259631491373e-01
6.393801926298157134e-01
6.410469009631490911e-01
6.493802345048157454e-01
6.493969011725240215e-01
6.493969845058625845e-01
6.560636515891959952e-01
6.593969849246126280e-01
6.610636515912896582e-01
6.627303182579563634e-01
6.727303182579564833e-01
6.777469849246231526e-01
6.777637349246230514e-01
6.794304853412898026e-01
6.794304857600397263e-01
6.810971524288002010e-01
6.827721524288105082e-01
6.827721940954774027e-01
6.861055276371440526e-01
6.911055276381855572e-01
6.927721943048575914e-01
6.961055276381910017e-01
6.994388609715241900e-01
7.027721943048576003e-01
7.061055276381908996e-01
7.077721943048574937e-01
7.127721943048577202e-01
7.127805276381909971e-01
7.127805693048575586e-01
7.144472361798577253e-01
7.144472361808992256e-01
7.144472361809045546e-01
7.161139028475712598e-01
7.177805695142378539e-01
7.177805695142378539e-01
7.227805695142377473e-01
7.294639028475712328e-01
7.311306528475712829e-01
7.311306532642377620e-01
7.327973199329878007e-01
7.327973199329983478e-01
7.327973199329983478e-01
7.327973199329983478e-01
7.327973199329983478e-01
7.327973199329983478e-01
7.344639865996649419e-01
7.361306532663315361e-01
7.411389865996649284e-01
7.428056949329983061e-01
7.428056951413316567e-01
7.461390284757066782e-01
7.494723618090453066e-01
7.511473618090452886e-01
7.511474034757119611e-01
7.528140703507117948e-01
7.578140703517535215e-01
7.611474036850921498e-01
7.611474036850921498e-01
7.628140703517587440e-01
7.661474036850920433e-01
7.661474036850920433e-01
7.661474036850920433e-01
7.678140703517587484e-01
7.711474036850921587e-01
7.711557370184255467e-01
7.744891120184255184e-01
7.744891122267588690e-01
7.761557788944671854e-01
7.761557788944722924e-01
7.811557788944724079e-01
7.811557788944724079e-01
7.811557788944724079e-01
7.811557788944724079e-01
7.828224455611390020e-01
7.844891122278058182e-01
7.844891122278058182e-01
7.844891122278058182e-01
7.844891122278058182e-01
7.861557788944724123e-01
7.861557788944724123e-01
7.878224455611390065e-01
7.878307788944723944e-01
7.878308205611390669e-01
7.878308207694724175e-01
7.878308207705141397e-01
7.894974874371859519e-01
7.894974874371859519e-01
7.978308207705192556e-01
7.978308207705192556e-01
7.994974874371859608e-01
8.061641541038525594e-01
8.061641541038525594e-01
8.061641541038525594e-01
8.061641541038525594e-01
8.111641541038525638e-01
8.111891541038526166e-01
8.128559457705192282e-01
8.161892797288525792e-01
8.195226130653109342e-01
8.195309463986598653e-01
8.195309880653266488e-01
8.195309882736599993e-01
8.195309882747016106e-01
8.195309882747068286e-01
8.211976549413734228e-01
8.228726549413735158e-01
8.245476966080401704e-01
8.245477384830403045e-01
8.278810720257485656e-01
8.312144053601286942e-01
8.328810720268006174e-01
8.378894053601340097e-01
8.379061136934673470e-01
8.379061972351339316e-01
8.395728643195091712e-01
8.395728643215975007e-01
8.412395309882746419e-01
8.412395309882746419e-01
8.412395309882746419e-01
8.412395309882746419e-01
8.429061976549414581e-01
8.479061976549413515e-01
8.495728643216079456e-01
8.529061976549412449e-01
8.595728643216080656e-01
8.595895309882747304e-01
8.595896143216080754e-01
8.595896147382746655e-01
8.595896147403579990e-01
8.595896147403684351e-01
8.612562814070351402e-01
8.645979480737019385e-01
8.662646564070350941e-01
8.662646566153684446e-01
8.679313232830768721e-01
8.679313232830820901e-01
8.679313232830820901e-01
8.695979899497486842e-01
8.712729899497487773e-01
8.746063649497486381e-01
8.746063651580820997e-01
8.762730318257903050e-01
8.829396984924623437e-01
8.846063651591289378e-01
8.862813651591290309e-01
8.912814068257958189e-01
8.913064070341288891e-01
8.946398653685040392e-01
8.946398659935091979e-01
8.946398659966341427e-01
8.946398659966497968e-01
8.963065326633166130e-01
8.963148659966498899e-01
8.996482409966498617e-01
8.996649078716498771e-01
8.996649912060249443e-01
9.013316582893634576e-01
9.013316582914469022e-01
9.013316582914572273e-01
9.029983249581240434e-01
9.029983249581240434e-01
9.046649916247906376e-01
9.046733249581239145e-01
9.063400332914572921e-01
9.063400334997906427e-01
9.080067001674989591e-01
9.080067001675041771e-01
9.080067001675041771e-01
9.080067001675041771e-01
9.096733668341707713e-01
9.096733668341707713e-01
9.130067001675041816e-01
9.130067001675041816e-01
9.130067001675041816e-01
9.163400335008375919e-01
9.163567001675042567e-01
9.163567835008374907e-01
9.163567839175041918e-01
9.163567839195875253e-01
9.163567839195979614e-01
9.180234505862646666e-01
9.196984505862646486e-01
9.197068255862647090e-01
9.197068674612646211e-01
9.197068676706395829e-01
9.197068676716865232e-01
9.197068676716918523e-01
9.213735343383584464e-01
9.213818676716917233e-01
9.213819093383585068e-01
9.230485762133584515e-01
9.230569095477334507e-01
9.230569512144053412e-01
9.230569514227386918e-01
9.230569514237804141e-01
9.247236180904522262e-01
9.247319514237855032e-01
9.247319930904521756e-01
9.247319932987855262e-01
9.263986599664940647e-01
9.264069932998325596e-01
9.264070349664992321e-01
9.264070351748324716e-01
9.264070351758743049e-01
9.264070351758793009e-01
9.264070351758794120e-01
9.264070351758794120e-01
9.264070351758794120e-01
9.264070351758794120e-01
9.264070351758794120e-01
9.264070351758794120e-01
9.264070351758794120e-01
9.264070351758794120e-01
9.264070351758794120e-01
9.264070351758794120e-01
9.264070351758794120e-01
9.264070351758794120e-01
9.264070351758794120e-01
9.264070351758794120e-01
9.264070351758794120e-01
9.264070351758794120e-01
9.264070351758794120e-01
9.264070351758794120e-01
9.264070351758794120e-01
9.280737018425461171e-01
9.280820351758793940e-01
9.280820768425460665e-01
9.297487437175459002e-01
9.314154103852544386e-01
9.314154103852595457e-01
9.314154103852595457e-01
9.314154103852595457e-01
9.314154103852595457e-01
9.330820770519263618e-01
9.330904103852596387e-01
9.347571187185930164e-01
9.347654522602596439e-01
9.347654939279679276e-01
9.347654941363064962e-01
9.347654941373481075e-01
9.347654941373534365e-01
9.347654941373534365e-01
9.347654941373534365e-01
9.347654941373534365e-01
9.347654941373534365e-01
9.347654941373534365e-01
9.347654941373534365e-01
9.347654941373534365e-01
9.347654941373534365e-01
9.347654941373534365e-01
9.347654941373534365e-01
9.380988274706867358e-01
9.380988274706867358e-01
9.397654941373533299e-01
9.397738274706867179e-01
9.397738691373533904e-01
9.397738693456867409e-01
9.397738693467284632e-01
9.397738693467335702e-01
9.397738693467335702e-01
9.397738693467335702e-01
9.414405360134002754e-01
9.414405360134002754e-01
9.431072026800669805e-01
9.447822026800669626e-01
9.464572443467336171e-01
9.464572862217336402e-01
9.464572864311087130e-01
9.481239530988222475e-01
9.481239530988275765e-01
9.481239530988275765e-01
9.481239530988275765e-01
9.481239530988275765e-01
9.481239530988275765e-01
9.481239530988275765e-01
9.481239530988275765e-01
9.481239530988275765e-01
9.514572864321607648e-01
9.531239530988274700e-01
9.531322864321607469e-01
9.531323280988274194e-01
9.531323283071607699e-01
9.531323283082024922e-01
9.531323283082077102e-01
9.531323283082077102e-01
9.531323283082077102e-01
9.531323283082077102e-01
9.531323283082077102e-01
9.531323283082077102e-01
9.564656616415411206e-01
9.564656616415411206e-01
9.564656616415411206e-01
9.564656616415411206e-01
9.581323283082077147e-01
9.614739949748744019e-01
9.614907033082076282e-01
9.614907868498742127e-01
9.614907872675827472e-01
9.614907872696711877e-01
9.614907872696817348e-01
9.614907872696817348e-01
9.614907872696817348e-01
9.614907872696817348e-01
9.614907872696817348e-01
9.614907872696817348e-01
9.614907872696817348e-01
9.614907872696817348e-01
9.614907872696817348e-01
9.614907872696817348e-01
9.614907872696817348e-01
9.614907872696817348e-01
9.631574539363484400e-01
9.631657872696818279e-01
9.631658289363483894e-01
9.631658291446817399e-01
9.631658291457233512e-01
9.631658291457285692e-01
9.631658291457286802e-01
9.631658291457286802e-01
9.631658291457286802e-01
9.631658291457286802e-01
9.664991624790619795e-01
9.665074958123952564e-01
9.665075374790620399e-01
9.665075376873953905e-01
9.665075376884368907e-01
9.665075376884422198e-01
9.665075376884422198e-01
9.665075376884422198e-01
9.665075376884422198e-01
9.681742043551088139e-01
9.698492043551087960e-01
9.715159126884422847e-01
9.715242462301088011e-01
9.715242878978171959e-01
9.715242881061557645e-01
9.731909547738641919e-01
9.731992881072026869e-01
9.731993297738693594e-01
9.731993299822025989e-01
9.731993299832444322e-01
9.731993299832496502e-01
9.748659966499162444e-01
9.748743299832495213e-01
9.748743716499163048e-01
9.748743718582496554e-01
9.748743718592912666e-01
9.748743718592964846e-01
9.748743718592964846e-01
9.748743718592964846e-01
9.765410385259630788e-01
9.765493718592965777e-01
9.765494135259631392e-01
9.765494137342964898e-01
9.765494137353382120e-01
9.765494137353433191e-01
9.765494137353433191e-01
9.765494137353433191e-01
9.765494137353433191e-01
9.765494137353433191e-01
9.765494137353433191e-01
9.765494137353433191e-01
9.765494137353433191e-01
9.765494137353433191e-01
9.765494137353433191e-01
9.765494137353433191e-01
9.765494137353433191e-01
9.765494137353433191e-01
9.765494137353433191e-01
9.765494137353433191e-01
9.765494137353433191e-01
9.765494137353433191e-01
9.765494137353433191e-01
9.765494137353433191e-01
9.765494137353433191e-01
9.765494137353433191e-01
9.765494137353433191e-01
9.765494137353433191e-01
9.765494137353433191e-01
9.765494137353433191e-01
9.765494137353433191e-01
9.765494137353433191e-01
9.782160804020100242e-01
9.782244137353434121e-01
9.782244554020099736e-01
9.782244556103433242e-01
9.782244556113850464e-01
9.782244556113902645e-01
9.782244556113903755e-01
9.782244556113903755e-01
9.782244556113903755e-01
9.782244556113903755e-01
9.798911222780569696e-01
9.798994556113903576e-01
9.798994972780569190e-01
9.798994974863903806e-01
9.798994974874318808e-01
9.798994974874372099e-01
9.798994974874372099e-01
9.815661641541039151e-01
9.815744974874371920e-01
9.815745391541038645e-01
9.815745393624372150e-01
9.815745393634788263e-01
9.815745393634841554e-01
9.815745393634841554e-01
9.815745393634841554e-01
9.815745393634841554e-01
9.815745393634841554e-01
9.815745393634841554e-01
9.815745393634841554e-01
9.832412060301507495e-01
9.832495393634840264e-01
9.832495810301508099e-01
9.849162479051507546e-01
9.849245812395257538e-01
9.849246229061976443e-01
9.849246231145309949e-01
9.849246231155727171e-01
9.849246231155778242e-01
9.849246231155778242e-01
9.849246231155778242e-01
9.865912897822446403e-01
9.865996231155779173e-01
9.865996647822444787e-01
9.865996649905778293e-01
9.865996649916195516e-01
9.865996649916247696e-01
9.865996649916247696e-01
9.865996649916247696e-01
9.865996649916247696e-01
9.865996649916247696e-01
9.865996649916247696e-01
9.865996649916247696e-01
9.865996649916247696e-01
9.865996649916247696e-01
9.865996649916247696e-01
9.865996649916247696e-01
9.865996649916247696e-01
9.865996649916247696e-01
9.865996649916247696e-01
9.865996649916247696e-01
9.865996649916247696e-01
9.865996649916247696e-01
9.865996649916247696e-01
9.882663316582914748e-01
9.882746649916248627e-01
9.882747066582915352e-01
9.882747068666247747e-01
9.882747068676663860e-01
9.882747068676716040e-01
9.882747068676716040e-01
9.882747068676716040e-01
9.899413735343384202e-01
9.899497068676716971e-01
9.899497485343383696e-01
9.899497487426717202e-01
9.899497487437134424e-01
9.899497487437186605e-01
9.899497487437186605e-01
9.916164154103852546e-01
9.916247487437185315e-01
9.916247904103853150e-01
9.916247906187186656e-01
9.916247906197602768e-01
9.916247906197654949e-01
9.916247906197654949e-01
9.916247906197654949e-01
9.916247906197654949e-01
9.916247906197654949e-01
9.916247906197654949e-01
9.916247906197654949e-01
9.916247906197654949e-01
9.916247906197654949e-01
9.916247906197654949e-01
9.916247906197654949e-01
9.916247906197654949e-01
9.916247906197654949e-01
9.916247906197654949e-01
9.916247906197654949e-01
9.916247906197654949e-01
9.916247906197654949e-01
9.932914572864320890e-01
9.932997906197654769e-01
9.932998322864321494e-01
9.932998324947655000e-01
9.932998324958072223e-01
9.932998324958123293e-01
9.932998324958123293e-01
9.932998324958123293e-01
9.932998324958123293e-01
9.932998324958123293e-01
9.932998324958123293e-01
9.932998324958123293e-01
9.932998324958123293e-01
9.932998324958123293e-01
9.932998324958123293e-01
9.932998324958123293e-01
9.932998324958123293e-01
9.932998324958123293e-01
9.932998324958123293e-01
9.932998324958123293e-01
9.932998324958123293e-01
9.932998324958123293e-01
9.932998324958123293e-01
9.932998324958123293e-01
9.932998324958123293e-01
9.932998324958123293e-01
9.932998324958123293e-01
9.932998324958123293e-01
9.932998324958123293e-01
9.932998324958123293e-01
9.932998324958123293e-01
9.932998324958123293e-01
9.932998324958123293e-01
9.932998324958123293e-01
9.932998324958123293e-01
9.932998324958123293e-01
9.932998324958123293e-01
9.932998324958123293e-01
9.932998324958123293e-01
9.932998324958123293e-01
9.949664991624791455e-01
9.949748324958124224e-01
9.949748741624789838e-01
9.949748743708123344e-01
9.949748743718540567e-01
9.949748743718592747e-01
9.949748743718592747e-01
9.949748743718592747e-01
9.949748743718592747e-01
9.966415410385259799e-01
9.966498743718593678e-01
9.966499160385260403e-01
9.966499162468592798e-01
9.966499162479008911e-01
9.966499162479061091e-01
9.966499162479062202e-01
9.966499162479062202e-01
9.966499162479062202e-01
9.966499162479062202e-01
9.966499162479062202e-01
9.966499162479062202e-01
9.966499162479062202e-01
9.966499162479062202e-01
9.966499162479062202e-01
9.966499162479062202e-01
9.966499162479062202e-01
9.966499162479062202e-01
9.966499162479062202e-01
9.966499162479062202e-01
9.966499162479062202e-01
9.999832495812395194e-01
9.999999162479061843e-01
9.999999995812395293e-01
9.999999999979061194e-01
9.999999999999894529e-01
1.000000000000000000e+00
1.000000000000000000e+00
1.000000000000000000e+00
1.000000000000000000e+00
1.000000000000000000e+00
1.000000000000000000e+00
1.000000000000000000e+00
1.000000000000000000e+00
1.000000000000000000e+00
1.000000000000000000e+00
1.000000000000000000e+00
1.000000000000000000e+00
1.000000000000000000e+00
1.000000000000000000e+00
1.000000000000000000e+00
1.000000000000000000e+00
1.000000000000000000e+00
1.000000000000000000e+00
1.000000000000000000e+00
1.000000000000000000e+00
1.000000000000000000e+00
1.000000000000000000e+00
1.001666666666666705e+00
1.001674999999999871e+00
1.001675041666666655e+00
1.001675041875000005e+00
1.001675041876041616e+00
1.001675041876046945e+00
1.001675041876046945e+00
1.001675041876046945e+00
1.001675041876046945e+00
1.001675041876046945e+00
1.001675041876046945e+00
1.001675041876046945e+00
1.001675041876046945e+00
1.001675041876046945e+00
1.001675041876046945e+00
1.001675041876046945e+00
1.001675041876046945e+00
1.001675041876046945e+00
1.001675041876046945e+00
1.001675041876046945e+00
1.001675041876046945e+00
1.001675041876046945e+00
1.001675041876046945e+00
1.001675041876046945e+00
1.001675041876046945e+00
1.001675041876046945e+00
1.001675041876046945e+00
1.001675041876046945e+00
1.001675041876046945e+00
1.001675041876046945e+00
1.001675041876046945e+00
1.001675041876046945e+00
1.001675041876046945e+00
1.001675041876046945e+00
1.001675041876046945e+00
1.001675041876046945e+00
1.001675041876046945e+00
1.001675041876046945e+00
1.001675041876046945e+00
1.001675041876046945e+00
1.001675041876046945e+00
1.001675041876046945e+00
1.001675041876046945e+00
1.001675041876046945e+00
1.001675041876046945e+00
1.001675041876046945e+00
1.001675041876046945e+00
1.001675041876046945e+00
1.001675041876046945e+00
1.001675041876046945e+00
1.001675041876046945e+00
1.001675041876046945e+00
1.001675041876046945e+00
1.001675041876046945e+00
1.001675041876046945e+00
1.001675041876046945e+00
1.001675041876046945e+00
1.001675041876046945e+00
1.001675041876046945e+00
1.001675041876046945e+00
1.001675041876046945e+00
1.001675041876046945e+00
1.001675041876046945e+00
1.001675041876046945e+00
1.001675041876046945e+00
1.001675041876046945e+00
1.001675041876046945e+00
1.001675041876046945e+00
1.001675041876046945e+00
1.001675041876046945e+00
1.001675041876046945e+00
1.001675041876046945e+00
1.001675041876046945e+00
1.001675041876046945e+00
1.001675041876046945e+00
1.001675041876046945e+00
1.001675041876046945e+00
1.001675041876046945e+00
1.001675041876046945e+00
1.001675041876046945e+00
1.001675041876046945e+00
1.001675041876046945e+00
1.001675041876046945e+00
