0.000000000000000000e+00
0.000000000000000000e+00
0.000000000000000000e+00
0.000000000000000000e+00
0.000000000000000000e+00
0.000000000000000000e+00
0.000000000000000000e+00
0.000000000000000000e+00
0.000000000000000000e+00
0.000000000000000000e+00
0.000000000000000000e+00
0.000000000000000000e+00
0.000000000000000000e+00
0.000000000000000000e+00
0.000000000000000000e+00
0.000000000000000000e+00
0.000000000000000000e+00
0.000000000000000000e+00
0.000000000000000000e+00
0.000000000000000000e+00
0.000000000000000000e+00
0.000000000000000000e+00
0.000000000000000000e+00
0.000000000000000000e+00
0.000000000000000000e+00
0.000000000000000000e+00
0.000000000000000000e+00
0.000000000000000000e+00
0.000000000000000000e+00
0.000000000000000000e+00
0.000000000000000000e+00
0.000000000000000000e+00
0.000000000000000000e+00
0.000000000000000000e+00
0.000000000000000000e+00
0.000000000000000000e+00
0.000000000000000000e+00
0.000000000000000000e+00
0.000000000000000000e+00
0.000000000000000000e+00
0.000000000000000000e+00
0.000000000000000000e+00
0.000000000000000000e+00
0.000000000000000000e+00
0.000000000000000000e+00
0.000000000000000000e+00
0.000000000000000000e+00
0.000000000000000000e+00
0.000000000000000000e+00
0.000000000000000000e+00
0.000000000000000000e+00
0.000000000000000000e+00
0.000000000000000000e+00
0.000000000000000000e+00
0.000000000000000000e+00
0.000000000000000000e+00
0.000000000000000000e+00
0.000000000000000000e+00
0.000000000000000000e+00
0.000000000000000000e+00
0.000000000000000000e+00
0.000000000000000000e+00
0.000000000000000000e+00
0.000000000000000000e+00
0.000000000000000000e+00
0.000000000000000000e+00
0.000000000000000000e+00
0.000000000000000000e+00
0.000000000000000000e+00
0.000000000000000000e+00
0.000000000000000000e+00
0.000000000000000000e+00
0.000000000000000000e+00
0.000000000000000000e+00
0.000000000000000000e+00
0.000000000000000000e+00
0.000000000000000000e+00
0.000000000000000000e+00
0.000000000000000000e+00
0.000000000000000000e+00
0.000000000000000000e+00
0.000000000000000000e+00
0.000000000000000000e+00
0.000000000000000000e+00
0.000000000000000000e+00
0.000000000000000000e+00
0.000000000000000000e+00
0.000000000000000000e+00
0.000000000000000000e+00
0.000000000000000000e+00
0.000000000000000000e+00
0.000000000000000000e+00
0.000000000000000000e+00
0.000000000000000000e+00
0.000000000000000000e+00
0.000000000000000000e+00
0.000000000000000000e+00
0.000000000000000000e+00
0.000000000000000000e+00
0.000000000000000000e+00
0.000000000000000000e+00
0.000000000000000000e+00
0.000000000000000000e+00
0.000000000000000000e+00
0.000000000000000000e+00
0.000000000000000000e+00
0.000000000000000000e+00
0.000000000000000000e+00
0.000000000000000000e+00
0.000000000000000000e+00
0.000000000000000000e+00
0.000000000000000000e+00
0.000000000000000000e+00
0.000000000000000000e+00
0.000000000000000000e+00
0.000000000000000000e+00
0.000000000000000000e+00
0.000000000000000000e+00
0.000000000000000000e+00
0.000000000000000000e+00
0.000000000000000000e+00
0.000000000000000000e+00
0.000000000000000000e+00
0.000000000000000000e+00
0.000000000000000000e+00
0.000000000000000000e+00
0.000000000000000000e+00
0.000000000000000000e+00
0.000000000000000000e+00
0.000000000000000000e+00
1.666666666666666774e-03
1.666666666666666774e-03
1.666666666666666774e-03
1.666666666666666774e-03
1.666666666666666774e-03
1.666666666666666774e-03
1.666666666666666774e-03
1.666666666666666774e-03
1.666666666666666774e-03
1.666666666666666774e-03
1.666666666666666774e-03
1.666666666666666774e-03
1.666666666666666774e-03
1.666666666666666774e-03
1.666666666666666774e-03
3.333333333333333547e-03
3.333333333333333547e-03
3.333333333333333547e-03
3.333333333333333547e-03
3.333333333333333547e-03
3.333333333333333547e-03
3.333333333333333547e-03
3.333333333333333547e-03
3.333333333333333547e-03
3.333333333333333547e-03
3.333333333333333547e-03
3.333333333333333547e-03
3.333333333333333547e-03
3.333333333333333547e-03
3.333333333333333547e-03
3.333333333333333547e-03
3.333333333333333547e-03
3.333333333333333547e-03
3.333333333333333547e-03
3.333333333333333547e-03
3.333333333333333547e-03
3.333333333333333547e-03
3.333333333333333547e-03
3.333333333333333547e-03
3.333333333333333547e-03
3.333333333333333547e-03
3.333333333333333547e-03
5.000000000000000104e-03
5.000000000000000104e-03
5.000000000000000104e-03
5.000000000000000104e-03
5.000000000000000104e-03
5.000000000000000104e-03
5.000000000000000104e-03
6.666666666666667095e-03
6.666666666666667095e-03
6.666666666666667095e-03
6.666666666666667095e-03
6.666666666666667095e-03
6.666666666666667095e-03
6.666666666666667095e-03
6.666666666666667095e-03
6.666666666666667095e-03
6.666666666666667095e-03
6.666666666666667095e-03
6.666666666666667095e-03
6.666666666666667095e-03
6.666666666666667095e-03
6.666666666666667095e-03
6.666666666666667095e-03
6.666666666666667095e-03
6.666666666666667095e-03
6.666666666666667095e-03
6.666666666666667095e-03
6.666666666666667095e-03
6.666666666666667095e-03
8.333333333333333218e-03
8.333333333333333218e-03
8.333333333333333218e-03
8.333333333333333218e-03
8.333333333333333218e-03
8.333333333333333218e-03
8.333333333333333218e-03
1.333333333333333419e-02
1.333333333333333419e-02
1.333333333333333419e-02
1.333333333333333419e-02
1.333333333333333419e-02
1.333333333333333419e-02
1.333333333333333419e-02
1.333333333333333419e-02
1.499999999999999944e-02
1.499999999999999944e-02
1.499999999999999944e-02
1.499999999999999944e-02
1.499999999999999944e-02
1.499999999999999944e-02
1.499999999999999944e-02
1.499999999999999944e-02
1.499999999999999944e-02
1.499999999999999944e-02
1.499999999999999944e-02
1.499999999999999944e-02
1.499999999999999944e-02
1.499999999999999944e-02
1.499999999999999944e-02
1.499999999999999944e-02
1.499999999999999944e-02
1.499999999999999944e-02
1.499999999999999944e-02
1.499999999999999944e-02
1.499999999999999944e-02
1.499999999999999944e-02
1.499999999999999944e-02
1.666666666666666644e-02
1.666666666666666644e-02
1.666666666666666644e-02
1.666666666666666644e-02
1.666666666666666644e-02
1.666666666666666644e-02
1.666666666666666644e-02
1.666666666666666644e-02
1.833333333333333343e-02
1.833333333333333343e-02
1.833333333333333343e-02
2.000000000000000042e-02
2.000000000000000042e-02
2.000000000000000042e-02
2.000000000000000042e-02
2.000000000000000042e-02
2.000000000000000042e-02
2.000000000000000042e-02
2.000000000000000042e-02
2.000000000000000042e-02
2.000000000000000042e-02
2.000000000000000042e-02
2.000000000000000042e-02
2.166666666666666741e-02
2.166666666666666741e-02
2.166666666666666741e-02
2.166666666666666741e-02
2.166666666666666741e-02
2.166666666666666741e-02
2.166666666666666741e-02
2.333333333333333440e-02
2.333333333333333440e-02
2.333333333333333440e-02
2.333333333333333440e-02
2.333333333333333440e-02
2.333333333333333440e-02
2.333333333333333440e-02
2.333333333333333440e-02
2.333333333333333440e-02
2.333333333333333440e-02
2.499999999999999792e-02
2.499999999999999792e-02
2.499999999999999792e-02
2.499999999999999792e-02
2.499999999999999792e-02
2.499999999999999792e-02
2.499999999999999792e-02
2.499999999999999792e-02
2.499999999999999792e-02
2.499999999999999792e-02
2.499999999999999792e-02
2.499999999999999792e-02
2.499999999999999792e-02
2.499999999999999792e-02
2.499999999999999792e-02
2.499999999999999792e-02
2.499999999999999792e-02
2.499999999999999792e-02
2.499999999999999792e-02
2.499999999999999792e-02
2.499999999999999792e-02
2.499999999999999792e-02
2.499999999999999792e-02
2.499999999999999792e-02
2.499999999999999792e-02
2.499999999999999792e-02
2.499999999999999792e-02
2.499999999999999792e-02
2.499999999999999792e-02
2.499999999999999792e-02
2.499999999999999792e-02
2.499999999999999792e-02
2.666666666666666838e-02
2.666666666666666838e-02
2.666666666666666838e-02
2.666666666666666838e-02
2.666666666666666838e-02
2.666666666666666838e-02
2.666666666666666838e-02
2.666666666666666838e-02
2.833333333333333537e-02
2.833333333333333537e-02
2.833333333333333537e-02
2.833333333333333537e-02
2.833333333333333537e-02
2.833333333333333537e-02
2.999999999999999889e-02
2.999999999999999889e-02
2.999999999999999889e-02
2.999999999999999889e-02
3.166666666666666935e-02
3.333333333333333287e-02
3.499999999999999639e-02
3.499999999999999639e-02
3.499999999999999639e-02
3.499999999999999639e-02
3.499999999999999639e-02
3.499999999999999639e-02
3.499999999999999639e-02
3.499999999999999639e-02
3.499999999999999639e-02
3.833333333333333731e-02
3.833333333333333731e-02
3.833333333333333731e-02
3.833333333333333731e-02
3.833333333333333731e-02
3.833333333333333731e-02
3.833333333333333731e-02
3.833333333333333731e-02
3.833333333333333731e-02
3.833333333333333731e-02
4.000000000000000083e-02
4.000000000000000083e-02
4.000000000000000083e-02
4.000000000000000083e-02
4.000000000000000083e-02
4.000000000000000083e-02
4.000000000000000083e-02
4.000000000000000083e-02
4.000000000000000083e-02
4.000000000000000083e-02
4.000000000000000083e-02
4.000000000000000083e-02
4.000000000000000083e-02
4.000000000000000083e-02
4.000000000000000083e-02
4.000000000000000083e-02
4.000000000000000083e-02
4.333333333333333481e-02
4.500000000000000527e-02
4.500000000000000527e-02
4.500000000000000527e-02
4.500000000000000527e-02
4.833333333333333232e-02
4.833333333333333232e-02
4.833333333333333232e-02
4.833333333333333232e-02
4.833333333333333232e-02
4.833333333333333232e-02
4.833333333333333232e-02
4.833333333333333232e-02
4.833333333333333232e-02
4.833333333333333232e-02
4.833333333333333232e-02
4.999999999999999584e-02
5.333333333333333676e-02
5.333333333333333676e-02
5.333333333333333676e-02
5.333333333333333676e-02
5.333333333333333676e-02
5.333333333333333676e-02
5.333333333333333676e-02
5.333333333333333676e-02
5.333333333333333676e-02
5.500000000000000028e-02
5.500000000000000028e-02
5.500000000000000028e-02
5.666666666666667074e-02
5.833333333333332732e-02
5.999999999999999778e-02
5.999999999999999778e-02
6.166666666666666824e-02
6.166666666666666824e-02
6.166666666666666824e-02
6.166666666666666824e-02
6.166666666666666824e-02
6.166666666666666824e-02
6.166666666666666824e-02
6.166666666666666824e-02
6.333333333333333870e-02
6.333333333333333870e-02
6.666666666666666574e-02
6.666666666666666574e-02
6.666666666666666574e-02
6.666666666666666574e-02
6.666666666666666574e-02
6.666666666666666574e-02
6.666666666666666574e-02
6.666666666666666574e-02
6.666666666666666574e-02
6.666666666666666574e-02
6.666666666666666574e-02
6.666666666666666574e-02
6.666666666666666574e-02
6.666666666666666574e-02
6.666666666666666574e-02
6.666666666666666574e-02
6.833333333333332926e-02
6.833333333333332926e-02
6.999999999999999278e-02
6.999999999999999278e-02
6.999999999999999278e-02
6.999999999999999278e-02
6.999999999999999278e-02
7.166666666666667018e-02
7.333333333333333370e-02
7.333333333333333370e-02
7.333333333333333370e-02
7.499999999999999722e-02
7.499999999999999722e-02
7.499999999999999722e-02
7.499999999999999722e-02
7.499999999999999722e-02
7.499999999999999722e-02
7.499999999999999722e-02
7.499999999999999722e-02
7.499999999999999722e-02
7.499999999999999722e-02
7.499999999999999722e-02
7.499999999999999722e-02
7.499999999999999722e-02
7.499999999999999722e-02
7.499999999999999722e-02
7.499999999999999722e-02
7.499999999999999722e-02
7.499999999999999722e-02
7.499999999999999722e-02
7.499999999999999722e-02
7.499999999999999722e-02
7.499999999999999722e-02
7.499999999999999722e-02
7.499999999999999722e-02
7.499999999999999722e-02
7.666666666666667462e-02
7.666666666666667462e-02
7.666666666666667462e-02
7.666666666666667462e-02
7.833333333333332427e-02
7.833333333333332427e-02
7.833333333333332427e-02
7.833333333333332427e-02
7.833333333333332427e-02
8.000000000000000167e-02
8.000000000000000167e-02
8.000000000000000167e-02
8.166666666666666519e-02
8.166666666666666519e-02
8.166666666666666519e-02
8.166666666666666519e-02
8.166666666666666519e-02
8.166666666666666519e-02
8.333333333333332871e-02
8.500000000000000611e-02
8.500000000000000611e-02
8.500000000000000611e-02
8.500000000000000611e-02
8.500000000000000611e-02
8.500000000000000611e-02
8.833333333333333315e-02
8.833333333333333315e-02
8.833333333333333315e-02
9.166666666666667407e-02
9.166666666666667407e-02
9.333333333333333759e-02
9.333333333333333759e-02
9.333333333333333759e-02
9.333333333333333759e-02
9.499999999999998723e-02
9.499999999999998723e-02
9.666666666666666463e-02
9.666666666666666463e-02
9.833333333333332815e-02
9.833333333333332815e-02
9.999999999999999167e-02
9.999999999999999167e-02
9.999999999999999167e-02
1.016666666666666691e-01
1.016666666666666691e-01
1.016666666666666691e-01
1.049999999999999961e-01
1.049999999999999961e-01
1.066666666666666735e-01
1.066666666666666735e-01
1.066666666666666735e-01
1.066666666666666735e-01
1.100000000000000006e-01
1.100000000000000006e-01
1.150000000000000050e-01
1.166666666666666824e-01
1.183333333333333459e-01
1.250000000000000000e-01
1.266666666666666774e-01
1.266666666666666774e-01
1.299999999999999767e-01
1.316666666666666541e-01
1.333333333333333315e-01
1.333333333333333315e-01
1.333333333333333315e-01
1.349999999999999811e-01
1.349999999999999811e-01
1.366666666666666585e-01
1.399999999999999856e-01
1.416666666666666630e-01
1.416666666666666630e-01
1.416666666666666630e-01
1.416666666666666630e-01
1.416666666666666630e-01
1.416666666666666630e-01
1.483333333333333448e-01
1.516666666666666718e-01
1.533333333333333492e-01
1.583333333333333537e-01
1.600000000000000033e-01
1.600000000000000033e-01
1.600000000000000033e-01
1.600000000000000033e-01
1.616666666666666530e-01
1.616666666666666530e-01
1.633333333333333304e-01
1.633333333333333304e-01
1.633333333333333304e-01
1.683333333333333348e-01
1.700000000000000122e-01
1.733333333333333393e-01
1.766666666666666663e-01
1.766666666666666663e-01
1.783333333333333437e-01
1.800000000000000211e-01
1.816666666666666707e-01
1.816666666666666707e-01
1.816666666666666707e-01
1.816666666666666707e-01
1.816666666666666707e-01
1.816666666666666707e-01
1.850000000000000255e-01
1.883333333333333526e-01
1.900000000000000300e-01
1.900000000000000300e-01
1.949999999999999789e-01
1.949999999999999789e-01
1.949999999999999789e-01
1.949999999999999789e-01
2.016666666666666607e-01
2.033333333333333381e-01
2.033333333333333381e-01
2.116666666666666696e-01
2.116666666666666696e-01
2.133333333333333470e-01
2.133333333333333470e-01
2.133333333333333470e-01
2.133333333333333470e-01
2.133333333333333470e-01
2.149999999999999967e-01
2.149999999999999967e-01
2.166666666666666741e-01
2.166666666666666741e-01
2.166666666666666741e-01
2.166666666666666741e-01
2.183333333333333515e-01
2.200000000000000011e-01
2.200000000000000011e-01
2.200000000000000011e-01
2.200000000000000011e-01
2.250000000000000056e-01
2.250000000000000056e-01
2.266666666666666829e-01
2.266666666666666829e-01
2.300000000000000100e-01
2.300000000000000100e-01
2.333333333333333648e-01
2.350000000000000144e-01
2.350000000000000144e-01
2.350000000000000144e-01
2.383333333333333692e-01
2.400000000000000189e-01
2.400000000000000189e-01
2.433333333333333182e-01
2.483333333333333781e-01
2.500000000000000000e-01
2.500000000000000000e-01
2.516666666666667052e-01
2.549999999999999489e-01
2.583333333333333037e-01
2.583333333333333037e-01
2.599999999999999534e-01
2.649999999999999578e-01
2.666666666666666630e-01
2.683333333333333126e-01
2.683333333333333126e-01
2.683333333333333126e-01
2.683333333333333126e-01
2.683333333333333126e-01
2.683333333333333126e-01
2.699999999999999623e-01
2.699999999999999623e-01
2.716666666666666674e-01
2.783333333333333215e-01
2.833333333333333259e-01
2.833333333333333259e-01
2.849999999999999756e-01
2.866666666666666807e-01
2.866666666666666807e-01
2.866666666666666807e-01
2.883333333333333304e-01
2.883333333333333304e-01
2.883333333333333304e-01
2.933333333333333348e-01
2.949999999999999845e-01
2.983333333333333393e-01
3.016666666666666941e-01
3.049999999999999933e-01
3.083333333333333481e-01
3.099999999999999978e-01
3.150000000000000022e-01
3.183333333333333570e-01
3.183333333333333570e-01
3.200000000000000067e-01
3.216666666666667118e-01
3.216666666666667118e-01
3.233333333333333059e-01
3.233333333333333059e-01
3.283333333333333659e-01
3.383333333333333748e-01
3.400000000000000244e-01
3.416666666666666186e-01
3.450000000000000289e-01
3.516666666666667385e-01
3.516666666666667385e-01
3.516666666666667385e-01
3.600000000000000422e-01
3.616666666666666363e-01
3.649999999999999911e-01
3.716666666666666452e-01
3.783333333333333548e-01
3.816666666666666541e-01
3.833333333333333037e-01
3.850000000000000089e-01
3.866666666666666585e-01
3.899999999999999578e-01
3.899999999999999578e-01
3.916666666666666630e-01
3.916666666666666630e-01
3.916666666666666630e-01
3.950000000000000178e-01
3.983333333333333726e-01
3.983333333333333726e-01
4.033333333333333215e-01
4.050000000000000266e-01
4.050000000000000266e-01
4.066666666666666763e-01
4.083333333333333814e-01
4.083333333333333814e-01
4.099999999999999756e-01
4.150000000000000355e-01
4.183333333333332793e-01
4.183333333333332793e-01
4.199999999999999845e-01
4.249999999999999889e-01
4.283333333333333992e-01
4.316666666666666430e-01
4.350000000000000533e-01
4.350000000000000533e-01
4.400000000000000022e-01
4.400000000000000022e-01
4.450000000000000067e-01
4.450000000000000067e-01
4.466666666666667118e-01
4.483333333333334170e-01
4.500000000000000111e-01
4.500000000000000111e-01
4.550000000000000711e-01
4.566666666666667207e-01
4.633333333333333748e-01
4.650000000000000244e-01
4.650000000000000244e-01
4.666666666666666186e-01
4.683333333333333237e-01
4.733333333333333282e-01
4.733333333333333282e-01
4.733333333333333282e-01
4.749999999999999223e-01
4.766666666666666274e-01
4.766666666666666274e-01
4.766666666666666274e-01
4.799999999999999822e-01
4.883333333333332860e-01
4.933333333333333459e-01
4.983333333333333504e-01
5.016666666666665941e-01
5.066666666666667096e-01
5.083333333333333037e-01
5.116666666666667140e-01
5.133333333333333082e-01
5.150000000000000133e-01
5.166666666666667185e-01
5.216666666666666119e-01
5.250000000000000222e-01
5.250000000000000222e-01
5.266666666666667274e-01
5.333333333333333259e-01
5.350000000000000311e-01
5.366666666666666252e-01
5.383333333333333304e-01
5.383333333333333304e-01
5.383333333333333304e-01
5.400000000000000355e-01
5.400000000000000355e-01
5.450000000000000400e-01
5.450000000000000400e-01
5.483333333333333393e-01
5.483333333333333393e-01
5.516666666666666385e-01
5.550000000000000488e-01
5.566666666666666430e-01
5.583333333333333481e-01
5.616666666666666474e-01
5.616666666666666474e-01
5.616666666666666474e-01
5.616666666666666474e-01
5.650000000000000577e-01
5.666666666666667629e-01
5.666666666666667629e-01
5.666666666666667629e-01
5.666666666666667629e-01
5.683333333333333570e-01
5.716666666666666563e-01
5.750000000000000666e-01
5.766666666666666607e-01
5.833333333333333703e-01
5.833333333333333703e-01
5.849999999999999645e-01
5.883333333333333748e-01
5.883333333333333748e-01
5.883333333333333748e-01
5.950000000000000844e-01
5.966666666666666785e-01
5.983333333333332726e-01
5.999999999999999778e-01
6.033333333333333881e-01
6.083333333333332815e-01
6.083333333333332815e-01
6.133333333333333970e-01
6.216666666666667007e-01
6.233333333333334059e-01
6.250000000000000000e-01
6.250000000000000000e-01
6.283333333333334103e-01
6.283333333333334103e-01
6.316666666666667096e-01
6.316666666666667096e-01
6.333333333333333037e-01
6.333333333333333037e-01
6.350000000000000089e-01
6.366666666666666030e-01
6.383333333333333082e-01
6.433333333333333126e-01
6.466666666666666119e-01
6.533333333333333215e-01
6.533333333333333215e-01
6.583333333333333259e-01
6.583333333333333259e-01
6.583333333333333259e-01
6.633333333333333304e-01
6.716666666666667451e-01
6.716666666666667451e-01
6.766666666666667496e-01
6.783333333333333437e-01
6.833333333333332371e-01
6.849999999999999423e-01
6.883333333333333526e-01
6.899999999999999467e-01
6.933333333333333570e-01
6.983333333333332504e-01
7.000000000000000666e-01
7.000000000000000666e-01
7.000000000000000666e-01
7.016666666666666607e-01
7.016666666666666607e-01
7.033333333333334769e-01
7.066666666666666652e-01
7.099999999999999645e-01
7.116666666666665586e-01
7.149999999999999689e-01
7.166666666666666741e-01
7.200000000000000844e-01
7.216666666666666785e-01
7.233333333333332726e-01
7.266666666666665719e-01
7.266666666666665719e-01
7.266666666666665719e-01
7.299999999999999822e-01
7.333333333333333925e-01
7.333333333333333925e-01
7.349999999999999867e-01
7.349999999999999867e-01
7.399999999999998801e-01
7.416666666666666963e-01
7.416666666666666963e-01
7.450000000000001066e-01
7.466666666666667007e-01
7.533333333333332993e-01
7.550000000000000044e-01
7.566666666666667096e-01
7.583333333333334147e-01
7.600000000000001199e-01
7.616666666666667140e-01
7.650000000000000133e-01
7.683333333333332016e-01
7.683333333333332016e-01
7.716666666666668339e-01
7.766666666666667274e-01
7.766666666666667274e-01
7.766666666666667274e-01
7.816666666666667318e-01
7.850000000000000311e-01
7.866666666666666252e-01
7.866666666666666252e-01
7.916666666666666297e-01
7.933333333333333348e-01
7.949999999999999289e-01
8.033333333333333437e-01
8.033333333333333437e-01
8.050000000000000488e-01
8.066666666666666430e-01
8.116666666666665364e-01
8.149999999999999467e-01
8.166666666666665408e-01
8.216666666666666563e-01
8.249999999999998446e-01
8.249999999999998446e-01
8.266666666666666607e-01
8.266666666666666607e-01
8.283333333333332549e-01
8.300000000000000711e-01
8.316666666666666652e-01
8.349999999999999645e-01
8.349999999999999645e-01
8.366666666666665586e-01
8.383333333333332638e-01
8.433333333333333792e-01
8.483333333333332726e-01
8.516666666666665719e-01
8.533333333333333881e-01
8.550000000000000933e-01
8.599999999999999867e-01
8.599999999999999867e-01
8.716666666666667007e-01
8.733333333333334059e-01
8.750000000000000000e-01
8.750000000000000000e-01
8.783333333333332993e-01
8.816666666666667096e-01
8.850000000000001199e-01
8.850000000000001199e-01
8.850000000000001199e-01
8.850000000000001199e-01
8.850000000000001199e-01
8.866666666666667140e-01
8.866666666666667140e-01
8.866666666666667140e-01
8.950000000000000178e-01
8.983333333333334281e-01
9.000000000000000222e-01
9.000000000000000222e-01
9.000000000000000222e-01
9.066666666666667318e-01
9.066666666666667318e-01
9.083333333333333259e-01
9.083333333333333259e-01
9.083333333333333259e-01
9.083333333333333259e-01
9.100000000000000311e-01
9.100000000000000311e-01
9.133333333333334414e-01
9.166666666666666297e-01
9.183333333333333348e-01
9.216666666666667451e-01
9.249999999999999334e-01
9.300000000000000488e-01
9.300000000000000488e-01
9.366666666666666474e-01
9.416666666666667629e-01
9.433333333333333570e-01
9.466666666666666563e-01
9.516666666666666607e-01
9.516666666666666607e-01
9.533333333333334769e-01
9.533333333333334769e-01
9.550000000000000711e-01
9.550000000000000711e-01
9.583333333333333703e-01
9.599999999999999645e-01
9.616666666666665586e-01
9.633333333333332638e-01
9.633333333333332638e-01
9.666666666666666741e-01
9.666666666666666741e-01
9.666666666666666741e-01
9.666666666666666741e-01
9.716666666666666785e-01
9.733333333333332726e-01
9.749999999999999778e-01
9.749999999999999778e-01
9.766666666666665719e-01
9.766666666666665719e-01
9.783333333333333881e-01
9.799999999999999822e-01
9.799999999999999822e-01
9.816666666666667984e-01
9.816666666666667984e-01
9.849999999999999867e-01
9.883333333333332860e-01
9.883333333333332860e-01
9.883333333333332860e-01
9.883333333333332860e-01
9.883333333333332860e-01
9.899999999999998801e-01
9.933333333333331794e-01
9.966666666666665897e-01
1.000000000000000000e+00
1.000000000000000000e+00
1.000000000000000000e+00
1.000000000000000000e+00
1.000000000000000000e+00
1.003333333333333188e+00
1.004999999999999893e+00
1.006666666666666599e+00
1.006666666666666599e+00
1.006666666666666599e+00
1.006666666666666599e+00
1.010000000000000009e+00
1.010000000000000009e+00
1.010000000000000009e+00
1.011666666666666714e+00
1.013333333333333419e+00
1.016666666666666607e+00
1.016666666666666607e+00
1.016666666666666607e+00
1.018333333333333313e+00
1.018333333333333313e+00
1.021666666666666723e+00
1.023333333333333428e+00
1.023333333333333428e+00
1.025000000000000133e+00
1.026666666666666616e+00
1.026666666666666616e+00
1.026666666666666616e+00
1.026666666666666616e+00
1.028333333333333321e+00
1.028333333333333321e+00
1.028333333333333321e+00
1.030000000000000027e+00
1.030000000000000027e+00
1.030000000000000027e+00
1.030000000000000027e+00
1.033333333333333215e+00
1.038333333333333330e+00
1.038333333333333330e+00
1.038333333333333330e+00
1.038333333333333330e+00
1.040000000000000036e+00
1.041666666666666741e+00
1.043333333333333224e+00
1.043333333333333224e+00
1.043333333333333224e+00
1.043333333333333224e+00
1.044999999999999929e+00
1.044999999999999929e+00
1.044999999999999929e+00
1.044999999999999929e+00
1.046666666666666634e+00
