4.125000000000000333e-01
4.125000000000000333e-01
4.125000000000000333e-01
4.125000000000000333e-01
4.116666666666666807e-01
4.116666666666666807e-01
4.116666666666666807e-01
4.116666666666666807e-01
4.108333333333333282e-01
4.099999999999999756e-01
4.099999999999999756e-01
4.099999999999999756e-01
4.099999999999999756e-01
4.099999999999999756e-01
4.099999999999999756e-01
4.091666666666666785e-01
4.091666666666666785e-01
4.091666666666666785e-01
4.091666666666666785e-01
4.091666666666666785e-01
4.091666666666666785e-01
4.091666666666666785e-01
4.083333333333333814e-01
4.083333333333333814e-01
4.083333333333333814e-01
4.083333333333333814e-01
4.075000000000000289e-01
4.075000000000000289e-01
4.075000000000000289e-01
4.066666666666666763e-01
4.058333333333333237e-01
4.058333333333333237e-01
4.050000000000000266e-01
4.050000000000000266e-01
4.050000000000000266e-01
4.033333333333333215e-01
4.033333333333333215e-01
4.033333333333333215e-01
4.033333333333333215e-01
4.033333333333333215e-01
4.033333333333333215e-01
4.033333333333333215e-01
4.033333333333333215e-01
4.033333333333333215e-01
4.033333333333333215e-01
4.033333333333333215e-01
4.025000000000000244e-01
4.025000000000000244e-01
4.025000000000000244e-01
4.025000000000000244e-01
4.025000000000000244e-01
4.016666666666666718e-01
4.016666666666666718e-01
4.008333333333333748e-01
4.008333333333333748e-01
4.008333333333333748e-01
4.008333333333333748e-01
4.008333333333333748e-01
4.008333333333333748e-01
4.008333333333333748e-01
4.008333333333333748e-01
4.008333333333333748e-01
3.999999999999999667e-01
3.999999999999999667e-01
3.991666666666666696e-01
3.983333333333333726e-01
3.983333333333333726e-01
3.983333333333333726e-01
3.983333333333333726e-01
3.983333333333333726e-01
3.974999999999999645e-01
3.950000000000000178e-01
3.950000000000000178e-01
3.950000000000000178e-01
3.950000000000000178e-01
3.941666666666667207e-01
3.941666666666667207e-01
3.941666666666667207e-01
3.941666666666667207e-01
3.941666666666667207e-01
3.925000000000000155e-01
3.925000000000000155e-01
3.916666666666666630e-01
3.916666666666666630e-01
3.916666666666666630e-01
3.916666666666666630e-01
3.916666666666666630e-01
3.908333333333333104e-01
3.899999999999999578e-01
3.891666666666666607e-01
3.891666666666666607e-01
3.891666666666666607e-01
3.875000000000000111e-01
3.866666666666666585e-01
3.858333333333333059e-01
3.850000000000000089e-01
3.833333333333333037e-01
3.825000000000000067e-01
3.825000000000000067e-01
3.825000000000000067e-01
3.825000000000000067e-01
3.825000000000000067e-01
3.825000000000000067e-01
3.816666666666666541e-01
3.816666666666666541e-01
3.808333333333333570e-01
3.808333333333333570e-01
3.808333333333333570e-01
3.808333333333333570e-01
3.791666666666666519e-01
3.766666666666666496e-01
3.766666666666666496e-01
3.766666666666666496e-01
3.766666666666666496e-01
3.766666666666666496e-01
3.766666666666666496e-01
3.766666666666666496e-01
3.766666666666666496e-01
3.750000000000000000e-01
3.733333333333333504e-01
3.733333333333333504e-01
3.733333333333333504e-01
3.733333333333333504e-01
3.733333333333333504e-01
3.674999999999999933e-01
3.674999999999999933e-01
3.674999999999999933e-01
3.666666666666666963e-01
3.666666666666666963e-01
3.658333333333332882e-01
3.658333333333332882e-01
3.649999999999999911e-01
3.641666666666666941e-01
3.641666666666666941e-01
3.641666666666666941e-01
3.633333333333333415e-01
3.624999999999999889e-01
3.624999999999999889e-01
3.624999999999999889e-01
3.624999999999999889e-01
3.616666666666666363e-01
3.616666666666666363e-01
3.616666666666666363e-01
3.591666666666666896e-01
3.583333333333333370e-01
3.574999999999999845e-01
3.566666666666666874e-01
3.566666666666666874e-01
3.566666666666666874e-01
3.566666666666666874e-01
3.558333333333332793e-01
3.549999999999999822e-01
3.541666666666666852e-01
3.516666666666666274e-01
3.516666666666666274e-01
3.516666666666666274e-01
3.516666666666666274e-01
3.491666666666666807e-01
3.491666666666666807e-01
3.491666666666666807e-01
3.483333333333333282e-01
3.474999999999999756e-01
3.474999999999999756e-01
3.466666666666666785e-01
3.466666666666666785e-01
3.458333333333333814e-01
3.458333333333333814e-01
3.458333333333333814e-01
3.449999999999999734e-01
3.449999999999999734e-01
3.416666666666666186e-01
3.416666666666666186e-01
3.416666666666666186e-01
3.416666666666666186e-01
3.408333333333333215e-01
3.400000000000000244e-01
3.400000000000000244e-01
3.400000000000000244e-01
3.400000000000000244e-01
3.383333333333333748e-01
3.366666666666666696e-01
3.366666666666666696e-01
3.366666666666666696e-01
3.349999999999999645e-01
3.341666666666666674e-01
3.341666666666666674e-01
3.325000000000000178e-01
3.316666666666667207e-01
3.316666666666667207e-01
3.308333333333333681e-01
3.300000000000000155e-01
3.291666666666666630e-01
3.291666666666666630e-01
3.291666666666666630e-01
3.283333333333333659e-01
3.283333333333333659e-01
3.283333333333333659e-01
3.274999999999999578e-01
3.250000000000000111e-01
3.233333333333333059e-01
3.225000000000000089e-01
3.216666666666667118e-01
3.216666666666667118e-01
3.200000000000000067e-01
3.191666666666666541e-01
3.175000000000000044e-01
3.175000000000000044e-01
3.150000000000000022e-01
3.150000000000000022e-01
3.150000000000000022e-01
3.150000000000000022e-01
3.150000000000000022e-01
3.150000000000000022e-01
3.116666666666666474e-01
3.108333333333332948e-01
3.083333333333332926e-01
3.074999999999999400e-01
3.066666666666666430e-01
3.066666666666666430e-01
3.066666666666666430e-01
3.066666666666666430e-01
3.066666666666666430e-01
3.049999999999999933e-01
3.049999999999999933e-01
3.033333333333333437e-01
3.033333333333333437e-01
3.024999999999999911e-01
3.016666666666666941e-01
2.999999999999999889e-01
2.974999999999999867e-01
2.974999999999999867e-01
2.958333333333333370e-01
2.941666666666666874e-01
2.933333333333333348e-01
2.924999999999999822e-01
2.924999999999999822e-01
2.891666666666666274e-01
2.891666666666666274e-01
2.891666666666666274e-01
2.883333333333333304e-01
2.875000000000000333e-01
2.875000000000000333e-01
2.841666666666666785e-01
2.833333333333333814e-01
2.816666666666666763e-01
2.808333333333333237e-01
2.800000000000000266e-01
2.800000000000000266e-01
2.800000000000000266e-01
2.800000000000000266e-01
2.791666666666666741e-01
2.783333333333333215e-01
2.783333333333333215e-01
2.783333333333333215e-01
2.783333333333333215e-01
2.766666666666666718e-01
2.758333333333333193e-01
2.749999999999999667e-01
2.733333333333333171e-01
2.716666666666666674e-01
2.716666666666666674e-01
2.700000000000000178e-01
2.700000000000000178e-01
2.675000000000000155e-01
2.675000000000000155e-01
2.666666666666666630e-01
2.666666666666666630e-01
2.666666666666666630e-01
2.658333333333333104e-01
2.649999999999999578e-01
2.641666666666666607e-01
2.608333333333333059e-01
2.600000000000000089e-01
2.600000000000000089e-01
2.583333333333333592e-01
2.558333333333333570e-01
2.550000000000000044e-01
2.541666666666666519e-01
2.533333333333333548e-01
2.516666666666666496e-01
2.516666666666666496e-01
2.491666666666666752e-01
2.474999999999999700e-01
2.449999999999999956e-01
2.425000000000000211e-01
2.391666666666666663e-01
2.375000000000000167e-01
2.375000000000000167e-01
2.375000000000000167e-01
2.366666666666666641e-01
2.358333333333333393e-01
2.358333333333333393e-01
2.358333333333333393e-01
2.341666666666666341e-01
2.333333333333333093e-01
2.325000000000000122e-01
2.325000000000000122e-01
2.316666666666666596e-01
2.283333333333333603e-01
2.275000000000000078e-01
2.250000000000000056e-01
2.250000000000000056e-01
2.241666666666667085e-01
2.233333333333333004e-01
2.225000000000000033e-01
2.225000000000000033e-01
2.200000000000000011e-01
2.200000000000000011e-01
2.175000000000000266e-01
2.175000000000000266e-01
2.158333333333333215e-01
2.141666666666666996e-01
2.124999999999999944e-01
2.099999999999999922e-01
2.091666666666666397e-01
2.091666666666666397e-01
2.075000000000000178e-01
2.049999999999999878e-01
2.041666666666666907e-01
2.041666666666666907e-01
2.033333333333333381e-01
2.025000000000000133e-01
2.025000000000000133e-01
2.016666666666666607e-01
1.991666666666666863e-01
1.991666666666666863e-01
1.975000000000000089e-01
1.958333333333333315e-01
1.958333333333333315e-01
1.958333333333333315e-01
1.949999999999999789e-01
1.949999999999999789e-01
1.933333333333333293e-01
1.925000000000000044e-01
1.916666666666666519e-01
1.908333333333333270e-01
1.891666666666666774e-01
1.858333333333333226e-01
1.825000000000000233e-01
1.808333333333333182e-01
1.800000000000000211e-01
1.758333333333333692e-01
1.758333333333333692e-01
1.758333333333333692e-01
1.725000000000000144e-01
1.708333333333333093e-01
1.700000000000000122e-01
1.691666666666666874e-01
1.641666666666666829e-01
1.616666666666666530e-01
1.616666666666666530e-01
1.608333333333333559e-01
1.608333333333333559e-01
1.600000000000000033e-01
1.591666666666666785e-01
1.591666666666666785e-01
1.575000000000000011e-01
1.549999999999999989e-01
1.541666666666666741e-01
1.524999999999999967e-01
1.508333333333333470e-01
1.491666666666666696e-01
1.475000000000000200e-01
1.466666666666666952e-01
1.441666666666666652e-01
1.441666666666666652e-01
1.441666666666666652e-01
1.433333333333333404e-01
1.433333333333333404e-01
1.433333333333333404e-01
1.425000000000000155e-01
1.416666666666666630e-01
1.416666666666666630e-01
1.391666666666666607e-01
1.358333333333333337e-01
1.350000000000000089e-01
1.350000000000000089e-01
1.341666666666666841e-01
1.341666666666666841e-01
1.341666666666666841e-01
1.341666666666666841e-01
1.341666666666666841e-01
1.341666666666666841e-01
1.333333333333333315e-01
1.324999999999999789e-01
1.299999999999999767e-01
1.291666666666666796e-01
1.291666666666666796e-01
1.275000000000000300e-01
1.258333333333333526e-01
1.250000000000000000e-01
1.250000000000000000e-01
1.241666666666666891e-01
1.216666666666666591e-01
1.200000000000000094e-01
1.200000000000000094e-01
1.191666666666666846e-01
1.175000000000000072e-01
1.175000000000000072e-01
1.175000000000000072e-01
1.166666666666666824e-01
1.149999999999999911e-01
1.149999999999999911e-01
1.133333333333333415e-01
1.133333333333333415e-01
1.125000000000000028e-01
1.125000000000000028e-01
1.100000000000000006e-01
1.100000000000000006e-01
1.100000000000000006e-01
1.100000000000000006e-01
1.091666666666666757e-01
1.083333333333333370e-01
1.083333333333333370e-01
1.083333333333333370e-01
1.083333333333333370e-01
1.074999999999999983e-01
1.074999999999999983e-01
1.066666666666666735e-01
1.066666666666666735e-01
1.066666666666666735e-01
1.066666666666666735e-01
1.066666666666666735e-01
1.058333333333333348e-01
1.058333333333333348e-01
1.016666666666666691e-01
1.016666666666666691e-01
1.008333333333333304e-01
9.749999999999998945e-02
9.749999999999998945e-02
9.749999999999998945e-02
9.749999999999998945e-02
9.499999999999998723e-02
9.499999999999998723e-02
9.416666666666666241e-02
9.249999999999998501e-02
9.083333333333332149e-02
9.083333333333332149e-02
9.083333333333332149e-02
9.083333333333332149e-02
9.083333333333332149e-02
9.083333333333332149e-02
9.000000000000001055e-02
8.916666666666667185e-02
8.833333333333333315e-02
8.833333333333333315e-02
8.666666666666666963e-02
8.500000000000000611e-02
8.416666666666666741e-02
8.166666666666667906e-02
8.166666666666667906e-02
8.166666666666667906e-02
8.083333333333334036e-02
8.083333333333334036e-02
8.000000000000000167e-02
8.000000000000000167e-02
8.000000000000000167e-02
8.000000000000000167e-02
7.916666666666667684e-02
7.666666666666667462e-02
7.583333333333333592e-02
7.416666666666667240e-02
7.083333333333333148e-02
7.083333333333333148e-02
7.083333333333333148e-02
7.083333333333333148e-02
7.083333333333333148e-02
7.083333333333333148e-02
6.999999999999999278e-02
6.833333333333332926e-02
6.749999999999999056e-02
6.749999999999999056e-02
6.666666666666666574e-02
6.666666666666666574e-02
6.666666666666666574e-02
6.583333333333332704e-02
6.499999999999998834e-02
6.333333333333333870e-02
6.333333333333333870e-02
6.250000000000000000e-02
5.916666666666666602e-02
5.833333333333332732e-02
5.749999999999999556e-02
5.500000000000000028e-02
5.500000000000000028e-02
5.333333333333333676e-02
5.333333333333333676e-02
5.333333333333333676e-02
5.333333333333333676e-02
5.249999999999999806e-02
5.249999999999999806e-02
5.083333333333333454e-02
5.083333333333333454e-02
5.083333333333333454e-02
4.999999999999999584e-02
4.999999999999999584e-02
4.999999999999999584e-02
4.916666666666666408e-02
4.916666666666666408e-02
4.833333333333333925e-02
4.833333333333333925e-02
4.750000000000000749e-02
4.750000000000000749e-02
4.666666666666666879e-02
4.666666666666666879e-02
4.666666666666666879e-02
4.666666666666666879e-02
4.583333333333333703e-02
4.583333333333333703e-02
4.416666666666666657e-02
4.416666666666666657e-02
4.416666666666666657e-02
4.250000000000000305e-02
4.250000000000000305e-02
4.250000000000000305e-02
4.250000000000000305e-02
4.250000000000000305e-02
4.250000000000000305e-02
4.166666666666666435e-02
4.083333333333333259e-02
4.083333333333333259e-02
4.083333333333333259e-02
4.083333333333333259e-02
4.083333333333333259e-02
4.083333333333333259e-02
4.000000000000000083e-02
4.000000000000000083e-02
4.000000000000000083e-02
3.916666666666666907e-02
3.916666666666666907e-02
3.916666666666666907e-02
3.916666666666666907e-02
3.916666666666666907e-02
3.833333333333333731e-02
3.833333333333333731e-02
3.833333333333333731e-02
3.833333333333333731e-02
3.749999999999999861e-02
3.749999999999999861e-02
3.749999999999999861e-02
3.749999999999999861e-02
3.749999999999999861e-02
3.749999999999999861e-02
3.749999999999999861e-02
3.749999999999999861e-02
3.749999999999999861e-02
3.749999999999999861e-02
3.749999999999999861e-02
3.749999999999999861e-02
3.749999999999999861e-02
3.749999999999999861e-02
3.749999999999999861e-02
3.749999999999999861e-02
3.749999999999999861e-02
3.749999999999999861e-02
3.749999999999999861e-02
3.749999999999999861e-02
3.749999999999999861e-02
3.749999999999999861e-02
3.749999999999999861e-02
3.749999999999999861e-02
3.749999999999999861e-02
3.666666666666666685e-02
3.666666666666666685e-02
3.666666666666666685e-02
3.583333333333333509e-02
3.499999999999999639e-02
3.499999999999999639e-02
3.499999999999999639e-02
3.499999999999999639e-02
3.499999999999999639e-02
3.416666666666666463e-02
3.416666666666666463e-02
3.333333333333333287e-02
3.333333333333333287e-02
3.333333333333333287e-02
3.333333333333333287e-02
3.333333333333333287e-02
3.333333333333333287e-02
3.333333333333333287e-02
3.333333333333333287e-02
3.333333333333333287e-02
3.333333333333333287e-02
3.333333333333333287e-02
3.333333333333333287e-02
3.333333333333333287e-02
3.333333333333333287e-02
3.333333333333333287e-02
3.333333333333333287e-02
3.166666666666666935e-02
3.166666666666666935e-02
3.083333333333333412e-02
3.083333333333333412e-02
3.083333333333333412e-02
3.083333333333333412e-02
3.083333333333333412e-02
3.083333333333333412e-02
3.083333333333333412e-02
3.083333333333333412e-02
3.000000000000000236e-02
3.000000000000000236e-02
2.916666666666667060e-02
2.833333333333333537e-02
2.750000000000000014e-02
2.750000000000000014e-02
2.750000000000000014e-02
2.666666666666666838e-02
2.666666666666666838e-02
2.666666666666666838e-02
2.666666666666666838e-02
2.666666666666666838e-02
2.666666666666666838e-02
2.666666666666666838e-02
2.666666666666666838e-02
2.666666666666666838e-02
2.499999999999999792e-02
2.416666666666666616e-02
2.416666666666666616e-02
2.416666666666666616e-02
2.416666666666666616e-02
2.416666666666666616e-02
2.416666666666666616e-02
2.416666666666666616e-02
2.416666666666666616e-02
2.416666666666666616e-02
2.416666666666666616e-02
2.416666666666666616e-02
2.250000000000000264e-02
2.250000000000000264e-02
2.250000000000000264e-02
2.250000000000000264e-02
2.166666666666666741e-02
2.000000000000000042e-02
2.000000000000000042e-02
2.000000000000000042e-02
2.000000000000000042e-02
2.000000000000000042e-02
2.000000000000000042e-02
2.000000000000000042e-02
2.000000000000000042e-02
2.000000000000000042e-02
2.000000000000000042e-02
2.000000000000000042e-02
2.000000000000000042e-02
2.000000000000000042e-02
2.000000000000000042e-02
2.000000000000000042e-02
2.000000000000000042e-02
2.000000000000000042e-02
1.916666666666666519e-02
1.916666666666666519e-02
1.916666666666666519e-02
1.916666666666666519e-02
1.916666666666666519e-02
1.916666666666666519e-02
1.916666666666666519e-02
1.916666666666666519e-02
1.916666666666666519e-02
1.916666666666666519e-02
1.750000000000000167e-02
1.750000000000000167e-02
1.750000000000000167e-02
1.750000000000000167e-02
1.750000000000000167e-02
1.750000000000000167e-02
1.750000000000000167e-02
1.750000000000000167e-02
1.750000000000000167e-02
1.666666666666666644e-02
1.583333333333333467e-02
1.499999999999999944e-02
1.499999999999999944e-02
1.499999999999999944e-02
1.499999999999999944e-02
1.416666666666666768e-02
1.416666666666666768e-02
1.416666666666666768e-02
1.416666666666666768e-02
1.416666666666666768e-02
1.416666666666666768e-02
1.333333333333333419e-02
1.333333333333333419e-02
1.333333333333333419e-02
1.333333333333333419e-02
1.333333333333333419e-02
1.333333333333333419e-02
1.333333333333333419e-02
1.333333333333333419e-02
1.249999999999999896e-02
1.249999999999999896e-02
1.249999999999999896e-02
1.249999999999999896e-02
1.249999999999999896e-02
1.249999999999999896e-02
1.249999999999999896e-02
1.249999999999999896e-02
1.249999999999999896e-02
1.249999999999999896e-02
1.249999999999999896e-02
1.249999999999999896e-02
1.249999999999999896e-02
1.249999999999999896e-02
1.249999999999999896e-02
1.249999999999999896e-02
1.249999999999999896e-02
1.249999999999999896e-02
1.249999999999999896e-02
1.249999999999999896e-02
1.249999999999999896e-02
1.249999999999999896e-02
1.249999999999999896e-02
1.249999999999999896e-02
1.249999999999999896e-02
1.249999999999999896e-02
1.249999999999999896e-02
1.249999999999999896e-02
1.249999999999999896e-02
1.249999999999999896e-02
1.249999999999999896e-02
1.249999999999999896e-02
1.166666666666666720e-02
1.166666666666666720e-02
1.166666666666666720e-02
1.166666666666666720e-02
1.166666666666666720e-02
1.166666666666666720e-02
1.166666666666666720e-02
1.166666666666666720e-02
1.166666666666666720e-02
1.166666666666666720e-02
1.083333333333333370e-02
1.083333333333333370e-02
1.083333333333333370e-02
1.083333333333333370e-02
1.083333333333333370e-02
1.083333333333333370e-02
1.083333333333333370e-02
1.000000000000000021e-02
1.000000000000000021e-02
1.000000000000000021e-02
1.000000000000000021e-02
1.000000000000000021e-02
1.000000000000000021e-02
1.000000000000000021e-02
1.000000000000000021e-02
1.000000000000000021e-02
1.000000000000000021e-02
1.000000000000000021e-02
1.000000000000000021e-02
9.166666666666666713e-03
9.166666666666666713e-03
9.166666666666666713e-03
8.333333333333333218e-03
8.333333333333333218e-03
8.333333333333333218e-03
8.333333333333333218e-03
8.333333333333333218e-03
8.333333333333333218e-03
8.333333333333333218e-03
8.333333333333333218e-03
7.499999999999999722e-03
7.499999999999999722e-03
7.499999999999999722e-03
7.499999999999999722e-03
7.499999999999999722e-03
7.499999999999999722e-03
7.499999999999999722e-03
7.499999999999999722e-03
7.499999999999999722e-03
7.499999999999999722e-03
7.499999999999999722e-03
7.499999999999999722e-03
7.499999999999999722e-03
7.499999999999999722e-03
7.499999999999999722e-03
7.499999999999999722e-03
7.499999999999999722e-03
7.499999999999999722e-03
7.499999999999999722e-03
7.499999999999999722e-03
7.499999999999999722e-03
7.499999999999999722e-03
7.499999999999999722e-03
6.666666666666667095e-03
6.666666666666667095e-03
6.666666666666667095e-03
6.666666666666667095e-03
6.666666666666667095e-03
6.666666666666667095e-03
6.666666666666667095e-03
6.666666666666667095e-03
5.833333333333333599e-03
5.833333333333333599e-03
5.833333333333333599e-03
5.833333333333333599e-03
5.833333333333333599e-03
5.833333333333333599e-03
5.833333333333333599e-03
5.000000000000000104e-03
5.000000000000000104e-03
5.000000000000000104e-03
5.000000000000000104e-03
5.000000000000000104e-03
5.000000000000000104e-03
5.000000000000000104e-03
5.000000000000000104e-03
5.000000000000000104e-03
5.000000000000000104e-03
5.000000000000000104e-03
5.000000000000000104e-03
5.000000000000000104e-03
5.000000000000000104e-03
5.000000000000000104e-03
5.000000000000000104e-03
5.000000000000000104e-03
5.000000000000000104e-03
5.000000000000000104e-03
5.000000000000000104e-03
5.000000000000000104e-03
5.000000000000000104e-03
4.166666666666666609e-03
4.166666666666666609e-03
4.166666666666666609e-03
4.166666666666666609e-03
4.166666666666666609e-03
4.166666666666666609e-03
4.166666666666666609e-03
4.166666666666666609e-03
4.166666666666666609e-03
4.166666666666666609e-03
4.166666666666666609e-03
4.166666666666666609e-03
4.166666666666666609e-03
4.166666666666666609e-03
4.166666666666666609e-03
4.166666666666666609e-03
4.166666666666666609e-03
4.166666666666666609e-03
4.166666666666666609e-03
4.166666666666666609e-03
4.166666666666666609e-03
4.166666666666666609e-03
4.166666666666666609e-03
4.166666666666666609e-03
4.166666666666666609e-03
4.166666666666666609e-03
4.166666666666666609e-03
4.166666666666666609e-03
4.166666666666666609e-03
4.166666666666666609e-03
4.166666666666666609e-03
4.166666666666666609e-03
4.166666666666666609e-03
4.166666666666666609e-03
4.166666666666666609e-03
4.166666666666666609e-03
4.166666666666666609e-03
4.166666666666666609e-03
4.166666666666666609e-03
4.166666666666666609e-03
3.333333333333333547e-03
3.333333333333333547e-03
3.333333333333333547e-03
3.333333333333333547e-03
3.333333333333333547e-03
3.333333333333333547e-03
3.333333333333333547e-03
3.333333333333333547e-03
3.333333333333333547e-03
2.500000000000000052e-03
2.500000000000000052e-03
2.500000000000000052e-03
2.500000000000000052e-03
2.500000000000000052e-03
2.500000000000000052e-03
2.500000000000000052e-03
2.500000000000000052e-03
2.500000000000000052e-03
2.500000000000000052e-03
2.500000000000000052e-03
2.500000000000000052e-03
2.500000000000000052e-03
2.500000000000000052e-03
2.500000000000000052e-03
2.500000000000000052e-03
2.500000000000000052e-03
2.500000000000000052e-03
2.500000000000000052e-03
2.500000000000000052e-03
2.500000000000000052e-03
8.333333333333333868e-04
8.333333333333333868e-04
8.333333333333333868e-04
8.333333333333333868e-04
8.333333333333333868e-04
8.333333333333333868e-04
8.333333333333333868e-04
8.333333333333333868e-04
8.333333333333333868e-04
8.333333333333333868e-04
8.333333333333333868e-04
8.333333333333333868e-04
8.333333333333333868e-04
8.333333333333333868e-04
8.333333333333333868e-04
8.333333333333333868e-04
8.333333333333333868e-04
8.333333333333333868e-04
8.333333333333333868e-04
8.333333333333333868e-04
8.333333333333333868e-04
8.333333333333333868e-04
8.333333333333333868e-04
8.333333333333333868e-04
8.333333333333333868e-04
8.333333333333333868e-04
8.333333333333333868e-04
0.000000000000000000e+00
0.000000000000000000e+00
0.000000000000000000e+00
0.000000000000000000e+00
0.000000000000000000e+00
0.000000000000000000e+00
0.000000000000000000e+00
0.000000000000000000e+00
0.000000000000000000e+00
0.000000000000000000e+00
0.000000000000000000e+00
0.000000000000000000e+00
0.000000000000000000e+00
0.000000000000000000e+00
0.000000000000000000e+00
0.000000000000000000e+00
0.000000000000000000e+00
0.000000000000000000e+00
0.000000000000000000e+00
0.000000000000000000e+00
0.000000000000000000e+00
0.000000000000000000e+00
0.000000000000000000e+00
0.000000000000000000e+00
0.000000000000000000e+00
0.000000000000000000e+00
0.000000000000000000e+00
0.000000000000000000e+00
0.000000000000000000e+00
0.000000000000000000e+00
0.000000000000000000e+00
0.000000000000000000e+00
0.000000000000000000e+00
0.000000000000000000e+00
0.000000000000000000e+00
0.000000000000000000e+00
0.000000000000000000e+00
0.000000000000000000e+00
0.000000000000000000e+00
0.000000000000000000e+00
0.000000000000000000e+00
0.000000000000000000e+00
0.000000000000000000e+00
0.000000000000000000e+00
0.000000000000000000e+00
0.000000000000000000e+00
0.000000000000000000e+00
0.000000000000000000e+00
0.000000000000000000e+00
0.000000000000000000e+00
0.000000000000000000e+00
0.000000000000000000e+00
0.000000000000000000e+00
0.000000000000000000e+00
0.000000000000000000e+00
0.000000000000000000e+00
0.000000000000000000e+00
0.000000000000000000e+00
0.000000000000000000e+00
0.000000000000000000e+00
0.000000000000000000e+00
0.000000000000000000e+00
0.000000000000000000e+00
0.000000000000000000e+00
0.000000000000000000e+00
0.000000000000000000e+00
0.000000000000000000e+00
0.000000000000000000e+00
0.000000000000000000e+00
0.000000000000000000e+00
0.000000000000000000e+00
0.000000000000000000e+00
0.000000000000000000e+00
0.000000000000000000e+00
0.000000000000000000e+00
0.000000000000000000e+00
0.000000000000000000e+00
0.000000000000000000e+00
0.000000000000000000e+00
0.000000000000000000e+00
0.000000000000000000e+00
0.000000000000000000e+00
0.000000000000000000e+00
