0.000000000000000000e+00
0.000000000000000000e+00
0.000000000000000000e+00
0.000000000000000000e+00
0.000000000000000000e+00
0.000000000000000000e+00
0.000000000000000000e+00
0.000000000000000000e+00
0.000000000000000000e+00
0.000000000000000000e+00
0.000000000000000000e+00
0.000000000000000000e+00
0.000000000000000000e+00
0.000000000000000000e+00
0.000000000000000000e+00
0.000000000000000000e+00
0.000000000000000000e+00
0.000000000000000000e+00
0.000000000000000000e+00
0.000000000000000000e+00
0.000000000000000000e+00
0.000000000000000000e+00
0.000000000000000000e+00
0.000000000000000000e+00
0.000000000000000000e+00
0.000000000000000000e+00
0.000000000000000000e+00
0.000000000000000000e+00
0.000000000000000000e+00
0.000000000000000000e+00
0.000000000000000000e+00
0.000000000000000000e+00
0.000000000000000000e+00
0.000000000000000000e+00
0.000000000000000000e+00
0.000000000000000000e+00
0.000000000000000000e+00
0.000000000000000000e+00
0.000000000000000000e+00
0.000000000000000000e+00
0.000000000000000000e+00
0.000000000000000000e+00
0.000000000000000000e+00
0.000000000000000000e+00
0.000000000000000000e+00
0.000000000000000000e+00
0.000000000000000000e+00
0.000000000000000000e+00
0.000000000000000000e+00
0.000000000000000000e+00
0.000000000000000000e+00
0.000000000000000000e+00
0.000000000000000000e+00
0.000000000000000000e+00
0.000000000000000000e+00
0.000000000000000000e+00
3.333333333333333547e-03
3.366666666666666679e-03
3.367000000000000201e-03
3.367003333333333081e-03
3.367003366666666570e-03
3.367003367000000191e-03
3.367003367003333029e-03
3.367003367003366856e-03
3.367003367003367290e-03
3.367003367003367290e-03
3.367003367003367290e-03
3.367003367003367290e-03
3.367003367003367290e-03
3.367003367003367290e-03
3.367003367003367290e-03
3.367003367003367290e-03
3.367003367003367290e-03
3.367003367003367290e-03
3.367003367003367290e-03
3.367003367003367290e-03
3.367003367003367290e-03
3.367003367003367290e-03
3.367003367003367290e-03
3.367003367003367290e-03
3.367003367003367290e-03
3.367003367003367290e-03
3.367003367003367290e-03
3.367003367003367290e-03
3.367003367003367290e-03
6.700336700336702138e-03
1.006700336700336838e-02
1.010067003367003287e-02
1.010100670033669927e-02
1.010101006700336694e-02
1.010101010067003362e-02
1.010101010100670181e-02
1.010101010101006717e-02
1.010101010101010187e-02
1.010101010101010187e-02
1.010101010101010187e-02
1.010101010101010187e-02
1.010101010101010187e-02
1.010101010101010187e-02
1.010101010101010187e-02
1.010101010101010187e-02
1.010101010101010187e-02
1.010101010101010187e-02
1.010101010101010187e-02
1.010101010101010187e-02
1.010101010101010187e-02
1.010101010101010187e-02
1.010101010101010187e-02
1.010101010101010187e-02
1.010101010101010187e-02
1.010101010101010187e-02
1.010101010101010187e-02
1.010101010101010187e-02
1.010101010101010187e-02
1.010101010101010187e-02
1.010101010101010187e-02
1.010101010101010187e-02
1.010101010101010187e-02
1.010101010101010187e-02
1.010101010101010187e-02
1.010101010101010187e-02
1.010101010101010187e-02
1.010101010101010187e-02
1.010101010101010187e-02
1.010101010101010187e-02
1.010101010101010187e-02
1.010101010101010187e-02
1.010101010101010187e-02
1.010101010101010187e-02
1.010101010101010187e-02
1.343434343434343585e-02
1.346767676767676725e-02
1.346801010101010380e-02
1.346801343434343191e-02
1.346801346767676801e-02
1.346801346801010379e-02
1.346801346801343446e-02
1.346801346801346742e-02
1.346801346801346916e-02
1.346801346801346916e-02
1.346801346801346916e-02
1.346801346801346916e-02
1.346801346801346916e-02
1.346801346801346916e-02
1.346801346801346916e-02
1.346801346801346916e-02
1.346801346801346916e-02
1.346801346801346916e-02
1.346801346801346916e-02
1.346801346801346916e-02
1.346801346801346916e-02
1.346801346801346916e-02
1.346801346801346916e-02
1.346801346801346916e-02
1.346801346801346916e-02
1.346801346801346916e-02
1.346801346801346916e-02
1.680134680134680314e-02
1.680134680134680314e-02
1.680134680134680314e-02
1.680134680134680314e-02
2.013468013468013712e-02
2.016801346801347025e-02
2.016834680134680161e-02
2.016835013468013318e-02
2.016835016801346928e-02
2.016835016834679986e-02
2.016835016835013747e-02
2.016835016835016869e-02
2.016835016835016869e-02
2.016835016835016869e-02
2.016835016835016869e-02
2.350168350168349921e-02
2.353501683501683581e-02
2.353535016835016716e-02
2.353535350168349874e-02
2.353535353501683483e-02
2.353535353535016542e-02
2.353535353535350302e-02
2.353535353535353425e-02
2.353535353535353425e-02
2.353535353535353425e-02
2.353535353535353425e-02
2.353535353535353425e-02
2.686868686868686476e-02
2.690202020202020136e-02
2.690235353535353272e-02
2.690235686868687123e-02
2.690235690202019692e-02
2.690235690235353097e-02
3.023569023569019909e-02
3.026902356902356692e-02
3.026935690235689827e-02
3.026936023569023679e-02
3.026936026902356594e-02
3.026936026935690346e-02
4.026936026936023261e-02
4.026936026936026730e-02
4.026936026936026730e-02
4.026936026936026730e-02
4.026936026936026730e-02
4.026936026936026730e-02
4.026936026936026730e-02
4.693602693602694220e-02
4.700269360269360153e-02
4.700336026936027117e-02
4.700336693602693433e-02
4.700336700269360651e-02
4.700336700336026768e-02
4.700336700336693596e-02
5.033670033670033933e-02
5.370336700336700297e-02
5.373703367003367787e-02
5.373737033670033386e-02
5.707070703670033551e-02
5.710404040370033879e-02
5.710437373737033834e-02
5.710437707070703528e-02
5.710437710404040607e-02
6.043771043770707063e-02
6.047104377104373790e-02
6.047137710437710395e-02
6.047138043771043553e-02
6.380471380437710560e-02
6.383804713804376585e-02
6.383838047138043481e-02
6.383838380471380802e-02
6.383838383804714411e-02
6.717171717171381562e-02
6.717171717171714629e-02
6.717171717171717404e-02
6.717171717171717404e-02
7.383838383838382813e-02
7.390505050505051521e-02
7.390571717171717792e-02
7.390572383838384107e-02
7.390572390505051326e-02
7.390572390571716055e-02
7.390572390572384964e-02
7.390572390572390515e-02
7.390572390572390515e-02
7.390572390572390515e-02
7.723905723905723220e-02
7.727239057239056186e-02
7.727272390572391403e-02
8.393939390572391357e-02
8.400606060572390898e-02
8.400672727272391616e-02
8.400673393939389610e-02
8.400673400606060992e-02
8.400673400672727109e-02
8.734006734006727335e-02
8.737340067340067240e-02
8.737373400673399682e-02
9.070707067340066931e-02
9.740707070673400303e-02
9.747407070706733123e-02
9.747474070707067006e-02
1.008080807404040380e-01
1.008414141407373704e-01
1.008417474747407144e-01
1.008417508080807351e-01
1.008417508414141267e-01
1.008417508417474712e-01
1.008417508417508018e-01
1.008417508417508435e-01
1.041750841750841844e-01
1.108750841750841681e-01
1.109087508417508361e-01
1.142424208417508469e-01
1.142757575417508442e-01
1.142760909087508353e-01
1.142760942424208420e-01
1.142760942757575365e-01
1.142760942760909226e-01
1.176094276094275665e-01
1.209760942760942787e-01
1.276764276094276007e-01
1.410767642760943075e-01
1.411774343094276130e-01
1.411784410097609577e-01
1.411784510767642720e-01
1.445117845107676546e-01
1.478784511784410061e-01
1.512121178451177606e-01
1.645454545117845113e-01
1.645454545451178474e-01
1.645454545454511641e-01
1.645454545454545225e-01
1.712121212121211766e-01
1.712121212121211766e-01
1.778787878787878585e-01
1.812787878787879003e-01
1.812794545454545492e-01
1.846127945454545394e-01
1.846461279454545412e-01
1.913131279461212086e-01
1.913797979461278886e-01
2.013804646461279380e-01
2.113804713131279545e-01
2.113804713797979573e-01
2.147138047137979733e-01
2.180471380471380172e-01
2.180804713804713746e-01
2.214141380471380538e-01
2.281141413804713969e-01
2.281144747471380574e-01
2.314478114141380605e-01
2.348144781141413839e-01
2.348148114478080528e-01
2.381481481144780699e-01
2.381814814811447911e-01
2.381818148148114600e-01
2.381818181481480945e-01
2.415151515148148409e-01
2.448484848484814569e-01
2.448484848484848431e-01
2.515151515151515249e-01
2.549151515151515390e-01
2.549491515151515175e-01
2.616161581818181592e-01
2.616161615818182185e-01
2.616161616158181880e-01
2.682828282828248478e-01
2.716828282828282481e-01
2.717168282828282266e-01
2.717171682828282697e-01
2.717171716828282180e-01
2.717171717168282985e-01
2.717171717171682488e-01
2.717171717171716350e-01
2.717171717171717460e-01
2.717171717171717460e-01
2.717171717171717460e-01
2.750505050505050453e-01
2.783838383838384001e-01
2.784171717171717297e-01
2.817508383838383534e-01
2.850841750505050398e-01
2.917841750838383597e-01
2.918511750841716879e-01
2.985185117508417085e-01
2.985185184508417078e-01
2.985185185178417799e-01
2.985185185185117440e-01
2.985185185185184609e-01
3.085185185185185253e-01
3.085851851851851846e-01
3.119191851851851882e-01
3.119525251851851810e-01
3.152861919185185324e-01
3.186528619191851819e-01
3.186531952858585037e-01
3.186531986195252353e-01
3.219865319861952568e-01
3.219865319865286568e-01
3.253198653198652868e-01
3.253198653198653423e-01
3.286531986531986971e-01
3.320198653198653260e-01
3.420201986531986038e-01
3.453535353198653457e-01
3.453535353531986818e-01
3.453535353535319707e-01
3.453535353535353014e-01
3.520202020202020665e-01
3.554202020202020251e-01
3.554208686868686740e-01
3.554208753535353371e-01
3.587542087535353641e-01
3.587542087542019975e-01
3.587542087542086588e-01
3.654208754208754240e-01
3.654875420875420833e-01
3.654882087542087876e-01
3.721548820875420494e-01
3.754882154875420763e-01
3.754882154882087097e-01
3.754882154882153711e-01
3.754882154882155376e-01
3.821548821548821917e-01
3.821882154882154659e-01
3.888552154882154999e-01
3.889218854882154908e-01
3.955892188548821853e-01
3.955892255218821929e-01
4.022558922552188498e-01
4.089225589225521929e-01
4.122558922558921535e-01
4.122558922558922645e-01
4.122558922558922645e-01
4.189225589225589186e-01
4.222558922558922734e-01
4.255892255892255727e-01
4.289558922558922571e-01
4.422895589225588897e-01
4.956228955892256205e-01
4.989562289558922004e-01
4.989562289562255448e-01
5.056228956228955296e-01
5.056228956228955296e-01
5.089562289562289399e-01
5.089562289562289399e-01
5.156228956228955385e-01
5.223562289562289074e-01
5.223568956228956672e-01
5.290235689562289290e-01
5.356902356895623107e-01
5.390235690235622990e-01
5.490235690235688581e-01
5.490235690235690802e-01
5.523569023569022685e-01
5.557235690235690084e-01
5.657239023569023972e-01
5.657572390235690030e-01
5.657575723902357190e-01
5.690909090572356943e-01
5.790909090905723700e-01
5.824242424242390692e-01
5.824242424242423999e-01
5.857575757575758102e-01
5.857575757575758102e-01
5.857575757575758102e-01
5.857575757575758102e-01
5.857575757575758102e-01
5.890909090909089985e-01
5.890909090909089985e-01
5.990909090909090073e-01
5.990909090909090073e-01
6.024242424242424176e-01
6.024242424242424176e-01
6.090909090909090162e-01
6.258242424242423940e-01
6.291582424242424532e-01
6.291582490909091163e-01
6.291582491575756775e-01
6.324915824915756657e-01
6.458249158249157462e-01
6.458249158249157462e-01
6.491582491582491565e-01
6.491582491582491565e-01
6.491582491582491565e-01
6.491582491582491565e-01
6.491582491582491565e-01
6.491582491582491565e-01
6.591582491582491654e-01
6.624915824915824647e-01
6.691915824915825040e-01
6.691919158249158839e-01
6.791919191582490578e-01
6.791919191915823939e-01
6.825252525252492042e-01
6.891919191919191334e-01
6.958585858585858430e-01
6.991919191919192533e-01
6.991919191919192533e-01
7.058585858585858519e-01
7.092252525252525919e-01
7.092255858585859718e-01
7.192255891919191457e-01
7.192589225585859225e-01
7.192592558922524804e-01
7.292592592255892070e-01
7.359592592589225823e-01
7.459595925925892601e-01
7.526262625925924654e-01
7.592929292925925111e-01
7.593262626262592407e-01
7.626599292929293616e-01
7.626599326262626377e-01
7.626599326595959738e-01
7.693265993265959724e-01
7.726932659932659320e-01
7.726935993265993119e-01
7.726936026599325880e-01
7.726936026932659241e-01
7.726936026935993240e-01
7.726936026936027657e-01
7.726936026936027657e-01
7.760269360269359540e-01
7.760269360269359540e-01
7.793602693602692533e-01
7.826936026936026636e-01
7.926936026936025614e-01
7.960269360269359717e-01
7.993602693602692710e-01
7.993602693602692710e-01
8.060269360269359806e-01
8.093936026936026096e-01
8.093939360269359895e-01
8.093939393602692656e-01
8.093939393936026017e-01
8.127272727272693009e-01
8.127272727272726316e-01
8.127272727272726316e-01
8.160606060606060419e-01
8.260606060606060508e-01
8.260606060606060508e-01
8.293939393939394611e-01
8.293939393939394611e-01
8.293939393939394611e-01
8.327272727272726494e-01
8.360606060606060597e-01
8.360606060606060597e-01
8.360606060606060597e-01
8.360606060606060597e-01
8.360606060606060597e-01
8.393939393939393590e-01
8.427606060606059879e-01
8.460942727272726671e-01
8.460942760606059432e-01
8.460942760939392793e-01
8.494276094276060896e-01
8.494276094276093092e-01
8.494276094276093092e-01
8.494276094276093092e-01
8.494276094276093092e-01
8.560942760942760188e-01
8.561276094276094595e-01
8.594612760942760277e-01
8.627946127609428251e-01
8.628279461276093798e-01
8.628282794612761597e-01
8.661616161279460657e-01
8.661616161612794018e-01
8.661616161616128018e-01
8.661616161616160214e-01
8.661616161616160214e-01
8.661616161616160214e-01
8.728282828282828421e-01
8.728282828282828421e-01
8.728282828282828421e-01
8.728282828282828421e-01
8.728282828282828421e-01
8.728282828282828421e-01
8.728282828282828421e-01
8.728282828282828421e-01
8.728282828282828421e-01
8.728282828282828421e-01
8.728282828282828421e-01
8.728282828282828421e-01
8.828282828282828509e-01
8.861616161616162612e-01
8.861949494949494799e-01
8.895286161616162701e-01
8.895619528282828758e-01
8.895622861949495919e-01
8.895622895286162679e-01
8.895622895619528236e-01
8.895622895622862236e-01
8.895622895622895543e-01
8.895622895622895543e-01
8.928956228956228536e-01
8.928956228956228536e-01
8.928956228956228536e-01
8.928956228956228536e-01
8.928956228956228536e-01
8.928956228956228536e-01
8.928956228956228536e-01
8.928956228956228536e-01
8.962289562289562639e-01
8.962289562289562639e-01
8.962289562289562639e-01
8.962289562289562639e-01
8.962289562289562639e-01
8.962289562289562639e-01
8.962289562289562639e-01
8.962289562289562639e-01
8.962289562289562639e-01
8.962289562289562639e-01
8.962289562289562639e-01
8.995622895622895632e-01
8.995956228956228928e-01
8.995959562289562728e-01
8.995959595622896598e-01
8.995959595956229959e-01
8.995959595959562849e-01
8.995959595959596156e-01
8.995959595959596156e-01
8.995959595959596156e-01
8.995959595959596156e-01
8.995959595959596156e-01
8.995959595959596156e-01
9.029292929292930259e-01
9.029292929292930259e-01
9.029292929292930259e-01
9.029292929292930259e-01
9.029292929292930259e-01
9.029292929292930259e-01
9.062626262626262141e-01
9.062626262626262141e-01
9.095959595959595134e-01
9.095959595959595134e-01
9.095959595959595134e-01
9.095959595959595134e-01
9.095959595959595134e-01
9.095959595959595134e-01
9.095959595959595134e-01
9.095959595959595134e-01
9.095959595959595134e-01
9.095959595959595134e-01
9.095959595959595134e-01
9.095959595959595134e-01
9.462626262626262497e-01
9.466292929292928759e-01
9.466329595959596110e-01
9.466329962626263139e-01
9.466329966292928999e-01
9.466329966329595225e-01
9.532996632996629804e-01
9.532996632996632025e-01
9.532996632996632025e-01
9.532996632996632025e-01
9.532996632996632025e-01
9.532996632996632025e-01
9.532996632996632025e-01
9.532996632996632025e-01
9.532996632996632025e-01
9.532996632996632025e-01
9.532996632996632025e-01
9.532996632996632025e-01
9.532996632996632025e-01
9.532996632996632025e-01
9.532996632996632025e-01
9.532996632996632025e-01
9.532996632996632025e-01
9.532996632996632025e-01
9.532996632996632025e-01
9.532996632996632025e-01
9.532996632996632025e-01
9.566329966329966128e-01
9.566329966329966128e-01
9.566329966329966128e-01
9.566329966329966128e-01
9.566329966329966128e-01
9.566329966329966128e-01
9.566329966329966128e-01
9.566329966329966128e-01
9.599663299663300231e-01
9.599663299663300231e-01
9.599663299663300231e-01
9.599663299663300231e-01
9.599663299663300231e-01
9.599663299663300231e-01
9.599663299663300231e-01
9.599663299663300231e-01
9.599663299663300231e-01
9.599663299663300231e-01
9.599663299663300231e-01
9.599663299663300231e-01
9.599663299663300231e-01
9.599663299663300231e-01
9.599663299663300231e-01
9.599663299663300231e-01
9.599663299663300231e-01
9.599663299663300231e-01
9.599663299663300231e-01
9.632996632996633224e-01
9.632996632996633224e-01
9.666329966329966217e-01
9.666663299663299513e-01
9.666666632996633313e-01
9.666666666329967184e-01
9.666666666663300544e-01
9.666666666666633434e-01
9.666666666666666741e-01
9.666666666666666741e-01
9.666666666666666741e-01
9.666666666666666741e-01
9.666666666666666741e-01
9.700000000000000844e-01
9.700333333333333030e-01
9.700336666666666829e-01
9.700336699999999590e-01
9.700336700333332951e-01
9.700336700336666951e-01
9.700336700336699147e-01
9.700336700336701368e-01
9.700336700336701368e-01
9.700336700336701368e-01
9.700336700336701368e-01
9.700336700336701368e-01
9.700336700336701368e-01
9.700336700336701368e-01
9.700336700336701368e-01
9.700336700336701368e-01
9.700336700336701368e-01
9.700336700336701368e-01
9.700336700336701368e-01
9.700336700336701368e-01
9.700336700336701368e-01
9.700336700336701368e-01
9.700336700336701368e-01
9.733670033670033250e-01
9.733670033670033250e-01
9.733670033670033250e-01
9.733670033670033250e-01
9.733670033670033250e-01
9.733670033670033250e-01
9.733670033670033250e-01
9.733670033670033250e-01
9.733670033670033250e-01
9.733670033670033250e-01
9.733670033670033250e-01
9.733670033670033250e-01
9.733670033670033250e-01
9.733670033670033250e-01
9.733670033670033250e-01
9.733670033670033250e-01
9.733670033670033250e-01
9.733670033670033250e-01
9.733670033670033250e-01
9.733670033670033250e-01
9.733670033670033250e-01
9.733670033670033250e-01
9.733670033670033250e-01
9.733670033670033250e-01
9.733670033670033250e-01
9.733670033670033250e-01
9.733670033670033250e-01
9.733670033670033250e-01
9.733670033670033250e-01
9.733670033670033250e-01
9.733670033670033250e-01
9.733670033670033250e-01
9.733670033670033250e-01
9.733670033670033250e-01
9.733670033670033250e-01
9.733670033670033250e-01
9.733670033670033250e-01
9.733670033670033250e-01
9.733670033670033250e-01
9.733670033670033250e-01
9.733670033670033250e-01
9.733670033670033250e-01
9.733670033670033250e-01
9.733670033670033250e-01
9.733670033670033250e-01
9.733670033670033250e-01
9.733670033670033250e-01
9.733670033670033250e-01
9.733670033670033250e-01
9.733670033670033250e-01
9.733670033670033250e-01
9.733670033670033250e-01
9.733670033670033250e-01
9.733670033670033250e-01
9.767003367003367353e-01
9.767003367003367353e-01
9.767003367003367353e-01
9.767003367003367353e-01
9.767003367003367353e-01
9.767003367003367353e-01
9.767003367003367353e-01
9.767003367003367353e-01
9.767003367003367353e-01
9.767003367003367353e-01
9.767003367003367353e-01
9.767003367003367353e-01
9.767003367003367353e-01
9.767003367003367353e-01
9.767003367003367353e-01
9.767003367003367353e-01
9.767003367003367353e-01
9.767003367003367353e-01
9.767003367003367353e-01
9.767003367003367353e-01
9.767003367003367353e-01
9.767003367003367353e-01
9.767003367003367353e-01
9.767003367003367353e-01
9.767003367003367353e-01
9.767003367003367353e-01
9.767003367003367353e-01
9.767003367003367353e-01
9.767003367003367353e-01
9.767003367003367353e-01
9.767003367003367353e-01
9.767003367003367353e-01
9.767003367003367353e-01
9.767003367003367353e-01
9.767003367003367353e-01
9.767003367003367353e-01
9.767003367003367353e-01
9.767003367003367353e-01
9.767003367003367353e-01
9.767003367003367353e-01
9.767003367003367353e-01
9.767003367003367353e-01
9.767003367003367353e-01
9.767003367003367353e-01
9.767003367003367353e-01
9.767003367003367353e-01
9.767003367003367353e-01
9.767003367003367353e-01
9.767003367003367353e-01
9.767003367003367353e-01
9.767003367003367353e-01
9.767003367003367353e-01
9.767003367003367353e-01
9.800336700336701456e-01
9.800336700336701456e-01
9.800336700336701456e-01
9.800336700336701456e-01
9.800336700336701456e-01
9.800336700336701456e-01
9.800336700336701456e-01
9.800336700336701456e-01
9.800336700336701456e-01
9.800336700336701456e-01
9.800336700336701456e-01
9.800336700336701456e-01
9.800336700336701456e-01
9.800336700336701456e-01
9.800336700336701456e-01
9.800336700336701456e-01
9.800336700336701456e-01
9.800336700336701456e-01
9.800336700336701456e-01
9.800336700336701456e-01
9.800336700336701456e-01
9.800336700336701456e-01
9.800336700336701456e-01
9.800336700336701456e-01
9.800336700336701456e-01
9.800336700336701456e-01
9.800336700336701456e-01
9.800336700336701456e-01
9.800336700336701456e-01
9.800336700336701456e-01
9.800336700336701456e-01
9.800336700336701456e-01
9.800336700336701456e-01
9.800336700336701456e-01
9.800336700336701456e-01
9.800336700336701456e-01
9.800336700336701456e-01
9.800336700336701456e-01
9.800336700336701456e-01
9.800336700336701456e-01
9.800336700336701456e-01
9.800336700336701456e-01
9.800336700336701456e-01
9.800336700336701456e-01
9.800336700336701456e-01
9.800336700336701456e-01
9.800336700336701456e-01
9.800336700336701456e-01
9.800336700336701456e-01
9.800336700336701456e-01
9.800336700336701456e-01
9.800336700336701456e-01
9.800336700336701456e-01
9.800336700336701456e-01
9.800336700336701456e-01
9.800336700336701456e-01
9.800336700336701456e-01
9.800336700336701456e-01
9.800336700336701456e-01
9.800336700336701456e-01
9.800336700336701456e-01
9.800336700336701456e-01
9.800336700336701456e-01
9.800336700336701456e-01
9.800336700336701456e-01
9.800336700336701456e-01
9.800336700336701456e-01
9.800336700336701456e-01
9.800336700336701456e-01
9.800336700336701456e-01
9.800336700336701456e-01
9.800336700336701456e-01
9.800336700336701456e-01
9.800336700336701456e-01
9.800336700336701456e-01
9.800336700336701456e-01
9.800336700336701456e-01
9.800336700336701456e-01
9.800336700336701456e-01
9.800336700336701456e-01
9.800336700336701456e-01
9.800336700336701456e-01
9.800336700336701456e-01
9.800336700336701456e-01
9.800336700336701456e-01
9.800336700336701456e-01
9.800336700336701456e-01
9.800336700336701456e-01
9.800336700336701456e-01
9.800336700336701456e-01
9.800336700336701456e-01
9.800336700336701456e-01
9.800336700336701456e-01
9.800336700336701456e-01
9.800336700336701456e-01
9.800336700336701456e-01
9.800336700336701456e-01
9.800336700336701456e-01
9.800336700336701456e-01
9.800336700336701456e-01
9.800336700336701456e-01
9.800336700336701456e-01
9.800336700336701456e-01
9.800336700336701456e-01
9.800336700336701456e-01
9.800336700336701456e-01
9.800336700336701456e-01
9.800336700336701456e-01
9.800336700336701456e-01
9.800336700336701456e-01
9.800336700336701456e-01
9.800336700336701456e-01
9.800336700336701456e-01
9.800336700336701456e-01
9.800336700336701456e-01
9.800336700336701456e-01
9.800336700336701456e-01
9.800336700336701456e-01
9.800336700336701456e-01
9.800336700336701456e-01
9.800336700336701456e-01
9.800336700336701456e-01
9.800336700336701456e-01
9.800336700336701456e-01
9.800336700336701456e-01
9.800336700336701456e-01
9.800336700336701456e-01
9.800336700336701456e-01
9.800336700336701456e-01
9.800336700336701456e-01
9.800336700336701456e-01
9.800336700336701456e-01
9.800336700336701456e-01
9.800336700336701456e-01
9.800336700336701456e-01
9.800336700336701456e-01
9.800336700336701456e-01
9.800336700336701456e-01
9.800336700336701456e-01
9.800336700336701456e-01
9.800336700336701456e-01
9.800336700336701456e-01
9.800336700336701456e-01
9.800336700336701456e-01
9.800336700336701456e-01
9.800336700336701456e-01
9.800336700336701456e-01
9.800336700336701456e-01
9.800336700336701456e-01
9.800336700336701456e-01
9.800336700336701456e-01
9.800336700336701456e-01
9.800336700336701456e-01
9.800336700336701456e-01
9.800336700336701456e-01
9.800336700336701456e-01
9.800336700336701456e-01
9.800336700336701456e-01
9.800336700336701456e-01
9.800336700336701456e-01
9.800336700336701456e-01
9.800336700336701456e-01
9.800336700336701456e-01
9.800336700336701456e-01
9.800336700336701456e-01
9.800336700336701456e-01
9.800336700336701456e-01
9.800336700336701456e-01
9.800336700336701456e-01
9.800336700336701456e-01
9.800336700336701456e-01
9.800336700336701456e-01
9.800336700336701456e-01
9.800336700336701456e-01
9.800336700336701456e-01
9.800336700336701456e-01
9.800336700336701456e-01
9.800336700336701456e-01
9.800336700336701456e-01
9.800336700336701456e-01
9.800336700336701456e-01
9.800336700336701456e-01
9.800336700336701456e-01
9.800336700336701456e-01
9.800336700336701456e-01
9.800336700336701456e-01
9.800336700336701456e-01
9.800336700336701456e-01
9.800336700336701456e-01
9.800336700336701456e-01
9.800336700336701456e-01
9.800336700336701456e-01
9.800336700336701456e-01
9.800336700336701456e-01
9.800336700336701456e-01
9.800336700336701456e-01
9.800336700336701456e-01
9.800336700336701456e-01
9.800336700336701456e-01
9.800336700336701456e-01
