3.333333333333333148e-01
3.333333333333333148e-01
3.333333333333333148e-01
3.333333333333333148e-01
3.333333333333333148e-01
3.333333333333333148e-01
3.333333333333333148e-01
3.333333333333333148e-01
3.333333333333333148e-01
3.333333333333333148e-01
3.333333333333333148e-01
3.333333333333333148e-01
3.333333333333333148e-01
3.333333333333333148e-01
3.333333333333333148e-01
3.333333333333333148e-01
3.333333333333333148e-01
3.333333333333333148e-01
3.333333333333333148e-01
3.333333333333333148e-01
3.333333333333333148e-01
3.333333333333333148e-01
3.333333333333333148e-01
3.333333333333333148e-01
3.333333333333333148e-01
3.333333333333333148e-01
3.333333333333333148e-01
3.333333333333333148e-01
3.333333333333333148e-01
3.333333333333333148e-01
3.333333333333333148e-01
3.333333333333333148e-01
3.333333333333333148e-01
3.333333333333333148e-01
3.333333333333333148e-01
3.333333333333333148e-01
3.333333333333333148e-01
3.333333333333333148e-01
3.333333333333333148e-01
3.333333333333333148e-01
3.333333333333333148e-01
3.333333333333333148e-01
3.333333333333333148e-01
3.333333333333333148e-01
3.333333333333333148e-01
3.333333333333333148e-01
3.333333333333333148e-01
3.333333333333333148e-01
3.333333333333333148e-01
3.333333333333333148e-01
3.333333333333333148e-01
3.333333333333333148e-01
3.333333333333333148e-01
3.333333333333333148e-01
3.333333333333333148e-01
3.333333333333333148e-01
3.333333333333333148e-01
3.333333333333333148e-01
3.333333333333333148e-01
3.333333333333333148e-01
3.333333333333333148e-01
3.322222222222221966e-01
3.322222222222221966e-01
3.322222222222221966e-01
3.322222222222221966e-01
3.322222222222221966e-01
3.322222222222221966e-01
3.322222222222221966e-01
3.322222222222221966e-01
3.322222222222221966e-01
3.322222222222221966e-01
3.322222222222221966e-01
3.322222222222221966e-01
3.322222222222221966e-01
3.322222222222221966e-01
3.322222222222221966e-01
3.322222222222221966e-01
3.322222222222221966e-01
3.322222222222221966e-01
3.322222222222221966e-01
3.322222222222221966e-01
3.322222222222221966e-01
3.322222222222221966e-01
3.322222222222221966e-01
3.322222222222221966e-01
3.322222222222221966e-01
3.322222222222221966e-01
3.322222222222221966e-01
3.322222222222221966e-01
3.322222222222221966e-01
3.322222222222221966e-01
3.322222222222221966e-01
3.322222222222221966e-01
3.322222222222221966e-01
3.322222222222221966e-01
3.322222222222221966e-01
3.322222222222221966e-01
3.322222222222221966e-01
3.322222222222221966e-01
3.322222222222221966e-01
3.322222222222221966e-01
3.322222222222221966e-01
3.322222222222221966e-01
3.322222222222221966e-01
3.322222222222221966e-01
3.322222222222221966e-01
3.322222222222221966e-01
3.322222222222221966e-01
3.277777777777777790e-01
3.277777777777777790e-01
3.277777777777777790e-01
3.277777777777777790e-01
3.277777777777777790e-01
3.277777777777777790e-01
3.277777777777777790e-01
3.277777777777777790e-01
3.277777777777777790e-01
3.277777777777777790e-01
3.277777777777777790e-01
3.277777777777777790e-01
3.277777777777777790e-01
3.277777777777777790e-01
3.277777777777777790e-01
3.277777777777777790e-01
3.277777777777777790e-01
3.277777777777777790e-01
3.277777777777777790e-01
3.277777777777777790e-01
3.277777777777777790e-01
3.277777777777777790e-01
3.277777777777777790e-01
3.277777777777777790e-01
3.277777777777777790e-01
3.277777777777777790e-01
3.277777777777777790e-01
3.277777777777777790e-01
3.277777777777777790e-01
3.277777777777777790e-01
3.277777777777777790e-01
3.277777777777777790e-01
3.277777777777777790e-01
3.277777777777777790e-01
3.277777777777777790e-01
3.277777777777777790e-01
3.277777777777777790e-01
3.277777777777777790e-01
3.277777777777777790e-01
3.277777777777777790e-01
3.277777777777777790e-01
3.277777777777777790e-01
3.277777777777777790e-01
3.277777777777777790e-01
3.277777777777777790e-01
3.277777777777777790e-01
3.277777777777777790e-01
3.277777777777777790e-01
3.277777777777777790e-01
3.277777777777777790e-01
3.277777777777777790e-01
3.277777777777777790e-01
3.277777777777777790e-01
3.277777777777777790e-01
3.277777777777777790e-01
3.277777777777777790e-01
3.277777777777777790e-01
3.277777777777777790e-01
3.277777777777777790e-01
3.266666666666666607e-01
3.266666666666666607e-01
3.266666666666666607e-01
3.266666666666666607e-01
3.266666666666666607e-01
3.266666666666666607e-01
3.266666666666666607e-01
3.266666666666666607e-01
3.266666666666666607e-01
3.266666666666666607e-01
3.266666666666666607e-01
3.266666666666666607e-01
3.266666666666666607e-01
3.266666666666666607e-01
3.266666666666666607e-01
3.266666666666666607e-01
3.266666666666666607e-01
3.266666666666666607e-01
3.266666666666666607e-01
3.266666666666666607e-01
3.266666666666666607e-01
3.266666666666666607e-01
3.266666666666666607e-01
3.266666666666666607e-01
3.266666666666666607e-01
3.266666666666666607e-01
3.266666666666666607e-01
3.266666666666666607e-01
3.266666666666666607e-01
3.266666666666666607e-01
3.266666666666666607e-01
3.266666666666666607e-01
3.266666666666666607e-01
3.266666666666666607e-01
3.266666666666666607e-01
3.266666666666666607e-01
3.266666666666666607e-01
3.266666666666666607e-01
3.266666666666666607e-01
3.266666666666666607e-01
3.266666666666666607e-01
3.266666666666666607e-01
3.266666666666666607e-01
3.266666666666666607e-01
3.266666666666666607e-01
3.266666666666666607e-01
3.266666666666666607e-01
3.266666666666666607e-01
3.266666666666666607e-01
3.266666666666666607e-01
3.266666666666666607e-01
3.266666666666666607e-01
3.266666666666666607e-01
3.266666666666666607e-01
3.266666666666666607e-01
3.266666666666666607e-01
3.266666666666666607e-01
3.266666666666666607e-01
3.266666666666666607e-01
3.266666666666666607e-01
3.266666666666666607e-01
3.266666666666666607e-01
3.266666666666666607e-01
3.266666666666666607e-01
3.266666666666666607e-01
3.266666666666666607e-01
3.266666666666666607e-01
3.266666666666666607e-01
3.266666666666666607e-01
3.266666666666666607e-01
3.266666666666666607e-01
3.266666666666666607e-01
3.266666666666666607e-01
3.266666666666666607e-01
3.266666666666666607e-01
3.266666666666666607e-01
3.266666666666666607e-01
3.266666666666666607e-01
3.266666666666666607e-01
3.266666666666666607e-01
3.266666666666666607e-01
3.266666666666666607e-01
3.266666666666666607e-01
3.266666666666666607e-01
3.266666666666666607e-01
3.266666666666666607e-01
3.255555555555555425e-01
3.255555555555555425e-01
3.255555555555555425e-01
3.255555555555555425e-01
3.255555555555555425e-01
3.255555555555555425e-01
3.244444444444444797e-01
3.244444444444444797e-01
3.244444444444444797e-01
3.233333333333333059e-01
3.222222222222222432e-01
3.222222222222222432e-01
3.222222222222222432e-01
3.222222222222222432e-01
3.222222222222222432e-01
3.222222222222222432e-01
3.222222222222222432e-01
3.222222222222222432e-01
3.222222222222222432e-01
3.222222222222222432e-01
3.177777777777777701e-01
3.177777777777777701e-01
3.177777777777777701e-01
3.155555555555555336e-01
3.122222222222222343e-01
3.088888888888888795e-01
3.066666666666666985e-01
3.066666666666666985e-01
3.044444444444444620e-01
2.999999999999999889e-01
2.988888888888888706e-01
2.955555555555555713e-01
2.944444444444444531e-01
2.911111111111110983e-01
2.866666666666666807e-01
2.866666666666666807e-01
2.866666666666666807e-01
2.866666666666666807e-01
2.866666666666666807e-01
2.844444444444444442e-01
2.844444444444444442e-01
2.844444444444444442e-01
2.822222222222222077e-01
2.811111111111110894e-01
2.811111111111110894e-01
2.811111111111110894e-01
2.811111111111110894e-01
2.811111111111110894e-01
2.788888888888889084e-01
2.788888888888889084e-01
2.788888888888889084e-01
2.777777777777777901e-01
2.733333333333333726e-01
2.722222222222221988e-01
2.711111111111111360e-01
2.688888888888888995e-01
2.666666666666666630e-01
2.666666666666666630e-01
2.666666666666666630e-01
2.644444444444444264e-01
2.633333333333333637e-01
2.633333333333333637e-01
2.611111111111111271e-01
2.600000000000000089e-01
2.577777777777777724e-01
2.577777777777777724e-01
2.566666666666666541e-01
2.566666666666666541e-01
2.566666666666666541e-01
2.566666666666666541e-01
2.566666666666666541e-01
2.555555555555555913e-01
2.555555555555555913e-01
2.555555555555555913e-01
2.544444444444444731e-01
2.544444444444444731e-01
2.500000000000000000e-01
2.500000000000000000e-01
2.500000000000000000e-01
2.488888888888889095e-01
2.477777777777777635e-01
2.477777777777777635e-01
2.477777777777777635e-01
2.466666666666666730e-01
2.466666666666666730e-01
2.455555555555555547e-01
2.433333333333333182e-01
2.433333333333333182e-01
2.433333333333333182e-01
2.433333333333333182e-01
2.422222222222222276e-01
2.411111111111111371e-01
2.411111111111111371e-01
2.377777777777777823e-01
2.377777777777777823e-01
2.377777777777777823e-01
2.355555555555555458e-01
2.355555555555555458e-01
2.344444444444444553e-01
2.344444444444444553e-01
2.344444444444444553e-01
2.344444444444444553e-01
2.322222222222222188e-01
2.322222222222222188e-01
2.322222222222222188e-01
2.311111111111111283e-01
2.299999999999999822e-01
2.299999999999999822e-01
2.277777777777777735e-01
2.277777777777777735e-01
2.233333333333333004e-01
2.233333333333333004e-01
2.233333333333333004e-01
2.233333333333333004e-01
2.233333333333333004e-01
2.233333333333333004e-01
2.233333333333333004e-01
2.233333333333333004e-01
2.233333333333333004e-01
2.222222222222222099e-01
2.211111111111111194e-01
2.188888888888888828e-01
2.188888888888888828e-01
2.188888888888888828e-01
2.188888888888888828e-01
2.188888888888888828e-01
2.188888888888888828e-01
2.188888888888888828e-01
2.188888888888888828e-01
2.188888888888888828e-01
2.166666666666666741e-01
2.155555555555555280e-01
2.144444444444444375e-01
2.133333333333333470e-01
2.122222222222222010e-01
2.111111111111111105e-01
2.099999999999999645e-01
2.077777777777777557e-01
2.066666666666666652e-01
2.066666666666666652e-01
2.044444444444444287e-01
2.044444444444444287e-01
2.044444444444444287e-01
2.033333333333333381e-01
2.033333333333333381e-01
1.988888888888888928e-01
1.977777777777777468e-01
1.977777777777777468e-01
1.977777777777777468e-01
1.977777777777777468e-01
1.966666666666666563e-01
1.966666666666666563e-01
1.944444444444444198e-01
1.944444444444444198e-01
1.944444444444444198e-01
1.944444444444444198e-01
1.933333333333333293e-01
1.933333333333333293e-01
1.911111111111111205e-01
1.911111111111111205e-01
1.911111111111111205e-01
1.911111111111111205e-01
1.877777777777777934e-01
1.877777777777777934e-01
1.866666666666666752e-01
1.833333333333333481e-01
1.822222222222222021e-01
1.800000000000000211e-01
1.777777777777777846e-01
1.777777777777777846e-01
1.744444444444444298e-01
1.733333333333333393e-01
1.733333333333333393e-01
1.711111111111111027e-01
1.700000000000000122e-01
1.688888888888888939e-01
1.655555555555555391e-01
1.655555555555555391e-01
1.588888888888888851e-01
1.588888888888888851e-01
1.588888888888888851e-01
1.588888888888888851e-01
1.588888888888888851e-01
1.577777777777777668e-01
1.566666666666666485e-01
1.533333333333333215e-01
1.511111111111111127e-01
1.477777777777777857e-01
1.466666666666666674e-01
1.433333333333333404e-01
1.422222222222222221e-01
1.399999999999999856e-01
1.388888888888888673e-01
1.388888888888888673e-01
1.388888888888888673e-01
1.388888888888888673e-01
1.377777777777777768e-01
1.366666666666666585e-01
1.333333333333333315e-01
1.333333333333333315e-01
1.077777777777777918e-01
1.077777777777777918e-01
1.055555555555555552e-01
1.055555555555555552e-01
1.044444444444444509e-01
1.033333333333333326e-01
9.999999999999999167e-02
9.888888888888890116e-02
9.777777777777778290e-02
9.777777777777778290e-02
9.777777777777778290e-02
9.666666666666667851e-02
9.666666666666667851e-02
8.888888888888889228e-02
8.888888888888889228e-02
8.666666666666666963e-02
8.555555555555555136e-02
8.444444444444444697e-02
8.444444444444444697e-02
8.444444444444444697e-02
8.333333333333332871e-02
8.333333333333332871e-02
8.333333333333332871e-02
8.222222222222222432e-02
8.222222222222222432e-02
8.222222222222222432e-02
8.222222222222222432e-02
8.111111111111111993e-02
7.888888888888888340e-02
7.666666666666666075e-02
7.555555555555555636e-02
7.555555555555555636e-02
7.444444444444445197e-02
6.999999999999999278e-02
6.999999999999999278e-02
6.222222222222221349e-02
6.222222222222221349e-02
6.222222222222221349e-02
6.222222222222221349e-02
6.111111111111111605e-02
6.111111111111111605e-02
6.111111111111111605e-02
5.888888888888890033e-02
5.888888888888890033e-02
5.888888888888890033e-02
5.888888888888890033e-02
5.666666666666666380e-02
5.555555555555555247e-02
5.555555555555555247e-02
5.444444444444444114e-02
5.444444444444444114e-02
5.444444444444444114e-02
5.444444444444444114e-02
5.444444444444444114e-02
5.444444444444444114e-02
5.444444444444444114e-02
5.222222222222221849e-02
5.222222222222221849e-02
5.111111111111110716e-02
4.999999999999999584e-02
4.888888888888889145e-02
4.888888888888889145e-02
4.888888888888889145e-02
4.777777777777778012e-02
4.777777777777778012e-02
4.777777777777778012e-02
4.555555555555556441e-02
4.555555555555556441e-02
4.555555555555556441e-02
4.333333333333333481e-02
4.333333333333333481e-02
4.333333333333333481e-02
4.333333333333333481e-02
4.222222222222222349e-02
4.222222222222222349e-02
4.222222222222222349e-02
4.222222222222222349e-02
4.222222222222222349e-02
4.222222222222222349e-02
4.222222222222222349e-02
4.222222222222222349e-02
4.222222222222222349e-02
4.111111111111111216e-02
4.111111111111111216e-02
4.111111111111111216e-02
4.111111111111111216e-02
4.111111111111111216e-02
4.111111111111111216e-02
4.111111111111111216e-02
4.111111111111111216e-02
4.111111111111111216e-02
4.000000000000000083e-02
4.000000000000000083e-02
3.666666666666665991e-02
3.666666666666665991e-02
3.666666666666665991e-02
3.555555555555555552e-02
3.555555555555555552e-02
3.444444444444444420e-02
3.222222222222222848e-02
3.222222222222222848e-02
3.222222222222222848e-02
3.111111111111111369e-02
3.111111111111111369e-02
3.111111111111111369e-02
3.111111111111111369e-02
3.111111111111111369e-02
2.888888888888889103e-02
2.888888888888889103e-02
2.888888888888889103e-02
2.888888888888889103e-02
2.888888888888889103e-02
2.888888888888889103e-02
2.888888888888889103e-02
2.888888888888889103e-02
2.888888888888889103e-02
2.888888888888889103e-02
2.888888888888889103e-02
2.888888888888889103e-02
2.888888888888889103e-02
2.888888888888889103e-02
2.888888888888889103e-02
2.888888888888889103e-02
2.888888888888889103e-02
2.888888888888889103e-02
1.777777777777777776e-02
1.777777777777777776e-02
1.777777777777777776e-02
1.777777777777777776e-02
1.777777777777777776e-02
1.777777777777777776e-02
1.777777777777777776e-02
1.777777777777777776e-02
1.777777777777777776e-02
1.777777777777777776e-02
1.777777777777777776e-02
1.777777777777777776e-02
1.444444444444444552e-02
1.444444444444444552e-02
1.444444444444444552e-02
1.444444444444444552e-02
1.444444444444444552e-02
1.444444444444444552e-02
1.444444444444444552e-02
1.444444444444444552e-02
1.444444444444444552e-02
1.444444444444444552e-02
1.444444444444444552e-02
1.444444444444444552e-02
1.444444444444444552e-02
1.444444444444444552e-02
1.444444444444444552e-02
1.444444444444444552e-02
1.444444444444444552e-02
1.444444444444444552e-02
1.444444444444444552e-02
1.444444444444444552e-02
1.444444444444444552e-02
1.444444444444444552e-02
1.444444444444444552e-02
1.444444444444444552e-02
1.444444444444444552e-02
1.444444444444444552e-02
1.444444444444444552e-02
1.444444444444444552e-02
1.444444444444444552e-02
1.444444444444444552e-02
1.444444444444444552e-02
1.222222222222222286e-02
1.222222222222222286e-02
1.222222222222222286e-02
1.000000000000000021e-02
1.000000000000000021e-02
1.000000000000000021e-02
1.000000000000000021e-02
1.000000000000000021e-02
1.000000000000000021e-02
1.000000000000000021e-02
1.000000000000000021e-02
8.888888888888888881e-03
8.888888888888888881e-03
8.888888888888888881e-03
8.888888888888888881e-03
8.888888888888888881e-03
8.888888888888888881e-03
8.888888888888888881e-03
8.888888888888888881e-03
8.888888888888888881e-03
8.888888888888888881e-03
8.888888888888888881e-03
8.888888888888888881e-03
8.888888888888888881e-03
8.888888888888888881e-03
8.888888888888888881e-03
8.888888888888888881e-03
8.888888888888888881e-03
8.888888888888888881e-03
8.888888888888888881e-03
8.888888888888888881e-03
8.888888888888888881e-03
8.888888888888888881e-03
8.888888888888888881e-03
8.888888888888888881e-03
8.888888888888888881e-03
8.888888888888888881e-03
8.888888888888888881e-03
8.888888888888888881e-03
8.888888888888888881e-03
8.888888888888888881e-03
8.888888888888888881e-03
8.888888888888888881e-03
8.888888888888888881e-03
8.888888888888888881e-03
8.888888888888888881e-03
7.777777777777778422e-03
6.666666666666667095e-03
6.666666666666667095e-03
6.666666666666667095e-03
6.666666666666667095e-03
6.666666666666667095e-03
6.666666666666667095e-03
6.666666666666667095e-03
6.666666666666667095e-03
6.666666666666667095e-03
6.666666666666667095e-03
6.666666666666667095e-03
6.666666666666667095e-03
6.666666666666667095e-03
6.666666666666667095e-03
6.666666666666667095e-03
6.666666666666667095e-03
6.666666666666667095e-03
6.666666666666667095e-03
6.666666666666667095e-03
6.666666666666667095e-03
6.666666666666667095e-03
6.666666666666667095e-03
6.666666666666667095e-03
6.666666666666667095e-03
6.666666666666667095e-03
6.666666666666667095e-03
6.666666666666667095e-03
6.666666666666667095e-03
6.666666666666667095e-03
6.666666666666667095e-03
6.666666666666667095e-03
6.666666666666667095e-03
6.666666666666667095e-03
6.666666666666667095e-03
6.666666666666667095e-03
6.666666666666667095e-03
6.666666666666667095e-03
6.666666666666667095e-03
6.666666666666667095e-03
6.666666666666667095e-03
6.666666666666667095e-03
6.666666666666667095e-03
6.666666666666667095e-03
6.666666666666667095e-03
6.666666666666667095e-03
6.666666666666667095e-03
6.666666666666667095e-03
6.666666666666667095e-03
6.666666666666667095e-03
6.666666666666667095e-03
6.666666666666667095e-03
6.666666666666667095e-03
6.666666666666667095e-03
6.666666666666667095e-03
6.666666666666667095e-03
6.666666666666667095e-03
6.666666666666667095e-03
6.666666666666667095e-03
6.666666666666667095e-03
6.666666666666667095e-03
6.666666666666667095e-03
6.666666666666667095e-03
6.666666666666667095e-03
6.666666666666667095e-03
5.555555555555555768e-03
5.555555555555555768e-03
5.555555555555555768e-03
5.555555555555555768e-03
5.555555555555555768e-03
5.555555555555555768e-03
5.555555555555555768e-03
5.555555555555555768e-03
5.555555555555555768e-03
5.555555555555555768e-03
5.555555555555555768e-03
5.555555555555555768e-03
5.555555555555555768e-03
5.555555555555555768e-03
5.555555555555555768e-03
5.555555555555555768e-03
5.555555555555555768e-03
5.555555555555555768e-03
5.555555555555555768e-03
5.555555555555555768e-03
5.555555555555555768e-03
5.555555555555555768e-03
5.555555555555555768e-03
5.555555555555555768e-03
5.555555555555555768e-03
5.555555555555555768e-03
5.555555555555555768e-03
5.555555555555555768e-03
5.555555555555555768e-03
5.555555555555555768e-03
5.555555555555555768e-03
5.555555555555555768e-03
5.555555555555555768e-03
5.555555555555555768e-03
5.555555555555555768e-03
5.555555555555555768e-03
5.555555555555555768e-03
4.444444444444444441e-03
4.444444444444444441e-03
4.444444444444444441e-03
4.444444444444444441e-03
4.444444444444444441e-03
4.444444444444444441e-03
4.444444444444444441e-03
4.444444444444444441e-03
4.444444444444444441e-03
4.444444444444444441e-03
4.444444444444444441e-03
4.444444444444444441e-03
4.444444444444444441e-03
4.444444444444444441e-03
4.444444444444444441e-03
4.444444444444444441e-03
4.444444444444444441e-03
4.444444444444444441e-03
4.444444444444444441e-03
4.444444444444444441e-03
4.444444444444444441e-03
4.444444444444444441e-03
4.444444444444444441e-03
4.444444444444444441e-03
4.444444444444444441e-03
4.444444444444444441e-03
4.444444444444444441e-03
4.444444444444444441e-03
4.444444444444444441e-03
4.444444444444444441e-03
4.444444444444444441e-03
4.444444444444444441e-03
4.444444444444444441e-03
4.444444444444444441e-03
4.444444444444444441e-03
4.444444444444444441e-03
4.444444444444444441e-03
4.444444444444444441e-03
4.444444444444444441e-03
4.444444444444444441e-03
4.444444444444444441e-03
4.444444444444444441e-03
4.444444444444444441e-03
4.444444444444444441e-03
4.444444444444444441e-03
4.444444444444444441e-03
4.444444444444444441e-03
3.333333333333333547e-03
3.333333333333333547e-03
3.333333333333333547e-03
3.333333333333333547e-03
3.333333333333333547e-03
3.333333333333333547e-03
3.333333333333333547e-03
3.333333333333333547e-03
3.333333333333333547e-03
3.333333333333333547e-03
3.333333333333333547e-03
3.333333333333333547e-03
3.333333333333333547e-03
3.333333333333333547e-03
3.333333333333333547e-03
3.333333333333333547e-03
3.333333333333333547e-03
3.333333333333333547e-03
3.333333333333333547e-03
3.333333333333333547e-03
3.333333333333333547e-03
3.333333333333333547e-03
3.333333333333333547e-03
3.333333333333333547e-03
3.333333333333333547e-03
3.333333333333333547e-03
3.333333333333333547e-03
3.333333333333333547e-03
3.333333333333333547e-03
3.333333333333333547e-03
3.333333333333333547e-03
3.333333333333333547e-03
3.333333333333333547e-03
3.333333333333333547e-03
3.333333333333333547e-03
3.333333333333333547e-03
3.333333333333333547e-03
3.333333333333333547e-03
3.333333333333333547e-03
3.333333333333333547e-03
3.333333333333333547e-03
3.333333333333333547e-03
2.222222222222222220e-03
2.222222222222222220e-03
2.222222222222222220e-03
2.222222222222222220e-03
2.222222222222222220e-03
2.222222222222222220e-03
2.222222222222222220e-03
2.222222222222222220e-03
2.222222222222222220e-03
2.222222222222222220e-03
2.222222222222222220e-03
2.222222222222222220e-03
1.111111111111111110e-03
1.111111111111111110e-03
1.111111111111111110e-03
1.111111111111111110e-03
1.111111111111111110e-03
1.111111111111111110e-03
1.111111111111111110e-03
1.111111111111111110e-03
1.111111111111111110e-03
1.111111111111111110e-03
1.111111111111111110e-03
1.111111111111111110e-03
1.111111111111111110e-03
1.111111111111111110e-03
1.111111111111111110e-03
1.111111111111111110e-03
1.111111111111111110e-03
1.111111111111111110e-03
1.111111111111111110e-03
1.111111111111111110e-03
1.111111111111111110e-03
1.111111111111111110e-03
1.111111111111111110e-03
1.111111111111111110e-03
1.111111111111111110e-03
1.111111111111111110e-03
1.111111111111111110e-03
1.111111111111111110e-03
0.000000000000000000e+00
0.000000000000000000e+00
0.000000000000000000e+00
0.000000000000000000e+00
0.000000000000000000e+00
0.000000000000000000e+00
0.000000000000000000e+00
0.000000000000000000e+00
0.000000000000000000e+00
0.000000000000000000e+00
0.000000000000000000e+00
0.000000000000000000e+00
0.000000000000000000e+00
0.000000000000000000e+00
0.000000000000000000e+00
0.000000000000000000e+00
0.000000000000000000e+00
0.000000000000000000e+00
0.000000000000000000e+00
0.000000000000000000e+00
0.000000000000000000e+00
0.000000000000000000e+00
0.000000000000000000e+00
0.000000000000000000e+00
0.000000000000000000e+00
0.000000000000000000e+00
0.000000000000000000e+00
0.000000000000000000e+00
0.000000000000000000e+00
0.000000000000000000e+00
0.000000000000000000e+00
0.000000000000000000e+00
0.000000000000000000e+00
0.000000000000000000e+00
0.000000000000000000e+00
0.000000000000000000e+00
0.000000000000000000e+00
0.000000000000000000e+00
0.000000000000000000e+00
0.000000000000000000e+00
0.000000000000000000e+00
0.000000000000000000e+00
0.000000000000000000e+00
0.000000000000000000e+00
0.000000000000000000e+00
0.000000000000000000e+00
0.000000000000000000e+00
0.000000000000000000e+00
0.000000000000000000e+00
0.000000000000000000e+00
0.000000000000000000e+00
0.000000000000000000e+00
0.000000000000000000e+00
0.000000000000000000e+00
0.000000000000000000e+00
0.000000000000000000e+00
0.000000000000000000e+00
0.000000000000000000e+00
0.000000000000000000e+00
0.000000000000000000e+00
0.000000000000000000e+00
0.000000000000000000e+00
0.000000000000000000e+00
0.000000000000000000e+00
0.000000000000000000e+00
0.000000000000000000e+00
0.000000000000000000e+00
0.000000000000000000e+00
0.000000000000000000e+00
0.000000000000000000e+00
0.000000000000000000e+00
0.000000000000000000e+00
0.000000000000000000e+00
0.000000000000000000e+00
0.000000000000000000e+00
0.000000000000000000e+00
0.000000000000000000e+00
0.000000000000000000e+00
0.000000000000000000e+00
0.000000000000000000e+00
0.000000000000000000e+00
0.000000000000000000e+00
0.000000000000000000e+00
0.000000000000000000e+00
0.000000000000000000e+00
0.000000000000000000e+00
0.000000000000000000e+00
0.000000000000000000e+00
0.000000000000000000e+00
0.000000000000000000e+00
0.000000000000000000e+00
0.000000000000000000e+00
0.000000000000000000e+00
0.000000000000000000e+00
0.000000000000000000e+00
0.000000000000000000e+00
0.000000000000000000e+00
0.000000000000000000e+00
0.000000000000000000e+00
0.000000000000000000e+00
0.000000000000000000e+00
0.000000000000000000e+00
