0.000000000000000000e+00
0.000000000000000000e+00
0.000000000000000000e+00
0.000000000000000000e+00
0.000000000000000000e+00
0.000000000000000000e+00
0.000000000000000000e+00
0.000000000000000000e+00
0.000000000000000000e+00
0.000000000000000000e+00
0.000000000000000000e+00
0.000000000000000000e+00
0.000000000000000000e+00
0.000000000000000000e+00
0.000000000000000000e+00
0.000000000000000000e+00
0.000000000000000000e+00
0.000000000000000000e+00
0.000000000000000000e+00
0.000000000000000000e+00
0.000000000000000000e+00
0.000000000000000000e+00
0.000000000000000000e+00
0.000000000000000000e+00
0.000000000000000000e+00
0.000000000000000000e+00
0.000000000000000000e+00
0.000000000000000000e+00
0.000000000000000000e+00
0.000000000000000000e+00
0.000000000000000000e+00
0.000000000000000000e+00
0.000000000000000000e+00
0.000000000000000000e+00
0.000000000000000000e+00
0.000000000000000000e+00
0.000000000000000000e+00
0.000000000000000000e+00
0.000000000000000000e+00
0.000000000000000000e+00
0.000000000000000000e+00
0.000000000000000000e+00
0.000000000000000000e+00
0.000000000000000000e+00
0.000000000000000000e+00
0.000000000000000000e+00
0.000000000000000000e+00
0.000000000000000000e+00
0.000000000000000000e+00
0.000000000000000000e+00
0.000000000000000000e+00
0.000000000000000000e+00
0.000000000000000000e+00
0.000000000000000000e+00
0.000000000000000000e+00
0.000000000000000000e+00
0.000000000000000000e+00
0.000000000000000000e+00
0.000000000000000000e+00
0.000000000000000000e+00
0.000000000000000000e+00
0.000000000000000000e+00
0.000000000000000000e+00
0.000000000000000000e+00
0.000000000000000000e+00
0.000000000000000000e+00
0.000000000000000000e+00
0.000000000000000000e+00
0.000000000000000000e+00
0.000000000000000000e+00
0.000000000000000000e+00
0.000000000000000000e+00
0.000000000000000000e+00
0.000000000000000000e+00
0.000000000000000000e+00
0.000000000000000000e+00
0.000000000000000000e+00
0.000000000000000000e+00
0.000000000000000000e+00
0.000000000000000000e+00
0.000000000000000000e+00
0.000000000000000000e+00
0.000000000000000000e+00
0.000000000000000000e+00
0.000000000000000000e+00
0.000000000000000000e+00
0.000000000000000000e+00
0.000000000000000000e+00
0.000000000000000000e+00
0.000000000000000000e+00
0.000000000000000000e+00
0.000000000000000000e+00
0.000000000000000000e+00
0.000000000000000000e+00
0.000000000000000000e+00
0.000000000000000000e+00
0.000000000000000000e+00
0.000000000000000000e+00
0.000000000000000000e+00
0.000000000000000000e+00
0.000000000000000000e+00
0.000000000000000000e+00
0.000000000000000000e+00
0.000000000000000000e+00
0.000000000000000000e+00
0.000000000000000000e+00
0.000000000000000000e+00
0.000000000000000000e+00
0.000000000000000000e+00
0.000000000000000000e+00
0.000000000000000000e+00
0.000000000000000000e+00
0.000000000000000000e+00
0.000000000000000000e+00
0.000000000000000000e+00
0.000000000000000000e+00
0.000000000000000000e+00
0.000000000000000000e+00
0.000000000000000000e+00
0.000000000000000000e+00
0.000000000000000000e+00
0.000000000000000000e+00
0.000000000000000000e+00
0.000000000000000000e+00
0.000000000000000000e+00
0.000000000000000000e+00
0.000000000000000000e+00
0.000000000000000000e+00
0.000000000000000000e+00
0.000000000000000000e+00
0.000000000000000000e+00
0.000000000000000000e+00
0.000000000000000000e+00
0.000000000000000000e+00
0.000000000000000000e+00
0.000000000000000000e+00
0.000000000000000000e+00
0.000000000000000000e+00
0.000000000000000000e+00
0.000000000000000000e+00
0.000000000000000000e+00
0.000000000000000000e+00
0.000000000000000000e+00
0.000000000000000000e+00
0.000000000000000000e+00
0.000000000000000000e+00
0.000000000000000000e+00
0.000000000000000000e+00
0.000000000000000000e+00
0.000000000000000000e+00
0.000000000000000000e+00
0.000000000000000000e+00
0.000000000000000000e+00
0.000000000000000000e+00
0.000000000000000000e+00
0.000000000000000000e+00
0.000000000000000000e+00
0.000000000000000000e+00
0.000000000000000000e+00
0.000000000000000000e+00
0.000000000000000000e+00
0.000000000000000000e+00
0.000000000000000000e+00
0.000000000000000000e+00
0.000000000000000000e+00
0.000000000000000000e+00
0.000000000000000000e+00
0.000000000000000000e+00
0.000000000000000000e+00
0.000000000000000000e+00
0.000000000000000000e+00
0.000000000000000000e+00
0.000000000000000000e+00
0.000000000000000000e+00
0.000000000000000000e+00
0.000000000000000000e+00
0.000000000000000000e+00
0.000000000000000000e+00
0.000000000000000000e+00
0.000000000000000000e+00
0.000000000000000000e+00
0.000000000000000000e+00
0.000000000000000000e+00
0.000000000000000000e+00
0.000000000000000000e+00
0.000000000000000000e+00
0.000000000000000000e+00
0.000000000000000000e+00
0.000000000000000000e+00
0.000000000000000000e+00
0.000000000000000000e+00
0.000000000000000000e+00
0.000000000000000000e+00
0.000000000000000000e+00
0.000000000000000000e+00
0.000000000000000000e+00
0.000000000000000000e+00
0.000000000000000000e+00
1.111111111111111110e-03
2.222222222222222220e-03
2.222222222222222220e-03
2.222222222222222220e-03
2.222222222222222220e-03
2.222222222222222220e-03
2.222222222222222220e-03
2.222222222222222220e-03
2.222222222222222220e-03
2.222222222222222220e-03
2.222222222222222220e-03
2.222222222222222220e-03
2.222222222222222220e-03
2.222222222222222220e-03
2.222222222222222220e-03
2.222222222222222220e-03
2.222222222222222220e-03
2.222222222222222220e-03
2.222222222222222220e-03
2.222222222222222220e-03
2.222222222222222220e-03
2.222222222222222220e-03
4.444444444444444441e-03
4.444444444444444441e-03
4.444444444444444441e-03
4.444444444444444441e-03
4.444444444444444441e-03
4.444444444444444441e-03
4.444444444444444441e-03
4.444444444444444441e-03
4.444444444444444441e-03
4.444444444444444441e-03
4.444444444444444441e-03
4.444444444444444441e-03
4.444444444444444441e-03
5.555555555555555768e-03
5.555555555555555768e-03
5.555555555555555768e-03
5.555555555555555768e-03
5.555555555555555768e-03
5.555555555555555768e-03
5.555555555555555768e-03
5.555555555555555768e-03
5.555555555555555768e-03
5.555555555555555768e-03
5.555555555555555768e-03
5.555555555555555768e-03
5.555555555555555768e-03
5.555555555555555768e-03
5.555555555555555768e-03
5.555555555555555768e-03
5.555555555555555768e-03
5.555555555555555768e-03
5.555555555555555768e-03
6.666666666666667095e-03
6.666666666666667095e-03
6.666666666666667095e-03
6.666666666666667095e-03
6.666666666666667095e-03
6.666666666666667095e-03
6.666666666666667095e-03
6.666666666666667095e-03
6.666666666666667095e-03
6.666666666666667095e-03
6.666666666666667095e-03
6.666666666666667095e-03
6.666666666666667095e-03
6.666666666666667095e-03
6.666666666666667095e-03
6.666666666666667095e-03
6.666666666666667095e-03
6.666666666666667095e-03
6.666666666666667095e-03
6.666666666666667095e-03
7.777777777777778422e-03
7.777777777777778422e-03
7.777777777777778422e-03
7.777777777777778422e-03
7.777777777777778422e-03
7.777777777777778422e-03
7.777777777777778422e-03
7.777777777777778422e-03
7.777777777777778422e-03
7.777777777777778422e-03
7.777777777777778422e-03
7.777777777777778422e-03
7.777777777777778422e-03
7.777777777777778422e-03
7.777777777777778422e-03
7.777777777777778422e-03
1.000000000000000021e-02
1.000000000000000021e-02
1.000000000000000021e-02
1.000000000000000021e-02
1.000000000000000021e-02
1.000000000000000021e-02
1.000000000000000021e-02
1.000000000000000021e-02
1.000000000000000021e-02
1.000000000000000021e-02
1.000000000000000021e-02
1.000000000000000021e-02
1.000000000000000021e-02
1.000000000000000021e-02
1.000000000000000021e-02
1.000000000000000021e-02
1.000000000000000021e-02
1.000000000000000021e-02
1.111111111111111154e-02
1.111111111111111154e-02
1.111111111111111154e-02
1.111111111111111154e-02
1.111111111111111154e-02
1.111111111111111154e-02
1.111111111111111154e-02
1.111111111111111154e-02
1.111111111111111154e-02
1.111111111111111154e-02
1.111111111111111154e-02
1.111111111111111154e-02
1.111111111111111154e-02
1.111111111111111154e-02
1.111111111111111154e-02
1.111111111111111154e-02
1.111111111111111154e-02
1.111111111111111154e-02
1.111111111111111154e-02
1.111111111111111154e-02
1.111111111111111154e-02
1.111111111111111154e-02
1.111111111111111154e-02
1.111111111111111154e-02
1.111111111111111154e-02
1.111111111111111154e-02
1.111111111111111154e-02
1.111111111111111154e-02
1.111111111111111154e-02
1.111111111111111154e-02
1.111111111111111154e-02
1.111111111111111154e-02
1.111111111111111154e-02
1.111111111111111154e-02
1.111111111111111154e-02
1.111111111111111154e-02
1.222222222222222286e-02
1.222222222222222286e-02
1.222222222222222286e-02
1.222222222222222286e-02
1.222222222222222286e-02
1.222222222222222286e-02
1.222222222222222286e-02
1.222222222222222286e-02
1.222222222222222286e-02
1.222222222222222286e-02
1.222222222222222286e-02
1.222222222222222286e-02
1.222222222222222286e-02
1.222222222222222286e-02
1.222222222222222286e-02
1.222222222222222286e-02
1.222222222222222286e-02
1.222222222222222286e-02
1.222222222222222286e-02
1.333333333333333419e-02
1.333333333333333419e-02
1.333333333333333419e-02
1.333333333333333419e-02
1.333333333333333419e-02
1.333333333333333419e-02
1.333333333333333419e-02
1.333333333333333419e-02
1.333333333333333419e-02
1.333333333333333419e-02
1.333333333333333419e-02
1.333333333333333419e-02
1.333333333333333419e-02
1.333333333333333419e-02
1.333333333333333419e-02
1.333333333333333419e-02
1.333333333333333419e-02
1.333333333333333419e-02
1.333333333333333419e-02
1.333333333333333419e-02
1.333333333333333419e-02
1.333333333333333419e-02
1.333333333333333419e-02
1.333333333333333419e-02
1.333333333333333419e-02
1.333333333333333419e-02
1.333333333333333419e-02
1.333333333333333419e-02
1.333333333333333419e-02
1.333333333333333419e-02
1.333333333333333419e-02
1.333333333333333419e-02
1.333333333333333419e-02
1.333333333333333419e-02
1.333333333333333419e-02
2.777777777777777624e-02
2.777777777777777624e-02
2.777777777777777624e-02
2.777777777777777624e-02
2.777777777777777624e-02
2.777777777777777624e-02
2.777777777777777624e-02
2.777777777777777624e-02
2.777777777777777624e-02
2.777777777777777624e-02
2.777777777777777624e-02
2.777777777777777624e-02
2.999999999999999889e-02
2.999999999999999889e-02
3.111111111111110675e-02
3.111111111111110675e-02
3.111111111111110675e-02
3.111111111111110675e-02
3.111111111111110675e-02
3.111111111111110675e-02
3.222222222222222154e-02
3.222222222222222154e-02
3.222222222222222154e-02
3.222222222222222154e-02
3.222222222222222154e-02
3.222222222222222154e-02
3.222222222222222154e-02
3.222222222222222154e-02
3.222222222222222154e-02
3.222222222222222154e-02
3.222222222222222154e-02
3.222222222222222154e-02
3.333333333333333287e-02
3.333333333333333287e-02
3.333333333333333287e-02
3.333333333333333287e-02
3.333333333333333287e-02
3.333333333333333287e-02
3.333333333333333287e-02
3.333333333333333287e-02
3.333333333333333287e-02
3.333333333333333287e-02
3.333333333333333287e-02
3.444444444444444420e-02
3.444444444444444420e-02
3.444444444444444420e-02
3.444444444444444420e-02
3.444444444444444420e-02
3.444444444444444420e-02
3.444444444444444420e-02
3.444444444444444420e-02
3.555555555555555552e-02
3.555555555555555552e-02
3.555555555555555552e-02
3.555555555555555552e-02
3.555555555555555552e-02
3.555555555555555552e-02
3.555555555555555552e-02
3.555555555555555552e-02
3.666666666666666685e-02
3.666666666666666685e-02
3.777777777777777818e-02
4.111111111111110522e-02
4.111111111111110522e-02
4.111111111111110522e-02
4.222222222222222349e-02
4.222222222222222349e-02
4.222222222222222349e-02
4.222222222222222349e-02
4.222222222222222349e-02
4.222222222222222349e-02
4.222222222222222349e-02
4.222222222222222349e-02
4.222222222222222349e-02
4.444444444444444614e-02
4.444444444444444614e-02
4.444444444444444614e-02
4.444444444444444614e-02
4.444444444444444614e-02
4.444444444444444614e-02
4.555555555555556441e-02
4.555555555555556441e-02
4.555555555555556441e-02
4.666666666666666879e-02
4.777777777777778012e-02
4.777777777777778012e-02
4.999999999999999584e-02
4.999999999999999584e-02
4.999999999999999584e-02
4.999999999999999584e-02
4.999999999999999584e-02
5.111111111111111410e-02
5.111111111111111410e-02
5.111111111111111410e-02
5.222222222222222543e-02
5.333333333333333676e-02
5.444444444444444114e-02
5.555555555555555247e-02
5.555555555555555247e-02
5.555555555555555247e-02
5.555555555555555247e-02
5.666666666666666380e-02
5.777777777777776819e-02
5.777777777777776819e-02
5.777777777777776819e-02
5.888888888888887951e-02
5.888888888888887951e-02
6.222222222222221349e-02
6.333333333333333870e-02
6.333333333333333870e-02
6.444444444444444309e-02
6.555555555555554748e-02
6.555555555555554748e-02
6.555555555555554748e-02
6.555555555555554748e-02
6.666666666666666574e-02
6.888888888888888840e-02
6.888888888888888840e-02
7.000000000000000666e-02
7.111111111111111105e-02
7.444444444444443809e-02
7.555555555555555636e-02
7.666666666666667462e-02
7.666666666666667462e-02
7.777777777777777901e-02
7.777777777777777901e-02
7.777777777777777901e-02
7.777777777777777901e-02
7.777777777777777901e-02
7.777777777777777901e-02
7.777777777777777901e-02
7.888888888888888340e-02
8.111111111111111993e-02
8.111111111111111993e-02
8.111111111111111993e-02
8.222222222222223820e-02
8.222222222222223820e-02
8.444444444444444697e-02
8.666666666666666963e-02
9.000000000000001055e-02
9.222222222222221932e-02
9.555555555555556024e-02
9.666666666666667851e-02
9.666666666666667851e-02
1.000000000000000194e-01
1.000000000000000194e-01
1.011111111111111099e-01
1.033333333333333326e-01
1.033333333333333326e-01
1.044444444444444509e-01
1.066666666666666735e-01
1.088888888888888823e-01
1.099999999999999867e-01
1.099999999999999867e-01
1.133333333333333415e-01
1.133333333333333415e-01
1.155555555555555641e-01
1.166666666666666546e-01
1.199999999999999956e-01
1.199999999999999956e-01
1.199999999999999956e-01
1.199999999999999956e-01
1.199999999999999956e-01
1.199999999999999956e-01
1.211111111111111138e-01
1.211111111111111138e-01
1.255555555555555591e-01
1.266666666666666774e-01
1.266666666666666774e-01
1.266666666666666774e-01
1.277777777777777679e-01
1.333333333333333315e-01
1.355555555555555403e-01
1.355555555555555403e-01
1.366666666666666863e-01
1.366666666666666863e-01
1.400000000000000133e-01
1.400000000000000133e-01
1.411111111111111038e-01
1.411111111111111038e-01
1.411111111111111038e-01
1.411111111111111038e-01
1.411111111111111038e-01
1.422222222222222221e-01
1.422222222222222221e-01
1.433333333333333404e-01
1.466666666666666952e-01
1.477777777777777857e-01
1.477777777777777857e-01
1.477777777777777857e-01
1.511111111111111127e-01
1.522222222222222310e-01
1.533333333333333492e-01
1.533333333333333492e-01
1.577777777777777946e-01
1.600000000000000033e-01
1.622222222222222399e-01
1.644444444444444209e-01
1.644444444444444209e-01
1.666666666666666574e-01
1.700000000000000122e-01
1.700000000000000122e-01
1.711111111111111027e-01
1.722222222222221932e-01
1.744444444444444298e-01
1.744444444444444298e-01
1.755555555555555480e-01
1.955555555555555658e-01
1.999999999999999833e-01
2.011111111111111016e-01
2.044444444444444287e-01
2.066666666666666652e-01
2.088888888888889017e-01
2.388888888888889006e-01
2.388888888888889006e-01
2.399999999999999911e-01
2.422222222222222276e-01
2.444444444444444642e-01
2.444444444444444642e-01
2.477777777777777912e-01
2.477777777777777912e-01
2.500000000000000000e-01
2.500000000000000000e-01
2.533333333333333548e-01
2.533333333333333548e-01
2.533333333333333548e-01
2.533333333333333548e-01
2.555555555555555358e-01
2.611111111111111271e-01
2.611111111111111271e-01
2.611111111111111271e-01
2.633333333333333637e-01
2.633333333333333637e-01
2.644444444444444264e-01
2.655555555555555447e-01
2.655555555555555447e-01
2.655555555555555447e-01
2.666666666666666630e-01
2.688888888888888995e-01
2.688888888888888995e-01
2.700000000000000178e-01
2.711111111111110805e-01
2.722222222222221988e-01
2.755555555555555536e-01
2.766666666666666718e-01
2.777777777777777901e-01
2.788888888888889084e-01
2.811111111111110894e-01
2.811111111111110894e-01
2.822222222222222077e-01
2.833333333333332704e-01
2.833333333333332704e-01
2.855555555555555625e-01
2.866666666666666252e-01
2.866666666666666252e-01
2.877777777777777435e-01
2.877777777777777435e-01
2.922222222222222165e-01
2.922222222222222165e-01
2.922222222222222165e-01
2.922222222222222165e-01
2.922222222222222165e-01
2.944444444444444531e-01
2.955555555555555713e-01
2.977777777777777524e-01
2.988888888888889261e-01
2.999999999999999889e-01
2.999999999999999889e-01
3.011111111111111072e-01
3.022222222222222254e-01
3.022222222222222254e-01
3.044444444444444620e-01
3.066666666666666985e-01
3.077777777777777612e-01
3.077777777777777612e-01
3.077777777777777612e-01
3.077777777777777612e-01
3.077777777777777612e-01
3.077777777777777612e-01
3.088888888888888795e-01
3.111111111111111160e-01
3.122222222222222343e-01
3.144444444444444708e-01
3.166666666666666519e-01
3.166666666666666519e-01
3.177777777777777701e-01
3.200000000000000067e-01
3.200000000000000067e-01
3.211111111111111249e-01
3.233333333333333059e-01
3.244444444444444797e-01
3.244444444444444797e-01
3.244444444444444797e-01
3.255555555555555425e-01
3.255555555555555425e-01
3.266666666666666607e-01
3.288888888888888973e-01
3.288888888888888973e-01
3.311111111111110783e-01
3.322222222222222521e-01
3.322222222222222521e-01
3.333333333333333148e-01
3.344444444444444886e-01
3.344444444444444886e-01
3.377777777777777324e-01
3.422222222222222054e-01
3.422222222222222054e-01
3.455555555555555602e-01
3.455555555555555602e-01
3.477777777777777413e-01
3.477777777777777413e-01
3.500000000000000333e-01
3.522222222222222143e-01
3.522222222222222143e-01
3.544444444444443953e-01
3.577777777777777501e-01
3.577777777777777501e-01
3.577777777777777501e-01
3.633333333333332860e-01
3.644444444444444042e-01
3.666666666666666963e-01
3.699999999999999400e-01
3.711111111111111138e-01
3.711111111111111138e-01
3.711111111111111138e-01
3.799999999999999489e-01
3.822222222222222410e-01
3.833333333333333037e-01
3.844444444444444220e-01
3.866666666666666585e-01
3.888888888888888395e-01
3.911111111111111316e-01
3.911111111111111316e-01
3.911111111111111316e-01
3.922222222222222499e-01
3.933333333333333126e-01
3.966666666666666674e-01
3.977777777777777857e-01
3.977777777777777857e-01
3.977777777777777857e-01
3.977777777777777857e-01
3.977777777777777857e-01
3.977777777777777857e-01
3.988888888888889039e-01
3.999999999999999667e-01
4.011111111111111405e-01
4.011111111111111405e-01
4.011111111111111405e-01
4.055555555555556135e-01
4.099999999999999756e-01
4.099999999999999756e-01
4.111111111111111494e-01
4.122222222222222121e-01
4.133333333333332749e-01
4.133333333333332749e-01
4.133333333333332749e-01
4.133333333333332749e-01
4.144444444444443931e-01
4.166666666666666852e-01
4.166666666666666852e-01
4.166666666666666852e-01
4.188888888888889217e-01
4.199999999999999289e-01
4.199999999999999289e-01
4.199999999999999289e-01
4.244444444444444575e-01
4.255555555555555203e-01
4.288888888888888751e-01
4.299999999999999933e-01
4.322222222222222299e-01
4.333333333333333481e-01
4.355555555555555292e-01
4.366666666666667029e-01
4.377777777777777657e-01
4.377777777777777657e-01
4.400000000000000022e-01
4.400000000000000022e-01
4.400000000000000022e-01
4.411111111111111760e-01
4.411111111111111760e-01
4.433333333333333570e-01
4.433333333333333570e-01
4.433333333333333570e-01
4.477777777777777746e-01
4.500000000000000111e-01
4.500000000000000111e-01
4.511111111111110739e-01
4.522222222222222476e-01
4.522222222222222476e-01
4.533333333333333104e-01
4.555555555555555469e-01
4.555555555555555469e-01
4.566666666666666097e-01
4.588888888888889017e-01
4.588888888888889017e-01
4.588888888888889017e-01
4.588888888888889017e-01
4.599999999999999645e-01
4.611111111111110827e-01
4.611111111111110827e-01
4.644444444444444375e-01
4.666666666666666186e-01
4.666666666666666186e-01
4.666666666666666186e-01
4.666666666666666186e-01
4.677777777777777923e-01
4.677777777777777923e-01
4.711111111111110916e-01
4.711111111111110916e-01
4.711111111111110916e-01
4.711111111111110916e-01
4.722222222222222654e-01
4.722222222222222654e-01
4.733333333333333282e-01
4.733333333333333282e-01
4.733333333333333282e-01
4.733333333333333282e-01
4.733333333333333282e-01
4.733333333333333282e-01
4.744444444444444464e-01
4.744444444444444464e-01
4.744444444444444464e-01
4.744444444444444464e-01
4.755555555555555647e-01
4.766666666666666274e-01
4.777777777777776902e-01
4.777777777777776902e-01
4.777777777777776902e-01
4.777777777777776902e-01
4.788888888888888640e-01
4.788888888888888640e-01
4.799999999999999822e-01
4.799999999999999822e-01
4.799999999999999822e-01
4.799999999999999822e-01
4.799999999999999822e-01
4.799999999999999822e-01
4.799999999999999822e-01
4.799999999999999822e-01
4.799999999999999822e-01
4.799999999999999822e-01
4.799999999999999822e-01
4.811111111111111005e-01
4.822222222222222743e-01
4.822222222222222743e-01
4.822222222222222743e-01
4.844444444444444553e-01
4.844444444444444553e-01
4.844444444444444553e-01
4.844444444444444553e-01
4.866666666666666363e-01
4.866666666666666363e-01
4.866666666666666363e-01
4.866666666666666363e-01
4.877777777777776991e-01
4.877777777777776991e-01
4.877777777777776991e-01
4.877777777777776991e-01
4.877777777777776991e-01
4.888888888888888729e-01
4.888888888888888729e-01
4.888888888888888729e-01
4.888888888888888729e-01
4.888888888888888729e-01
4.888888888888888729e-01
4.888888888888888729e-01
4.888888888888888729e-01
4.888888888888888729e-01
4.888888888888888729e-01
4.888888888888888729e-01
4.888888888888888729e-01
4.888888888888888729e-01
4.899999999999999356e-01
4.911111111111110539e-01
4.911111111111110539e-01
4.911111111111110539e-01
4.922222222222221721e-01
4.933333333333333459e-01
4.933333333333333459e-01
4.933333333333333459e-01
4.933333333333333459e-01
4.933333333333333459e-01
4.944444444444444642e-01
4.944444444444444642e-01
4.955555555555555269e-01
4.966666666666666452e-01
4.966666666666666452e-01
4.966666666666666452e-01
4.966666666666666452e-01
4.977777777777777080e-01
4.988888888888888817e-01
4.988888888888888817e-01
4.988888888888888817e-01
4.988888888888888817e-01
4.988888888888888817e-01
4.988888888888888817e-01
4.988888888888888817e-01
4.988888888888888817e-01
5.000000000000000000e-01
5.000000000000000000e-01
5.033333333333332993e-01
5.033333333333332993e-01
5.033333333333332993e-01
5.044444444444444731e-01
5.044444444444444731e-01
5.044444444444444731e-01
5.044444444444444731e-01
5.044444444444444731e-01
5.044444444444444731e-01
5.044444444444444731e-01
5.044444444444444731e-01
5.044444444444444731e-01
5.066666666666667096e-01
5.077777777777777724e-01
5.077777777777777724e-01
5.077777777777777724e-01
5.099999999999998979e-01
5.111111111111110716e-01
5.122222222222222454e-01
5.122222222222222454e-01
5.133333333333333082e-01
5.133333333333333082e-01
5.155555555555556557e-01
5.155555555555556557e-01
5.155555555555556557e-01
5.166666666666666075e-01
5.166666666666666075e-01
5.166666666666666075e-01
5.177777777777777812e-01
5.177777777777777812e-01
5.177777777777777812e-01
5.177777777777777812e-01
5.177777777777777812e-01
5.177777777777777812e-01
5.177777777777777812e-01
5.188888888888888440e-01
5.188888888888888440e-01
5.188888888888888440e-01
5.188888888888888440e-01
5.188888888888888440e-01
5.188888888888888440e-01
5.211111111111110805e-01
5.211111111111110805e-01
5.211111111111110805e-01
5.222222222222222543e-01
5.244444444444443798e-01
5.244444444444443798e-01
5.255555555555555536e-01
5.255555555555555536e-01
5.255555555555555536e-01
5.255555555555555536e-01
5.255555555555555536e-01
5.255555555555555536e-01
5.266666666666667274e-01
5.266666666666667274e-01
5.266666666666667274e-01
5.288888888888888529e-01
5.288888888888888529e-01
5.288888888888888529e-01
5.288888888888888529e-01
5.288888888888888529e-01
5.288888888888888529e-01
5.288888888888888529e-01
5.288888888888888529e-01
5.288888888888888529e-01
5.288888888888888529e-01
5.299999999999999156e-01
5.322222222222222632e-01
5.322222222222222632e-01
5.344444444444444997e-01
5.344444444444444997e-01
5.344444444444444997e-01
5.344444444444444997e-01
5.355555555555554514e-01
5.355555555555554514e-01
5.366666666666666252e-01
5.366666666666666252e-01
5.366666666666666252e-01
5.366666666666666252e-01
5.377777777777777990e-01
5.377777777777777990e-01
5.377777777777777990e-01
5.377777777777777990e-01
5.377777777777777990e-01
5.377777777777777990e-01
5.377777777777777990e-01
5.377777777777777990e-01
5.388888888888888618e-01
5.399999999999999245e-01
5.411111111111110983e-01
5.411111111111110983e-01
5.411111111111110983e-01
5.411111111111110983e-01
5.411111111111110983e-01
5.433333333333333348e-01
5.433333333333333348e-01
5.433333333333333348e-01
5.477777777777776969e-01
5.477777777777776969e-01
5.488888888888888706e-01
5.488888888888888706e-01
5.511111111111111072e-01
5.533333333333333437e-01
5.544444444444444065e-01
