0.000000000000000000e+00
0.000000000000000000e+00
0.000000000000000000e+00
0.000000000000000000e+00
0.000000000000000000e+00
0.000000000000000000e+00
0.000000000000000000e+00
0.000000000000000000e+00
0.000000000000000000e+00
0.000000000000000000e+00
0.000000000000000000e+00
0.000000000000000000e+00
0.000000000000000000e+00
0.000000000000000000e+00
0.000000000000000000e+00
0.000000000000000000e+00
0.000000000000000000e+00
0.000000000000000000e+00
0.000000000000000000e+00
0.000000000000000000e+00
0.000000000000000000e+00
0.000000000000000000e+00
0.000000000000000000e+00
0.000000000000000000e+00
0.000000000000000000e+00
0.000000000000000000e+00
0.000000000000000000e+00
0.000000000000000000e+00
0.000000000000000000e+00
0.000000000000000000e+00
0.000000000000000000e+00
0.000000000000000000e+00
0.000000000000000000e+00
0.000000000000000000e+00
0.000000000000000000e+00
0.000000000000000000e+00
0.000000000000000000e+00
0.000000000000000000e+00
0.000000000000000000e+00
0.000000000000000000e+00
0.000000000000000000e+00
0.000000000000000000e+00
0.000000000000000000e+00
0.000000000000000000e+00
0.000000000000000000e+00
0.000000000000000000e+00
0.000000000000000000e+00
0.000000000000000000e+00
0.000000000000000000e+00
0.000000000000000000e+00
0.000000000000000000e+00
0.000000000000000000e+00
0.000000000000000000e+00
0.000000000000000000e+00
0.000000000000000000e+00
0.000000000000000000e+00
0.000000000000000000e+00
0.000000000000000000e+00
0.000000000000000000e+00
0.000000000000000000e+00
0.000000000000000000e+00
3.333333333333333547e-03
3.333333333333333547e-03
3.333333333333333547e-03
3.333333333333333547e-03
3.333333333333333547e-03
3.333333333333333547e-03
3.333333333333333547e-03
3.333333333333333547e-03
3.333333333333333547e-03
3.333333333333333547e-03
3.333333333333333547e-03
3.333333333333333547e-03
3.333333333333333547e-03
3.333333333333333547e-03
3.333333333333333547e-03
3.333333333333333547e-03
3.333333333333333547e-03
3.333333333333333547e-03
3.333333333333333547e-03
3.333333333333333547e-03
3.333333333333333547e-03
3.333333333333333547e-03
3.333333333333333547e-03
3.333333333333333547e-03
3.333333333333333547e-03
3.333333333333333547e-03
3.333333333333333547e-03
3.333333333333333547e-03
3.333333333333333547e-03
3.333333333333333547e-03
3.333333333333333547e-03
3.333333333333333547e-03
3.333333333333333547e-03
3.333333333333333547e-03
3.333333333333333547e-03
3.333333333333333547e-03
3.333333333333333547e-03
3.333333333333333547e-03
3.333333333333333547e-03
3.333333333333333547e-03
3.333333333333333547e-03
3.333333333333333547e-03
3.333333333333333547e-03
3.333333333333333547e-03
3.333333333333333547e-03
3.333333333333333547e-03
3.333333333333333547e-03
1.666666666666666644e-02
1.666666666666666644e-02
1.666666666666666644e-02
1.666666666666666644e-02
1.666666666666666644e-02
1.666666666666666644e-02
1.666666666666666644e-02
1.666666666666666644e-02
1.666666666666666644e-02
1.666666666666666644e-02
1.666666666666666644e-02
1.666666666666666644e-02
1.666666666666666644e-02
1.666666666666666644e-02
1.666666666666666644e-02
1.666666666666666644e-02
1.666666666666666644e-02
1.666666666666666644e-02
1.666666666666666644e-02
1.666666666666666644e-02
1.666666666666666644e-02
1.666666666666666644e-02
1.666666666666666644e-02
1.666666666666666644e-02
1.666666666666666644e-02
1.666666666666666644e-02
1.666666666666666644e-02
1.666666666666666644e-02
1.666666666666666644e-02
1.666666666666666644e-02
1.666666666666666644e-02
1.666666666666666644e-02
1.666666666666666644e-02
1.666666666666666644e-02
1.666666666666666644e-02
1.666666666666666644e-02
1.666666666666666644e-02
1.666666666666666644e-02
1.666666666666666644e-02
1.666666666666666644e-02
1.666666666666666644e-02
1.666666666666666644e-02
1.666666666666666644e-02
1.666666666666666644e-02
1.666666666666666644e-02
1.666666666666666644e-02
1.666666666666666644e-02
1.666666666666666644e-02
1.666666666666666644e-02
1.666666666666666644e-02
1.666666666666666644e-02
1.666666666666666644e-02
1.666666666666666644e-02
1.666666666666666644e-02
1.666666666666666644e-02
1.666666666666666644e-02
1.666666666666666644e-02
1.666666666666666644e-02
1.666666666666666644e-02
2.000000000000000042e-02
2.000000000000000042e-02
2.000000000000000042e-02
2.000000000000000042e-02
2.000000000000000042e-02
2.000000000000000042e-02
2.000000000000000042e-02
2.000000000000000042e-02
2.000000000000000042e-02
2.000000000000000042e-02
2.000000000000000042e-02
2.000000000000000042e-02
2.000000000000000042e-02
2.000000000000000042e-02
2.000000000000000042e-02
2.000000000000000042e-02
2.000000000000000042e-02
2.000000000000000042e-02
2.000000000000000042e-02
2.000000000000000042e-02
2.000000000000000042e-02
2.000000000000000042e-02
2.000000000000000042e-02
2.000000000000000042e-02
2.000000000000000042e-02
2.000000000000000042e-02
2.000000000000000042e-02
2.000000000000000042e-02
2.000000000000000042e-02
2.000000000000000042e-02
2.000000000000000042e-02
2.000000000000000042e-02
2.000000000000000042e-02
2.000000000000000042e-02
2.000000000000000042e-02
2.000000000000000042e-02
2.000000000000000042e-02
2.000000000000000042e-02
2.000000000000000042e-02
2.000000000000000042e-02
2.000000000000000042e-02
2.000000000000000042e-02
2.000000000000000042e-02
2.000000000000000042e-02
2.000000000000000042e-02
2.000000000000000042e-02
2.000000000000000042e-02
2.000000000000000042e-02
2.000000000000000042e-02
2.000000000000000042e-02
2.000000000000000042e-02
2.000000000000000042e-02
2.000000000000000042e-02
2.000000000000000042e-02
2.000000000000000042e-02
2.000000000000000042e-02
2.000000000000000042e-02
2.000000000000000042e-02
2.000000000000000042e-02
2.000000000000000042e-02
2.000000000000000042e-02
2.000000000000000042e-02
2.000000000000000042e-02
2.000000000000000042e-02
2.000000000000000042e-02
2.000000000000000042e-02
2.000000000000000042e-02
2.000000000000000042e-02
2.000000000000000042e-02
2.000000000000000042e-02
2.000000000000000042e-02
2.000000000000000042e-02
2.000000000000000042e-02
2.000000000000000042e-02
2.000000000000000042e-02
2.000000000000000042e-02
2.000000000000000042e-02
2.000000000000000042e-02
2.000000000000000042e-02
2.000000000000000042e-02
2.000000000000000042e-02
2.000000000000000042e-02
2.000000000000000042e-02
2.000000000000000042e-02
2.000000000000000042e-02
2.000000000000000042e-02
2.333333333333333440e-02
2.333333333333333440e-02
2.333333333333333440e-02
2.333333333333333440e-02
2.333333333333333440e-02
2.333333333333333440e-02
2.666666666666666838e-02
2.670000000000000151e-02
2.670033333333333633e-02
3.003366999999999842e-02
3.336700336666666850e-02
3.336700336699999908e-02
3.336700336700332975e-02
3.336700336700336444e-02
3.336700336700336444e-02
3.336700336700336444e-02
3.336700336700336444e-02
3.336700336700336444e-02
3.336700336700336444e-02
3.336700336700336444e-02
4.670033670033670731e-02
4.683367003367003290e-02
4.683500336700336525e-02
5.350168336700336646e-02
6.356835016700336516e-02
7.363568350167003229e-02
8.033635683501670621e-02
8.040336356835016407e-02
8.707070030235015967e-02
1.004373736696901748e-01
1.038043737366968894e-01
1.138380437373669868e-01
1.172050471040403385e-01
1.272387171377070691e-01
1.406723871713770890e-01
1.408067238717137792e-01
1.408080672387171661e-01
1.408080806723871758e-01
1.408080808067238843e-01
1.474747474747339082e-01
1.475414141414140012e-01
1.475420808080808166e-01
1.542087541414141338e-01
1.576087542080808201e-01
1.576427542087474876e-01
1.576430942087541365e-01
1.576430976087541957e-01
1.576430976427542208e-01
1.643097643097608807e-01
1.643764309764309539e-01
1.643770976430976305e-01
1.677104376430976485e-01
1.810437710430976566e-01
1.844437710437643041e-01
1.878111043771043265e-01
1.944781110437710236e-01
2.012114477771043408e-01
2.012454478111043998e-01
2.012457878114443932e-01
2.079124578781144372e-01
2.112791245787811745e-01
2.113127912457878343e-01
2.179797945791245584e-01
2.213131312791245808e-01
2.280131313127912451e-01
2.280801313131279040e-01
2.314141346464646254e-01
2.314474746797979821e-01
2.314478080801312954e-01
2.314478114141346465e-01
2.314478114474746995e-01
2.347811447811414265e-01
2.347811447811447572e-01
2.347811447811447572e-01
2.381144781144780842e-01
2.381478114478114694e-01
2.514814781144781297e-01
2.515481481144781206e-01
2.515488148144781611e-01
2.548821548148114680e-01
2.582488215481481553e-01
2.582491548821481686e-01
2.582491582154881615e-01
2.615824915821549079e-01
2.616158249158215265e-01
2.649494915824915364e-01
2.716494949158249073e-01
2.717164949491582826e-01
2.717171649494916075e-01
2.717171716494949374e-01
2.750505050498282533e-01
2.783838383838315722e-01
2.783838383838383446e-01
2.883838383838384090e-01
2.883838383838384090e-01
2.883838383838384090e-01
2.950505050505050630e-01
2.951171717171717224e-01
2.984511717171717815e-01
2.984845117171717188e-01
2.984848451171717154e-01
2.984848484511717359e-01
3.051515151511783874e-01
3.052181818181784467e-01
3.052188484848484262e-01
3.085521884848484997e-01
3.119188552181818008e-01
3.119525218855151993e-01
3.186195252188551708e-01
3.186195285855218939e-01
3.319528619525218827e-01
3.319861952861919430e-01
3.319865286195285980e-01
3.319865319528619296e-01
3.319865319861952657e-01
3.319865319865286657e-01
3.319865319865319409e-01
3.319865319865319964e-01
3.319865319865319964e-01
3.353198653198654067e-01
3.386531986531986504e-01
3.453531986531986342e-01
3.453535319865319586e-01
3.453535353198653457e-01
3.453535353531986818e-01
3.453535353535319707e-01
3.453535353535353014e-01
3.453535353535353569e-01
3.453535353535353569e-01
3.453535353535353569e-01
3.520202020202020665e-01
3.554202020202020251e-01
3.587542020202019732e-01
3.620875420202020467e-01
3.654542087535353478e-01
3.688212087542020456e-01
3.721882120875419919e-01
3.788552154542088046e-01
3.822218854878754457e-01
3.822222188548787813e-01
3.888888888552154977e-01
3.889222222218854941e-01
3.889225555555522185e-01
3.922558922222221800e-01
3.922558922555555161e-01
4.055892255892222242e-01
4.089558922558921839e-01
4.089562255892255638e-01
4.089562289225589509e-01
4.089562289558922870e-01
4.122895622895589862e-01
4.122895622895622059e-01
4.189562289562289155e-01
4.189562289562289155e-01
4.189562289562289155e-01
4.189562289562289155e-01
4.222895622895623258e-01
4.222895622895623258e-01
4.289562289562289799e-01
4.289562289562289799e-01
4.289562289562289799e-01
4.289562289562289799e-01
4.389562289562289332e-01
4.389562289562289332e-01
4.422895622895621770e-01
4.522895622895622414e-01
4.556895622895622555e-01
4.623568956228956139e-01
4.690569022895622608e-01
4.690572356895622019e-01
4.790572390235622868e-01
4.823905723902355835e-01
4.824239057239023687e-01
4.890909057239056779e-01
4.924242423905724197e-01
4.957909090905723848e-01
5.057912424242391181e-01
5.058579124242424951e-01
5.258585791242423868e-01
5.258585857912424499e-01
5.258585858579124528e-01
5.258585858585790307e-01
5.258585858585856920e-01
5.291919191919191023e-01
5.325252525252525126e-01
5.425252525252525215e-01
5.491919191919191201e-01
5.591919191919192400e-01
5.625252525252525393e-01
5.725252525252524372e-01
5.758919191919192881e-01
5.825589191919191556e-01
5.858922558585858420e-01
5.858922558919191781e-01
5.858922558922525781e-01
5.858922558922557977e-01
5.892255892255892080e-01
5.925589225589225073e-01
6.025589225589225162e-01
6.025589225589225162e-01
6.792255892255892880e-01
6.792255892255892880e-01
6.858922558922557755e-01
6.858922558922557755e-01
6.892255892255891858e-01
6.925589225589225961e-01
7.025589225589224940e-01
7.058922558922559043e-01
7.092255892255892036e-01
7.092255892255892036e-01
7.092255892255892036e-01
7.125589225589225029e-01
7.125589225589225029e-01
7.358922558922559309e-01
7.358922558922559309e-01
7.425589225589225295e-01
7.458922558922559398e-01
7.492255892255892391e-01
7.492255892255892391e-01
7.492255892255892391e-01
7.525589225589225384e-01
7.525589225589225384e-01
7.525589225589225384e-01
7.558922558922559487e-01
7.558922558922559487e-01
7.558922558922559487e-01
7.558922558922559487e-01
7.592255892255891370e-01
7.658922558922558466e-01
7.725589225589225562e-01
7.759589225589226258e-01
7.759595892255891636e-01
7.792929292255892371e-01
7.926595959589225471e-01
7.926599292929226159e-01
8.159932659595958704e-01
8.159932659929293175e-01
8.159932659932626065e-01
8.159932659932659371e-01
8.193265993265993474e-01
8.193265993265993474e-01
8.193265993265993474e-01
8.259932659932660570e-01
8.259932659932660570e-01
8.259932659932660570e-01
8.259932659932660570e-01
8.326599326599325446e-01
8.360265993265993956e-01
8.360269326599326645e-01
8.393602693265993508e-01
8.393602693599325759e-01
8.393602693602658649e-01
8.393602693602693066e-01
8.393602693602693066e-01
8.393602693602693066e-01
8.393602693602693066e-01
8.460269360269360162e-01
8.460269360269360162e-01
8.493602693602694265e-01
8.526936026936026147e-01
8.560602693602693547e-01
8.560606026936027346e-01
8.560606060269360107e-01
8.593939393936026461e-01
8.593939393939359350e-01
8.593939393939393767e-01
8.660606060606060863e-01
8.660606060606060863e-01
8.660606060606060863e-01
8.727272727272726849e-01
8.727272727272726849e-01
8.727272727272726849e-01
8.727272727272726849e-01
8.760606060606059842e-01
8.760939393939394249e-01
8.760942727272728048e-01
8.760942760606060808e-01
8.760942760939394169e-01
8.760942760942728169e-01
8.760942760942760366e-01
8.760942760942760366e-01
8.760942760942760366e-01
8.794276094276094469e-01
8.794276094276094469e-01
8.794276094276094469e-01
8.794276094276094469e-01
8.794276094276094469e-01
8.794276094276094469e-01
8.794276094276094469e-01
8.794276094276094469e-01
8.794276094276094469e-01
8.827609427609427462e-01
8.827609427609427462e-01
8.927609427609427550e-01
8.927609427609427550e-01
8.927609427609427550e-01
8.960942760942760543e-01
8.960942760942760543e-01
8.994276094276094646e-01
9.060942760942761742e-01
9.061609427609428336e-01
9.061616094276093714e-01
9.094949494276094448e-01
9.094949494942761170e-01
9.094949494949426949e-01
9.094949494949494673e-01
9.094949494949494673e-01
9.161616161616160658e-01
9.161616161616160658e-01
9.161616161616160658e-01
9.161616161616160658e-01
9.161616161616160658e-01
9.161616161616160658e-01
9.161616161616160658e-01
9.161616161616160658e-01
9.161616161616160658e-01
9.161616161616160658e-01
9.161616161616160658e-01
9.161616161616160658e-01
9.161616161616160658e-01
9.161616161616160658e-01
9.161616161616160658e-01
9.161616161616160658e-01
9.161616161616160658e-01
9.161616161616160658e-01
9.494949494949495028e-01
9.498282828282827994e-01
9.498316161616161546e-01
9.498316494949494704e-01
9.498316498282827203e-01
9.498316498316161649e-01
9.498316498316494716e-01
9.498316498316498047e-01
9.498316498316498047e-01
9.498316498316498047e-01
9.498316498316498047e-01
9.498316498316498047e-01
9.598316498316498135e-01
9.599316498316498025e-01
9.599326498316497203e-01
9.599326598316498815e-01
9.599326599316496678e-01
9.599326599326497567e-01
9.599326599326598597e-01
9.599326599326598597e-01
9.599326599326598597e-01
9.599326599326598597e-01
9.599326599326598597e-01
9.599326599326598597e-01
9.599326599326598597e-01
9.599326599326598597e-01
9.599326599326598597e-01
9.599326599326598597e-01
9.599326599326598597e-01
9.599326599326598597e-01
9.599326599326598597e-01
9.599326599326598597e-01
9.599326599326598597e-01
9.599326599326598597e-01
9.599326599326598597e-01
9.599326599326598597e-01
9.599326599326598597e-01
9.599326599326598597e-01
9.599326599326598597e-01
9.599326599326598597e-01
9.599326599326598597e-01
9.599326599326598597e-01
9.599326599326598597e-01
9.665993265993265693e-01
9.665993265993265693e-01
9.665993265993265693e-01
9.732659932659931679e-01
9.732659932659931679e-01
9.732659932659931679e-01
9.732659932659931679e-01
9.732659932659931679e-01
9.732659932659931679e-01
9.732659932659931679e-01
9.732659932659931679e-01
9.765993265993265782e-01
9.765993265993265782e-01
9.765993265993265782e-01
9.765993265993265782e-01
9.765993265993265782e-01
9.765993265993265782e-01
9.765993265993265782e-01
9.765993265993265782e-01
9.765993265993265782e-01
9.765993265993265782e-01
9.765993265993265782e-01
9.765993265993265782e-01
9.765993265993265782e-01
9.765993265993265782e-01
9.765993265993265782e-01
9.765993265993265782e-01
9.765993265993265782e-01
9.765993265993265782e-01
9.765993265993265782e-01
9.765993265993265782e-01
9.765993265993265782e-01
9.765993265993265782e-01
9.765993265993265782e-01
9.765993265993265782e-01
9.765993265993265782e-01
9.765993265993265782e-01
9.765993265993265782e-01
9.765993265993265782e-01
9.765993265993265782e-01
9.765993265993265782e-01
9.765993265993265782e-01
9.765993265993265782e-01
9.765993265993265782e-01
9.765993265993265782e-01
9.765993265993265782e-01
9.799326599326598775e-01
9.832993265993265064e-01
9.832996599326598863e-01
9.832996632659932734e-01
9.832996632993266095e-01
9.832996632996598985e-01
9.832996632996632291e-01
9.832996632996633402e-01
9.832996632996633402e-01
9.832996632996633402e-01
9.832996632996633402e-01
9.832996632996633402e-01
9.832996632996633402e-01
9.832996632996633402e-01
9.832996632996633402e-01
9.832996632996633402e-01
9.832996632996633402e-01
9.832996632996633402e-01
9.832996632996633402e-01
9.832996632996633402e-01
9.832996632996633402e-01
9.832996632996633402e-01
9.832996632996633402e-01
9.832996632996633402e-01
9.832996632996633402e-01
9.832996632996633402e-01
9.832996632996633402e-01
9.832996632996633402e-01
9.832996632996633402e-01
9.832996632996633402e-01
9.832996632996633402e-01
9.832996632996633402e-01
9.832996632996633402e-01
9.832996632996633402e-01
9.832996632996633402e-01
9.832996632996633402e-01
9.832996632996633402e-01
9.832996632996633402e-01
9.832996632996633402e-01
9.832996632996633402e-01
9.832996632996633402e-01
9.832996632996633402e-01
9.832996632996633402e-01
9.832996632996633402e-01
9.832996632996633402e-01
9.832996632996633402e-01
9.832996632996633402e-01
9.832996632996633402e-01
9.832996632996633402e-01
9.832996632996633402e-01
9.832996632996633402e-01
9.832996632996633402e-01
9.832996632996633402e-01
9.832996632996633402e-01
9.832996632996633402e-01
9.832996632996633402e-01
9.832996632996633402e-01
9.832996632996633402e-01
9.832996632996633402e-01
9.832996632996633402e-01
9.832996632996633402e-01
9.832996632996633402e-01
9.832996632996633402e-01
9.832996632996633402e-01
9.832996632996633402e-01
9.866329966329966394e-01
9.866663299663299691e-01
9.866666632996632380e-01
9.866666666329965141e-01
9.866666666663300722e-01
9.866666666666632501e-01
9.866666666666666918e-01
9.866666666666666918e-01
9.866666666666666918e-01
9.866666666666666918e-01
9.866666666666666918e-01
9.866666666666666918e-01
9.866666666666666918e-01
9.866666666666666918e-01
9.866666666666666918e-01
9.866666666666666918e-01
9.866666666666666918e-01
9.866666666666666918e-01
9.866666666666666918e-01
9.866666666666666918e-01
9.866666666666666918e-01
9.866666666666666918e-01
9.866666666666666918e-01
9.866666666666666918e-01
9.866666666666666918e-01
9.866666666666666918e-01
9.866666666666666918e-01
9.866666666666666918e-01
9.866666666666666918e-01
9.866666666666666918e-01
9.866666666666666918e-01
9.866666666666666918e-01
9.866666666666666918e-01
9.866666666666666918e-01
9.866666666666666918e-01
9.866666666666666918e-01
9.866666666666666918e-01
9.899999999999998801e-01
9.900333333333333208e-01
9.900336666666665897e-01
9.900336699999998658e-01
9.900336700333333129e-01
9.900336700336666018e-01
9.900336700336699325e-01
9.900336700336701545e-01
9.900336700336701545e-01
9.900336700336701545e-01
9.900336700336701545e-01
9.900336700336701545e-01
9.900336700336701545e-01
9.900336700336701545e-01
9.900336700336701545e-01
9.900336700336701545e-01
9.900336700336701545e-01
9.900336700336701545e-01
9.900336700336701545e-01
9.900336700336701545e-01
9.900336700336701545e-01
9.900336700336701545e-01
9.900336700336701545e-01
9.900336700336701545e-01
9.900336700336701545e-01
9.900336700336701545e-01
9.900336700336701545e-01
9.900336700336701545e-01
9.900336700336701545e-01
9.900336700336701545e-01
9.900336700336701545e-01
9.900336700336701545e-01
9.900336700336701545e-01
9.900336700336701545e-01
9.900336700336701545e-01
9.900336700336701545e-01
9.900336700336701545e-01
9.900336700336701545e-01
9.900336700336701545e-01
9.900336700336701545e-01
9.900336700336701545e-01
9.900336700336701545e-01
9.900336700336701545e-01
9.900336700336701545e-01
9.900336700336701545e-01
9.900336700336701545e-01
9.900336700336701545e-01
9.933670033670033428e-01
9.933670033670033428e-01
9.933670033670033428e-01
9.933670033670033428e-01
9.933670033670033428e-01
9.933670033670033428e-01
9.933670033670033428e-01
9.933670033670033428e-01
9.933670033670033428e-01
9.933670033670033428e-01
9.933670033670033428e-01
9.933670033670033428e-01
9.933670033670033428e-01
9.933670033670033428e-01
9.933670033670033428e-01
9.933670033670033428e-01
9.933670033670033428e-01
9.933670033670033428e-01
9.933670033670033428e-01
9.933670033670033428e-01
9.933670033670033428e-01
9.933670033670033428e-01
9.933670033670033428e-01
9.933670033670033428e-01
9.933670033670033428e-01
9.933670033670033428e-01
9.933670033670033428e-01
9.933670033670033428e-01
9.933670033670033428e-01
9.933670033670033428e-01
9.933670033670033428e-01
9.933670033670033428e-01
9.933670033670033428e-01
9.933670033670033428e-01
9.933670033670033428e-01
9.933670033670033428e-01
9.933670033670033428e-01
9.933670033670033428e-01
9.933670033670033428e-01
9.933670033670033428e-01
9.933670033670033428e-01
9.933670033670033428e-01
9.967003367003366421e-01
9.967003367003366421e-01
9.967003367003366421e-01
9.967003367003366421e-01
9.967003367003366421e-01
9.967003367003366421e-01
9.967003367003366421e-01
9.967003367003366421e-01
9.967003367003366421e-01
9.967003367003366421e-01
9.967003367003366421e-01
9.967003367003366421e-01
1.000033670033670052e+00
1.000033670033670052e+00
1.000033670033670052e+00
1.000033670033670052e+00
1.000033670033670052e+00
1.000033670033670052e+00
1.000033670033670052e+00
1.000033670033670052e+00
1.000033670033670052e+00
1.000033670033670052e+00
1.000033670033670052e+00
1.000033670033670052e+00
1.000033670033670052e+00
1.000033670033670052e+00
1.000033670033670052e+00
1.000033670033670052e+00
1.000033670033670052e+00
1.000033670033670052e+00
1.000033670033670052e+00
1.000033670033670052e+00
1.000033670033670052e+00
1.000033670033670052e+00
1.000033670033670052e+00
1.000033670033670052e+00
1.000033670033670052e+00
1.000033670033670052e+00
1.000033670033670052e+00
1.000033670033670052e+00
1.003367003367003463e+00
1.003367003367003463e+00
1.003367003367003463e+00
1.003367003367003463e+00
1.003367003367003463e+00
1.003367003367003463e+00
1.003367003367003463e+00
1.003367003367003463e+00
1.003367003367003463e+00
1.003367003367003463e+00
1.003367003367003463e+00
1.003367003367003463e+00
1.003367003367003463e+00
1.003367003367003463e+00
1.003367003367003463e+00
1.003367003367003463e+00
1.003367003367003463e+00
1.003367003367003463e+00
1.003367003367003463e+00
1.003367003367003463e+00
1.003367003367003463e+00
1.003367003367003463e+00
1.003367003367003463e+00
1.003367003367003463e+00
1.003367003367003463e+00
1.003367003367003463e+00
1.003367003367003463e+00
1.003367003367003463e+00
1.003367003367003463e+00
1.003367003367003463e+00
1.003367003367003463e+00
1.003367003367003463e+00
1.003367003367003463e+00
1.003367003367003463e+00
1.003367003367003463e+00
1.003367003367003463e+00
1.003367003367003463e+00
1.003367003367003463e+00
1.003367003367003463e+00
1.003367003367003463e+00
1.003367003367003463e+00
1.003367003367003463e+00
1.003367003367003463e+00
1.003367003367003463e+00
1.003367003367003463e+00
1.003367003367003463e+00
1.003367003367003463e+00
1.003367003367003463e+00
1.003367003367003463e+00
1.003367003367003463e+00
1.003367003367003463e+00
1.003367003367003463e+00
1.003367003367003463e+00
1.003367003367003463e+00
1.003367003367003463e+00
1.003367003367003463e+00
1.003367003367003463e+00
1.003367003367003463e+00
1.003367003367003463e+00
1.003367003367003463e+00
1.003367003367003463e+00
1.003367003367003463e+00
1.003367003367003463e+00
1.003367003367003463e+00
1.003367003367003463e+00
1.003367003367003463e+00
1.003367003367003463e+00
1.003367003367003463e+00
1.003367003367003463e+00
1.003367003367003463e+00
1.003367003367003463e+00
1.003367003367003463e+00
1.003367003367003463e+00
1.003367003367003463e+00
1.003367003367003463e+00
1.003367003367003463e+00
1.003367003367003463e+00
1.003367003367003463e+00
1.003367003367003463e+00
1.003367003367003463e+00
1.003367003367003463e+00
1.003367003367003463e+00
1.003367003367003463e+00
1.003367003367003463e+00
1.003367003367003463e+00
1.003367003367003463e+00
1.003367003367003463e+00
1.003367003367003463e+00
1.003367003367003463e+00
1.003367003367003463e+00
1.003367003367003463e+00
1.003367003367003463e+00
1.003367003367003463e+00
1.003367003367003463e+00
1.003367003367003463e+00
1.003367003367003463e+00
1.003367003367003463e+00
1.003367003367003463e+00
1.003367003367003463e+00
1.003367003367003463e+00
1.003367003367003463e+00
1.003367003367003463e+00
