3.333333333333333148e-01
3.333333333333333148e-01
3.333333333333333148e-01
3.333333333333333148e-01
3.333333333333333148e-01
3.333333333333333148e-01
3.333333333333333148e-01
3.333333333333333148e-01
3.333333333333333148e-01
3.333333333333333148e-01
3.333333333333333148e-01
3.333333333333333148e-01
3.333333333333333148e-01
3.333333333333333148e-01
3.333333333333333148e-01
3.333333333333333148e-01
3.333333333333333148e-01
3.333333333333333148e-01
3.333333333333333148e-01
3.333333333333333148e-01
3.333333333333333148e-01
3.333333333333333148e-01
3.333333333333333148e-01
3.333333333333333148e-01
3.333333333333333148e-01
3.333333333333333148e-01
3.333333333333333148e-01
3.333333333333333148e-01
3.333333333333333148e-01
3.333333333333333148e-01
3.333333333333333148e-01
3.333333333333333148e-01
3.333333333333333148e-01
3.333333333333333148e-01
3.333333333333333148e-01
3.333333333333333148e-01
3.333333333333333148e-01
3.333333333333333148e-01
3.333333333333333148e-01
3.333333333333333148e-01
3.333333333333333148e-01
3.333333333333333148e-01
3.333333333333333148e-01
3.333333333333333148e-01
3.333333333333333148e-01
3.333333333333333148e-01
3.333333333333333148e-01
3.333333333333333148e-01
3.333333333333333148e-01
3.333333333333333148e-01
3.333333333333333148e-01
3.333333333333333148e-01
3.333333333333333148e-01
3.333333333333333148e-01
3.333333333333333148e-01
3.333333333333333148e-01
3.322222222222221966e-01
3.322222222222221966e-01
3.322222222222221966e-01
3.322222222222221966e-01
3.322222222222221966e-01
3.322222222222221966e-01
3.322222222222221966e-01
3.322222222222221966e-01
3.322222222222221966e-01
3.322222222222221966e-01
3.322222222222221966e-01
3.322222222222221966e-01
3.322222222222221966e-01
3.322222222222221966e-01
3.322222222222221966e-01
3.322222222222221966e-01
3.322222222222221966e-01
3.322222222222221966e-01
3.322222222222221966e-01
3.322222222222221966e-01
3.322222222222221966e-01
3.322222222222221966e-01
3.322222222222221966e-01
3.322222222222221966e-01
3.322222222222221966e-01
3.322222222222221966e-01
3.322222222222221966e-01
3.322222222222221966e-01
3.322222222222221966e-01
3.311111111111110783e-01
3.300000000000000155e-01
3.300000000000000155e-01
3.300000000000000155e-01
3.300000000000000155e-01
3.300000000000000155e-01
3.300000000000000155e-01
3.300000000000000155e-01
3.300000000000000155e-01
3.300000000000000155e-01
3.300000000000000155e-01
3.300000000000000155e-01
3.300000000000000155e-01
3.300000000000000155e-01
3.300000000000000155e-01
3.300000000000000155e-01
3.300000000000000155e-01
3.300000000000000155e-01
3.300000000000000155e-01
3.300000000000000155e-01
3.300000000000000155e-01
3.300000000000000155e-01
3.300000000000000155e-01
3.300000000000000155e-01
3.300000000000000155e-01
3.300000000000000155e-01
3.300000000000000155e-01
3.300000000000000155e-01
3.300000000000000155e-01
3.300000000000000155e-01
3.300000000000000155e-01
3.300000000000000155e-01
3.300000000000000155e-01
3.300000000000000155e-01
3.300000000000000155e-01
3.300000000000000155e-01
3.300000000000000155e-01
3.300000000000000155e-01
3.300000000000000155e-01
3.300000000000000155e-01
3.300000000000000155e-01
3.300000000000000155e-01
3.300000000000000155e-01
3.300000000000000155e-01
3.300000000000000155e-01
3.288888888888888418e-01
3.288888888888888418e-01
3.288888888888888418e-01
3.288888888888888418e-01
3.288888888888888418e-01
3.288888888888888418e-01
3.288888888888888418e-01
3.288888888888888418e-01
3.288888888888888418e-01
3.288888888888888418e-01
3.288888888888888418e-01
3.288888888888888418e-01
3.288888888888888418e-01
3.288888888888888418e-01
3.288888888888888418e-01
3.288888888888888418e-01
3.288888888888888418e-01
3.288888888888888418e-01
3.288888888888888418e-01
3.288888888888888418e-01
3.288888888888888418e-01
3.288888888888888418e-01
3.288888888888888418e-01
3.288888888888888418e-01
3.288888888888888418e-01
3.288888888888888418e-01
3.288888888888888418e-01
3.277777777777777790e-01
3.277777777777777790e-01
3.277777777777777790e-01
3.277777777777777790e-01
3.266666666666666607e-01
3.266666666666666607e-01
3.266666666666666607e-01
3.266666666666666607e-01
3.266666666666666607e-01
3.266666666666666607e-01
3.266666666666666607e-01
3.266666666666666607e-01
3.266666666666666607e-01
3.266666666666666607e-01
3.266666666666666607e-01
3.255555555555555980e-01
3.255555555555555980e-01
3.255555555555555980e-01
3.255555555555555980e-01
3.255555555555555980e-01
3.255555555555555980e-01
3.255555555555555980e-01
3.255555555555555980e-01
3.255555555555555980e-01
3.255555555555555980e-01
3.255555555555555980e-01
3.255555555555555980e-01
3.244444444444444797e-01
3.244444444444444797e-01
3.244444444444444797e-01
3.244444444444444797e-01
3.244444444444444797e-01
3.244444444444444797e-01
3.233333333333333059e-01
3.233333333333333059e-01
3.233333333333333059e-01
3.233333333333333059e-01
3.233333333333333059e-01
3.233333333333333059e-01
3.200000000000000067e-01
3.200000000000000067e-01
3.200000000000000067e-01
3.200000000000000067e-01
3.200000000000000067e-01
3.200000000000000067e-01
3.200000000000000067e-01
3.177777777777777701e-01
3.177777777777777701e-01
3.177777777777777701e-01
3.177777777777777701e-01
3.177777777777777701e-01
3.177777777777777701e-01
3.177777777777777701e-01
3.166666666666666519e-01
3.155555555555555891e-01
3.155555555555555891e-01
3.155555555555555891e-01
3.144444444444444708e-01
3.144444444444444708e-01
3.144444444444444708e-01
3.144444444444444708e-01
3.144444444444444708e-01
3.133333333333332971e-01
3.133333333333332971e-01
3.133333333333332971e-01
3.133333333333332971e-01
3.122222222222222343e-01
3.122222222222222343e-01
3.122222222222222343e-01
3.122222222222222343e-01
3.122222222222222343e-01
3.111111111111111160e-01
3.111111111111111160e-01
3.111111111111111160e-01
3.111111111111111160e-01
3.088888888888888795e-01
3.088888888888888795e-01
3.088888888888888795e-01
3.088888888888888795e-01
3.088888888888888795e-01
3.088888888888888795e-01
3.088888888888888795e-01
3.088888888888888795e-01
3.088888888888888795e-01
3.088888888888888795e-01
3.077777777777777612e-01
3.077777777777777612e-01
3.077777777777777612e-01
3.055555555555555247e-01
3.055555555555555247e-01
3.055555555555555247e-01
3.055555555555555247e-01
3.055555555555555247e-01
3.055555555555555247e-01
3.044444444444444620e-01
3.044444444444444620e-01
3.044444444444444620e-01
3.033333333333332882e-01
3.011111111111111072e-01
3.011111111111111072e-01
3.011111111111111072e-01
2.999999999999999889e-01
2.999999999999999889e-01
2.999999999999999889e-01
2.999999999999999889e-01
2.999999999999999889e-01
2.999999999999999889e-01
2.999999999999999889e-01
2.999999999999999889e-01
2.988888888888888706e-01
2.966666666666666896e-01
2.966666666666666896e-01
2.955555555555555158e-01
2.955555555555555158e-01
2.955555555555555158e-01
2.955555555555555158e-01
2.955555555555555158e-01
2.955555555555555158e-01
2.944444444444444531e-01
2.933333333333333348e-01
2.911111111111110983e-01
2.866666666666666807e-01
2.866666666666666807e-01
2.866666666666666807e-01
2.866666666666666807e-01
2.855555555555555625e-01
2.844444444444444442e-01
2.833333333333333259e-01
2.788888888888889084e-01
2.788888888888889084e-01
2.788888888888889084e-01
2.788888888888889084e-01
2.766666666666666718e-01
2.766666666666666718e-01
2.744444444444444353e-01
2.733333333333333726e-01
2.733333333333333726e-01
2.722222222222221988e-01
2.722222222222221988e-01
2.700000000000000178e-01
2.700000000000000178e-01
2.666666666666666630e-01
2.633333333333333637e-01
2.633333333333333637e-01
2.622222222222221899e-01
2.611111111111110716e-01
2.611111111111110716e-01
2.600000000000000089e-01
2.577777777777777724e-01
2.577777777777777724e-01
2.566666666666666541e-01
2.555555555555555913e-01
2.555555555555555913e-01
2.544444444444444176e-01
2.544444444444444176e-01
2.544444444444444176e-01
2.544444444444444176e-01
2.533333333333333548e-01
2.522222222222221810e-01
2.522222222222221810e-01
2.500000000000000000e-01
2.488888888888888540e-01
2.488888888888888540e-01
2.466666666666666730e-01
2.466666666666666730e-01
2.466666666666666730e-01
2.444444444444444642e-01
2.433333333333333182e-01
2.433333333333333182e-01
2.433333333333333182e-01
2.433333333333333182e-01
2.433333333333333182e-01
2.433333333333333182e-01
2.433333333333333182e-01
2.433333333333333182e-01
2.433333333333333182e-01
2.433333333333333182e-01
2.422222222222222276e-01
2.411111111111110816e-01
2.411111111111110816e-01
2.399999999999999911e-01
2.388888888888889006e-01
2.366666666666666641e-01
2.366666666666666641e-01
2.344444444444444275e-01
2.344444444444444275e-01
2.344444444444444275e-01
2.344444444444444275e-01
2.344444444444444275e-01
2.311111111111111283e-01
2.311111111111111283e-01
2.299999999999999822e-01
2.299999999999999822e-01
2.288888888888888917e-01
2.277777777777777735e-01
2.277777777777777735e-01
2.277777777777777735e-01
2.266666666666666552e-01
2.266666666666666552e-01
2.255555555555555369e-01
2.255555555555555369e-01
2.244444444444444464e-01
2.233333333333333559e-01
2.200000000000000011e-01
2.188888888888889106e-01
2.188888888888889106e-01
2.188888888888889106e-01
2.188888888888889106e-01
2.166666666666666741e-01
2.155555555555555836e-01
2.155555555555555836e-01
2.155555555555555836e-01
2.144444444444444375e-01
2.144444444444444375e-01
2.144444444444444375e-01
2.122222222222222288e-01
2.122222222222222288e-01
2.122222222222222288e-01
2.099999999999999922e-01
2.088888888888889017e-01
2.088888888888889017e-01
2.088888888888889017e-01
2.088888888888889017e-01
2.066666666666666652e-01
2.066666666666666652e-01
2.044444444444444287e-01
2.044444444444444287e-01
2.022222222222222199e-01
2.022222222222222199e-01
1.999999999999999833e-01
1.977777777777777468e-01
1.966666666666666563e-01
1.966666666666666563e-01
1.966666666666666563e-01
1.944444444444444198e-01
1.933333333333333293e-01
1.922222222222222110e-01
1.911111111111111205e-01
1.866666666666666752e-01
1.688888888888888939e-01
1.677777777777778034e-01
1.677777777777778034e-01
1.655555555555555669e-01
1.655555555555555669e-01
1.644444444444444486e-01
1.644444444444444486e-01
1.622222222222222399e-01
1.600000000000000033e-01
1.600000000000000033e-01
1.577777777777777946e-01
1.555555555555555858e-01
1.544444444444444398e-01
1.511111111111111127e-01
1.511111111111111127e-01
1.499999999999999944e-01
1.488888888888888762e-01
1.455555555555555491e-01
1.455555555555555491e-01
1.455555555555555491e-01
1.444444444444444586e-01
1.411111111111111038e-01
1.400000000000000133e-01
1.400000000000000133e-01
1.388888888888888951e-01
1.388888888888888951e-01
1.388888888888888951e-01
1.388888888888888951e-01
1.388888888888888951e-01
1.377777777777777768e-01
1.377777777777777768e-01
1.344444444444444497e-01
1.344444444444444497e-01
1.333333333333333315e-01
1.333333333333333315e-01
1.311111111111110950e-01
1.255555555555555591e-01
1.244444444444444547e-01
1.244444444444444547e-01
1.244444444444444547e-01
1.233333333333333365e-01
1.188888888888888773e-01
1.188888888888888773e-01
1.177777777777777729e-01
1.177777777777777729e-01
1.177777777777777729e-01
1.177777777777777729e-01
1.177777777777777729e-01
1.177777777777777729e-01
1.144444444444444459e-01
1.133333333333333415e-01
1.111111111111111188e-01
1.111111111111111188e-01
1.077777777777777640e-01
1.077777777777777640e-01
1.066666666666666735e-01
1.044444444444444509e-01
1.022222222222222143e-01
1.011111111111111099e-01
1.011111111111111099e-01
9.888888888888890116e-02
9.777777777777778290e-02
9.777777777777778290e-02
9.444444444444444198e-02
9.444444444444444198e-02
9.444444444444444198e-02
9.111111111111110106e-02
8.888888888888889228e-02
8.555555555555555136e-02
8.333333333333332871e-02
8.111111111111111993e-02
8.111111111111111993e-02
8.000000000000000167e-02
8.000000000000000167e-02
8.000000000000000167e-02
7.777777777777777901e-02
7.666666666666667462e-02
7.666666666666667462e-02
7.666666666666667462e-02
7.666666666666667462e-02
7.666666666666667462e-02
7.666666666666667462e-02
7.666666666666667462e-02
7.555555555555555636e-02
7.555555555555555636e-02
7.444444444444443809e-02
7.333333333333334758e-02
7.000000000000000666e-02
6.888888888888888840e-02
6.777777777777778401e-02
6.777777777777778401e-02
6.555555555555556135e-02
6.444444444444445697e-02
6.444444444444445697e-02
6.444444444444445697e-02
6.444444444444445697e-02
6.333333333333333870e-02
6.333333333333333870e-02
6.333333333333333870e-02
6.222222222222223431e-02
5.888888888888890033e-02
5.888888888888890033e-02
5.777777777777778206e-02
5.777777777777778206e-02
5.777777777777778206e-02
5.666666666666667074e-02
5.555555555555555941e-02
5.555555555555555941e-02
5.555555555555555941e-02
5.555555555555555941e-02
5.555555555555555941e-02
5.444444444444444114e-02
5.333333333333333676e-02
5.222222222222222543e-02
5.222222222222222543e-02
5.222222222222222543e-02
5.111111111111111410e-02
5.111111111111111410e-02
5.111111111111111410e-02
5.111111111111111410e-02
5.111111111111111410e-02
4.888888888888889145e-02
4.888888888888889145e-02
4.777777777777778012e-02
4.666666666666666879e-02
4.666666666666666879e-02
4.666666666666666879e-02
4.555555555555556441e-02
4.555555555555556441e-02
4.555555555555556441e-02
4.555555555555556441e-02
4.555555555555556441e-02
4.555555555555556441e-02
4.333333333333333481e-02
4.333333333333333481e-02
4.333333333333333481e-02
4.333333333333333481e-02
4.333333333333333481e-02
4.333333333333333481e-02
4.333333333333333481e-02
4.333333333333333481e-02
4.333333333333333481e-02
4.333333333333333481e-02
4.333333333333333481e-02
4.333333333333333481e-02
4.000000000000000083e-02
3.888888888888888951e-02
3.888888888888888951e-02
3.777777777777777818e-02
3.777777777777777818e-02
3.777777777777777818e-02
3.777777777777777818e-02
3.777777777777777818e-02
3.777777777777777818e-02
3.777777777777777818e-02
3.777777777777777818e-02
3.666666666666666685e-02
3.666666666666666685e-02
3.666666666666666685e-02
3.666666666666666685e-02
3.666666666666666685e-02
3.666666666666666685e-02
3.666666666666666685e-02
3.666666666666666685e-02
3.555555555555555552e-02
3.555555555555555552e-02
3.555555555555555552e-02
3.555555555555555552e-02
3.555555555555555552e-02
3.555555555555555552e-02
3.555555555555555552e-02
3.555555555555555552e-02
3.555555555555555552e-02
3.555555555555555552e-02
3.555555555555555552e-02
3.444444444444444420e-02
3.444444444444444420e-02
3.444444444444444420e-02
3.444444444444444420e-02
3.444444444444444420e-02
3.444444444444444420e-02
3.444444444444444420e-02
3.444444444444444420e-02
3.444444444444444420e-02
3.444444444444444420e-02
3.444444444444444420e-02
3.444444444444444420e-02
3.333333333333333287e-02
3.333333333333333287e-02
3.333333333333333287e-02
3.333333333333333287e-02
3.333333333333333287e-02
3.333333333333333287e-02
3.222222222222222848e-02
3.222222222222222848e-02
3.111111111111110675e-02
3.111111111111110675e-02
3.111111111111110675e-02
3.111111111111110675e-02
3.111111111111110675e-02
3.111111111111110675e-02
3.111111111111110675e-02
3.111111111111110675e-02
3.111111111111110675e-02
3.111111111111110675e-02
3.111111111111110675e-02
3.111111111111110675e-02
1.888888888888888909e-02
1.888888888888888909e-02
1.888888888888888909e-02
1.888888888888888909e-02
1.888888888888888909e-02
1.888888888888888909e-02
1.666666666666666644e-02
1.666666666666666644e-02
1.666666666666666644e-02
1.666666666666666644e-02
1.666666666666666644e-02
1.666666666666666644e-02
1.666666666666666644e-02
1.666666666666666644e-02
1.666666666666666644e-02
1.666666666666666644e-02
1.666666666666666644e-02
1.666666666666666644e-02
1.666666666666666644e-02
1.666666666666666644e-02
1.666666666666666644e-02
1.666666666666666644e-02
1.666666666666666644e-02
1.666666666666666644e-02
1.666666666666666644e-02
1.666666666666666644e-02
1.666666666666666644e-02
1.555555555555555684e-02
1.555555555555555684e-02
1.555555555555555684e-02
1.555555555555555684e-02
1.555555555555555684e-02
1.555555555555555684e-02
1.555555555555555684e-02
1.555555555555555684e-02
1.444444444444444552e-02
1.444444444444444552e-02
1.444444444444444552e-02
1.444444444444444552e-02
1.444444444444444552e-02
1.444444444444444552e-02
1.444444444444444552e-02
1.444444444444444552e-02
1.444444444444444552e-02
1.444444444444444552e-02
1.444444444444444552e-02
1.444444444444444552e-02
1.444444444444444552e-02
1.444444444444444552e-02
1.444444444444444552e-02
1.444444444444444552e-02
1.444444444444444552e-02
1.444444444444444552e-02
1.444444444444444552e-02
1.333333333333333419e-02
1.333333333333333419e-02
1.222222222222222286e-02
1.222222222222222286e-02
1.222222222222222286e-02
1.222222222222222286e-02
1.222222222222222286e-02
1.222222222222222286e-02
1.222222222222222286e-02
1.222222222222222286e-02
1.222222222222222286e-02
1.222222222222222286e-02
1.222222222222222286e-02
1.111111111111111154e-02
1.111111111111111154e-02
1.111111111111111154e-02
1.111111111111111154e-02
1.111111111111111154e-02
1.111111111111111154e-02
1.111111111111111154e-02
1.111111111111111154e-02
1.111111111111111154e-02
1.111111111111111154e-02
1.111111111111111154e-02
1.111111111111111154e-02
1.111111111111111154e-02
1.111111111111111154e-02
1.111111111111111154e-02
1.111111111111111154e-02
1.111111111111111154e-02
1.111111111111111154e-02
1.111111111111111154e-02
1.111111111111111154e-02
1.111111111111111154e-02
1.111111111111111154e-02
1.111111111111111154e-02
1.000000000000000021e-02
1.000000000000000021e-02
1.000000000000000021e-02
1.000000000000000021e-02
1.000000000000000021e-02
1.000000000000000021e-02
1.000000000000000021e-02
1.000000000000000021e-02
1.000000000000000021e-02
1.000000000000000021e-02
1.000000000000000021e-02
1.000000000000000021e-02
1.000000000000000021e-02
1.000000000000000021e-02
1.000000000000000021e-02
1.000000000000000021e-02
1.000000000000000021e-02
1.000000000000000021e-02
1.000000000000000021e-02
1.000000000000000021e-02
1.000000000000000021e-02
1.000000000000000021e-02
1.000000000000000021e-02
1.000000000000000021e-02
1.000000000000000021e-02
1.000000000000000021e-02
1.000000000000000021e-02
1.000000000000000021e-02
1.000000000000000021e-02
1.000000000000000021e-02
1.000000000000000021e-02
1.000000000000000021e-02
1.000000000000000021e-02
1.000000000000000021e-02
1.000000000000000021e-02
1.000000000000000021e-02
1.000000000000000021e-02
1.000000000000000021e-02
1.000000000000000021e-02
1.000000000000000021e-02
1.000000000000000021e-02
1.000000000000000021e-02
1.000000000000000021e-02
1.000000000000000021e-02
1.000000000000000021e-02
1.000000000000000021e-02
1.000000000000000021e-02
1.000000000000000021e-02
1.000000000000000021e-02
1.000000000000000021e-02
1.000000000000000021e-02
1.000000000000000021e-02
1.000000000000000021e-02
1.000000000000000021e-02
8.888888888888888881e-03
8.888888888888888881e-03
8.888888888888888881e-03
8.888888888888888881e-03
8.888888888888888881e-03
8.888888888888888881e-03
8.888888888888888881e-03
8.888888888888888881e-03
8.888888888888888881e-03
8.888888888888888881e-03
8.888888888888888881e-03
8.888888888888888881e-03
8.888888888888888881e-03
8.888888888888888881e-03
8.888888888888888881e-03
8.888888888888888881e-03
8.888888888888888881e-03
8.888888888888888881e-03
8.888888888888888881e-03
8.888888888888888881e-03
8.888888888888888881e-03
8.888888888888888881e-03
8.888888888888888881e-03
8.888888888888888881e-03
8.888888888888888881e-03
8.888888888888888881e-03
8.888888888888888881e-03
8.888888888888888881e-03
8.888888888888888881e-03
8.888888888888888881e-03
8.888888888888888881e-03
8.888888888888888881e-03
8.888888888888888881e-03
8.888888888888888881e-03
8.888888888888888881e-03
8.888888888888888881e-03
8.888888888888888881e-03
8.888888888888888881e-03
8.888888888888888881e-03
8.888888888888888881e-03
8.888888888888888881e-03
8.888888888888888881e-03
8.888888888888888881e-03
8.888888888888888881e-03
8.888888888888888881e-03
8.888888888888888881e-03
8.888888888888888881e-03
8.888888888888888881e-03
8.888888888888888881e-03
8.888888888888888881e-03
8.888888888888888881e-03
8.888888888888888881e-03
8.888888888888888881e-03
7.777777777777778422e-03
7.777777777777778422e-03
7.777777777777778422e-03
7.777777777777778422e-03
7.777777777777778422e-03
7.777777777777778422e-03
7.777777777777778422e-03
7.777777777777778422e-03
7.777777777777778422e-03
7.777777777777778422e-03
7.777777777777778422e-03
7.777777777777778422e-03
7.777777777777778422e-03
7.777777777777778422e-03
7.777777777777778422e-03
7.777777777777778422e-03
7.777777777777778422e-03
7.777777777777778422e-03
7.777777777777778422e-03
7.777777777777778422e-03
7.777777777777778422e-03
7.777777777777778422e-03
7.777777777777778422e-03
7.777777777777778422e-03
7.777777777777778422e-03
7.777777777777778422e-03
7.777777777777778422e-03
7.777777777777778422e-03
7.777777777777778422e-03
7.777777777777778422e-03
7.777777777777778422e-03
7.777777777777778422e-03
7.777777777777778422e-03
7.777777777777778422e-03
7.777777777777778422e-03
7.777777777777778422e-03
7.777777777777778422e-03
7.777777777777778422e-03
7.777777777777778422e-03
7.777777777777778422e-03
7.777777777777778422e-03
7.777777777777778422e-03
7.777777777777778422e-03
7.777777777777778422e-03
7.777777777777778422e-03
7.777777777777778422e-03
7.777777777777778422e-03
7.777777777777778422e-03
7.777777777777778422e-03
7.777777777777778422e-03
7.777777777777778422e-03
7.777777777777778422e-03
7.777777777777778422e-03
7.777777777777778422e-03
7.777777777777778422e-03
7.777777777777778422e-03
7.777777777777778422e-03
7.777777777777778422e-03
7.777777777777778422e-03
7.777777777777778422e-03
7.777777777777778422e-03
7.777777777777778422e-03
7.777777777777778422e-03
7.777777777777778422e-03
7.777777777777778422e-03
7.777777777777778422e-03
7.777777777777778422e-03
7.777777777777778422e-03
7.777777777777778422e-03
7.777777777777778422e-03
7.777777777777778422e-03
7.777777777777778422e-03
7.777777777777778422e-03
7.777777777777778422e-03
7.777777777777778422e-03
7.777777777777778422e-03
7.777777777777778422e-03
7.777777777777778422e-03
7.777777777777778422e-03
7.777777777777778422e-03
7.777777777777778422e-03
7.777777777777778422e-03
7.777777777777778422e-03
7.777777777777778422e-03
7.777777777777778422e-03
7.777777777777778422e-03
7.777777777777778422e-03
7.777777777777778422e-03
7.777777777777778422e-03
7.777777777777778422e-03
7.777777777777778422e-03
7.777777777777778422e-03
7.777777777777778422e-03
7.777777777777778422e-03
7.777777777777778422e-03
7.777777777777778422e-03
7.777777777777778422e-03
7.777777777777778422e-03
7.777777777777778422e-03
7.777777777777778422e-03
7.777777777777778422e-03
7.777777777777778422e-03
7.777777777777778422e-03
7.777777777777778422e-03
7.777777777777778422e-03
7.777777777777778422e-03
7.777777777777778422e-03
7.777777777777778422e-03
7.777777777777778422e-03
7.777777777777778422e-03
7.777777777777778422e-03
7.777777777777778422e-03
7.777777777777778422e-03
7.777777777777778422e-03
7.777777777777778422e-03
7.777777777777778422e-03
7.777777777777778422e-03
7.777777777777778422e-03
7.777777777777778422e-03
7.777777777777778422e-03
7.777777777777778422e-03
7.777777777777778422e-03
7.777777777777778422e-03
7.777777777777778422e-03
7.777777777777778422e-03
7.777777777777778422e-03
7.777777777777778422e-03
7.777777777777778422e-03
7.777777777777778422e-03
7.777777777777778422e-03
7.777777777777778422e-03
7.777777777777778422e-03
7.777777777777778422e-03
7.777777777777778422e-03
7.777777777777778422e-03
7.777777777777778422e-03
7.777777777777778422e-03
7.777777777777778422e-03
7.777777777777778422e-03
7.777777777777778422e-03
7.777777777777778422e-03
7.777777777777778422e-03
7.777777777777778422e-03
7.777777777777778422e-03
7.777777777777778422e-03
7.777777777777778422e-03
7.777777777777778422e-03
7.777777777777778422e-03
7.777777777777778422e-03
7.777777777777778422e-03
7.777777777777778422e-03
7.777777777777778422e-03
7.777777777777778422e-03
7.777777777777778422e-03
7.777777777777778422e-03
7.777777777777778422e-03
7.777777777777778422e-03
7.777777777777778422e-03
7.777777777777778422e-03
7.777777777777778422e-03
7.777777777777778422e-03
7.777777777777778422e-03
7.777777777777778422e-03
7.777777777777778422e-03
7.777777777777778422e-03
7.777777777777778422e-03
7.777777777777778422e-03
7.777777777777778422e-03
7.777777777777778422e-03
7.777777777777778422e-03
7.777777777777778422e-03
7.777777777777778422e-03
7.777777777777778422e-03
7.777777777777778422e-03
7.777777777777778422e-03
7.777777777777778422e-03
7.777777777777778422e-03
7.777777777777778422e-03
7.777777777777778422e-03
7.777777777777778422e-03
7.777777777777778422e-03
7.777777777777778422e-03
7.777777777777778422e-03
7.777777777777778422e-03
7.777777777777778422e-03
7.777777777777778422e-03
7.777777777777778422e-03
7.777777777777778422e-03
7.777777777777778422e-03
7.777777777777778422e-03
7.777777777777778422e-03
7.777777777777778422e-03
7.777777777777778422e-03
7.777777777777778422e-03
7.777777777777778422e-03
7.777777777777778422e-03
7.777777777777778422e-03
7.777777777777778422e-03
7.777777777777778422e-03
7.777777777777778422e-03
